mac_separation_summary -- parsed source data
======================================================================
Panel (a): calibration (RULE_LOCALMIN_RESID d=0.001 MAC)
geometry	candidate	Omega	label	mac	correct
(1.5, 0.5)	real_a_0p401154	0.401154	REAL	1.0000	True
(1.5, 0.5)	real_b_1p142287	1.142287	REAL	1.0000	True
(1.5, 0.5)	real_c_1p598985	1.598985	REAL	1.0000	True
(1.5, 0.5)	real_d_2p521489	2.521489	REAL	0.9080	True
(1.5, 0.5)	art_a_0p542105	0.542105	ARTIFACT	0.0000	True
(1.5, 0.5)	art_b_1p021144	1.021144	ARTIFACT	0.0000	True
(1.5, 0.5)	art_c_1p454616	1.454616	ARTIFACT	0.0070	True
(1.5, 0.5)	art_d_1p603259	1.603259	ARTIFACT	0.0000	True
(2.0, 1.0)	t1_0p304284	0.304284	REAL	0.9990	True
(2.0, 1.0)	t2_0p915784	0.915784	REAL	1.0000	True
(2.0, 1.0)	t3_1p420335	1.420335	REAL	0.9990	True
(2.0, 1.0)	t4_2p286070	2.28607	REAL	0.9870	True
(2.0, 1.0)	t5_0p117785	0.117785	ARTIFACT	0.1970	True
(2.0, 1.0)	t6_0p443610	0.44361	ARTIFACT	0.5800	True
(2.0, 1.0)	t7_0p507596	0.507596	ARTIFACT	0.0000	True
(2.0, 1.0)	t8_0p590794	0.590794	ARTIFACT	0.5530	True
(2.0, 0.5)	s1_1p257520	1.25752	REAL	1.0000	True
(2.0, 0.5)	s2_1p441328	1.441328	REAL	1.0000	True
(2.0, 0.5)	s3_1p675692	1.675692	REAL	1.0000	True
(2.0, 0.5)	s4_1p964485	1.964485	REAL	0.9990	True
(2.0, 0.5)	s5_0p306286	0.306286	ARTIFACT	0.1950	True
(2.0, 0.5)	s6_0p392065	0.392065	ARTIFACT	0.1860	True
(2.0, 0.5)	s7_0p567306	0.567306	ARTIFACT	0.0000	True
(2.0, 0.5)	s8_0p739735	0.739735	ARTIFACT	0.3480	True

Panel (b): sweep (tight matches only, same-class max MAC)
2Theta/pi	r0/2b	Omega	label	mac
0.25	1.5	1.03195	REAL	1.0000
0.25	1.5	1.194872	ARTIFACT	0.0659
0.25	1.5	1.234253	REAL	0.9999
0.25	1.5	1.401438	REAL	0.9979
0.25	1.5	1.406157	ARTIFACT	0.1668
0.25	1.5	1.65568	REAL	0.9999
0.25	1.5	1.787684	REAL	0.9994
0.25	1.5	1.815146	ARTIFACT	0.3111
0.25	1.5	2.016393	REAL	0.9932
0.25	1.5	2.083324	REAL	0.9959
0.25	1.5	2.091046	ARTIFACT	0.4574
0.25	1.5	2.286608	REAL	0.9547
0.25	1.5	2.370615	REAL	0.9989
0.25	1.66667	0.925598	REAL	1.0000
0.25	1.66667	1.130124	REAL	0.9994
0.25	1.66667	1.146818	REAL	1.0000
0.25	1.66667	1.415013	REAL	0.9999
0.25	1.66667	1.548605	REAL	0.9999
0.25	1.66667	1.686952	REAL	0.9995
0.25	1.66667	1.764547	REAL	0.9991
0.25	1.66667	1.86905	ARTIFACT	0.6037
0.25	1.66667	1.878019	REAL	0.9983
0.25	1.66667	1.939901	REAL	0.9996
0.25	1.66667	2.163795	ARTIFACT	0.6551
0.25	1.66667	2.229587	REAL	0.9996
0.25	1.66667	2.484414	REAL	0.9951
0.25	2.0	0.74243	REAL	1.0000
0.25	2.0	0.991518	REAL	1.0000
0.25	2.0	1.032096	REAL	1.0000
0.25	2.0	1.411986	REAL	0.9998
0.25	2.0	1.452964	REAL	1.0000
0.25	2.0	1.535775	REAL	0.9997
0.25	2.0	1.593199	REAL	0.9981
0.25	2.0	1.686815	REAL	0.9999
0.25	2.0	1.77164	REAL	0.9999
0.25	2.0	1.954997	REAL	0.9877
0.25	2.0	1.995721	REAL	0.9999
0.25	2.0	2.245073	REAL	0.9992
0.25	2.0	2.24917	ARTIFACT	0.2498
0.25	2.0	2.308416	REAL	0.9991
0.25	2.0	2.394207	REAL	0.9951
0.25	2.0	2.489866	ARTIFACT	0.1683
0.25	2.0	2.498959	REAL	0.9980
0.25	2.5	0.545505	REAL	1.0000
0.25	2.5	0.815996	REAL	1.0000
0.25	2.5	0.902492	REAL	0.9999
0.25	2.5	1.28415	ARTIFACT	0.2896
0.25	2.5	1.333453	REAL	0.9999
0.25	2.5	1.401281	ARTIFACT	0.5174
0.25	2.5	1.436714	REAL	0.9961
0.25	2.5	1.504234	REAL	0.9997
0.25	2.5	1.687462	REAL	0.9985
0.25	2.5	1.737084	REAL	0.9991
0.25	2.5	1.771171	REAL	0.9990
0.25	2.5	1.77641	ARTIFACT	0.4545
0.25	2.5	1.920835	REAL	0.9993
0.25	2.5	1.966528	REAL	0.9990
0.25	2.5	2.114232	REAL	0.9948
0.25	2.5	2.175441	REAL	0.9928
0.25	2.5	2.251398	REAL	0.9987
0.25	2.5	2.333909	REAL	0.9981
0.25	2.5	2.481841	REAL	0.9945
0.5	1.5	0.407776	REAL	1.0000
0.5	1.5	0.697672	REAL	1.0000
0.5	1.5	0.771857	REAL	1.0000
0.5	1.5	1.149163	REAL	1.0000
0.5	1.5	1.156288	REAL	0.9999
0.5	1.5	1.201	REAL	0.9999
0.5	1.5	1.439107	REAL	0.9999
0.5	1.5	1.464524	ARTIFACT	0.6065
0.5	1.5	1.529578	REAL	0.9997
0.5	1.5	1.624842	ARTIFACT	0.6280
0.5	1.5	1.734108	REAL	0.9999
0.5	1.5	1.738472	ARTIFACT	0.4485
0.5	1.5	1.831343	REAL	0.9995
0.5	1.5	1.839666	ARTIFACT	0.5539
0.5	1.5	1.857018	REAL	0.9979
0.5	1.5	1.994123	ARTIFACT	0.5512
0.5	1.5	2.024612	REAL	0.9878
0.5	1.5	2.187143	REAL	0.9968
0.5	1.5	2.308794	ARTIFACT	0.3289
0.5	1.5	2.323549	ARTIFACT	0.5041
0.5	1.5	2.414815	REAL	0.9998
0.5	1.5	2.474894	REAL	0.9684
0.5	1.66667	0.344884	REAL	1.0000
0.5	1.66667	0.639443	REAL	1.0000
0.5	1.66667	0.685662	ARTIFACT	0.2265
0.5	1.66667	1.046006	REAL	1.0000
0.5	1.66667	1.083005	REAL	1.0000
0.5	1.66667	1.133028	REAL	1.0000
0.5	1.66667	1.402094	REAL	0.9991
0.5	1.66667	1.406538	REAL	0.9997
0.5	1.66667	1.439652	REAL	0.9999
0.5	1.66667	1.527379	ARTIFACT	0.3760
0.5	1.66667	1.544146	REAL	0.9990
0.5	1.66667	1.700011	ARTIFACT	0.3345
0.5	1.66667	1.744419	REAL	0.9986
0.5	1.66667	1.795836	ARTIFACT	0.4740
0.5	1.66667	1.865714	REAL	0.9996
0.5	1.66667	1.898645	REAL	0.9993
0.5	1.66667	2.044021	REAL	0.9978
0.5	1.66667	2.163049	REAL	0.9980
0.5	1.66667	2.210725	REAL	0.9994
0.5	1.66667	2.237618	REAL	0.9988
0.5	1.66667	2.311527	REAL	0.9716
0.5	1.66667	2.398421	REAL	0.9970
0.5	1.66667	2.456681	REAL	0.9261
0.5	1.66667	2.457564	REAL	0.9264
0.5	2.0	0.543646	REAL	1.0000
0.5	2.0	0.856363	REAL	1.0000
0.5	2.0	0.956165	REAL	1.0000
0.5	2.0	1.258939	REAL	0.9992
0.5	2.0	1.263738	REAL	0.9999
0.5	2.0	1.311879	ARTIFACT	0.2334
0.5	2.0	1.442184	REAL	0.9998
0.5	2.0	1.460322	REAL	0.9999
0.5	2.0	1.572359	REAL	0.9978
0.5	2.0	1.58126	ARTIFACT	0.6490
0.5	2.0	1.610348	REAL	0.9994
0.5	2.0	1.717909	ARTIFACT	0.6115
0.5	2.0	1.730614	REAL	0.8218
0.5	2.0	1.757925	REAL	0.9999
0.5	2.0	1.80796	REAL	0.9970
0.5	2.0	1.895245	REAL	0.9879
0.5	2.0	1.991914	REAL	0.9984
0.5	2.0	2.062675	REAL	0.9995
0.5	2.0	2.109416	REAL	0.9981
0.5	2.0	2.215479	REAL	0.9869
0.5	2.0	2.221154	ARTIFACT	0.6233
0.5	2.0	2.286188	REAL	0.9969
0.5	2.0	2.289334	REAL	0.9986
0.5	2.0	2.295054	ARTIFACT	0.2872
0.5	2.0	2.436185	REAL	0.9978
0.5	2.5	0.173827	REAL	1.0000
0.5	2.5	0.395618	REAL	1.0000
0.5	2.5	0.646656	REAL	1.0000
0.5	2.5	0.801014	ARTIFACT	0.3328
0.5	2.5	0.874588	REAL	1.0000
0.5	2.5	1.071111	REAL	0.9999
0.5	2.5	1.101606	REAL	0.9999
0.5	2.5	1.305716	REAL	0.9998
0.5	2.5	1.331907	REAL	0.9998
0.5	2.5	1.395543	ARTIFACT	0.3421
0.5	2.5	1.456545	REAL	0.9995
0.5	2.5	1.545056	REAL	0.9997
0.5	2.5	1.578571	REAL	0.9998
0.5	2.5	1.621893	REAL	0.9998
0.5	2.5	1.69659	REAL	0.9998
0.5	2.5	1.697829	REAL	0.9997
0.5	2.5	1.807581	REAL	0.9981
0.5	2.5	1.895712	REAL	0.9989
0.5	2.5	1.97083	REAL	0.9919
0.5	2.5	2.0119	ARTIFACT	0.3836
0.5	2.5	2.104548	REAL	0.9981
0.5	2.5	2.128497	ARTIFACT	0.2549
0.5	2.5	2.132945	ARTIFACT	0.3165
0.5	2.5	2.200479	REAL	0.9302
0.5	2.5	2.260991	REAL	0.9479
0.5	2.5	2.267685	REAL	0.9969
0.5	2.5	2.272066	ARTIFACT	0.2185
0.5	2.5	2.318408	REAL	0.9970
0.5	2.5	2.397626	REAL	0.9931
0.5	2.5	2.460011	ARTIFACT	0.6650
0.75	1.5	0.1996	REAL	1.0000
0.75	1.5	0.451019	REAL	1.0000
0.75	1.5	0.525495	REAL	1.0000
0.75	1.5	0.742402	REAL	1.0000
0.75	1.5	0.843424	REAL	1.0000
0.75	1.5	0.964555	REAL	0.9999
0.75	1.5	1.155188	REAL	0.9999
0.75	1.5	1.387243	REAL	0.9995
0.75	1.5	1.399452	REAL	0.9980
0.75	1.5	1.461278	REAL	0.9998
0.75	1.5	1.495571	REAL	0.9955
0.75	1.5	1.546377	REAL	0.9997
0.75	1.5	1.661434	REAL	0.9985
0.75	1.5	1.704233	ARTIFACT	0.3515
0.75	1.5	1.708602	REAL	0.9997
0.75	1.5	1.716388	ARTIFACT	0.3572
0.75	1.5	1.773918	REAL	0.9989
0.75	1.5	1.814253	ARTIFACT	0.3304
0.75	1.5	1.817282	REAL	0.9997
0.75	1.5	1.841943	REAL	0.9998
0.75	1.5	1.930759	REAL	0.9778
0.75	1.5	2.016642	REAL	0.9974
0.75	1.5	2.029722	ARTIFACT	0.2584
0.75	1.5	2.03652	REAL	0.9972
0.75	1.5	2.051653	REAL	0.9974
0.75	1.5	2.142143	REAL	0.9965
0.75	1.5	2.207594	ARTIFACT	0.2887
0.75	1.5	2.26024	REAL	0.9930
0.75	1.5	2.270959	REAL	0.9930
0.75	1.5	2.387125	REAL	0.9927
0.75	1.5	2.418197	REAL	0.9967
0.75	1.5	2.455491	REAL	0.9260
0.75	1.5	2.479015	ARTIFACT	0.4968
0.75	1.5	2.491781	REAL	0.9320
0.75	1.66667	0.165557	REAL	1.0000
0.75	1.66667	0.385144	REAL	1.0000
0.75	1.66667	0.645852	REAL	1.0000
0.75	1.66667	0.876315	REAL	1.0000
0.75	1.66667	1.063774	REAL	0.9999
0.75	1.66667	1.098789	REAL	1.0000
0.75	1.66667	1.12381	REAL	0.9999
0.75	1.66667	1.312046	REAL	0.9996
0.75	1.66667	1.320378	REAL	0.9997
0.75	1.66667	1.362763	REAL	0.9999
0.75	1.66667	1.449649	REAL	0.9989
0.75	1.66667	1.487316	REAL	0.9995
0.75	1.66667	1.553965	REAL	0.9996
0.75	1.66667	1.569527	REAL	0.9993
0.75	1.66667	1.639846	REAL	0.9996
0.75	1.66667	1.645302	ARTIFACT	0.3212
0.75	1.66667	1.685247	REAL	0.9995
0.75	1.66667	1.708648	REAL	0.9999
0.75	1.66667	1.728696	REAL	0.9992
0.75	1.66667	1.814119	REAL	0.9972
0.75	1.66667	1.86171	REAL	0.9979
0.75	1.66667	1.870458	ARTIFACT	0.2185
0.75	1.66667	1.880376	REAL	0.9990
0.75	1.66667	1.923217	REAL	0.9978
0.75	1.66667	1.998752	REAL	0.9964
0.75	1.66667	2.0924	REAL	0.9982
0.75	1.66667	2.098724	REAL	0.9984
0.75	1.66667	2.142019	REAL	0.9902
0.75	1.66667	2.220941	REAL	0.9984
0.75	1.66667	2.231749	ARTIFACT	0.3328
0.75	1.66667	2.240081	REAL	0.9962
0.75	1.66667	2.281565	REAL	0.9786
0.75	1.66667	2.29103	ARTIFACT	0.2404
0.75	1.66667	2.347623	REAL	0.9793
0.75	1.66667	2.458989	REAL	0.9745
0.75	2.0	0.118969	REAL	1.0000
0.75	2.0	0.289395	REAL	1.0000
0.75	2.0	0.50013	REAL	1.0000
0.75	2.0	0.667641	REAL	1.0000
0.75	2.0	0.717206	REAL	1.0000
0.75	2.0	0.891464	REAL	0.9999
0.75	2.0	1.030471	ARTIFACT	0.4308
0.75	2.0	1.156085	REAL	0.9997
0.75	2.0	1.172151	REAL	0.9998
0.75	2.0	1.211368	REAL	0.9999
0.75	2.0	1.349069	REAL	0.9901
0.75	2.0	1.36682	REAL	0.9995
0.75	2.0	1.410907	REAL	0.9998
0.75	2.0	1.443393	REAL	0.9753
0.75	2.0	1.485077	REAL	0.9994
0.75	2.0	1.559166	REAL	0.9995
0.75	2.0	1.58952	REAL	0.9998
0.75	2.0	1.603086	ARTIFACT	0.3755
0.75	2.0	1.606871	REAL	0.9928
0.75	2.0	1.684227	REAL	0.9965
0.75	2.0	1.685035	ARTIFACT	0.3658
0.75	2.0	1.714341	REAL	0.9983
0.75	2.0	1.735167	REAL	0.9998
0.75	2.0	1.745686	REAL	0.9932
0.75	2.0	1.814615	REAL	0.9977
0.75	2.0	1.823494	REAL	0.9994
0.75	2.0	1.839708	REAL	0.9980
0.75	2.0	1.933198	REAL	0.9975
0.75	2.0	1.963627	ARTIFACT	0.2742
0.75	2.0	1.966751	REAL	0.9977
0.75	2.0	1.97366	ARTIFACT	0.3742
0.75	2.0	2.103693	REAL	0.9964
0.75	2.0	2.110144	ARTIFACT	0.5024
0.75	2.0	2.120519	ARTIFACT	0.3929
0.75	2.0	2.125552	REAL	0.9486
0.75	2.0	2.163935	REAL	0.9955
0.75	2.0	2.194713	ARTIFACT	0.2619
0.75	2.0	2.239463	REAL	0.9970
0.75	2.0	2.280677	ARTIFACT	0.5130
0.75	2.0	2.315301	REAL	0.9899
0.75	2.0	2.415163	REAL	0.9965
0.75	2.0	2.459298	REAL	0.9840
0.75	2.0	2.49483	REAL	0.9782
0.75	2.5	0.07858	REAL	1.0000
0.75	2.5	0.200159	REAL	1.0000
0.75	2.5	0.360162	REAL	1.0000
0.75	2.5	0.515052	REAL	1.0000
0.75	2.5	0.569148	REAL	1.0000
0.75	2.5	0.683276	REAL	0.9999
0.75	2.5	0.843147	REAL	0.9998
0.75	2.5	0.987849	REAL	0.9997
0.75	2.5	1.054088	REAL	0.9998
0.75	2.5	1.158887	REAL	0.9996
0.75	2.5	1.162255	REAL	0.9997
0.75	2.5	1.228871	REAL	0.9999
0.75	2.5	1.310301	REAL	0.9993
0.75	2.5	1.331446	REAL	0.9991
0.75	2.5	1.387014	ARTIFACT	0.3721
0.75	2.5	1.44479	REAL	0.9985
0.75	2.5	1.481306	REAL	0.9990
0.75	2.5	1.527284	REAL	0.9984
0.75	2.5	1.627881	REAL	0.9990
0.75	2.5	1.6509	REAL	0.9982
0.75	2.5	1.656535	ARTIFACT	0.4012
0.75	2.5	1.685564	REAL	0.9994
0.75	2.5	1.693121	REAL	0.9989
0.75	2.5	1.715092	REAL	0.9985
0.75	2.5	1.735087	ARTIFACT	0.3372
0.75	2.5	1.749619	REAL	0.9993
0.75	2.5	1.75327	ARTIFACT	0.4713
0.75	2.5	1.771342	REAL	0.9987
0.75	2.5	1.836657	REAL	0.9975
0.75	2.5	1.873703	ARTIFACT	0.3812
0.75	2.5	1.879048	REAL	0.9992
0.75	2.5	1.917885	REAL	0.9986
0.75	2.5	1.971203	REAL	0.9972
0.75	2.5	2.047536	REAL	0.9954
0.75	2.5	2.066468	REAL	0.9960
0.75	2.5	2.123333	ARTIFACT	0.3093
0.75	2.5	2.132352	REAL	0.9976
0.75	2.5	2.174	REAL	0.9948
0.75	2.5	2.192218	REAL	0.9954
0.75	2.5	2.197309	REAL	0.9881
0.75	2.5	2.30251	ARTIFACT	0.3049
0.75	2.5	2.313217	REAL	0.9752
0.75	2.5	2.332947	REAL	0.9850
0.75	2.5	2.335029	ARTIFACT	0.3765
0.75	2.5	2.338316	REAL	0.9324
0.75	2.5	2.360842	REAL	0.9965
0.75	2.5	2.472404	ARTIFACT	0.4576
0.75	2.5	2.484836	ARTIFACT	0.2359
1.0	2.0	0.065649	REAL	1.0000
1.0	2.0	0.309308	ARTIFACT	0.3197
1.0	2.0	0.359878	REAL	1.0000
1.0	2.0	0.463657	REAL	1.0000
1.0	2.0	0.546807	REAL	1.0000
1.0	2.0	0.622864	REAL	0.9999
1.0	2.0	0.777769	REAL	0.9998
1.0	2.0	0.923087	REAL	0.9997
1.0	2.0	1.032373	REAL	0.9997
1.0	2.0	1.117316	REAL	0.9993
1.0	2.0	1.128708	REAL	0.9995
1.0	2.0	1.267204	REAL	0.9987
1.0	2.0	1.305677	ARTIFACT	0.2821
1.0	2.0	1.39933	REAL	0.9989
1.0	2.0	1.421144	REAL	0.9988
1.0	2.0	1.434437	REAL	0.9983
1.0	2.0	1.476442	ARTIFACT	0.2904
1.0	2.0	1.477471	REAL	0.9983
1.0	2.0	1.574148	REAL	0.9984
1.0	2.0	1.587744	ARTIFACT	0.2741
1.0	2.0	1.597555	REAL	0.9995
1.0	2.0	1.664942	REAL	0.9996
1.0	2.0	1.670285	REAL	0.9956
1.0	2.0	1.6845	REAL	0.9994
1.0	2.0	1.700655	REAL	0.9981
1.0	2.0	1.723953	REAL	0.9879
1.0	2.0	1.75702	ARTIFACT	0.5584
1.0	2.0	1.777885	REAL	0.9952
1.0	2.0	1.848654	REAL	0.9993
1.0	2.0	1.853789	REAL	0.9972
1.0	2.0	1.881981	REAL	0.9979
1.0	2.0	1.912376	REAL	0.9912
1.0	2.0	1.974159	REAL	0.9963
1.0	2.0	1.994134	REAL	0.9984
1.0	2.0	2.044622	REAL	0.9880
1.0	2.0	2.089343	REAL	0.9961
1.0	2.0	2.09524	ARTIFACT	0.3219
1.0	2.0	2.114534	REAL	0.9885
1.0	2.0	2.157835	REAL	0.9030
1.0	2.0	2.160748	ARTIFACT	0.4672
1.0	2.0	2.173388	ARTIFACT	0.3445
1.0	2.0	2.240118	REAL	0.9683
1.0	2.0	2.284945	REAL	0.9265
1.0	2.0	2.306613	REAL	0.9872
1.0	2.0	2.323659	REAL	0.9317
1.0	2.0	2.361979	REAL	0.9722
1.0	2.0	2.409831	ARTIFACT	0.4893
1.0	2.0	2.422431	REAL	0.9564
1.0	2.0	2.459161	REAL	0.9912
1.0	1.5	0.112678	REAL	1.0000
1.0	1.5	0.44214	REAL	1.0000
1.0	1.5	0.504966	REAL	1.0000
1.0	1.5	0.719684	REAL	1.0000
1.0	1.5	0.880804	REAL	0.9999
1.0	1.5	0.94188	REAL	1.0000
1.0	1.5	1.039557	REAL	0.9999
1.0	1.5	1.150014	REAL	0.9999
1.0	1.5	1.183125	REAL	0.9998
1.0	1.5	1.191788	REAL	0.9992
1.0	1.5	1.33413	REAL	0.9994
1.0	1.5	1.384376	REAL	0.9998
1.0	1.5	1.452179	REAL	0.9990
1.0	1.5	1.494667	REAL	0.9989
1.0	1.5	1.548924	REAL	0.9994
1.0	1.5	1.611224	REAL	0.9997
1.0	1.5	1.673919	ARTIFACT	0.3370
1.0	1.5	1.68131	REAL	0.9995
1.0	1.5	1.682461	REAL	0.9997
1.0	1.5	1.741858	REAL	0.9987
1.0	1.5	1.758902	ARTIFACT	0.4902
1.0	1.5	1.795982	REAL	0.9951
1.0	1.5	1.852514	REAL	0.9953
1.0	1.5	1.989154	ARTIFACT	0.2729
1.0	1.5	1.991954	REAL	0.9924
1.0	1.5	2.018897	REAL	0.9990
1.0	1.5	2.116426	REAL	0.9907
1.0	1.5	2.134763	ARTIFACT	0.3874
1.0	1.5	2.137855	REAL	0.9950
1.0	1.5	2.15758	REAL	0.9967
1.0	1.5	2.255218	REAL	0.9882
1.0	1.5	2.309606	REAL	0.9963
1.0	1.5	2.332141	REAL	0.9883
1.0	1.5	2.348562	REAL	0.9922
1.0	1.5	2.357651	ARTIFACT	0.3134
1.0	1.5	2.365408	REAL	0.9963
1.0	1.5	2.374958	ARTIFACT	0.3480
1.0	1.5	2.419154	REAL	0.9708
1.0	1.5	2.461939	REAL	0.9925
1.0	1.66667	0.092619	REAL	1.0000
1.0	1.66667	0.395598	REAL	1.0000
1.0	1.66667	0.439686	REAL	1.0000
1.0	1.66667	0.589548	REAL	1.0000
1.0	1.66667	0.645688	REAL	1.0000
1.0	1.66667	0.783914	REAL	0.9999
1.0	1.66667	0.869504	REAL	1.0000
1.0	1.66667	0.951673	REAL	0.9998
1.0	1.66667	1.083152	REAL	1.0000
1.0	1.66667	1.094988	REAL	0.9994
1.0	1.66667	1.122694	REAL	0.9999
1.0	1.66667	1.254987	REAL	0.9996
1.0	1.66667	1.277308	REAL	0.9993
1.0	1.66667	1.295806	REAL	0.9999
1.0	1.66667	1.406785	REAL	0.9993
1.0	1.66667	1.433435	REAL	0.9975
1.0	1.66667	1.456047	REAL	0.9995
1.0	1.66667	1.513876	REAL	0.9978
1.0	1.66667	1.611278	REAL	0.9992
1.0	1.66667	1.639226	REAL	0.9983
1.0	1.66667	1.64354	REAL	0.9997
1.0	1.66667	1.65051	ARTIFACT	0.2771
1.0	1.66667	1.686668	REAL	0.9994
1.0	1.66667	1.73552	ARTIFACT	0.4789
1.0	1.66667	1.793015	REAL	0.9998
1.0	1.66667	1.816177	REAL	0.9980
1.0	1.66667	1.834418	ARTIFACT	0.2553
1.0	1.66667	1.837682	REAL	0.9968
1.0	1.66667	1.865161	REAL	0.9906
1.0	1.66667	1.868683	ARTIFACT	0.2497
1.0	1.66667	1.870926	ARTIFACT	0.2889
1.0	1.66667	1.964586	REAL	0.9965
1.0	1.66667	1.991972	REAL	0.9887
1.0	1.66667	2.00647	REAL	0.9917
1.0	1.66667	2.087003	REAL	0.9957
1.0	1.66667	2.15647	REAL	0.9957
1.0	1.66667	2.159834	REAL	0.9694
1.0	1.66667	2.166779	ARTIFACT	0.2394
1.0	1.66667	2.19743	ARTIFACT	0.3538
1.0	1.66667	2.215452	REAL	0.9839
1.0	1.66667	2.255829	REAL	0.9950
1.0	1.66667	2.259194	ARTIFACT	0.2237
1.0	1.66667	2.307697	REAL	0.9819
1.0	1.66667	2.376078	REAL	0.8495
1.0	1.66667	2.392726	REAL	0.9974
1.0	1.66667	2.429122	REAL	0.9873
1.0	1.66667	2.447375	REAL	0.9677
1.0	2.5	0.04279	REAL	1.0000
1.0	2.5	0.114396	REAL	1.0000
1.0	2.5	0.216059	REAL	1.0000
1.0	2.5	0.332466	REAL	1.0000
1.0	2.5	0.455865	REAL	0.9999
1.0	2.5	0.5817	REAL	0.9998
1.0	2.5	0.707386	REAL	0.9997
1.0	2.5	0.831486	REAL	0.9996
1.0	2.5	0.939236	REAL	0.9993
1.0	2.5	0.975344	ARTIFACT	0.3469
1.0	2.5	1.027233	REAL	0.9977
1.0	2.5	1.029368	ARTIFACT	0.5084
1.0	2.5	1.080326	REAL	0.9990
1.0	2.5	1.099201	REAL	0.9990
1.0	2.5	1.128229	ARTIFACT	0.4620
1.0	2.5	1.200521	REAL	0.9983
1.0	2.5	1.316896	REAL	0.9981
1.0	2.5	1.327607	REAL	0.9973
1.0	2.5	1.390633	REAL	0.9997
1.0	2.5	1.425594	REAL	0.9953
1.0	2.5	1.438191	REAL	0.9980
1.0	2.5	1.458338	REAL	0.9967
1.0	2.5	1.480152	REAL	0.9973
1.0	2.5	1.504173	REAL	0.9976
1.0	2.5	1.564268	ARTIFACT	0.3351
1.0	2.5	1.572326	REAL	0.9930
1.0	2.5	1.594946	REAL	0.9966
1.0	2.5	1.651352	ARTIFACT	0.3545
1.0	2.5	1.654486	REAL	0.9974
1.0	2.5	1.660489	REAL	0.9954
1.0	2.5	1.662405	ARTIFACT	0.3150
1.0	2.5	1.669681	REAL	0.9982
1.0	2.5	1.680938	ARTIFACT	0.6803
1.0	2.5	1.725476	REAL	0.9906
1.0	2.5	1.753954	REAL	0.9944
1.0	2.5	1.759566	ARTIFACT	0.1844
1.0	2.5	1.768479	REAL	0.9981
1.0	2.5	1.773119	ARTIFACT	0.3211
1.0	2.5	1.796803	REAL	0.9954
1.0	2.5	1.82849	REAL	0.9938
1.0	2.5	1.854963	REAL	0.9914
1.0	2.5	1.883851	ARTIFACT	0.3239
1.0	2.5	1.907177	ARTIFACT	0.3005
1.0	2.5	1.911478	REAL	0.9944
1.0	2.5	1.954833	ARTIFACT	0.3125
1.0	2.5	1.958273	REAL	0.9954
1.0	2.5	1.991758	REAL	0.9900
1.0	2.5	2.033888	REAL	0.9942
1.0	2.5	2.096437	REAL	0.9766
1.0	2.5	2.124494	REAL	0.9972
1.0	2.5	2.130659	ARTIFACT	0.3463
1.0	2.5	2.141116	ARTIFACT	0.2071
1.25	1.5	0.070812	ARTIFACT	0.1473
1.25	1.5	0.17872	ARTIFACT	0.1483
1.25	1.5	0.329999	ARTIFACT	0.2069
1.25	1.5	0.429673	ARTIFACT	0.5593
1.25	1.5	0.499975	ARTIFACT	0.1787
1.25	1.5	0.591656	ARTIFACT	0.5993
1.25	1.5	0.670906	ARTIFACT	0.2541
1.25	1.5	0.834259	ARTIFACT	0.0915
1.25	1.5	0.982605	ARTIFACT	0.2490
1.25	1.5	1.078381	ARTIFACT	0.0914
1.25	1.5	1.079875	ARTIFACT	0.0643
1.25	1.5	1.175478	ARTIFACT	0.0627
1.25	1.5	1.180351	ARTIFACT	0.1471
1.25	1.5	1.187011	ARTIFACT	0.2786
1.25	1.5	1.323985	ARTIFACT	0.0909
1.25	1.5	1.3311	ARTIFACT	0.0784
1.25	1.5	1.435791	ARTIFACT	0.1839
1.25	1.5	1.45479	ARTIFACT	0.1307
1.25	1.5	1.506472	ARTIFACT	0.1110
1.25	1.5	1.534842	ARTIFACT	0.1681
1.25	1.5	1.629153	ARTIFACT	0.2114
1.25	1.5	1.641827	ARTIFACT	0.1606
1.25	1.5	1.649999	ARTIFACT	0.0721
1.25	1.5	1.673656	ARTIFACT	0.0704
1.25	1.5	1.679071	ARTIFACT	0.0551
1.25	1.5	1.68792	ARTIFACT	0.1418
1.25	1.5	1.702321	ARTIFACT	0.0803
1.25	1.5	1.754146	ARTIFACT	0.1967
1.25	1.5	1.776091	ARTIFACT	0.1138
1.25	1.5	1.778346	ARTIFACT	0.1139
1.25	1.5	1.783145	ARTIFACT	0.1223
1.25	1.5	1.786838	ARTIFACT	0.1638
1.25	1.5	1.816163	ARTIFACT	0.1012
1.25	1.5	1.869911	ARTIFACT	0.0563
1.25	1.5	1.900321	ARTIFACT	0.1282
1.25	1.5	1.933323	ARTIFACT	0.0854
1.25	1.5	2.000471	ARTIFACT	0.1211
1.25	1.5	2.013311	ARTIFACT	0.1303
1.25	1.5	2.042264	ARTIFACT	0.1633
1.25	1.5	2.064034	ARTIFACT	0.0873
1.25	1.5	2.111284	ARTIFACT	0.1775
1.25	1.5	2.172469	ARTIFACT	0.0477
1.25	1.5	2.181358	ARTIFACT	0.1084
1.25	1.5	2.250914	ARTIFACT	0.1572
1.25	1.5	2.262037	ARTIFACT	0.1469
1.25	1.5	2.271236	ARTIFACT	0.0247
1.25	1.5	2.292317	ARTIFACT	0.0724
1.25	1.5	2.297183	ARTIFACT	0.1677
1.25	1.5	2.353098	ARTIFACT	0.0498
1.25	1.5	2.358048	ARTIFACT	0.0802
1.25	1.5	2.433071	ARTIFACT	0.0360
1.25	1.5	2.445577	ARTIFACT	0.0831
1.25	1.5	2.485743	ARTIFACT	0.2107
1.25	1.5	2.497192	ARTIFACT	0.0295
1.25	1.66667	0.057958	ARTIFACT	0.1489
1.25	1.66667	0.148378	ARTIFACT	0.1551
1.25	1.66667	0.279887	ARTIFACT	0.2119
1.25	1.66667	0.388568	ARTIFACT	0.2591
1.25	1.66667	0.428338	ARTIFACT	0.1188
1.25	1.66667	0.736277	ARTIFACT	0.1146
1.25	1.66667	0.878794	ARTIFACT	0.2703
1.25	1.66667	1.002695	ARTIFACT	0.0794
1.25	1.66667	1.106706	ARTIFACT	0.2671
1.25	1.66667	1.111671	ARTIFACT	0.1067
1.25	1.66667	1.239268	ARTIFACT	0.0575
1.25	1.66667	1.248434	ARTIFACT	0.2550
1.25	1.66667	1.360321	ARTIFACT	0.1254
1.25	1.66667	1.381225	ARTIFACT	0.0860
1.25	1.66667	1.400285	ARTIFACT	0.1475
1.25	1.66667	1.461097	ARTIFACT	0.1548
1.25	1.66667	1.464053	ARTIFACT	0.0782
1.25	1.66667	1.527796	ARTIFACT	0.0811
1.25	1.66667	1.577801	ARTIFACT	0.1249
1.25	1.66667	1.634312	ARTIFACT	0.2626
1.25	1.66667	1.640665	ARTIFACT	0.0810
1.25	1.66667	1.665095	ARTIFACT	0.0357
1.25	1.66667	1.691995	ARTIFACT	0.0891
1.25	1.66667	1.695236	ARTIFACT	0.0816
1.25	1.66667	1.709301	ARTIFACT	0.0723
1.25	1.66667	1.712578	ARTIFACT	0.0506
1.25	1.66667	1.729034	ARTIFACT	0.0793
1.25	1.66667	1.744727	ARTIFACT	0.2049
1.25	1.66667	1.751284	ARTIFACT	0.1168
1.25	1.66667	1.781454	ARTIFACT	0.0848
1.25	1.66667	1.787508	ARTIFACT	0.2039
1.25	1.66667	1.79835	ARTIFACT	0.0621
1.25	1.66667	1.800968	ARTIFACT	0.0818
1.25	1.66667	1.83991	ARTIFACT	0.2159
1.25	1.66667	1.84927	ARTIFACT	0.1152
1.25	1.66667	1.861038	ARTIFACT	0.2328
1.25	1.66667	1.867756	ARTIFACT	0.0968
1.25	1.66667	1.914574	ARTIFACT	0.0698
1.25	1.66667	1.978832	ARTIFACT	0.1029
1.25	1.66667	1.983171	ARTIFACT	0.1144
1.25	1.66667	2.00676	ARTIFACT	0.0493
1.25	1.66667	2.042568	ARTIFACT	0.1754
1.25	1.66667	2.051506	ARTIFACT	0.0583
1.25	1.66667	2.064865	ARTIFACT	0.0909
1.25	1.66667	2.095689	ARTIFACT	0.0390
1.25	1.66667	2.12252	ARTIFACT	0.1821
1.25	1.66667	2.12456	ARTIFACT	0.1101
1.25	1.66667	2.129552	ARTIFACT	0.1512
1.25	1.66667	2.161324	ARTIFACT	0.0821
1.25	1.66667	2.197982	ARTIFACT	0.0739
1.25	1.66667	2.245651	ARTIFACT	0.0548
1.25	1.66667	2.267258	ARTIFACT	0.3372
1.25	1.66667	2.270517	ARTIFACT	0.0699
1.25	1.66667	2.279252	ARTIFACT	0.0657
1.25	1.66667	2.290319	ARTIFACT	0.0909
1.25	1.66667	2.297137	ARTIFACT	0.1118
1.25	1.66667	2.309743	ARTIFACT	0.1477
1.25	1.66667	2.320306	ARTIFACT	0.0661
1.25	1.66667	2.326194	ARTIFACT	0.1386
1.25	1.66667	2.381181	ARTIFACT	0.1374
1.25	1.66667	2.38823	ARTIFACT	0.0810
1.25	1.66667	2.405985	ARTIFACT	0.0588
1.25	2.0	0.040825	ARTIFACT	0.1489
1.25	2.0	0.106793	ARTIFACT	0.1561
1.25	2.0	0.207492	ARTIFACT	0.2202
1.25	2.0	0.324756	ARTIFACT	0.1270
1.25	2.0	0.449994	ARTIFACT	0.2813
1.25	2.0	0.577497	ARTIFACT	0.1116
1.25	2.0	0.70451	ARTIFACT	0.2947
1.25	2.0	0.788402	ARTIFACT	0.0925
1.25	2.0	0.829169	ARTIFACT	0.0982
1.25	2.0	0.933517	ARTIFACT	0.2763
1.25	2.0	0.957318	ARTIFACT	0.0990
1.25	2.0	0.960901	ARTIFACT	0.2609
1.25	2.0	1.031339	ARTIFACT	0.0834
1.25	2.0	1.088094	ARTIFACT	0.0956
1.25	2.0	1.106782	ARTIFACT	0.2952
1.25	2.0	1.112043	ARTIFACT	0.1960
1.25	2.0	1.204428	ARTIFACT	0.1975
1.25	2.0	1.208203	ARTIFACT	0.0878
1.25	2.0	1.324844	ARTIFACT	0.0586
1.25	2.0	1.373586	ARTIFACT	0.0877
1.25	2.0	1.41808	ARTIFACT	0.1439
1.25	2.0	1.450849	ARTIFACT	0.1102
1.25	2.0	1.453656	ARTIFACT	0.1140
1.25	2.0	1.461581	ARTIFACT	0.1538
1.25	2.0	1.466822	ARTIFACT	0.0691
1.25	2.0	1.473723	ARTIFACT	0.2272
1.25	2.0	1.50732	ARTIFACT	0.1997
1.25	2.0	1.565406	ARTIFACT	0.0594
1.25	2.0	1.59518	ARTIFACT	0.1585
1.25	2.0	1.597211	ARTIFACT	0.0936
1.25	2.0	1.654078	ARTIFACT	0.1419
1.25	2.0	1.65808	ARTIFACT	0.0655
1.25	2.0	1.712683	ARTIFACT	0.1160
1.25	2.0	1.729719	ARTIFACT	0.0558
1.25	2.0	1.73304	ARTIFACT	0.2152
1.25	2.0	1.735154	ARTIFACT	0.1427
1.25	2.0	1.742383	ARTIFACT	0.1500
1.25	2.0	1.784911	ARTIFACT	0.0926
1.25	2.0	1.802514	ARTIFACT	0.1581
1.25	2.0	1.828996	ARTIFACT	0.0961
1.25	2.0	1.838705	ARTIFACT	0.1240
1.25	2.0	1.879415	ARTIFACT	0.1442
1.25	2.0	1.912152	ARTIFACT	0.1690
1.25	2.0	1.930796	ARTIFACT	0.0500
1.25	2.0	1.989083	ARTIFACT	0.0907
1.25	2.0	1.994029	ARTIFACT	0.2480
1.25	2.0	2.014904	ARTIFACT	0.1395
1.25	2.0	2.035098	ARTIFACT	0.1431
1.25	2.0	2.055831	ARTIFACT	0.1047
1.25	2.0	2.071979	ARTIFACT	0.0643
1.25	2.0	2.119515	ARTIFACT	0.0585
1.25	2.5	0.026454	ARTIFACT	0.1481
1.25	2.5	0.070654	ARTIFACT	0.1557
1.25	2.5	0.141213	ARTIFACT	0.2284
1.25	2.5	0.226525	ARTIFACT	0.1337
1.25	2.5	0.320474	ARTIFACT	0.2924
1.25	2.5	0.376876	ARTIFACT	0.2337
1.25	2.5	0.419377	ARTIFACT	0.1206
1.25	2.5	0.509146	ARTIFACT	0.2908
1.25	2.5	0.52619	ARTIFACT	0.3192
1.25	2.5	0.617144	ARTIFACT	0.1110
1.25	2.5	0.71828	ARTIFACT	0.3043
1.25	2.5	0.816899	ARTIFACT	0.1048
1.25	2.5	0.911484	ARTIFACT	0.3037
1.25	2.5	0.942826	ARTIFACT	0.1455
1.25	2.5	0.996342	ARTIFACT	0.0934
1.25	2.5	1.052469	ARTIFACT	0.0943
1.25	2.5	1.061077	ARTIFACT	0.3073
1.25	2.5	1.073554	ARTIFACT	0.3178
1.25	2.5	1.129145	ARTIFACT	0.2613
1.25	2.5	1.227534	ARTIFACT	0.0755
1.25	2.5	1.296608	ARTIFACT	0.1272
1.25	2.5	1.299769	ARTIFACT	0.2671
1.25	2.5	1.320123	ARTIFACT	0.0596
1.25	2.5	1.327517	ARTIFACT	0.1497
1.25	2.5	1.414738	ARTIFACT	0.1779
1.25	2.5	1.422867	ARTIFACT	0.1837
1.25	2.5	1.444069	ARTIFACT	0.0950
1.25	2.5	1.470685	ARTIFACT	0.2160
1.25	2.5	1.477838	ARTIFACT	0.1064
1.25	2.5	1.48497	ARTIFACT	0.1269
1.25	2.5	1.530035	ARTIFACT	0.0383
1.25	2.5	1.53451	ARTIFACT	0.2969
1.25	2.5	1.548031	ARTIFACT	0.2247
1.25	2.5	1.615503	ARTIFACT	0.0579
1.25	2.5	1.622476	ARTIFACT	0.2267
1.25	2.5	1.630391	ARTIFACT	0.1225
1.25	2.5	1.665974	ARTIFACT	0.1514
1.25	2.5	1.681414	ARTIFACT	0.2528
1.25	2.5	1.71018	ARTIFACT	0.0717
1.25	2.5	1.724398	ARTIFACT	0.1092
1.25	2.5	1.731077	ARTIFACT	0.0852
1.25	2.5	1.734481	ARTIFACT	0.1216
1.25	2.5	1.757509	ARTIFACT	0.1020
1.25	2.5	1.7875	ARTIFACT	0.2874
1.25	2.5	1.797879	ARTIFACT	0.0888
1.25	2.5	1.83894	ARTIFACT	0.1887
1.25	2.5	1.846585	ARTIFACT	0.0709
1.5	1.5	0.048572	ARTIFACT	0.1558
1.5	1.5	0.120059	ARTIFACT	0.1503
1.5	1.5	0.235894	ARTIFACT	0.2142
1.5	1.5	0.371836	ARTIFACT	0.1297
1.5	1.5	0.516998	ARTIFACT	0.1749
1.5	1.5	0.525104	ARTIFACT	0.4295
1.5	1.5	0.66048	ARTIFACT	0.1278
1.5	1.5	0.798987	ARTIFACT	0.1747
1.5	1.5	0.927052	ARTIFACT	0.0981
1.5	1.5	1.009842	ARTIFACT	0.2149
1.5	1.5	1.041573	ARTIFACT	0.1696
1.5	1.5	1.098159	ARTIFACT	0.1007
1.5	1.5	1.158007	ARTIFACT	0.1294
1.5	1.5	1.185093	ARTIFACT	0.1076
1.5	1.5	1.295551	ARTIFACT	0.1283
1.5	1.5	1.302159	ARTIFACT	0.0676
1.5	1.5	1.321262	ARTIFACT	0.1001
1.5	1.5	1.403765	ARTIFACT	0.1114
1.5	1.5	1.43573	ARTIFACT	0.1087
1.5	1.5	1.44955	ARTIFACT	0.1240
1.5	1.5	1.452544	ARTIFACT	0.2049
1.5	1.5	1.465674	ARTIFACT	0.1613
1.5	1.5	1.519854	ARTIFACT	0.1822
1.5	1.5	1.563614	ARTIFACT	0.0908
1.5	1.5	1.566774	ARTIFACT	0.0282
1.5	1.5	1.588316	ARTIFACT	0.0460
1.5	1.5	1.601358	ARTIFACT	0.1141
1.5	1.5	1.608391	ARTIFACT	0.1895
1.5	1.5	1.658543	ARTIFACT	0.0639
1.5	1.5	1.684682	ARTIFACT	0.1138
1.5	1.5	1.70195	ARTIFACT	0.0531
1.5	1.5	1.721036	ARTIFACT	0.1395
1.5	1.5	1.768109	ARTIFACT	0.0405
1.5	1.5	1.775468	ARTIFACT	0.1430
1.5	1.5	1.815956	ARTIFACT	0.0806
1.5	1.5	1.816667	ARTIFACT	0.0940
1.5	1.5	1.831769	ARTIFACT	0.0663
1.5	1.5	1.87771	ARTIFACT	0.2304
1.5	1.5	1.92486	ARTIFACT	0.0803
1.5	1.5	1.984913	ARTIFACT	0.1520
1.5	1.5	1.988835	ARTIFACT	0.1443
1.5	1.5	2.01684	ARTIFACT	0.0466
1.5	1.5	2.025551	ARTIFACT	0.1015
1.5	1.5	2.050641	ARTIFACT	0.0577
1.5	1.5	2.089417	ARTIFACT	0.0674
1.5	1.5	2.104974	ARTIFACT	0.0588
1.5	1.5	2.152982	ARTIFACT	0.1223
1.5	1.5	2.195234	ARTIFACT	0.1171
1.5	1.5	2.207249	ARTIFACT	0.0379
1.5	1.5	2.227065	ARTIFACT	0.1435
1.5	1.5	2.242152	ARTIFACT	0.0367
1.5	1.66667	0.039677	ARTIFACT	0.1618
1.5	1.66667	0.098967	ARTIFACT	0.1506
1.5	1.66667	0.197548	ARTIFACT	0.2145
1.5	1.66667	0.315533	ARTIFACT	0.1307
1.5	1.66667	0.443452	ARTIFACT	0.1785
1.5	1.66667	0.57276	ARTIFACT	0.1307
1.5	1.66667	0.701048	ARTIFACT	0.1866
1.5	1.66667	0.825877	ARTIFACT	0.1079
1.5	1.66667	0.923749	ARTIFACT	0.1657
1.5	1.66667	0.949942	ARTIFACT	0.1922
1.5	1.66667	1.032061	ARTIFACT	0.0923
1.5	1.66667	1.113136	ARTIFACT	0.1873
1.5	1.66667	1.204369	ARTIFACT	0.1537
1.5	1.66667	1.232195	ARTIFACT	0.1636
1.5	1.66667	1.318999	ARTIFACT	0.0778
1.5	1.66667	1.338986	ARTIFACT	0.2372
1.5	1.66667	1.41249	ARTIFACT	0.1716
1.5	1.66667	1.450324	ARTIFACT	0.1619
1.5	1.66667	1.485341	ARTIFACT	0.1639
1.5	1.66667	1.488866	ARTIFACT	0.1216
1.5	1.66667	1.507946	ARTIFACT	0.2442
1.5	1.66667	1.560042	ARTIFACT	0.0489
1.5	1.66667	1.59512	ARTIFACT	0.1932
1.5	1.66667	1.643105	ARTIFACT	0.0654
1.5	1.66667	1.651059	ARTIFACT	0.1062
1.5	1.66667	1.656922	ARTIFACT	0.0723
1.5	1.66667	1.661868	ARTIFACT	0.0085
1.5	1.66667	1.693936	ARTIFACT	0.0614
1.5	1.66667	1.696786	ARTIFACT	0.2285
1.5	1.66667	1.709061	ARTIFACT	0.0842
1.5	1.66667	1.743383	ARTIFACT	0.2112
1.5	1.66667	1.747265	ARTIFACT	0.1220
1.5	1.66667	1.750782	ARTIFACT	0.0450
1.5	1.66667	1.773222	ARTIFACT	0.1336
1.5	1.66667	1.803288	ARTIFACT	0.1148
1.5	1.66667	1.834809	ARTIFACT	0.0591
1.5	1.66667	1.859126	ARTIFACT	0.0497
1.5	1.66667	1.860385	ARTIFACT	0.0879
1.5	1.66667	1.909217	ARTIFACT	0.0639
1.5	1.66667	1.930962	ARTIFACT	0.1410
1.5	1.66667	1.965936	ARTIFACT	0.0714
1.5	1.66667	1.982801	ARTIFACT	0.1181
1.5	1.66667	1.986181	ARTIFACT	0.1326
1.5	1.66667	2.026992	ARTIFACT	0.1415
1.5	1.66667	2.082779	ARTIFACT	0.1356
1.5	1.66667	2.101492	ARTIFACT	0.0840
1.5	1.66667	2.112406	ARTIFACT	0.0746
1.5	2.0	0.070474	ARTIFACT	0.1288
1.5	2.0	0.143964	ARTIFACT	0.2030
1.5	2.0	0.234744	ARTIFACT	0.1062
1.5	2.0	0.336261	ARTIFACT	0.1870
1.5	2.0	0.442005	ARTIFACT	0.1067
1.5	2.0	0.555176	ARTIFACT	0.2095
1.5	2.0	0.646307	ARTIFACT	0.0988
1.5	2.0	0.752589	ARTIFACT	0.1958
1.5	2.0	0.821708	ARTIFACT	0.1968
1.5	2.0	0.854486	ARTIFACT	0.0923
1.5	2.0	0.95033	ARTIFACT	0.1969
1.5	2.0	1.030644	ARTIFACT	0.0721
1.5	2.0	1.077745	ARTIFACT	0.0799
1.5	2.0	1.090542	ARTIFACT	0.0653
1.5	2.0	1.170952	ARTIFACT	0.0868
1.5	2.0	1.204145	ARTIFACT	0.1210
1.5	2.0	1.264727	ARTIFACT	0.0750
1.5	2.0	1.270012	ARTIFACT	0.0528
1.5	2.0	1.307704	ARTIFACT	0.1339
1.5	2.0	1.312253	ARTIFACT	0.2036
1.5	2.0	1.367058	ARTIFACT	0.1528
1.5	2.0	1.404623	ARTIFACT	0.0569
1.5	2.0	1.440514	ARTIFACT	0.1660
1.5	2.0	1.457424	ARTIFACT	0.2418
1.5	2.0	1.475379	ARTIFACT	0.1097
1.5	2.0	1.477599	ARTIFACT	0.1874
1.5	2.0	1.501206	ARTIFACT	0.1589
1.5	2.0	1.507217	ARTIFACT	0.2732
1.5	2.0	1.574493	ARTIFACT	0.2217
1.5	2.0	1.592801	ARTIFACT	0.1426
1.5	2.0	1.59947	ARTIFACT	0.0925
1.5	2.0	1.646334	ARTIFACT	0.0728
1.5	2.0	1.655764	ARTIFACT	0.2090
1.5	2.0	1.677958	ARTIFACT	0.1058
1.5	2.0	1.692334	ARTIFACT	0.0501
1.5	2.0	1.707519	ARTIFACT	0.1368
1.5	2.0	1.735171	ARTIFACT	0.0535
1.5	2.0	1.747157	ARTIFACT	0.1455
1.5	2.0	1.768189	ARTIFACT	0.1235
1.5	2.0	1.774733	ARTIFACT	0.1398
1.5	2.0	1.790679	ARTIFACT	0.0803
1.5	2.0	1.798894	ARTIFACT	0.0756
1.5	2.0	1.804205	ARTIFACT	0.1505
1.5	2.0	1.823114	ARTIFACT	0.0730
1.5	2.0	1.844871	ARTIFACT	0.2471
1.5	2.0	1.870927	ARTIFACT	0.1313
1.5	2.0	1.908951	ARTIFACT	0.1864
1.5	2.5	0.046139	ARTIFACT	0.1849
1.5	2.5	0.160632	ARTIFACT	0.1828
1.5	2.5	0.232591	ARTIFACT	0.1939
1.5	2.5	0.310457	ARTIFACT	0.1809
1.5	2.5	0.392266	ARTIFACT	0.2019
1.5	2.5	0.560134	ARTIFACT	0.2095
1.5	2.5	0.64466	ARTIFACT	0.1611
1.5	2.5	0.684189	ARTIFACT	0.0729
1.5	2.5	0.728931	ARTIFACT	0.2146
1.5	2.5	0.814376	ARTIFACT	0.1397
1.5	2.5	0.888328	ARTIFACT	0.2023
1.5	2.5	0.916714	ARTIFACT	0.0578
1.5	2.5	0.96526	ARTIFACT	0.1443
1.5	2.5	1.022376	ARTIFACT	0.2477
1.5	2.5	1.035171	ARTIFACT	0.2220
1.5	2.5	1.08774	ARTIFACT	0.1721
1.5	2.5	1.094456	ARTIFACT	0.1009
1.5	2.5	1.137025	ARTIFACT	0.0715
1.5	2.5	1.160437	ARTIFACT	0.1402
1.5	2.5	1.164344	ARTIFACT	0.1694
1.5	2.5	1.224645	ARTIFACT	0.1682
1.5	2.5	1.235519	ARTIFACT	0.1727
1.5	2.5	1.241975	ARTIFACT	0.0818
1.5	2.5	1.32402	ARTIFACT	0.1315
1.5	2.5	1.40137	ARTIFACT	0.0625
1.5	2.5	1.409905	ARTIFACT	0.1172
1.5	2.5	1.444721	ARTIFACT	0.0316
1.5	2.5	1.470297	ARTIFACT	0.0799
1.5	2.5	1.493123	ARTIFACT	0.2291
1.5	2.5	1.499339	ARTIFACT	0.0726
1.5	2.5	1.50358	ARTIFACT	0.1626
1.5	2.5	1.53168	ARTIFACT	0.1624
1.5	2.5	1.566844	ARTIFACT	0.1773
1.5	2.5	1.589542	ARTIFACT	0.1273
1.5	2.5	1.631003	ARTIFACT	0.0298
1.5	2.5	1.646785	ARTIFACT	0.1021
1.5	2.5	1.666743	ARTIFACT	0.0705
1.5	2.5	1.669504	ARTIFACT	0.0970
1.5	2.5	1.681698	ARTIFACT	0.0700
1.5	2.5	1.689703	ARTIFACT	0.1408
1.5	2.5	1.693455	ARTIFACT	0.0544
1.5	2.5	1.698189	ARTIFACT	0.0364
1.5	2.5	1.704935	ARTIFACT	0.1033
