mode   UX_top        UY_top        UX_bot        UY_bot      (bending: UY_top~UY_bot, UX_top~-UX_bot)
  1.     0.9227E-10     0.1000E+01    -0.9205E-10     0.1000E+01
  2.    -0.1904E-03     0.3764E-02     0.1904E-03     0.3764E-02
  3.    -0.1280E-03     0.1205E-02     0.1280E-03     0.1205E-02
  4.    -0.2394E-03     0.1448E-02     0.2394E-03     0.1448E-02
  5.     0.7646E-01    -0.4017E-03     0.7646E-01     0.4017E-03
  6.    -0.1198E-03     0.5355E-03     0.1198E-03     0.5355E-03
  7.    -0.2186E-03     0.7752E-03     0.2186E-03     0.7752E-03
  8.    -0.1176E-03     0.3473E-03     0.1176E-03     0.3473E-03
  9.    -0.3455E-01     0.2207E-03    -0.3455E-01    -0.2207E-03
 10.    -0.1677E-03     0.4249E-03     0.1677E-03     0.4249E-03
 11.    -0.1058E-03     0.2357E-03     0.1058E-03     0.2357E-03
 12.     0.8278E-02    -0.7344E-04     0.8278E-02     0.7344E-04
 13.    -0.1258E-03     0.2502E-03     0.1258E-03     0.2502E-03
 14.    -0.8980E-04     0.1618E-03     0.8980E-04     0.1618E-03
 15.    -0.3881E-02     0.5074E-04    -0.3881E-02    -0.5074E-04
 16.    -0.9856E-04     0.1622E-03     0.9856E-04     0.1622E-03
 17.    -0.7596E-04     0.1152E-03     0.7596E-04     0.1152E-03
 18.    -0.2217E-02     0.4230E-04    -0.2217E-02    -0.4230E-04
 19.    -0.7345E-04     0.1031E-03     0.7345E-04     0.1031E-03
 20.     0.1081E-02    -0.2919E-04     0.1081E-02     0.2919E-04
