mode f[Hz] tag=zp4_oc_h112 target=119.40431Hz
  1.     0.46364096E-02
  2.     0.11914314E+03
  3.     0.55361671E+03
  4.     0.13264919E+04
  5.     0.24455773E+04
  6.     0.25159812E+04
  7.     0.38777737E+04
  8.     0.55881947E+04
  9.     0.64464173E+04
 10.     0.75356610E+04
 11.     0.96861168E+04
 12.     0.10871880E+05
 13.     0.12004323E+05
 14.     0.14464134E+05
 15.     0.15688957E+05
 16.     0.17038989E+05
 17.     0.19710874E+05
 18.     0.20627708E+05
 19.     0.22460741E+05
 20.     0.25276949E+05
