i  r_top  QtopRe  QtopIm  r_bot  QbotRe  QbotIm   [mm, mC]
    1.   0.600000000000E+03  -0.361128968185E-10   0.000000000000E+00   0.100000000000E+03  -0.395061385226E-10   0.000000000000E+00
    2.   0.100000000000E+03  -0.395061384539E-10   0.000000000000E+00   0.600000000000E+03  -0.361128966458E-10   0.000000000000E+00
    3.   0.598437500000E+03  -0.144219696124E-09   0.000000000000E+00   0.101562500000E+03  -0.160896093738E-09   0.000000000000E+00
    4.   0.596875000000E+03  -0.718909906184E-10   0.000000000000E+00   0.103125000000E+03  -0.817049608697E-10   0.000000000000E+00
    5.   0.595312500000E+03  -0.143650279284E-09   0.000000000000E+00   0.104687500000E+03  -0.165674449554E-09   0.000000000000E+00
    6.   0.593750000000E+03  -0.716472750252E-10   0.000000000000E+00   0.106250000000E+03  -0.838572980062E-10   0.000000000000E+00
    7.   0.592187500000E+03  -0.143192059422E-09   0.000000000000E+00   0.107812500000E+03  -0.169701265373E-09   0.000000000000E+00
    8.   0.590625000000E+03  -0.714363893837E-10   0.000000000000E+00   0.109375000000E+03  -0.857286768295E-10   0.000000000000E+00
    9.   0.589062500000E+03  -0.142811625421E-09   0.000000000000E+00   0.110937500000E+03  -0.173283093046E-09   0.000000000000E+00
   10.   0.587500000000E+03  -0.712648950908E-10   0.000000000000E+00   0.112500000000E+03  -0.874361976743E-10   0.000000000000E+00
   11.   0.585937500000E+03  -0.142498787821E-09   0.000000000000E+00   0.114062500000E+03  -0.176583983153E-09   0.000000000000E+00
   12.   0.584375000000E+03  -0.711223772346E-10   0.000000000000E+00   0.115625000000E+03  -0.890291778115E-10   0.000000000000E+00
   13.   0.582812500000E+03  -0.142232694833E-09   0.000000000000E+00   0.117187500000E+03  -0.179681317997E-09   0.000000000000E+00
   14.   0.581250000000E+03  -0.709979724342E-10   0.000000000000E+00   0.118750000000E+03  -0.905337214093E-10   0.000000000000E+00
   15.   0.579687500000E+03  -0.141993363819E-09   0.000000000000E+00   0.120312500000E+03  -0.182614251579E-09   0.000000000000E+00
   16.   0.578125000000E+03  -0.708826295091E-10   0.000000000000E+00   0.121875000000E+03  -0.919628925503E-10   0.000000000000E+00
   17.   0.576562500000E+03  -0.141767006280E-09   0.000000000000E+00   0.123437500000E+03  -0.185405034293E-09   0.000000000000E+00
   18.   0.575000000000E+03  -0.707712679337E-10   0.000000000000E+00   0.125000000000E+03  -0.933254045088E-10   0.000000000000E+00
   19.   0.573437500000E+03  -0.141546176969E-09   0.000000000000E+00   0.126562500000E+03  -0.188068635345E-09   0.000000000000E+00
   20.   0.571875000000E+03  -0.706614181761E-10   0.000000000000E+00   0.128125000000E+03  -0.946273797684E-10   0.000000000000E+00
   21.   0.570312500000E+03  -0.141327276953E-09   0.000000000000E+00   0.129687500000E+03  -0.190615403164E-09   0.000000000000E+00
   22.   0.568750000000E+03  -0.705519370198E-10   0.000000000000E+00   0.131250000000E+03  -0.958730140789E-10   0.000000000000E+00
   23.   0.567187500000E+03  -0.141108540064E-09   0.000000000000E+00   0.132812500000E+03  -0.193052143435E-09   0.000000000000E+00
   24.   0.565625000000E+03  -0.704422281617E-10   0.000000000000E+00   0.134375000000E+03  -0.970649449092E-10   0.000000000000E+00
   25.   0.564062500000E+03  -0.140889029235E-09   0.000000000000E+00   0.135937500000E+03  -0.195383033852E-09   0.000000000000E+00
   26.   0.562500000000E+03  -0.703319654422E-10   0.000000000000E+00   0.137500000000E+03  -0.982047288400E-10   0.000000000000E+00
   27.   0.560937500000E+03  -0.140668261426E-09   0.000000000000E+00   0.139062500000E+03  -0.197610503638E-09   0.000000000000E+00
   28.   0.559375000000E+03  -0.702209972175E-10   0.000000000000E+00   0.140625000000E+03  -0.992932433047E-10   0.000000000000E+00
   29.   0.557812500000E+03  -0.140446065329E-09   0.000000000000E+00   0.142187500000E+03  -0.199735904226E-09   0.000000000000E+00
   30.   0.556250000000E+03  -0.701093028582E-10   0.000000000000E+00   0.143750000000E+03  -0.100330963677E-09   0.000000000000E+00
   31.   0.554687500000E+03  -0.140222498338E-09   0.000000000000E+00   0.145312500000E+03  -0.201759951233E-09   0.000000000000E+00
   32.   0.553125000000E+03  -0.699969588510E-10   0.000000000000E+00   0.146875000000E+03  -0.101318132865E-09   0.000000000000E+00
   33.   0.551562500000E+03  -0.139997782399E-09   0.000000000000E+00   0.148437500000E+03  -0.203682989248E-09   0.000000000000E+00
   34.   0.550000000000E+03  -0.698841105789E-10   0.000000000000E+00   0.150000000000E+03  -0.102254855379E-09   0.000000000000E+00
   35.   0.548437500000E+03  -0.139772253480E-09   0.000000000000E+00   0.151562500000E+03  -0.205505151085E-09   0.000000000000E+00
   36.   0.546875000000E+03  -0.697709488615E-10   0.000000000000E+00   0.153125000000E+03  -0.103141161017E-09   0.000000000000E+00
   37.   0.545312500000E+03  -0.139546328007E-09   0.000000000000E+00   0.154687500000E+03  -0.207226458053E-09   0.000000000000E+00
   38.   0.543750000000E+03  -0.696576979676E-10   0.000000000000E+00   0.156250000000E+03  -0.103977042908E-09   0.000000000000E+00
   39.   0.542187500000E+03  -0.139320482082E-09   0.000000000000E+00   0.157812500000E+03  -0.208846879811E-09   0.000000000000E+00
   40.   0.540625000000E+03  -0.695446089837E-10   0.000000000000E+00   0.159375000000E+03  -0.104762480428E-09   0.000000000000E+00
   41.   0.539062500000E+03  -0.139095237271E-09   0.000000000000E+00   0.160937500000E+03  -0.210366377551E-09   0.000000000000E+00
   42.   0.537500000000E+03  -0.694319527521E-10   0.000000000000E+00   0.162500000000E+03  -0.105497458311E-09   0.000000000000E+00
   43.   0.535937500000E+03  -0.138871153515E-09   0.000000000000E+00   0.164062500000E+03  -0.211784933888E-09   0.000000000000E+00
   44.   0.534375000000E+03  -0.693200174419E-10   0.000000000000E+00   0.165625000000E+03  -0.106181973898E-09   0.000000000000E+00
   45.   0.532812500000E+03  -0.138648824456E-09   0.000000000000E+00   0.167187500000E+03  -0.213102567784E-09   0.000000000000E+00
   46.   0.531250000000E+03  -0.692091084358E-10   0.000000000000E+00   0.168750000000E+03  -0.106816052662E-09   0.000000000000E+00
   47.   0.529687500000E+03  -0.138428873506E-09   0.000000000000E+00   0.170312500000E+03  -0.214319352380E-09   0.000000000000E+00
   48.   0.528125000000E+03  -0.690995424388E-10   0.000000000000E+00   0.171875000000E+03  -0.107399743637E-09   0.000000000000E+00
   49.   0.526562500000E+03  -0.138211951472E-09   0.000000000000E+00   0.173437500000E+03  -0.215435418522E-09   0.000000000000E+00
   50.   0.525000000000E+03  -0.689916524329E-10   0.000000000000E+00   0.175000000000E+03  -0.107933129593E-09   0.000000000000E+00
   51.   0.523437500000E+03  -0.137998734587E-09   0.000000000000E+00   0.176562500000E+03  -0.216450963668E-09   0.000000000000E+00
   52.   0.521875000000E+03  -0.688857824982E-10   0.000000000000E+00   0.178125000000E+03  -0.108416326685E-09   0.000000000000E+00
   53.   0.520312500000E+03  -0.137789924984E-09   0.000000000000E+00   0.179687500000E+03  -0.217366256475E-09   0.000000000000E+00
   54.   0.518750000000E+03  -0.687822899166E-10   0.000000000000E+00   0.181250000000E+03  -0.108849488591E-09   0.000000000000E+00
   55.   0.517187500000E+03  -0.137586247204E-09   0.000000000000E+00   0.182812500000E+03  -0.218181638881E-09   0.000000000000E+00
   56.   0.515625000000E+03  -0.686815398015E-10   0.000000000000E+00   0.184375000000E+03  -0.109232805201E-09   0.000000000000E+00
   57.   0.514062500000E+03  -0.137388448598E-09   0.000000000000E+00   0.185937500000E+03  -0.218897530592E-09   0.000000000000E+00
   58.   0.512500000000E+03  -0.685839148400E-10   0.000000000000E+00   0.187500000000E+03  -0.109566505107E-09   0.000000000000E+00
   59.   0.510937500000E+03  -0.137197299273E-09   0.000000000000E+00   0.189062500000E+03  -0.219514430519E-09   0.000000000000E+00
   60.   0.509375000000E+03  -0.684898021902E-10   0.000000000000E+00   0.190625000000E+03  -0.109850860683E-09   0.000000000000E+00
   61.   0.507812500000E+03  -0.137013589800E-09   0.000000000000E+00   0.192187500000E+03  -0.220032919388E-09   0.000000000000E+00
   62.   0.506250000000E+03  -0.683996032177E-10   0.000000000000E+00   0.193750000000E+03  -0.110086180301E-09   0.000000000000E+00
   63.   0.504687500000E+03  -0.136838131846E-09   0.000000000000E+00   0.195312500000E+03  -0.220453660130E-09   0.000000000000E+00
   64.   0.503125000000E+03  -0.683137275390E-10   0.000000000000E+00   0.196875000000E+03  -0.110272819338E-09   0.000000000000E+00
   65.   0.501562500000E+03  -0.136671756965E-09   0.000000000000E+00   0.198437500000E+03  -0.220777401805E-09   0.000000000000E+00
   66.   0.500000000000E+03  -0.682325960977E-10   0.000000000000E+00   0.200000000000E+03  -0.110411173097E-09   0.000000000000E+00
   67.   0.498437500000E+03  -0.136515316434E-09   0.000000000000E+00   0.201562500000E+03  -0.221004979417E-09   0.000000000000E+00
   68.   0.496875000000E+03  -0.681566387690E-10   0.000000000000E+00   0.203125000000E+03  -0.110501680973E-09   0.000000000000E+00
   69.   0.495312500000E+03  -0.136369680798E-09   0.000000000000E+00   0.204687500000E+03  -0.221137316468E-09   0.000000000000E+00
   70.   0.493750000000E+03  -0.680862955203E-10   0.000000000000E+00   0.206250000000E+03  -0.110544825138E-09   0.000000000000E+00
   71.   0.492187500000E+03  -0.136235738367E-09   0.000000000000E+00   0.207812500000E+03  -0.221175423690E-09   0.000000000000E+00
   72.   0.490625000000E+03  -0.680220138473E-10   0.000000000000E+00   0.209375000000E+03  -0.110541136610E-09   0.000000000000E+00
   73.   0.489062500000E+03  -0.136114395019E-09   0.000000000000E+00   0.210937500000E+03  -0.221120403873E-09   0.000000000000E+00
   74.   0.487500000000E+03  -0.679642502849E-10   0.000000000000E+00   0.212500000000E+03  -0.110491185678E-09   0.000000000000E+00
   75.   0.485937500000E+03  -0.136006573492E-09   0.000000000000E+00   0.214062500000E+03  -0.220973449777E-09   0.000000000000E+00
   76.   0.484375000000E+03  -0.679134709335E-10   0.000000000000E+00   0.215625000000E+03  -0.110395594893E-09   0.000000000000E+00
   77.   0.482812500000E+03  -0.135913212736E-09   0.000000000000E+00   0.217187500000E+03  -0.220735846477E-09   0.000000000000E+00
   78.   0.481250000000E+03  -0.678701476990E-10   0.000000000000E+00   0.218750000000E+03  -0.110255026540E-09   0.000000000000E+00
   79.   0.479687500000E+03  -0.135835267889E-09   0.000000000000E+00   0.220312500000E+03  -0.220408971486E-09   0.000000000000E+00
   80.   0.478125000000E+03  -0.678347625386E-10   0.000000000000E+00   0.221875000000E+03  -0.110070194086E-09   0.000000000000E+00
   81.   0.476562500000E+03  -0.135773707965E-09   0.000000000000E+00   0.223437500000E+03  -0.219994298698E-09   0.000000000000E+00
   82.   0.475000000000E+03  -0.678078014966E-10   0.000000000000E+00   0.225000000000E+03  -0.109841859128E-09   0.000000000000E+00
   83.   0.473437500000E+03  -0.135729515658E-09   0.000000000000E+00   0.226562500000E+03  -0.219493394037E-09   0.000000000000E+00
   84.   0.471875000000E+03  -0.677897601055E-10   0.000000000000E+00   0.228125000000E+03  -0.109570827515E-09   0.000000000000E+00
   85.   0.470312500000E+03  -0.135703687280E-09   0.000000000000E+00   0.229687500000E+03  -0.218907918944E-09   0.000000000000E+00
   86.   0.468750000000E+03  -0.677811379646E-10   0.000000000000E+00   0.231250000000E+03  -0.109257950837E-09   0.000000000000E+00
   87.   0.467187500000E+03  -0.135697229705E-09   0.000000000000E+00   0.232812500000E+03  -0.218239629196E-09   0.000000000000E+00
   88.   0.465625000000E+03  -0.677824413135E-10   0.000000000000E+00   0.234375000000E+03  -0.108904133383E-09   0.000000000000E+00
   89.   0.464062500000E+03  -0.135711159551E-09   0.000000000000E+00   0.235937500000E+03  -0.217490376360E-09   0.000000000000E+00
   90.   0.462500000000E+03  -0.677941797274E-10   0.000000000000E+00   0.237500000000E+03  -0.108510321912E-09   0.000000000000E+00
   91.   0.460937500000E+03  -0.135746499946E-09   0.000000000000E+00   0.239062500000E+03  -0.216662104940E-09   0.000000000000E+00
   92.   0.459375000000E+03  -0.678168662378E-10   0.000000000000E+00   0.240625000000E+03  -0.108077512926E-09   0.000000000000E+00
   93.   0.457812500000E+03  -0.135804277537E-09   0.000000000000E+00   0.242187500000E+03  -0.215756852023E-09   0.000000000000E+00
   94.   0.456250000000E+03  -0.678510119786E-10   0.000000000000E+00   0.243750000000E+03  -0.107606746455E-09   0.000000000000E+00
   95.   0.454687500000E+03  -0.135885517060E-09   0.000000000000E+00   0.245312500000E+03  -0.214776743862E-09   0.000000000000E+00
   96.   0.453125000000E+03  -0.678971293176E-10   0.000000000000E+00   0.246875000000E+03  -0.107099106778E-09   0.000000000000E+00
   97.   0.451562500000E+03  -0.135991232666E-09   0.000000000000E+00   0.248437500000E+03  -0.213723989457E-09   0.000000000000E+00
   98.   0.450000000000E+03  -0.679557202261E-10   0.000000000000E+00   0.250000000000E+03  -0.106555718908E-09   0.000000000000E+00
   99.   0.448437500000E+03  -0.136122415396E-09   0.000000000000E+00   0.251562500000E+03  -0.212600870720E-09   0.000000000000E+00
  100.   0.446875000000E+03  -0.680272713360E-10   0.000000000000E+00   0.253125000000E+03  -0.105977738101E-09   0.000000000000E+00
  101.   0.445312500000E+03  -0.136280014075E-09   0.000000000000E+00   0.254687500000E+03  -0.211409729662E-09   0.000000000000E+00
  102.   0.443750000000E+03  -0.681122438935E-10   0.000000000000E+00   0.256250000000E+03  -0.105366348048E-09   0.000000000000E+00
  103.   0.442187500000E+03  -0.136464903760E-09   0.000000000000E+00   0.257812500000E+03  -0.210152942693E-09   0.000000000000E+00
  104.   0.440625000000E+03  -0.682110518797E-10   0.000000000000E+00   0.259375000000E+03  -0.104722742949E-09   0.000000000000E+00
  105.   0.439062500000E+03  -0.136677837225E-09   0.000000000000E+00   0.260937500000E+03  -0.208832880131E-09   0.000000000000E+00
  106.   0.437500000000E+03  -0.683240325447E-10   0.000000000000E+00   0.262500000000E+03  -0.104048096305E-09   0.000000000000E+00
  107.   0.435937500000E+03  -0.136919367040E-09   0.000000000000E+00   0.264062500000E+03  -0.207451841105E-09   0.000000000000E+00
  108.   0.434375000000E+03  -0.684513995757E-10   0.000000000000E+00   0.265625000000E+03  -0.103343532011E-09   0.000000000000E+00
  109.   0.432812500000E+03  -0.137189725090E-09   0.000000000000E+00   0.267187500000E+03  -0.206011953015E-09   0.000000000000E+00
  110.   0.431250000000E+03  -0.685931702778E-10   0.000000000000E+00   0.268750000000E+03  -0.102610053992E-09   0.000000000000E+00
  111.   0.429687500000E+03  -0.137488626891E-09   0.000000000000E+00   0.270312500000E+03  -0.204515004194E-09   0.000000000000E+00
  112.   0.428125000000E+03  -0.687490441438E-10   0.000000000000E+00   0.271875000000E+03  -0.101848445576E-09   0.000000000000E+00
  113.   0.426562500000E+03  -0.137814963662E-09   0.000000000000E+00   0.273437500000E+03  -0.202962177252E-09   0.000000000000E+00
  114.   0.425000000000E+03  -0.689182127438E-10   0.000000000000E+00   0.275000000000E+03  -0.101059105296E-09   0.000000000000E+00
  115.   0.423437500000E+03  -0.138166314218E-09   0.000000000000E+00   0.276562500000E+03  -0.201353624991E-09   0.000000000000E+00
  116.   0.421875000000E+03  -0.690990654832E-10   0.000000000000E+00   0.278125000000E+03  -0.100241788566E-09   0.000000000000E+00
  117.   0.420312500000E+03  -0.138538172810E-09   0.000000000000E+00   0.279687500000E+03  -0.199687789903E-09   0.000000000000E+00
  118.   0.418750000000E+03  -0.692887121471E-10   0.000000000000E+00   0.281250000000E+03  -0.993951866530E-10   0.000000000000E+00
  119.   0.417187500000E+03  -0.138922719066E-09   0.000000000000E+00   0.282812500000E+03  -0.197960309243E-09   0.000000000000E+00
  120.   0.415625000000E+03  -0.694822293670E-10   0.000000000000E+00   0.284375000000E+03  -0.985162517518E-10   0.000000000000E+00
  121.   0.414062500000E+03  -0.139306848858E-09   0.000000000000E+00   0.285937500000E+03  -0.196162249913E-09   0.000000000000E+00
  122.   0.412500000000E+03  -0.696714505464E-10   0.000000000000E+00   0.287500000000E+03  -0.975991106144E-10   0.000000000000E+00
  123.   0.410937500000E+03  -0.139669006010E-09   0.000000000000E+00   0.289062500000E+03  -0.194277243526E-09   0.000000000000E+00
  124.   0.409375000000E+03  -0.698430067306E-10   0.000000000000E+00   0.290625000000E+03  -0.966332840865E-10   0.000000000000E+00
  125.   0.407812500000E+03  -0.139974112078E-09   0.000000000000E+00   0.292187500000E+03  -0.192276857532E-09   0.000000000000E+00
  126.   0.406250000000E+03  -0.699752067696E-10   0.000000000000E+00   0.293750000000E+03  -0.956008366695E-10   0.000000000000E+00
  127.   0.404687500000E+03  -0.140165586485E-09   0.000000000000E+00   0.295312500000E+03  -0.190113239507E-09   0.000000000000E+00
  128.   0.403125000000E+03  -0.700331780932E-10   0.000000000000E+00   0.296875000000E+03  -0.944718699837E-10   0.000000000000E+00
  129.   0.401562500000E+03  -0.140153084937E-09   0.000000000000E+00   0.298437500000E+03  -0.187707681483E-09   0.000000000000E+00
  130.   0.400000000000E+03  -0.699614936670E-10   0.000000000000E+00   0.300000000000E+03  -0.931976177887E-10   0.000000000000E+00
  131.   0.398437500000E+03  -0.139793912338E-09   0.000000000000E+00   0.301562500000E+03  -0.184933080718E-09   0.000000000000E+00
  132.   0.396875000000E+03  -0.696730894534E-10   0.000000000000E+00   0.303125000000E+03  -0.916999314724E-10   0.000000000000E+00
  133.   0.395312500000E+03  -0.138863887068E-09   0.000000000000E+00   0.304687500000E+03  -0.181586220352E-09   0.000000000000E+00
  134.   0.393750000000E+03  -0.690314562348E-10   0.000000000000E+00   0.306250000000E+03  -0.898542982464E-10   0.000000000000E+00
  135.   0.392187500000E+03  -0.137007890137E-09   0.000000000000E+00   0.307812500000E+03  -0.177340604253E-09   0.000000000000E+00
  136.   0.390625000000E+03  -0.678192083140E-10   0.000000000000E+00   0.309375000000E+03  -0.874598620207E-10   0.000000000000E+00
  137.   0.389062500000E+03  -0.133648690765E-09   0.000000000000E+00   0.310937500000E+03  -0.171659513545E-09   0.000000000000E+00
  138.   0.387500000000E+03  -0.656775317017E-10   0.000000000000E+00   0.312500000000E+03  -0.841817317104E-10   0.000000000000E+00
  139.   0.385937500000E+03  -0.127823645549E-09   0.000000000000E+00   0.314062500000E+03  -0.163639414324E-09   0.000000000000E+00
  140.   0.384375000000E+03  -0.620007376605E-10   0.000000000000E+00   0.315625000000E+03  -0.794496432663E-10   0.000000000000E+00
  141.   0.382812500000E+03  -0.117923862131E-09   0.000000000000E+00   0.317187500000E+03  -0.151756354801E-09   0.000000000000E+00
  142.   0.381250000000E+03  -0.557753959500E-10   0.000000000000E+00   0.318750000000E+03  -0.723004913281E-10   0.000000000000E+00
  143.   0.379687500000E+03  -0.101406281749E-09   0.000000000000E+00   0.320312500000E+03  -0.133574253416E-09   0.000000000000E+00
  144.   0.378125000000E+03  -0.454541919194E-10   0.000000000000E+00   0.321875000000E+03  -0.612450816730E-10   0.000000000000E+00
  145.   0.376562500000E+03  -0.746097260837E-10   0.000000000000E+00   0.323437500000E+03  -0.105534644034E-09   0.000000000000E+00
  146.   0.375000000000E+03  -0.289282400428E-10   0.000000000000E+00   0.325000000000E+03  -0.442183677969E-10   0.000000000000E+00
  147.   0.373437500000E+03  -0.330163916668E-10   0.000000000000E+00   0.326562500000E+03  -0.631531246107E-10   0.000000000000E+00
  148.   0.371875000000E+03  -0.389341303875E-11   0.000000000000E+00   0.328125000000E+03  -0.189027705742E-10   0.000000000000E+00
  149.   0.370312500000E+03   0.294009486304E-10   0.000000000000E+00   0.329687500000E+03  -0.363518896883E-12   0.000000000000E+00
  150.   0.368750000000E+03   0.329481583817E-10   0.000000000000E+00   0.331250000000E+03   0.180491141538E-10   0.000000000000E+00
  151.   0.367187500000E+03   0.123492701450E-09   0.000000000000E+00   0.332812500000E+03   0.937019766317E-10   0.000000000000E+00
  152.   0.365625000000E+03   0.894352773739E-10   0.000000000000E+00   0.334375000000E+03   0.744045384545E-10   0.000000000000E+00
  153.   0.364062500000E+03   0.283251752014E-09   0.000000000000E+00   0.335937500000E+03   0.252552068236E-09   0.000000000000E+00
  154.   0.362500000000E+03   0.189584068565E-09   0.000000000000E+00   0.337500000000E+03   0.173902949239E-09   0.000000000000E+00
  155.   0.360937500000E+03   0.581404514626E-09   0.000000000000E+00   0.339062500000E+03   0.548368235929E-09   0.000000000000E+00
  156.   0.359375000000E+03   0.392623450597E-09   0.000000000000E+00   0.340625000000E+03   0.375030520756E-09   0.000000000000E+00
  157.   0.357812500000E+03   0.120348244012E-08   0.000000000000E+00   0.342187500000E+03   0.116653702124E-08   0.000000000000E+00
  158.   0.356250000000E+03   0.759924926468E-09   0.000000000000E+00   0.343750000000E+03   0.741680341921E-09   0.000000000000E+00
  159.   0.354687500000E+03   0.246317300722E-08   0.000000000000E+00   0.345312500000E+03   0.242412042959E-08   0.000000000000E+00
  160.   0.353125000000E+03   0.175290376355E-08   0.000000000000E+00   0.346875000000E+03   0.173206807476E-08   0.000000000000E+00
  161.   0.351562500000E+03   0.552486987793E-08   0.000000000000E+00   0.348437500000E+03   0.550312511866E-08   0.000000000000E+00
  162.   0.350000000000E+03   0.996617790943E-08   0.000000000000E+00   0.350000000000E+03   0.996617790954E-08   0.000000000000E+00
  163.   0.348437500000E+03   0.550312511688E-08   0.000000000000E+00   0.351562500000E+03   0.552486987941E-08   0.000000000000E+00
  164.   0.346875000000E+03   0.173206807356E-08   0.000000000000E+00   0.353125000000E+03   0.175290376412E-08   0.000000000000E+00
  165.   0.345312500000E+03   0.242412042771E-08   0.000000000000E+00   0.354687500000E+03   0.246317300865E-08   0.000000000000E+00
  166.   0.343750000000E+03   0.741680341211E-09   0.000000000000E+00   0.356250000000E+03   0.759924927418E-09   0.000000000000E+00
  167.   0.342187500000E+03   0.116653702014E-08   0.000000000000E+00   0.357812500000E+03   0.120348244210E-08   0.000000000000E+00
  168.   0.340625000000E+03   0.375030520526E-09   0.000000000000E+00   0.359375000000E+03   0.392623451591E-09   0.000000000000E+00
  169.   0.339062500000E+03   0.548368234994E-09   0.000000000000E+00   0.360937500000E+03   0.581404516078E-09   0.000000000000E+00
  170.   0.337500000000E+03   0.173902948972E-09   0.000000000000E+00   0.362500000000E+03   0.189584068861E-09   0.000000000000E+00
  171.   0.335937500000E+03   0.252552067312E-09   0.000000000000E+00   0.364062500000E+03   0.283251753415E-09   0.000000000000E+00
  172.   0.334375000000E+03   0.744045382789E-10   0.000000000000E+00   0.365625000000E+03   0.894352783103E-10   0.000000000000E+00
  173.   0.332812500000E+03   0.937019757963E-10   0.000000000000E+00   0.367187500000E+03   0.123492703100E-09   0.000000000000E+00
  174.   0.331250000000E+03   0.180491142300E-10   0.000000000000E+00   0.368750000000E+03   0.329481593104E-10   0.000000000000E+00
  175.   0.329687500000E+03  -0.363519531430E-12   0.000000000000E+00   0.370312500000E+03   0.294009502721E-10   0.000000000000E+00
  176.   0.328125000000E+03  -0.189027715701E-10   0.000000000000E+00   0.371875000000E+03  -0.389341185717E-11   0.000000000000E+00
  177.   0.326562500000E+03  -0.631531251607E-10   0.000000000000E+00   0.373437500000E+03  -0.330163906488E-10   0.000000000000E+00
  178.   0.325000000000E+03  -0.442183681566E-10   0.000000000000E+00   0.375000000000E+03  -0.289282395219E-10   0.000000000000E+00
  179.   0.323437500000E+03  -0.105534644988E-09   0.000000000000E+00   0.376562500000E+03  -0.746097251306E-10   0.000000000000E+00
  180.   0.321875000000E+03  -0.612450825703E-10   0.000000000000E+00   0.378125000000E+03  -0.454541915264E-10   0.000000000000E+00
  181.   0.320312500000E+03  -0.133574255300E-09   0.000000000000E+00   0.379687500000E+03  -0.101406280749E-09   0.000000000000E+00
  182.   0.318750000000E+03  -0.723004928006E-10   0.000000000000E+00   0.381250000000E+03  -0.557753956594E-10   0.000000000000E+00
  183.   0.317187500000E+03  -0.151756357186E-09   0.000000000000E+00   0.382812500000E+03  -0.117923861051E-09   0.000000000000E+00
  184.   0.315625000000E+03  -0.794496433960E-10   0.000000000000E+00   0.384375000000E+03  -0.620007370534E-10   0.000000000000E+00
  185.   0.314062500000E+03  -0.163639416047E-09   0.000000000000E+00   0.385937500000E+03  -0.127823644507E-09   0.000000000000E+00
  186.   0.312500000000E+03  -0.841817325772E-10   0.000000000000E+00   0.387500000000E+03  -0.656775312895E-10   0.000000000000E+00
  187.   0.310937500000E+03  -0.171659515051E-09   0.000000000000E+00   0.389062500000E+03  -0.133648690344E-09   0.000000000000E+00
  188.   0.309375000000E+03  -0.874598620199E-10   0.000000000000E+00   0.390625000000E+03  -0.678192083738E-10   0.000000000000E+00
  189.   0.307812500000E+03  -0.177340605501E-09   0.000000000000E+00   0.392187500000E+03  -0.137007889297E-09   0.000000000000E+00
  190.   0.306250000000E+03  -0.898542988060E-10   0.000000000000E+00   0.393750000000E+03  -0.690314558828E-10   0.000000000000E+00
  191.   0.304687500000E+03  -0.181586221363E-09   0.000000000000E+00   0.395312500000E+03  -0.138863886200E-09   0.000000000000E+00
  192.   0.303125000000E+03  -0.916999320966E-10   0.000000000000E+00   0.396875000000E+03  -0.696730889978E-10   0.000000000000E+00
  193.   0.301562500000E+03  -0.184933081521E-09   0.000000000000E+00   0.398437500000E+03  -0.139793911534E-09   0.000000000000E+00
  194.   0.300000000000E+03  -0.931976186121E-10   0.000000000000E+00   0.400000000000E+03  -0.699614933950E-10   0.000000000000E+00
  195.   0.298437500000E+03  -0.187707682375E-09   0.000000000000E+00   0.401562500000E+03  -0.140153083975E-09   0.000000000000E+00
  196.   0.296875000000E+03  -0.944718707155E-10   0.000000000000E+00   0.403125000000E+03  -0.700331777062E-10   0.000000000000E+00
  197.   0.295312500000E+03  -0.190113239781E-09   0.000000000000E+00   0.404687500000E+03  -0.140165585798E-09   0.000000000000E+00
  198.   0.293750000000E+03  -0.956008365490E-10   0.000000000000E+00   0.406250000000E+03  -0.699752064587E-10   0.000000000000E+00
  199.   0.292187500000E+03  -0.192276857535E-09   0.000000000000E+00   0.407812500000E+03  -0.139974111776E-09   0.000000000000E+00
  200.   0.290625000000E+03  -0.966332842446E-10   0.000000000000E+00   0.409375000000E+03  -0.698430062812E-10   0.000000000000E+00
  201.   0.289062500000E+03  -0.194277243500E-09   0.000000000000E+00   0.410937500000E+03  -0.139669005288E-09   0.000000000000E+00
  202.   0.287500000000E+03  -0.975991110499E-10   0.000000000000E+00   0.412500000000E+03  -0.696714506844E-10   0.000000000000E+00
  203.   0.285937500000E+03  -0.196162250390E-09   0.000000000000E+00   0.414062500000E+03  -0.139306847936E-09   0.000000000000E+00
  204.   0.284375000000E+03  -0.985162521090E-10   0.000000000000E+00   0.415625000000E+03  -0.694822296850E-10   0.000000000000E+00
  205.   0.282812500000E+03  -0.197960309961E-09   0.000000000000E+00   0.417187500000E+03  -0.138922718378E-09   0.000000000000E+00
  206.   0.281250000000E+03  -0.993951873943E-10   0.000000000000E+00   0.418750000000E+03  -0.692887115251E-10   0.000000000000E+00
  207.   0.279687500000E+03  -0.199687790324E-09   0.000000000000E+00   0.420312500000E+03  -0.138538171777E-09   0.000000000000E+00
  208.   0.278125000000E+03  -0.100241789424E-09   0.000000000000E+00   0.421875000000E+03  -0.690990651188E-10   0.000000000000E+00
  209.   0.276562500000E+03  -0.201353625163E-09   0.000000000000E+00   0.423437500000E+03  -0.138166313095E-09   0.000000000000E+00
  210.   0.275000000000E+03  -0.101059106012E-09   0.000000000000E+00   0.425000000000E+03  -0.689182122211E-10   0.000000000000E+00
  211.   0.273437500000E+03  -0.202962177218E-09   0.000000000000E+00   0.426562500000E+03  -0.137814962780E-09   0.000000000000E+00
  212.   0.271875000000E+03  -0.101848445174E-09   0.000000000000E+00   0.428125000000E+03  -0.687490440739E-10   0.000000000000E+00
  213.   0.270312500000E+03  -0.204515004607E-09   0.000000000000E+00   0.429687500000E+03  -0.137488626530E-09   0.000000000000E+00
  214.   0.268750000000E+03  -0.102610054408E-09   0.000000000000E+00   0.431250000000E+03  -0.685931699998E-10   0.000000000000E+00
  215.   0.267187500000E+03  -0.206011954526E-09   0.000000000000E+00   0.432812500000E+03  -0.137189724724E-09   0.000000000000E+00
  216.   0.265625000000E+03  -0.103343532849E-09   0.000000000000E+00   0.434375000000E+03  -0.684513989884E-10   0.000000000000E+00
  217.   0.264062500000E+03  -0.207451842564E-09   0.000000000000E+00   0.435937500000E+03  -0.136919366427E-09   0.000000000000E+00
  218.   0.262500000000E+03  -0.104048097326E-09   0.000000000000E+00   0.437500000000E+03  -0.683240316176E-10   0.000000000000E+00
  219.   0.260937500000E+03  -0.208832881467E-09   0.000000000000E+00   0.439062500000E+03  -0.136677836462E-09   0.000000000000E+00
  220.   0.259375000000E+03  -0.104722743401E-09   0.000000000000E+00   0.440625000000E+03  -0.682110514807E-10   0.000000000000E+00
  221.   0.257812500000E+03  -0.210152944035E-09   0.000000000000E+00   0.442187500000E+03  -0.136464903122E-09   0.000000000000E+00
  222.   0.256250000000E+03  -0.105366349335E-09   0.000000000000E+00   0.443750000000E+03  -0.681122439931E-10   0.000000000000E+00
  223.   0.254687500000E+03  -0.211409730608E-09   0.000000000000E+00   0.445312500000E+03  -0.136280013578E-09   0.000000000000E+00
  224.   0.253125000000E+03  -0.105977738227E-09   0.000000000000E+00   0.446875000000E+03  -0.680272710216E-10   0.000000000000E+00
  225.   0.251562500000E+03  -0.212600871617E-09   0.000000000000E+00   0.448437500000E+03  -0.136122414680E-09   0.000000000000E+00
  226.   0.250000000000E+03  -0.106555718555E-09   0.000000000000E+00   0.450000000000E+03  -0.679557194850E-10   0.000000000000E+00
  227.   0.248437500000E+03  -0.213723990262E-09   0.000000000000E+00   0.451562500000E+03  -0.135991232050E-09   0.000000000000E+00
  228.   0.246875000000E+03  -0.107099107808E-09   0.000000000000E+00   0.453125000000E+03  -0.678971291647E-10   0.000000000000E+00
  229.   0.245312500000E+03  -0.214776745191E-09   0.000000000000E+00   0.454687500000E+03  -0.135885516701E-09   0.000000000000E+00
  230.   0.243750000000E+03  -0.107606746656E-09   0.000000000000E+00   0.456250000000E+03  -0.678510118627E-10   0.000000000000E+00
  231.   0.242187500000E+03  -0.215756853546E-09   0.000000000000E+00   0.457812500000E+03  -0.135804277047E-09   0.000000000000E+00
  232.   0.240625000000E+03  -0.108077513237E-09   0.000000000000E+00   0.459375000000E+03  -0.678168650926E-10   0.000000000000E+00
  233.   0.239062500000E+03  -0.216662106187E-09   0.000000000000E+00   0.460937500000E+03  -0.135746499236E-09   0.000000000000E+00
  234.   0.237500000000E+03  -0.108510322424E-09   0.000000000000E+00   0.462500000000E+03  -0.677941794013E-10   0.000000000000E+00
  235.   0.235937500000E+03  -0.217490377044E-09   0.000000000000E+00   0.464062500000E+03  -0.135711159000E-09   0.000000000000E+00
  236.   0.234375000000E+03  -0.108904133039E-09   0.000000000000E+00   0.465625000000E+03  -0.677824404500E-10   0.000000000000E+00
  237.   0.232812500000E+03  -0.218239629718E-09   0.000000000000E+00   0.467187500000E+03  -0.135697229138E-09   0.000000000000E+00
  238.   0.231250000000E+03  -0.109257951002E-09   0.000000000000E+00   0.468750000000E+03  -0.677811374783E-10   0.000000000000E+00
  239.   0.229687500000E+03  -0.218907919469E-09   0.000000000000E+00   0.470312500000E+03  -0.135703686511E-09   0.000000000000E+00
  240.   0.228125000000E+03  -0.109570826754E-09   0.000000000000E+00   0.471875000000E+03  -0.677897591843E-10   0.000000000000E+00
  241.   0.226562500000E+03  -0.219493394822E-09   0.000000000000E+00   0.473437500000E+03  -0.135729514809E-09   0.000000000000E+00
  242.   0.225000000000E+03  -0.109841859984E-09   0.000000000000E+00   0.475000000000E+03  -0.678078005039E-10   0.000000000000E+00
  243.   0.223437500000E+03  -0.219994299525E-09   0.000000000000E+00   0.476562500000E+03  -0.135773707049E-09   0.000000000000E+00
  244.   0.221875000000E+03  -0.110070195274E-09   0.000000000000E+00   0.478125000000E+03  -0.678347616863E-10   0.000000000000E+00
  245.   0.220312500000E+03  -0.220408972462E-09   0.000000000000E+00   0.479687500000E+03  -0.135835266952E-09   0.000000000000E+00
  246.   0.218750000000E+03  -0.110255026585E-09   0.000000000000E+00   0.481250000000E+03  -0.678701475140E-10   0.000000000000E+00
  247.   0.217187500000E+03  -0.220735846589E-09   0.000000000000E+00   0.482812500000E+03  -0.135913211878E-09   0.000000000000E+00
  248.   0.215625000000E+03  -0.110395594265E-09   0.000000000000E+00   0.484375000000E+03  -0.679134701413E-10   0.000000000000E+00
  249.   0.214062500000E+03  -0.220973450045E-09   0.000000000000E+00   0.485937500000E+03  -0.136006572381E-09   0.000000000000E+00
  250.   0.212500000000E+03  -0.110491185787E-09   0.000000000000E+00   0.487500000000E+03  -0.679642498778E-10   0.000000000000E+00
  251.   0.210937500000E+03  -0.221120404172E-09   0.000000000000E+00   0.489062500000E+03  -0.136114394036E-09   0.000000000000E+00
  252.   0.209375000000E+03  -0.110541136529E-09   0.000000000000E+00   0.490625000000E+03  -0.680220128274E-10   0.000000000000E+00
  253.   0.207812500000E+03  -0.221175424175E-09   0.000000000000E+00   0.492187500000E+03  -0.136235737537E-09   0.000000000000E+00
  254.   0.206250000000E+03  -0.110544825849E-09   0.000000000000E+00   0.493750000000E+03  -0.680862949966E-10   0.000000000000E+00
  255.   0.204687500000E+03  -0.221137317020E-09   0.000000000000E+00   0.495312500000E+03  -0.136369679984E-09   0.000000000000E+00
  256.   0.203125000000E+03  -0.110501680797E-09   0.000000000000E+00   0.496875000000E+03  -0.681566386790E-10   0.000000000000E+00
  257.   0.201562500000E+03  -0.221004980358E-09   0.000000000000E+00   0.498437500000E+03  -0.136515315812E-09   0.000000000000E+00
  258.   0.200000000000E+03  -0.110411173255E-09   0.000000000000E+00   0.500000000000E+03  -0.682325955854E-10   0.000000000000E+00
  259.   0.198437500000E+03  -0.220777402223E-09   0.000000000000E+00   0.501562500000E+03  -0.136671756086E-09   0.000000000000E+00
  260.   0.196875000000E+03  -0.110272819967E-09   0.000000000000E+00   0.503125000000E+03  -0.683137268405E-10   0.000000000000E+00
  261.   0.195312500000E+03  -0.220453660112E-09   0.000000000000E+00   0.504687500000E+03  -0.136838130895E-09   0.000000000000E+00
  262.   0.193750000000E+03  -0.110086180388E-09   0.000000000000E+00   0.506250000000E+03  -0.683996023525E-10   0.000000000000E+00
  263.   0.192187500000E+03  -0.220032919433E-09   0.000000000000E+00   0.507812500000E+03  -0.137013589304E-09   0.000000000000E+00
  264.   0.190625000000E+03  -0.109850860367E-09   0.000000000000E+00   0.509375000000E+03  -0.684898023154E-10   0.000000000000E+00
  265.   0.189062500000E+03  -0.219514430757E-09   0.000000000000E+00   0.510937500000E+03  -0.137197299091E-09   0.000000000000E+00
  266.   0.187500000000E+03  -0.109566505069E-09   0.000000000000E+00   0.512500000000E+03  -0.685839146077E-10   0.000000000000E+00
  267.   0.185937500000E+03  -0.218897530376E-09   0.000000000000E+00   0.514062500000E+03  -0.137388448644E-09   0.000000000000E+00
  268.   0.184375000000E+03  -0.109232804340E-09   0.000000000000E+00   0.515625000000E+03  -0.686815410698E-10   0.000000000000E+00
  269.   0.182812500000E+03  -0.218181639057E-09   0.000000000000E+00   0.517187500000E+03  -0.137586247220E-09   0.000000000000E+00
  270.   0.181250000000E+03  -0.108849488908E-09   0.000000000000E+00   0.518750000000E+03  -0.687822901761E-10   0.000000000000E+00
  271.   0.179687500000E+03  -0.217366257498E-09   0.000000000000E+00   0.520312500000E+03  -0.137789925258E-09   0.000000000000E+00
  272.   0.178125000000E+03  -0.108416327943E-09   0.000000000000E+00   0.521875000000E+03  -0.688857831781E-10   0.000000000000E+00
  273.   0.176562500000E+03  -0.216450965015E-09   0.000000000000E+00   0.523437500000E+03  -0.137998734606E-09   0.000000000000E+00
  274.   0.175000000000E+03  -0.107933129902E-09   0.000000000000E+00   0.525000000000E+03  -0.689916530362E-10   0.000000000000E+00
  275.   0.173437500000E+03  -0.215435419316E-09   0.000000000000E+00   0.526562500000E+03  -0.138211950884E-09   0.000000000000E+00
  276.   0.171875000000E+03  -0.107399744033E-09   0.000000000000E+00   0.528125000000E+03  -0.690995419564E-10   0.000000000000E+00
  277.   0.170312500000E+03  -0.214319352965E-09   0.000000000000E+00   0.529687500000E+03  -0.138428872538E-09   0.000000000000E+00
  278.   0.168750000000E+03  -0.106816053672E-09   0.000000000000E+00   0.531250000000E+03  -0.692091077609E-10   0.000000000000E+00
  279.   0.167187500000E+03  -0.213102567879E-09   0.000000000000E+00   0.532812500000E+03  -0.138648823539E-09   0.000000000000E+00
  280.   0.165625000000E+03  -0.106181974176E-09   0.000000000000E+00   0.534375000000E+03  -0.693200168206E-10   0.000000000000E+00
  281.   0.164062500000E+03  -0.211784933192E-09   0.000000000000E+00   0.535937500000E+03  -0.138871152670E-09   0.000000000000E+00
  282.   0.162500000000E+03  -0.105497457796E-09   0.000000000000E+00   0.537500000000E+03  -0.694319520538E-10   0.000000000000E+00
  283.   0.160937500000E+03  -0.210366376949E-09   0.000000000000E+00   0.539062500000E+03  -0.139095236473E-09   0.000000000000E+00
  284.   0.159375000000E+03  -0.104762479633E-09   0.000000000000E+00   0.540625000000E+03  -0.695446087496E-10   0.000000000000E+00
  285.   0.157812500000E+03  -0.208846878629E-09   0.000000000000E+00   0.542187500000E+03  -0.139320481969E-09   0.000000000000E+00
  286.   0.156250000000E+03  -0.103977042875E-09   0.000000000000E+00   0.543750000000E+03  -0.696576977991E-10   0.000000000000E+00
  287.   0.154687500000E+03  -0.207226457666E-09   0.000000000000E+00   0.545312500000E+03  -0.139546328389E-09   0.000000000000E+00
  288.   0.153125000000E+03  -0.103141160478E-09   0.000000000000E+00   0.546875000000E+03  -0.697709487363E-10   0.000000000000E+00
  289.   0.151562500000E+03  -0.205505151157E-09   0.000000000000E+00   0.548437500000E+03  -0.139772253560E-09   0.000000000000E+00
  290.   0.150000000000E+03  -0.102254855422E-09   0.000000000000E+00   0.550000000000E+03  -0.698841106164E-10   0.000000000000E+00
  291.   0.148437500000E+03  -0.203682988903E-09   0.000000000000E+00   0.551562500000E+03  -0.139997781984E-09   0.000000000000E+00
  292.   0.146875000000E+03  -0.101318132895E-09   0.000000000000E+00   0.553125000000E+03  -0.699969592829E-10   0.000000000000E+00
  293.   0.145312500000E+03  -0.201759951039E-09   0.000000000000E+00   0.554687500000E+03  -0.140222498004E-09   0.000000000000E+00
  294.   0.143750000000E+03  -0.100330964031E-09   0.000000000000E+00   0.556250000000E+03  -0.701093025402E-10   0.000000000000E+00
  295.   0.142187500000E+03  -0.199735904732E-09   0.000000000000E+00   0.557812500000E+03  -0.140446065155E-09   0.000000000000E+00
  296.   0.140625000000E+03  -0.992932432422E-10   0.000000000000E+00   0.559375000000E+03  -0.702209967121E-10   0.000000000000E+00
  297.   0.139062500000E+03  -0.197610504508E-09   0.000000000000E+00   0.560937500000E+03  -0.140668261531E-09   0.000000000000E+00
  298.   0.137500000000E+03  -0.982047286956E-10   0.000000000000E+00   0.562500000000E+03  -0.703319656458E-10   0.000000000000E+00
  299.   0.135937500000E+03  -0.195383034697E-09   0.000000000000E+00   0.564062500000E+03  -0.140889029030E-09   0.000000000000E+00
  300.   0.134375000000E+03  -0.970649443604E-10   0.000000000000E+00   0.565625000000E+03  -0.704422280085E-10   0.000000000000E+00
  301.   0.132812500000E+03  -0.193052143796E-09   0.000000000000E+00   0.567187500000E+03  -0.141108539468E-09   0.000000000000E+00
  302.   0.131250000000E+03  -0.958730142066E-10   0.000000000000E+00   0.568750000000E+03  -0.705519371279E-10   0.000000000000E+00
  303.   0.129687500000E+03  -0.190615402943E-09   0.000000000000E+00   0.570312500000E+03  -0.141327276316E-09   0.000000000000E+00
  304.   0.128125000000E+03  -0.946273795149E-10   0.000000000000E+00   0.571875000000E+03  -0.706614178299E-10   0.000000000000E+00
  305.   0.126562500000E+03  -0.188068634590E-09   0.000000000000E+00   0.573437500000E+03  -0.141546176053E-09   0.000000000000E+00
  306.   0.125000000000E+03  -0.933254043936E-10   0.000000000000E+00   0.575000000000E+03  -0.707712673272E-10   0.000000000000E+00
  307.   0.123437500000E+03  -0.185405033863E-09   0.000000000000E+00   0.576562500000E+03  -0.141767005319E-09   0.000000000000E+00
  308.   0.121875000000E+03  -0.919628923421E-10   0.000000000000E+00   0.578125000000E+03  -0.708826291428E-10   0.000000000000E+00
  309.   0.120312500000E+03  -0.182614251123E-09   0.000000000000E+00   0.579687500000E+03  -0.141993363085E-09   0.000000000000E+00
  310.   0.118750000000E+03  -0.905337213707E-10   0.000000000000E+00   0.581250000000E+03  -0.709979720393E-10   0.000000000000E+00
  311.   0.117187500000E+03  -0.179681317475E-09   0.000000000000E+00   0.582812500000E+03  -0.142232694601E-09   0.000000000000E+00
  312.   0.115625000000E+03  -0.890291775948E-10   0.000000000000E+00   0.584375000000E+03  -0.711223767137E-10   0.000000000000E+00
  313.   0.114062500000E+03  -0.176583982761E-09   0.000000000000E+00   0.585937500000E+03  -0.142498787739E-09   0.000000000000E+00
  314.   0.112500000000E+03  -0.874361969866E-10   0.000000000000E+00   0.587500000000E+03  -0.712648948980E-10   0.000000000000E+00
  315.   0.110937500000E+03  -0.173283093086E-09   0.000000000000E+00   0.589062500000E+03  -0.142811625301E-09   0.000000000000E+00
  316.   0.109375000000E+03  -0.857286771280E-10   0.000000000000E+00   0.590625000000E+03  -0.714363892819E-10   0.000000000000E+00
  317.   0.107812500000E+03  -0.169701265446E-09   0.000000000000E+00   0.592187500000E+03  -0.143192059071E-09   0.000000000000E+00
  318.   0.106250000000E+03  -0.838572982649E-10   0.000000000000E+00   0.593750000000E+03  -0.716472743264E-10   0.000000000000E+00
  319.   0.104687500000E+03  -0.165674449830E-09   0.000000000000E+00   0.595312500000E+03  -0.143650278402E-09   0.000000000000E+00
  320.   0.103125000000E+03  -0.817049610789E-10   0.000000000000E+00   0.596875000000E+03  -0.718909901295E-10   0.000000000000E+00
  321.   0.101562500000E+03  -0.160896093842E-09   0.000000000000E+00   0.598437500000E+03  -0.144219695022E-09   0.000000000000E+00
