i  r_top  QtopRe  QtopIm  r_bot  QbotRe  QbotIm   [mm, mC]
    1.   0.600000000000E+03  -0.100978991396E-09   0.000000000000E+00   0.100000000000E+03  -0.296197065254E-09   0.000000000000E+00
    2.   0.100000000000E+03  -0.296197065065E-09   0.000000000000E+00   0.600000000000E+03  -0.100978991546E-09   0.000000000000E+00
    3.   0.596875000000E+03  -0.412666584841E-09   0.000000000000E+00   0.103125000000E+03  -0.123695758988E-08   0.000000000000E+00
    4.   0.593750000000E+03  -0.211063754871E-09   0.000000000000E+00   0.106250000000E+03  -0.643194654689E-09   0.000000000000E+00
    5.   0.590625000000E+03  -0.434057868468E-09   0.000000000000E+00   0.109375000000E+03  -0.130931179325E-08   0.000000000000E+00
    6.   0.587500000000E+03  -0.223075354399E-09   0.000000000000E+00   0.112500000000E+03  -0.667185929996E-09   0.000000000000E+00
    7.   0.584375000000E+03  -0.463231671457E-09   0.000000000000E+00   0.115625000000E+03  -0.136044543024E-08   0.000000000000E+00
    8.   0.581250000000E+03  -0.239795269789E-09   0.000000000000E+00   0.118750000000E+03  -0.692443304522E-09   0.000000000000E+00
    9.   0.578125000000E+03  -0.498088146865E-09   0.000000000000E+00   0.121875000000E+03  -0.140962702501E-08   0.000000000000E+00
   10.   0.575000000000E+03  -0.258039779938E-09   0.000000000000E+00   0.125000000000E+03  -0.716571697573E-09   0.000000000000E+00
   11.   0.571875000000E+03  -0.534870742566E-09   0.000000000000E+00   0.128125000000E+03  -0.145613769619E-08   0.000000000000E+00
   12.   0.568750000000E+03  -0.276631147270E-09   0.000000000000E+00   0.131250000000E+03  -0.739114870481E-09   0.000000000000E+00
   13.   0.565625000000E+03  -0.571946346993E-09   0.000000000000E+00   0.134375000000E+03  -0.149964951817E-08   0.000000000000E+00
   14.   0.562500000000E+03  -0.295138254822E-09   0.000000000000E+00   0.137500000000E+03  -0.760178469676E-09   0.000000000000E+00
   15.   0.559375000000E+03  -0.608707213979E-09   0.000000000000E+00   0.140625000000E+03  -0.154036672278E-08   0.000000000000E+00
   16.   0.556250000000E+03  -0.313394670258E-09   0.000000000000E+00   0.143750000000E+03  -0.779872506042E-09   0.000000000000E+00
   17.   0.553125000000E+03  -0.644900331137E-09   0.000000000000E+00   0.146875000000E+03  -0.157839841951E-08   0.000000000000E+00
   18.   0.550000000000E+03  -0.331327681983E-09   0.000000000000E+00   0.150000000000E+03  -0.798233867117E-09   0.000000000000E+00
   19.   0.546875000000E+03  -0.680421818364E-09   0.000000000000E+00   0.153125000000E+03  -0.161378715610E-08   0.000000000000E+00
   20.   0.543750000000E+03  -0.348908925675E-09   0.000000000000E+00   0.156250000000E+03  -0.815274651555E-09   0.000000000000E+00
   21.   0.540625000000E+03  -0.715232187757E-09   0.000000000000E+00   0.159375000000E+03  -0.164653941913E-08   0.000000000000E+00
   22.   0.537500000000E+03  -0.366129133644E-09   0.000000000000E+00   0.162500000000E+03  -0.830994449373E-09   0.000000000000E+00
   23.   0.534375000000E+03  -0.749321203477E-09   0.000000000000E+00   0.165625000000E+03  -0.167664850903E-08   0.000000000000E+00
   24.   0.531250000000E+03  -0.382988076420E-09   0.000000000000E+00   0.168750000000E+03  -0.845389179246E-09   0.000000000000E+00
   25.   0.528125000000E+03  -0.782692307706E-09   0.000000000000E+00   0.171875000000E+03  -0.170410452634E-08   0.000000000000E+00
   26.   0.525000000000E+03  -0.399489817455E-09   0.000000000000E+00   0.175000000000E+03  -0.858454408215E-09   0.000000000000E+00
   27.   0.521875000000E+03  -0.815355786781E-09   0.000000000000E+00   0.178125000000E+03  -0.172889925090E-08   0.000000000000E+00
   28.   0.518750000000E+03  -0.415640721078E-09   0.000000000000E+00   0.181250000000E+03  -0.870187086868E-09   0.000000000000E+00
   29.   0.515625000000E+03  -0.847325780365E-09   0.000000000000E+00   0.184375000000E+03  -0.175102853911E-08   0.000000000000E+00
   30.   0.512500000000E+03  -0.431448560978E-09   0.000000000000E+00   0.187500000000E+03  -0.880586482811E-09   0.000000000000E+00
   31.   0.509375000000E+03  -0.878618977969E-09   0.000000000000E+00   0.190625000000E+03  -0.177049359160E-08   0.000000000000E+00
   32.   0.506250000000E+03  -0.446922109400E-09   0.000000000000E+00   0.193750000000E+03  -0.889654658522E-09   0.000000000000E+00
   33.   0.503125000000E+03  -0.909254050323E-09   0.000000000000E+00   0.196875000000E+03  -0.178730170548E-08   0.000000000000E+00
   34.   0.500000000000E+03  -0.462070955842E-09   0.000000000000E+00   0.200000000000E+03  -0.897396754124E-09   0.000000000000E+00
   35.   0.496875000000E+03  -0.939251427055E-09   0.000000000000E+00   0.203125000000E+03  -0.180146676106E-08   0.000000000000E+00
   36.   0.493750000000E+03  -0.476905378338E-09   0.000000000000E+00   0.206250000000E+03  -0.903821189997E-09   0.000000000000E+00
   37.   0.490625000000E+03  -0.968633202550E-09   0.000000000000E+00   0.209375000000E+03  -0.181300959842E-08   0.000000000000E+00
   38.   0.487500000000E+03  -0.491436233990E-09   0.000000000000E+00   0.212500000000E+03  -0.908939735008E-09   0.000000000000E+00
   39.   0.484375000000E+03  -0.997423114855E-09   0.000000000000E+00   0.215625000000E+03  -0.182195832646E-08   0.000000000000E+00
   40.   0.481250000000E+03  -0.505674779000E-09   0.000000000000E+00   0.218750000000E+03  -0.912767550214E-09   0.000000000000E+00
   41.   0.478125000000E+03  -0.102564653347E-08   0.000000000000E+00   0.221875000000E+03  -0.182834858052E-08   0.000000000000E+00
   42.   0.475000000000E+03  -0.519632371266E-09   0.000000000000E+00   0.225000000000E+03  -0.915323066990E-09   0.000000000000E+00
   43.   0.471875000000E+03  -0.105333037505E-08   0.000000000000E+00   0.228125000000E+03  -0.183222370456E-08   0.000000000000E+00
   44.   0.468750000000E+03  -0.533319920546E-09   0.000000000000E+00   0.231250000000E+03  -0.916627632818E-09   0.000000000000E+00
   45.   0.465625000000E+03  -0.108050283986E-08   0.000000000000E+00   0.234375000000E+03  -0.183363477284E-08   0.000000000000E+00
   46.   0.462500000000E+03  -0.546746829604E-09   0.000000000000E+00   0.237500000000E+03  -0.916704802351E-09   0.000000000000E+00
   47.   0.459375000000E+03  -0.110719258207E-08   0.000000000000E+00   0.240625000000E+03  -0.183264017224E-08   0.000000000000E+00
   48.   0.456250000000E+03  -0.559918952011E-09   0.000000000000E+00   0.243750000000E+03  -0.915578763446E-09   0.000000000000E+00
   49.   0.453125000000E+03  -0.113342649073E-08   0.000000000000E+00   0.246875000000E+03  -0.182930408474E-08   0.000000000000E+00
   50.   0.450000000000E+03  -0.572834541800E-09   0.000000000000E+00   0.250000000000E+03  -0.913271046811E-09   0.000000000000E+00
   51.   0.446875000000E+03  -0.115922409833E-08   0.000000000000E+00   0.253125000000E+03  -0.182369220924E-08   0.000000000000E+00
   52.   0.443750000000E+03  -0.585476027485E-09   0.000000000000E+00   0.256250000000E+03  -0.909793766167E-09   0.000000000000E+00
   53.   0.440625000000E+03  -0.118458399604E-08   0.000000000000E+00   0.259375000000E+03  -0.181586086218E-08   0.000000000000E+00
   54.   0.437500000000E+03  -0.597793211548E-09   0.000000000000E+00   0.262500000000E+03  -0.905135384932E-09   0.000000000000E+00
   55.   0.434375000000E+03  -0.120945133629E-08   0.000000000000E+00   0.265625000000E+03  -0.180583006939E-08   0.000000000000E+00
   56.   0.431250000000E+03  -0.609667816129E-09   0.000000000000E+00   0.268750000000E+03  -0.899230290270E-09   0.000000000000E+00
   57.   0.428125000000E+03  -0.123364248349E-08   0.000000000000E+00   0.271875000000E+03  -0.179351951961E-08   0.000000000000E+00
   58.   0.425000000000E+03  -0.620839537713E-09   0.000000000000E+00   0.275000000000E+03  -0.891894131607E-09   0.000000000000E+00
   59.   0.421875000000E+03  -0.125666833179E-08   0.000000000000E+00   0.278125000000E+03  -0.177859528182E-08   0.000000000000E+00
   60.   0.418750000000E+03  -0.630744002723E-09   0.000000000000E+00   0.281250000000E+03  -0.882680113157E-09   0.000000000000E+00
   61.   0.415625000000E+03  -0.127733739986E-08   0.000000000000E+00   0.284375000000E+03  -0.176011767544E-08   0.000000000000E+00
   62.   0.412500000000E+03  -0.638175702587E-09   0.000000000000E+00   0.287500000000E+03  -0.870574138328E-09   0.000000000000E+00
   63.   0.409375000000E+03  -0.129282106293E-08   0.000000000000E+00   0.290625000000E+03  -0.173569825705E-08   0.000000000000E+00
   64.   0.406250000000E+03  -0.640509786597E-09   0.000000000000E+00   0.293750000000E+03  -0.853283239125E-09   0.000000000000E+00
   65.   0.403125000000E+03  -0.129663696902E-08   0.000000000000E+00   0.296875000000E+03  -0.169963741117E-08   0.000000000000E+00
   66.   0.400000000000E+03  -0.632158704232E-09   0.000000000000E+00   0.300000000000E+03  -0.825787262546E-09   0.000000000000E+00
   67.   0.396875000000E+03  -0.127370518342E-08   0.000000000000E+00   0.303125000000E+03  -0.163830710884E-08   0.000000000000E+00
   68.   0.393750000000E+03  -0.600624160452E-09   0.000000000000E+00   0.306250000000E+03  -0.776623167477E-09   0.000000000000E+00
   69.   0.390625000000E+03  -0.119052811730E-08   0.000000000000E+00   0.309375000000E+03  -0.152069622761E-08   0.000000000000E+00
   70.   0.387500000000E+03  -0.519829943593E-09   0.000000000000E+00   0.312500000000E+03  -0.681338658615E-09   0.000000000000E+00
   71.   0.384375000000E+03  -0.968087394817E-09   0.000000000000E+00   0.315625000000E+03  -0.127231372949E-08   0.000000000000E+00
   72.   0.381250000000E+03  -0.328173885401E-09   0.000000000000E+00   0.318750000000E+03  -0.481335150412E-09   0.000000000000E+00
   73.   0.378125000000E+03  -0.437662687352E-09   0.000000000000E+00   0.321875000000E+03  -0.730508070007E-09   0.000000000000E+00
   74.   0.375000000000E+03   0.935810710804E-10   0.000000000000E+00   0.325000000000E+03  -0.603029792830E-10   0.000000000000E+00
   75.   0.371875000000E+03   0.824218821793E-09   0.000000000000E+00   0.328125000000E+03   0.518217575437E-09   0.000000000000E+00
   76.   0.368750000000E+03   0.106702032023E-08   0.000000000000E+00   0.331250000000E+03   0.897597031717E-09   0.000000000000E+00
   77.   0.365625000000E+03   0.363634185708E-08   0.000000000000E+00   0.334375000000E+03   0.329494951968E-08   0.000000000000E+00
   78.   0.362500000000E+03   0.302460385607E-08   0.000000000000E+00   0.337500000000E+03   0.283785333724E-08   0.000000000000E+00
   79.   0.359375000000E+03   0.103032610800E-07   0.000000000000E+00   0.340625000000E+03   0.992387331683E-08   0.000000000000E+00
   80.   0.356250000000E+03   0.722332521123E-08   0.000000000000E+00   0.343750000000E+03   0.703939560997E-08   0.000000000000E+00
   81.   0.353125000000E+03   0.258988179903E-07   0.000000000000E+00   0.346875000000E+03   0.256694271641E-07   0.000000000000E+00
   82.   0.350000000000E+03   0.348524693062E-07   0.000000000000E+00   0.350000000000E+03   0.348524693056E-07   0.000000000000E+00
   83.   0.346875000000E+03   0.256694271671E-07   0.000000000000E+00   0.353125000000E+03   0.258988179917E-07   0.000000000000E+00
   84.   0.343750000000E+03   0.703939561085E-08   0.000000000000E+00   0.356250000000E+03   0.722332521462E-08   0.000000000000E+00
   85.   0.340625000000E+03   0.992387332149E-08   0.000000000000E+00   0.359375000000E+03   0.103032610824E-07   0.000000000000E+00
   86.   0.337500000000E+03   0.283785333422E-08   0.000000000000E+00   0.362500000000E+03   0.302460385419E-08   0.000000000000E+00
   87.   0.334375000000E+03   0.329494952074E-08   0.000000000000E+00   0.365625000000E+03   0.363634185899E-08   0.000000000000E+00
   88.   0.331250000000E+03   0.897597032199E-09   0.000000000000E+00   0.368750000000E+03   0.106702032078E-08   0.000000000000E+00
   89.   0.328125000000E+03   0.518217575105E-09   0.000000000000E+00   0.371875000000E+03   0.824218821881E-09   0.000000000000E+00
   90.   0.325000000000E+03  -0.603029808565E-10   0.000000000000E+00   0.375000000000E+03   0.935810680950E-10   0.000000000000E+00
   91.   0.321875000000E+03  -0.730508070099E-09   0.000000000000E+00   0.378125000000E+03  -0.437662688181E-09   0.000000000000E+00
   92.   0.318750000000E+03  -0.481335161290E-09   0.000000000000E+00   0.381250000000E+03  -0.328173882704E-09   0.000000000000E+00
   93.   0.315625000000E+03  -0.127231372819E-08   0.000000000000E+00   0.384375000000E+03  -0.968087394006E-09   0.000000000000E+00
   94.   0.312500000000E+03  -0.681338660535E-09   0.000000000000E+00   0.387500000000E+03  -0.519829944823E-09   0.000000000000E+00
   95.   0.309375000000E+03  -0.152069622501E-08   0.000000000000E+00   0.390625000000E+03  -0.119052811526E-08   0.000000000000E+00
   96.   0.306250000000E+03  -0.776623163734E-09   0.000000000000E+00   0.393750000000E+03  -0.600624159913E-09   0.000000000000E+00
   97.   0.303125000000E+03  -0.163830710598E-08   0.000000000000E+00   0.396875000000E+03  -0.127370518154E-08   0.000000000000E+00
   98.   0.300000000000E+03  -0.825787260252E-09   0.000000000000E+00   0.400000000000E+03  -0.632158705187E-09   0.000000000000E+00
   99.   0.296875000000E+03  -0.169963740994E-08   0.000000000000E+00   0.403125000000E+03  -0.129663696777E-08   0.000000000000E+00
  100.   0.293750000000E+03  -0.853283238240E-09   0.000000000000E+00   0.406250000000E+03  -0.640509785212E-09   0.000000000000E+00
  101.   0.290625000000E+03  -0.173569825722E-08   0.000000000000E+00   0.409375000000E+03  -0.129282106105E-08   0.000000000000E+00
  102.   0.287500000000E+03  -0.870574137526E-09   0.000000000000E+00   0.412500000000E+03  -0.638175702737E-09   0.000000000000E+00
  103.   0.284375000000E+03  -0.176011767636E-08   0.000000000000E+00   0.415625000000E+03  -0.127733739838E-08   0.000000000000E+00
  104.   0.281250000000E+03  -0.882680116047E-09   0.000000000000E+00   0.418750000000E+03  -0.630744002035E-09   0.000000000000E+00
  105.   0.278125000000E+03  -0.177859528266E-08   0.000000000000E+00   0.421875000000E+03  -0.125666833214E-08   0.000000000000E+00
  106.   0.275000000000E+03  -0.891894128865E-09   0.000000000000E+00   0.425000000000E+03  -0.620839537770E-09   0.000000000000E+00
  107.   0.271875000000E+03  -0.179351952348E-08   0.000000000000E+00   0.428125000000E+03  -0.123364248612E-08   0.000000000000E+00
  108.   0.268750000000E+03  -0.899230296105E-09   0.000000000000E+00   0.431250000000E+03  -0.609667820715E-09   0.000000000000E+00
  109.   0.265625000000E+03  -0.180583007371E-08   0.000000000000E+00   0.434375000000E+03  -0.120945133960E-08   0.000000000000E+00
  110.   0.262500000000E+03  -0.905135385843E-09   0.000000000000E+00   0.437500000000E+03  -0.597793213458E-09   0.000000000000E+00
  111.   0.259375000000E+03  -0.181586086475E-08   0.000000000000E+00   0.440625000000E+03  -0.118458399589E-08   0.000000000000E+00
  112.   0.256250000000E+03  -0.909793762278E-09   0.000000000000E+00   0.443750000000E+03  -0.585476027820E-09   0.000000000000E+00
  113.   0.253125000000E+03  -0.182369220817E-08   0.000000000000E+00   0.446875000000E+03  -0.115922409559E-08   0.000000000000E+00
  114.   0.250000000000E+03  -0.913271043597E-09   0.000000000000E+00   0.450000000000E+03  -0.572834539925E-09   0.000000000000E+00
  115.   0.246875000000E+03  -0.182930408480E-08   0.000000000000E+00   0.453125000000E+03  -0.113342648779E-08   0.000000000000E+00
  116.   0.243750000000E+03  -0.915578759942E-09   0.000000000000E+00   0.456250000000E+03  -0.559918951926E-09   0.000000000000E+00
  117.   0.240625000000E+03  -0.183264017208E-08   0.000000000000E+00   0.459375000000E+03  -0.110719258049E-08   0.000000000000E+00
  118.   0.237500000000E+03  -0.916704803345E-09   0.000000000000E+00   0.462500000000E+03  -0.546746831727E-09   0.000000000000E+00
  119.   0.234375000000E+03  -0.183363477072E-08   0.000000000000E+00   0.465625000000E+03  -0.108050283864E-08   0.000000000000E+00
  120.   0.231250000000E+03  -0.916627629126E-09   0.000000000000E+00   0.468750000000E+03  -0.533319922124E-09   0.000000000000E+00
  121.   0.228125000000E+03  -0.183222370355E-08   0.000000000000E+00   0.471875000000E+03  -0.105333037347E-08   0.000000000000E+00
  122.   0.225000000000E+03  -0.915323064705E-09   0.000000000000E+00   0.475000000000E+03  -0.519632374408E-09   0.000000000000E+00
  123.   0.221875000000E+03  -0.182834858007E-08   0.000000000000E+00   0.478125000000E+03  -0.102564653382E-08   0.000000000000E+00
  124.   0.218750000000E+03  -0.912767555997E-09   0.000000000000E+00   0.481250000000E+03  -0.505674779490E-09   0.000000000000E+00
  125.   0.215625000000E+03  -0.182195832779E-08   0.000000000000E+00   0.484375000000E+03  -0.997423117698E-09   0.000000000000E+00
  126.   0.212500000000E+03  -0.908939737297E-09   0.000000000000E+00   0.487500000000E+03  -0.491436235170E-09   0.000000000000E+00
  127.   0.209375000000E+03  -0.181300959901E-08   0.000000000000E+00   0.490625000000E+03  -0.968633204484E-09   0.000000000000E+00
  128.   0.206250000000E+03  -0.903821184092E-09   0.000000000000E+00   0.493750000000E+03  -0.476905380318E-09   0.000000000000E+00
  129.   0.203125000000E+03  -0.180146676152E-08   0.000000000000E+00   0.496875000000E+03  -0.939251429316E-09   0.000000000000E+00
  130.   0.200000000000E+03  -0.897396751871E-09   0.000000000000E+00   0.500000000000E+03  -0.462070955820E-09   0.000000000000E+00
  131.   0.196875000000E+03  -0.178730170696E-08   0.000000000000E+00   0.503125000000E+03  -0.909254051884E-09   0.000000000000E+00
  132.   0.193750000000E+03  -0.889654658430E-09   0.000000000000E+00   0.506250000000E+03  -0.446922109077E-09   0.000000000000E+00
  133.   0.190625000000E+03  -0.177049359385E-08   0.000000000000E+00   0.509375000000E+03  -0.878618978528E-09   0.000000000000E+00
  134.   0.187500000000E+03  -0.880586484235E-09   0.000000000000E+00   0.512500000000E+03  -0.431448562830E-09   0.000000000000E+00
  135.   0.184375000000E+03  -0.175102853996E-08   0.000000000000E+00   0.515625000000E+03  -0.847325781975E-09   0.000000000000E+00
  136.   0.181250000000E+03  -0.870187088467E-09   0.000000000000E+00   0.518750000000E+03  -0.415640721979E-09   0.000000000000E+00
  137.   0.178125000000E+03  -0.172889925205E-08   0.000000000000E+00   0.521875000000E+03  -0.815355787468E-09   0.000000000000E+00
  138.   0.175000000000E+03  -0.858454408671E-09   0.000000000000E+00   0.525000000000E+03  -0.399489817058E-09   0.000000000000E+00
  139.   0.171875000000E+03  -0.170410452560E-08   0.000000000000E+00   0.528125000000E+03  -0.782692307669E-09   0.000000000000E+00
  140.   0.168750000000E+03  -0.845389179958E-09   0.000000000000E+00   0.531250000000E+03  -0.382988074974E-09   0.000000000000E+00
  141.   0.165625000000E+03  -0.167664850744E-08   0.000000000000E+00   0.534375000000E+03  -0.749321203256E-09   0.000000000000E+00
  142.   0.162500000000E+03  -0.830994451227E-09   0.000000000000E+00   0.537500000000E+03  -0.366129132866E-09   0.000000000000E+00
  143.   0.159375000000E+03  -0.164653941913E-08   0.000000000000E+00   0.540625000000E+03  -0.715232187780E-09   0.000000000000E+00
  144.   0.156250000000E+03  -0.815274654265E-09   0.000000000000E+00   0.543750000000E+03  -0.348908925152E-09   0.000000000000E+00
  145.   0.153125000000E+03  -0.161378715631E-08   0.000000000000E+00   0.546875000000E+03  -0.680421819474E-09   0.000000000000E+00
  146.   0.150000000000E+03  -0.798233870242E-09   0.000000000000E+00   0.550000000000E+03  -0.331327681858E-09   0.000000000000E+00
  147.   0.146875000000E+03  -0.157839841774E-08   0.000000000000E+00   0.553125000000E+03  -0.644900331986E-09   0.000000000000E+00
  148.   0.143750000000E+03  -0.779872504487E-09   0.000000000000E+00   0.556250000000E+03  -0.313394672710E-09   0.000000000000E+00
  149.   0.140625000000E+03  -0.154036671966E-08   0.000000000000E+00   0.559375000000E+03  -0.608707213974E-09   0.000000000000E+00
  150.   0.137500000000E+03  -0.760178468784E-09   0.000000000000E+00   0.562500000000E+03  -0.295138254092E-09   0.000000000000E+00
  151.   0.134375000000E+03  -0.149964951799E-08   0.000000000000E+00   0.565625000000E+03  -0.571946346440E-09   0.000000000000E+00
  152.   0.131250000000E+03  -0.739114873903E-09   0.000000000000E+00   0.568750000000E+03  -0.276631148658E-09   0.000000000000E+00
  153.   0.128125000000E+03  -0.145613769610E-08   0.000000000000E+00   0.571875000000E+03  -0.534870742385E-09   0.000000000000E+00
  154.   0.125000000000E+03  -0.716571697807E-09   0.000000000000E+00   0.575000000000E+03  -0.258039779245E-09   0.000000000000E+00
  155.   0.121875000000E+03  -0.140962702493E-08   0.000000000000E+00   0.578125000000E+03  -0.498088146596E-09   0.000000000000E+00
  156.   0.118750000000E+03  -0.692443305770E-09   0.000000000000E+00   0.581250000000E+03  -0.239795268727E-09   0.000000000000E+00
  157.   0.115625000000E+03  -0.136044543220E-08   0.000000000000E+00   0.584375000000E+03  -0.463231670634E-09   0.000000000000E+00
  158.   0.112500000000E+03  -0.667185934302E-09   0.000000000000E+00   0.587500000000E+03  -0.223075354729E-09   0.000000000000E+00
  159.   0.109375000000E+03  -0.130931179502E-08   0.000000000000E+00   0.590625000000E+03  -0.434057867538E-09   0.000000000000E+00
  160.   0.106250000000E+03  -0.643194654787E-09   0.000000000000E+00   0.593750000000E+03  -0.211063754912E-09   0.000000000000E+00
  161.   0.103125000000E+03  -0.123695758910E-08   0.000000000000E+00   0.596875000000E+03  -0.412666584402E-09   0.000000000000E+00
