i  r_top  QtopRe  QtopIm  r_bot  QbotRe  QbotIm   [mm, mC]
    1.   0.600000000000E+03  -0.342142769043E-08   0.000000000000E+00   0.100000000000E+03   0.128924677599E-06   0.000000000000E+00
    2.   0.100000000000E+03  -0.128924678910E-06   0.000000000000E+00   0.600000000000E+03   0.342143014105E-08   0.000000000000E+00
    3.   0.598437500000E+03  -0.136500865952E-07   0.000000000000E+00   0.101562500000E+03   0.523756502280E-06   0.000000000000E+00
    4.   0.596875000000E+03  -0.680723121822E-08   0.000000000000E+00   0.103125000000E+03   0.265907147085E-06   0.000000000000E+00
    5.   0.595312500000E+03  -0.135788381329E-07   0.000000000000E+00   0.104687500000E+03   0.539872085951E-06   0.000000000000E+00
    6.   0.593750000000E+03  -0.677160691818E-08   0.000000000000E+00   0.106250000000E+03   0.273964938868E-06   0.000000000000E+00
    7.   0.592187500000E+03  -0.135075893904E-07   0.000000000000E+00   0.107812500000E+03   0.555987669393E-06   0.000000000000E+00
    8.   0.590625000000E+03  -0.673598247591E-08   0.000000000000E+00   0.109375000000E+03   0.282022730528E-06   0.000000000000E+00
    9.   0.589062500000E+03  -0.134363403634E-07   0.000000000000E+00   0.110937500000E+03   0.572103252588E-06   0.000000000000E+00
   10.   0.587500000000E+03  -0.670035789128E-08   0.000000000000E+00   0.112500000000E+03   0.290080522063E-06   0.000000000000E+00
   11.   0.585937500000E+03  -0.133650910528E-07   0.000000000000E+00   0.114062500000E+03   0.588218835532E-06   0.000000000000E+00
   12.   0.584375000000E+03  -0.666473316537E-08   0.000000000000E+00   0.115625000000E+03   0.298138313472E-06   0.000000000000E+00
   13.   0.582812500000E+03  -0.132938414609E-07   0.000000000000E+00   0.117187500000E+03   0.604334418225E-06   0.000000000000E+00
   14.   0.581250000000E+03  -0.662910829932E-08   0.000000000000E+00   0.118750000000E+03   0.306196104756E-06   0.000000000000E+00
   15.   0.579687500000E+03  -0.132225915894E-07   0.000000000000E+00   0.120312500000E+03   0.620450000662E-06   0.000000000000E+00
   16.   0.578125000000E+03  -0.659348329391E-08   0.000000000000E+00   0.121875000000E+03   0.314253895910E-06   0.000000000000E+00
   17.   0.576562500000E+03  -0.131513414396E-07   0.000000000000E+00   0.123437500000E+03   0.636565582838E-06   0.000000000000E+00
   18.   0.575000000000E+03  -0.655785814944E-08   0.000000000000E+00   0.125000000000E+03   0.322311686931E-06   0.000000000000E+00
   19.   0.573437500000E+03  -0.130800910117E-07   0.000000000000E+00   0.126562500000E+03   0.652681164743E-06   0.000000000000E+00
   20.   0.571875000000E+03  -0.652223286602E-08   0.000000000000E+00   0.128125000000E+03   0.330369477815E-06   0.000000000000E+00
   21.   0.570312500000E+03  -0.130088403059E-07   0.000000000000E+00   0.129687500000E+03   0.668796746367E-06   0.000000000000E+00
   22.   0.568750000000E+03  -0.648660744367E-08   0.000000000000E+00   0.131250000000E+03   0.338427268556E-06   0.000000000000E+00
   23.   0.567187500000E+03  -0.129375893223E-07   0.000000000000E+00   0.132812500000E+03   0.684912327700E-06   0.000000000000E+00
   24.   0.565625000000E+03  -0.645098188239E-08   0.000000000000E+00   0.134375000000E+03   0.346485059147E-06   0.000000000000E+00
   25.   0.564062500000E+03  -0.128663380609E-07   0.000000000000E+00   0.135937500000E+03   0.701027908729E-06   0.000000000000E+00
   26.   0.562500000000E+03  -0.641535618228E-08   0.000000000000E+00   0.137500000000E+03   0.354542849585E-06   0.000000000000E+00
   27.   0.560937500000E+03  -0.127950865220E-07   0.000000000000E+00   0.139062500000E+03   0.717143489444E-06   0.000000000000E+00
   28.   0.559375000000E+03  -0.637973034344E-08   0.000000000000E+00   0.140625000000E+03   0.362600639863E-06   0.000000000000E+00
   29.   0.557812500000E+03  -0.127238347057E-07   0.000000000000E+00   0.142187500000E+03   0.733259069832E-06   0.000000000000E+00
   30.   0.556250000000E+03  -0.634410436597E-08   0.000000000000E+00   0.143750000000E+03   0.370658429973E-06   0.000000000000E+00
   31.   0.554687500000E+03  -0.126525826123E-07   0.000000000000E+00   0.145312500000E+03   0.749374649880E-06   0.000000000000E+00
   32.   0.553125000000E+03  -0.630847825004E-08   0.000000000000E+00   0.146875000000E+03   0.378716219910E-06   0.000000000000E+00
   33.   0.551562500000E+03  -0.125813302421E-07   0.000000000000E+00   0.148437500000E+03   0.765490229570E-06   0.000000000000E+00
   34.   0.550000000000E+03  -0.627285199575E-08   0.000000000000E+00   0.150000000000E+03   0.386774009664E-06   0.000000000000E+00
   35.   0.548437500000E+03  -0.125100775953E-07   0.000000000000E+00   0.151562500000E+03   0.781605808881E-06   0.000000000000E+00
   36.   0.546875000000E+03  -0.623722560327E-08   0.000000000000E+00   0.153125000000E+03   0.394831799222E-06   0.000000000000E+00
   37.   0.545312500000E+03  -0.124388246723E-07   0.000000000000E+00   0.154687500000E+03   0.797721387784E-06   0.000000000000E+00
   38.   0.543750000000E+03  -0.620159907273E-08   0.000000000000E+00   0.156250000000E+03   0.402889588567E-06   0.000000000000E+00
   39.   0.542187500000E+03  -0.123675714733E-07   0.000000000000E+00   0.157812500000E+03   0.813836966236E-06   0.000000000000E+00
   40.   0.540625000000E+03  -0.616597240424E-08   0.000000000000E+00   0.159375000000E+03   0.410947377674E-06   0.000000000000E+00
   41.   0.539062500000E+03  -0.122963179985E-07   0.000000000000E+00   0.160937500000E+03   0.829952544176E-06   0.000000000000E+00
   42.   0.537500000000E+03  -0.613034559792E-08   0.000000000000E+00   0.162500000000E+03   0.419005166507E-06   0.000000000000E+00
   43.   0.535937500000E+03  -0.122250642481E-07   0.000000000000E+00   0.164062500000E+03   0.846068121508E-06   0.000000000000E+00
   44.   0.534375000000E+03  -0.609471865389E-08   0.000000000000E+00   0.165625000000E+03   0.427062955007E-06   0.000000000000E+00
   45.   0.532812500000E+03  -0.121538102224E-07   0.000000000000E+00   0.167187500000E+03   0.862183698083E-06   0.000000000000E+00
   46.   0.531250000000E+03  -0.605909157225E-08   0.000000000000E+00   0.168750000000E+03   0.435120743083E-06   0.000000000000E+00
   47.   0.529687500000E+03  -0.120825559217E-07   0.000000000000E+00   0.170312500000E+03   0.878299273669E-06   0.000000000000E+00
   48.   0.528125000000E+03  -0.602346435312E-08   0.000000000000E+00   0.171875000000E+03   0.443178530594E-06   0.000000000000E+00
   49.   0.526562500000E+03  -0.120113013460E-07   0.000000000000E+00   0.173437500000E+03   0.894414847896E-06   0.000000000000E+00
   50.   0.525000000000E+03  -0.598783699662E-08   0.000000000000E+00   0.175000000000E+03   0.451236317313E-06   0.000000000000E+00
   51.   0.523437500000E+03  -0.119400464957E-07   0.000000000000E+00   0.176562500000E+03   0.910530420180E-06   0.000000000000E+00
   52.   0.521875000000E+03  -0.595220950280E-08   0.000000000000E+00   0.178125000000E+03   0.459294102882E-06   0.000000000000E+00
   53.   0.520312500000E+03  -0.118687913709E-07   0.000000000000E+00   0.179687500000E+03   0.926645989592E-06   0.000000000000E+00
   54.   0.518750000000E+03  -0.591658187179E-08   0.000000000000E+00   0.181250000000E+03   0.467351886731E-06   0.000000000000E+00
   55.   0.517187500000E+03  -0.117975359718E-07   0.000000000000E+00   0.182812500000E+03   0.942761554653E-06   0.000000000000E+00
   56.   0.515625000000E+03  -0.588095410368E-08   0.000000000000E+00   0.184375000000E+03   0.475409667952E-06   0.000000000000E+00
   57.   0.514062500000E+03  -0.117262802985E-07   0.000000000000E+00   0.185937500000E+03   0.958877112993E-06   0.000000000000E+00
   58.   0.512500000000E+03  -0.584532619855E-08   0.000000000000E+00   0.187500000000E+03   0.483467445088E-06   0.000000000000E+00
   59.   0.510937500000E+03  -0.116550243513E-07   0.000000000000E+00   0.189062500000E+03   0.974992660808E-06   0.000000000000E+00
   60.   0.509375000000E+03  -0.580969815647E-08   0.000000000000E+00   0.190625000000E+03   0.491525215795E-06   0.000000000000E+00
   61.   0.507812500000E+03  -0.115837681303E-07   0.000000000000E+00   0.192187500000E+03   0.991108191959E-06   0.000000000000E+00
   62.   0.506250000000E+03  -0.577406997753E-08   0.000000000000E+00   0.193750000000E+03   0.499582976286E-06   0.000000000000E+00
   63.   0.504687500000E+03  -0.115125116356E-07   0.000000000000E+00   0.195312500000E+03   0.100722369651E-05   0.000000000000E+00
   64.   0.503125000000E+03  -0.573844166179E-08   0.000000000000E+00   0.196875000000E+03   0.507640720424E-06   0.000000000000E+00
   65.   0.501562500000E+03  -0.114412548674E-07   0.000000000000E+00   0.198437500000E+03   0.102333915836E-05   0.000000000000E+00
   66.   0.500000000000E+03  -0.570281320931E-08   0.000000000000E+00   0.200000000000E+03   0.515698438260E-06   0.000000000000E+00
   67.   0.498437500000E+03  -0.113699978258E-07   0.000000000000E+00   0.201562500000E+03   0.103945455144E-05   0.000000000000E+00
   68.   0.496875000000E+03  -0.566718462016E-08   0.000000000000E+00   0.203125000000E+03   0.523756113689E-06   0.000000000000E+00
   69.   0.495312500000E+03  -0.112987405108E-07   0.000000000000E+00   0.204687500000E+03   0.105556983362E-05   0.000000000000E+00
   70.   0.493750000000E+03  -0.563155589436E-08   0.000000000000E+00   0.206250000000E+03   0.531813720736E-06   0.000000000000E+00
   71.   0.492187500000E+03  -0.112274829226E-07   0.000000000000E+00   0.207812500000E+03   0.107168493719E-05   0.000000000000E+00
   72.   0.490625000000E+03  -0.559592703196E-08   0.000000000000E+00   0.209375000000E+03   0.539871217694E-06   0.000000000000E+00
   73.   0.489062500000E+03  -0.111562250613E-07   0.000000000000E+00   0.210937500000E+03   0.108779975371E-05   0.000000000000E+00
   74.   0.487500000000E+03  -0.556029803297E-08   0.000000000000E+00   0.212500000000E+03   0.547928537918E-06   0.000000000000E+00
   75.   0.485937500000E+03  -0.110849669267E-07   0.000000000000E+00   0.214062500000E+03   0.110391411027E-05   0.000000000000E+00
   76.   0.484375000000E+03  -0.552466889737E-08   0.000000000000E+00   0.215625000000E+03   0.555985575281E-06   0.000000000000E+00
   77.   0.482812500000E+03  -0.110137085188E-07   0.000000000000E+00   0.217187500000E+03   0.112002773171E-05   0.000000000000E+00
   78.   0.481250000000E+03  -0.548903962512E-08   0.000000000000E+00   0.218750000000E+03   0.564042161038E-06   0.000000000000E+00
   79.   0.479687500000E+03  -0.109424498375E-07   0.000000000000E+00   0.220312500000E+03   0.113614018016E-05   0.000000000000E+00
   80.   0.478125000000E+03  -0.545341021609E-08   0.000000000000E+00   0.221875000000E+03   0.572098026559E-06   0.000000000000E+00
   81.   0.476562500000E+03  -0.108711908825E-07   0.000000000000E+00   0.223437500000E+03   0.115225075687E-05   0.000000000000E+00
   82.   0.475000000000E+03  -0.541778067013E-08   0.000000000000E+00   0.225000000000E+03   0.580152742600E-06   0.000000000000E+00
   83.   0.473437500000E+03  -0.107999316533E-07   0.000000000000E+00   0.226562500000E+03   0.116835834140E-05   0.000000000000E+00
   84.   0.471875000000E+03  -0.538215098688E-08   0.000000000000E+00   0.228125000000E+03   0.588205619493E-06   0.000000000000E+00
   85.   0.470312500000E+03  -0.107286721490E-07   0.000000000000E+00   0.229687500000E+03   0.118446112715E-05   0.000000000000E+00
   86.   0.468750000000E+03  -0.534652116581E-08   0.000000000000E+00   0.231250000000E+03   0.596255542672E-06   0.000000000000E+00
   87.   0.467187500000E+03  -0.106574123681E-07   0.000000000000E+00   0.232812500000E+03   0.120055618665E-05   0.000000000000E+00
   88.   0.465625000000E+03  -0.531089120606E-08   0.000000000000E+00   0.234375000000E+03   0.604300702753E-06   0.000000000000E+00
   89.   0.464062500000E+03  -0.105861523085E-07   0.000000000000E+00   0.235937500000E+03   0.121663876271E-05   0.000000000000E+00
   90.   0.462500000000E+03  -0.527526110623E-08   0.000000000000E+00   0.237500000000E+03   0.612338156813E-06   0.000000000000E+00
   91.   0.460937500000E+03  -0.105148919665E-07   0.000000000000E+00   0.239062500000E+03   0.123270112584E-05   0.000000000000E+00
   92.   0.459375000000E+03  -0.523963086406E-08   0.000000000000E+00   0.240625000000E+03   0.620363124742E-06   0.000000000000E+00
   93.   0.457812500000E+03  -0.104436313362E-07   0.000000000000E+00   0.242187500000E+03   0.124873075728E-05   0.000000000000E+00
   94.   0.456250000000E+03  -0.520400047597E-08   0.000000000000E+00   0.243750000000E+03   0.628367876333E-06   0.000000000000E+00
   95.   0.454687500000E+03  -0.103723704083E-07   0.000000000000E+00   0.245312500000E+03   0.126470749451E-05   0.000000000000E+00
   96.   0.453125000000E+03  -0.516836993624E-08   0.000000000000E+00   0.246875000000E+03   0.636339991127E-06   0.000000000000E+00
   97.   0.451562500000E+03  -0.103011091680E-07   0.000000000000E+00   0.248437500000E+03   0.128059908298E-05   0.000000000000E+00
   98.   0.450000000000E+03  -0.513273923575E-08   0.000000000000E+00   0.250000000000E+03   0.644259653856E-06   0.000000000000E+00
   99.   0.448437500000E+03  -0.102298475917E-07   0.000000000000E+00   0.251562500000E+03   0.129635425698E-05   0.000000000000E+00
  100.   0.446875000000E+03  -0.509710836012E-08   0.000000000000E+00   0.253125000000E+03   0.652095447502E-06   0.000000000000E+00
  101.   0.445312500000E+03  -0.101585856423E-07   0.000000000000E+00   0.254687500000E+03   0.131189192869E-05   0.000000000000E+00
  102.   0.443750000000E+03  -0.506147728656E-08   0.000000000000E+00   0.256250000000E+03   0.659797763784E-06   0.000000000000E+00
  103.   0.442187500000E+03  -0.100873232609E-07   0.000000000000E+00   0.257812500000E+03   0.132708414990E-05   0.000000000000E+00
  104.   0.440625000000E+03  -0.502584597907E-08   0.000000000000E+00   0.259375000000E+03   0.667288379357E-06   0.000000000000E+00
  105.   0.439062500000E+03  -0.100160603544E-07   0.000000000000E+00   0.260937500000E+03   0.134172901020E-05   0.000000000000E+00
  106.   0.437500000000E+03  -0.499021438072E-08   0.000000000000E+00   0.262500000000E+03   0.674443820649E-06   0.000000000000E+00
  107.   0.435937500000E+03  -0.994479677565E-08   0.000000000000E+00   0.264062500000E+03   0.135550725217E-05   0.000000000000E+00
  108.   0.434375000000E+03  -0.495458240131E-08   0.000000000000E+00   0.265625000000E+03   0.681068685768E-06   0.000000000000E+00
  109.   0.432812500000E+03  -0.987353229062E-08   0.000000000000E+00   0.267187500000E+03   0.136791271080E-05   0.000000000000E+00
  110.   0.431250000000E+03  -0.491894989737E-08   0.000000000000E+00   0.268750000000E+03   0.686852869372E-06   0.000000000000E+00
  111.   0.429687500000E+03  -0.980226652646E-08   0.000000000000E+00   0.270312500000E+03   0.137814129847E-05   0.000000000000E+00
  112.   0.428125000000E+03  -0.488331663991E-08   0.000000000000E+00   0.271875000000E+03   0.691303359814E-06   0.000000000000E+00
  113.   0.426562500000E+03  -0.973099888714E-08   0.000000000000E+00   0.273437500000E+03   0.138491656864E-05   0.000000000000E+00
  114.   0.425000000000E+03  -0.484768226255E-08   0.000000000000E+00   0.275000000000E+03   0.693637512624E-06   0.000000000000E+00
  115.   0.423437500000E+03  -0.965972841842E-08   0.000000000000E+00   0.276562500000E+03   0.138622734512E-05   0.000000000000E+00
  116.   0.421875000000E+03  -0.481204617831E-08   0.000000000000E+00   0.278125000000E+03   0.692624548298E-06   0.000000000000E+00
  117.   0.420312500000E+03  -0.958845359225E-08   0.000000000000E+00   0.279687500000E+03   0.137897777064E-05   0.000000000000E+00
  118.   0.418750000000E+03  -0.477640744750E-08   0.000000000000E+00   0.281250000000E+03   0.686388265983E-06   0.000000000000E+00
  119.   0.417187500000E+03  -0.951717196639E-08   0.000000000000E+00   0.282812500000E+03   0.135866569376E-05   0.000000000000E+00
  120.   0.415625000000E+03  -0.474076456943E-08   0.000000000000E+00   0.284375000000E+03   0.672288167179E-06   0.000000000000E+00
  121.   0.414062500000E+03  -0.944587964998E-08   0.000000000000E+00   0.285937500000E+03   0.131942948716E-05   0.000000000000E+00
  122.   0.412500000000E+03  -0.470511515663E-08   0.000000000000E+00   0.287500000000E+03   0.647106253252E-06   0.000000000000E+00
  123.   0.410937500000E+03  -0.937457046860E-08   0.000000000000E+00   0.289062500000E+03   0.125486007417E-05   0.000000000000E+00
  124.   0.409375000000E+03  -0.466945542652E-08   0.000000000000E+00   0.290625000000E+03   0.607665203147E-06   0.000000000000E+00
  125.   0.407812500000E+03  -0.930323466040E-08   0.000000000000E+00   0.292187500000E+03   0.115970469557E-05   0.000000000000E+00
  126.   0.406250000000E+03  -0.463377940732E-08   0.000000000000E+00   0.293750000000E+03   0.551899462056E-06   0.000000000000E+00
  127.   0.404687500000E+03  -0.923185683106E-08   0.000000000000E+00   0.295312500000E+03   0.103245242379E-05   0.000000000000E+00
  128.   0.403125000000E+03  -0.459807769003E-08   0.000000000000E+00   0.296875000000E+03   0.480398809661E-06   0.000000000000E+00
  129.   0.401562500000E+03  -0.916041271937E-08   0.000000000000E+00   0.298437500000E+03   0.878231246303E-06   0.000000000000E+00
  130.   0.400000000000E+03  -0.456233544707E-08   0.000000000000E+00   0.300000000000E+03   0.397744483174E-06   0.000000000000E+00
  131.   0.398437500000E+03  -0.908886402831E-08   0.000000000000E+00   0.301562500000E+03   0.709817541347E-06   0.000000000000E+00
  132.   0.396875000000E+03  -0.452652925280E-08   0.000000000000E+00   0.303125000000E+03   0.312111094842E-06   0.000000000000E+00
  133.   0.395312500000E+03  -0.901715008630E-08   0.000000000000E+00   0.304687500000E+03   0.544499599825E-06   0.000000000000E+00
  134.   0.393750000000E+03  -0.449062193584E-08   0.000000000000E+00   0.306250000000E+03   0.232526176225E-06   0.000000000000E+00
  135.   0.392187500000E+03  -0.894517431438E-08   0.000000000000E+00   0.307812500000E+03   0.397904067472E-06   0.000000000000E+00
  136.   0.390625000000E+03  -0.445455420869E-08   0.000000000000E+00   0.309375000000E+03   0.165532902700E-06   0.000000000000E+00
  137.   0.389062500000E+03  -0.887278224827E-08   0.000000000000E+00   0.310937500000E+03   0.279088322393E-06   0.000000000000E+00
  138.   0.387500000000E+03  -0.441823107667E-08   0.000000000000E+00   0.312500000000E+03   0.113668816423E-06   0.000000000000E+00
  139.   0.385937500000E+03  -0.879972601189E-08   0.000000000000E+00   0.314062500000E+03   0.189781466356E-06   0.000000000000E+00
  140.   0.384375000000E+03  -0.438149991872E-08   0.000000000000E+00   0.315625000000E+03   0.761708336428E-07   0.000000000000E+00
  141.   0.382812500000E+03  -0.872560740628E-08   0.000000000000E+00   0.317187500000E+03   0.126672472972E-06   0.000000000000E+00
  142.   0.381250000000E+03  -0.434411551075E-08   0.000000000000E+00   0.318750000000E+03   0.505086846176E-07   0.000000000000E+00
  143.   0.379687500000E+03  -0.864978777581E-08   0.000000000000E+00   0.320312500000E+03   0.841727949957E-07   0.000000000000E+00
  144.   0.378125000000E+03  -0.430568488974E-08   0.000000000000E+00   0.321875000000E+03   0.336357387147E-07   0.000000000000E+00
  145.   0.376562500000E+03  -0.857124686203E-08   0.000000000000E+00   0.323437500000E+03   0.564644729274E-07   0.000000000000E+00
  146.   0.375000000000E+03  -0.426558139642E-08   0.000000000000E+00   0.325000000000E+03   0.227915704612E-07   0.000000000000E+00
  147.   0.373437500000E+03  -0.848836366040E-08   0.000000000000E+00   0.326562500000E+03   0.387056150849E-07   0.000000000000E+00
  148.   0.371875000000E+03  -0.422281163697E-08   0.000000000000E+00   0.328125000000E+03   0.158853079201E-07   0.000000000000E+00
  149.   0.370312500000E+03  -0.839857734420E-08   0.000000000000E+00   0.329687500000E+03   0.274032629434E-07   0.000000000000E+00
  150.   0.368750000000E+03  -0.417580980826E-08   0.000000000000E+00   0.331250000000E+03   0.114997964277E-07   0.000000000000E+00
  151.   0.367187500000E+03  -0.829786090047E-08   0.000000000000E+00   0.332812500000E+03   0.202302075501E-07   0.000000000000E+00
  152.   0.365625000000E+03  -0.412211779481E-08   0.000000000000E+00   0.334375000000E+03   0.871957978069E-08   0.000000000000E+00
  153.   0.364062500000E+03  -0.817989581694E-08   0.000000000000E+00   0.335937500000E+03   0.156874467698E-07   0.000000000000E+00
  154.   0.362500000000E+03  -0.405788125848E-08   0.000000000000E+00   0.337500000000E+03   0.696142423392E-08   0.000000000000E+00
  155.   0.360937500000E+03  -0.803475894785E-08   0.000000000000E+00   0.339062500000E+03   0.128201797213E-07   0.000000000000E+00
  156.   0.359375000000E+03  -0.397704301383E-08   0.000000000000E+00   0.340625000000E+03   0.585484482611E-08   0.000000000000E+00
  157.   0.357812500000E+03  -0.784680010718E-08   0.000000000000E+00   0.342187500000E+03   0.110215065150E-07   0.000000000000E+00
  158.   0.356250000000E+03  -0.387003114586E-08   0.000000000000E+00   0.343750000000E+03   0.516421484446E-08   0.000000000000E+00
  159.   0.354687500000E+03  -0.759116920825E-08   0.000000000000E+00   0.345312500000E+03   0.990503320228E-08   0.000000000000E+00
  160.   0.353125000000E+03  -0.372160341343E-08   0.000000000000E+00   0.346875000000E+03   0.473923759170E-08   0.000000000000E+00
  161.   0.351562500000E+03  -0.722809772137E-08   0.000000000000E+00   0.348437500000E+03   0.922403067052E-08   0.000000000000E+00
  162.   0.350000000000E+03  -0.350728904935E-08   0.000000000000E+00   0.350000000000E+03   0.448374383940E-08   0.000000000000E+00
  163.   0.348437500000E+03  -0.669350795647E-08   0.000000000000E+00   0.351562500000E+03   0.882052198848E-08   0.000000000000E+00
  164.   0.346875000000E+03  -0.318756189017E-08   0.000000000000E+00   0.353125000000E+03   0.433607079347E-08   0.000000000000E+00
  165.   0.345312500000E+03  -0.588371917365E-08   0.000000000000E+00   0.354687500000E+03   0.859323721356E-08   0.000000000000E+00
  166.   0.343750000000E+03  -0.269836367961E-08   0.000000000000E+00   0.356250000000E+03   0.425668907494E-08   0.000000000000E+00
  167.   0.342187500000E+03  -0.463099224743E-08   0.000000000000E+00   0.357812500000E+03   0.847734313629E-08   0.000000000000E+00
  168.   0.340625000000E+03  -0.193616374287E-08   0.000000000000E+00   0.359375000000E+03   0.422033598359E-08   0.000000000000E+00
  169.   0.339062500000E+03  -0.266474311581E-08   0.000000000000E+00   0.360937500000E+03   0.843150139182E-08   0.000000000000E+00
  170.   0.337500000000E+03  -0.734000915784E-09   0.000000000000E+00   0.362500000000E+03   0.421095817268E-08   0.000000000000E+00
  171.   0.335937500000E+03   0.448542413493E-09   0.000000000000E+00   0.364062500000E+03   0.842951770493E-08   0.000000000000E+00
  172.   0.334375000000E+03   0.117390348319E-08   0.000000000000E+00   0.365625000000E+03   0.421842816195E-08   0.000000000000E+00
  173.   0.332812500000E+03   0.540309880148E-08   0.000000000000E+00   0.367187500000E+03   0.845491231418E-08   0.000000000000E+00
  174.   0.331250000000E+03   0.421680890671E-08   0.000000000000E+00   0.368750000000E+03   0.423640311013E-08   0.000000000000E+00
  175.   0.329687500000E+03   0.133049266840E-07   0.000000000000E+00   0.370312500000E+03   0.849738491470E-08   0.000000000000E+00
  176.   0.328125000000E+03   0.906214270683E-08   0.000000000000E+00   0.371875000000E+03   0.426093290204E-08   0.000000000000E+00
  177.   0.326562500000E+03   0.259690037171E-07   0.000000000000E+00   0.373437500000E+03   0.855052642760E-08   0.000000000000E+00
  178.   0.325000000000E+03   0.168846726634E-07   0.000000000000E+00   0.375000000000E+03   0.428956437765E-08   0.000000000000E+00
  179.   0.323437500000E+03   0.463244945747E-07   0.000000000000E+00   0.376562500000E+03   0.861035479122E-08   0.000000000000E+00
  180.   0.321875000000E+03   0.292883670652E-07   0.000000000000E+00   0.378125000000E+03   0.432077302130E-08   0.000000000000E+00
  181.   0.320312500000E+03   0.797443431898E-07   0.000000000000E+00   0.379687500000E+03   0.867439135081E-08   0.000000000000E+00
  182.   0.318750000000E+03   0.506347731338E-07   0.000000000000E+00   0.381250000000E+03   0.435360779154E-08   0.000000000000E+00
  183.   0.317187500000E+03   0.134686498017E-06   0.000000000000E+00   0.382812500000E+03   0.874108626082E-08   0.000000000000E+00
  184.   0.315625000000E+03   0.821808368723E-07   0.000000000000E+00   0.384375000000E+03   0.438747191782E-08   0.000000000000E+00
  185.   0.314062500000E+03   0.232915806909E-06   0.000000000000E+00   0.385937500000E+03   0.880946470265E-08   0.000000000000E+00
  186.   0.312500000000E+03   0.156716901008E-06   0.000000000000E+00   0.387500000000E+03   0.442198859596E-08   0.000000000000E+00
  187.   0.310937500000E+03   0.400339241872E-06   0.000000000000E+00   0.389062500000E+03   0.887891006671E-08   0.000000000000E+00
  188.   0.309375000000E+03   0.211343799727E-06   0.000000000000E+00   0.390625000000E+03   0.445691873433E-08   0.000000000000E+00
  189.   0.307812500000E+03   0.792967572014E-06   0.000000000000E+00   0.392187500000E+03   0.894903078743E-08   0.000000000000E+00
  190.   0.306250000000E+03   0.730629951728E-06   0.000000000000E+00   0.393750000000E+03   0.449211024831E-08   0.000000000000E+00
  191.   0.304687500000E+03   0.147437335413E-05   0.000000000000E+00   0.395312500000E+03   0.901957787181E-08   0.000000000000E+00
  192.   0.303125000000E+03   0.185841584937E-05   0.000000000000E+00   0.396875000000E+03   0.452746643642E-08   0.000000000000E+00
  193.   0.301562500000E+03   0.104226906225E-04   0.000000000000E+00   0.398437500000E+03   0.909039319921E-08   0.000000000000E+00
  194.   0.300000000000E+03  -0.870848708019E-05   0.000000000000E+00   0.400000000000E+03   0.456292599142E-08   0.000000000000E+00
  195.   0.298437500000E+03  -0.594356346479E-05   0.000000000000E+00   0.401562500000E+03   0.916137670631E-08   0.000000000000E+00
  196.   0.296875000000E+03  -0.157642433690E-05   0.000000000000E+00   0.403125000000E+03   0.459845022221E-08   0.000000000000E+00
  197.   0.295312500000E+03  -0.292931433031E-05   0.000000000000E+00   0.404687500000E+03   0.923246536449E-08   0.000000000000E+00
  198.   0.293750000000E+03  -0.112725943652E-05   0.000000000000E+00   0.406250000000E+03   0.463401483313E-08   0.000000000000E+00
  199.   0.292187500000E+03  -0.214522130027E-05   0.000000000000E+00   0.407812500000E+03   0.930361965814E-08   0.000000000000E+00
  200.   0.290625000000E+03  -0.966992907581E-06   0.000000000000E+00   0.409375000000E+03   0.466960463372E-08   0.000000000000E+00
  201.   0.289062500000E+03  -0.183176990725E-05   0.000000000000E+00   0.410937500000E+03   0.937481490274E-08   0.000000000000E+00
  202.   0.287500000000E+03  -0.862974831176E-06   0.000000000000E+00   0.412500000000E+03   0.470521015137E-08   0.000000000000E+00
  203.   0.285937500000E+03  -0.167059965206E-05   0.000000000000E+00   0.414062500000E+03   0.944603570563E-08   0.000000000000E+00
  204.   0.284375000000E+03  -0.805929157294E-06   0.000000000000E+00   0.415625000000E+03   0.474082548151E-08   0.000000000000E+00
  205.   0.282812500000E+03  -0.157515671748E-05   0.000000000000E+00   0.417187500000E+03   0.951727246422E-08   0.000000000000E+00
  206.   0.281250000000E+03  -0.769037116603E-06   0.000000000000E+00   0.418750000000E+03   0.477644693688E-08   0.000000000000E+00
  207.   0.279687500000E+03  -0.151317457339E-05   0.000000000000E+00   0.420312500000E+03   0.958851917349E-08   0.000000000000E+00
  208.   0.278125000000E+03  -0.743984943790E-06   0.000000000000E+00   0.421875000000E+03   0.481207220683E-08   0.000000000000E+00
  209.   0.276562500000E+03  -0.146964462519E-05   0.000000000000E+00   0.423437500000E+03   0.965977206422E-08   0.000000000000E+00
  210.   0.275000000000E+03  -0.725603572643E-06   0.000000000000E+00   0.425000000000E+03   0.484769983722E-08   0.000000000000E+00
  211.   0.273437500000E+03  -0.143685538913E-05   0.000000000000E+00   0.426562500000E+03   0.973102876097E-08   0.000000000000E+00
  212.   0.271875000000E+03  -0.711219352002E-06   0.000000000000E+00   0.428125000000E+03   0.488332890949E-08   0.000000000000E+00
  213.   0.270312500000E+03  -0.141049992323E-05   0.000000000000E+00   0.429687500000E+03   0.980228776199E-08   0.000000000000E+00
  214.   0.268750000000E+03  -0.699262624011E-06   0.000000000000E+00   0.431250000000E+03   0.491895884195E-08   0.000000000000E+00
  215.   0.267187500000E+03  -0.138807273792E-05   0.000000000000E+00   0.432812500000E+03   0.987354811614E-08   0.000000000000E+00
  216.   0.265625000000E+03  -0.688799172188E-06   0.000000000000E+00   0.434375000000E+03   0.495458926606E-08   0.000000000000E+00
  217.   0.264062500000E+03  -0.136806414875E-05   0.000000000000E+00   0.435937500000E+03   0.994480922121E-08   0.000000000000E+00
  218.   0.262500000000E+03  -0.679258041468E-06   0.000000000000E+00   0.437500000000E+03   0.499021994859E-08   0.000000000000E+00
  219.   0.260937500000E+03  -0.134954843458E-05   0.000000000000E+00   0.439062500000E+03   0.100160706965E-07   0.000000000000E+00
  220.   0.259375000000E+03  -0.670285954779E-06   0.000000000000E+00   0.440625000000E+03   0.502585074243E-08   0.000000000000E+00
  221.   0.257812500000E+03  -0.133195289157E-05   0.000000000000E+00   0.442187500000E+03   0.100873323023E-07   0.000000000000E+00
  222.   0.256250000000E+03  -0.661664128501E-06   0.000000000000E+00   0.443750000000E+03   0.506148155501E-08   0.000000000000E+00
  223.   0.254687500000E+03  -0.131492334798E-05   0.000000000000E+00   0.445312500000E+03   0.101585938878E-07   0.000000000000E+00
  224.   0.253125000000E+03  -0.653257494264E-06   0.000000000000E+00   0.446875000000E+03   0.509711232835E-08   0.000000000000E+00
  225.   0.251562500000E+03  -0.129824168809E-05   0.000000000000E+00   0.448437500000E+03   0.102298553587E-07   0.000000000000E+00
  226.   0.250000000000E+03  -0.644983163058E-06   0.000000000000E+00   0.450000000000E+03   0.513274302619E-08   0.000000000000E+00
  227.   0.248437500000E+03  -0.128177419940E-05   0.000000000000E+00   0.451562500000E+03   0.103011166561E-07   0.000000000000E+00
  228.   0.246875000000E+03  -0.636790433342E-06   0.000000000000E+00   0.453125000000E+03   0.516837362589E-08   0.000000000000E+00
  229.   0.245312500000E+03  -0.126543907195E-05   0.000000000000E+00   0.454687500000E+03   0.103723777430E-07   0.000000000000E+00
  230.   0.243750000000E+03  -0.628648287839E-06   0.000000000000E+00   0.456250000000E+03   0.520400411327E-08   0.000000000000E+00
  231.   0.242187500000E+03  -0.124918616530E-05   0.000000000000E+00   0.457812500000E+03   0.104436385965E-07   0.000000000000E+00
  232.   0.240625000000E+03  -0.620537671137E-06   0.000000000000E+00   0.459375000000E+03   0.523963447947E-08   0.000000000000E+00
  233.   0.239062500000E+03  -0.123298459208E-05   0.000000000000E+00   0.460937500000E+03   0.105148992022E-07   0.000000000000E+00
  234.   0.237500000000E+03  -0.612446796341E-06   0.000000000000E+00   0.462500000000E+03   0.527526471895E-08   0.000000000000E+00
  235.   0.235937500000E+03  -0.121681519021E-05   0.000000000000E+00   0.464062500000E+03   0.105861595508E-07   0.000000000000E+00
  236.   0.234375000000E+03  -0.604368316081E-06   0.000000000000E+00   0.465625000000E+03   0.531089482817E-08   0.000000000000E+00
  237.   0.232812500000E+03  -0.120066598619E-05   0.000000000000E+00   0.467187500000E+03   0.106574196368E-07   0.000000000000E+00
  238.   0.231250000000E+03  -0.596297620079E-06   0.000000000000E+00   0.468750000000E+03   0.534652480493E-08   0.000000000000E+00
  239.   0.229687500000E+03  -0.118452945667E-05   0.000000000000E+00   0.470312500000E+03   0.107286794565E-07   0.000000000000E+00
  240.   0.228125000000E+03  -0.588231803852E-06   0.000000000000E+00   0.471875000000E+03   0.538215464782E-08   0.000000000000E+00
  241.   0.226562500000E+03  -0.116840086153E-05   0.000000000000E+00   0.473437500000E+03   0.107999390075E-07   0.000000000000E+00
  242.   0.225000000000E+03  -0.580169036194E-06   0.000000000000E+00   0.475000000000E+03   0.541778435595E-08   0.000000000000E+00
  243.   0.223437500000E+03  -0.115227721545E-05   0.000000000000E+00   0.476562500000E+03   0.108711982884E-07   0.000000000000E+00
  244.   0.221875000000E+03  -0.572108165297E-06   0.000000000000E+00   0.478125000000E+03   0.545341392873E-08   0.000000000000E+00
  245.   0.220312500000E+03  -0.113615664424E-05   0.000000000000E+00   0.479687500000E+03   0.109424572982E-07   0.000000000000E+00
  246.   0.218750000000E+03  -0.564048470044E-06   0.000000000000E+00   0.481250000000E+03   0.548904336582E-08   0.000000000000E+00
  247.   0.217187500000E+03  -0.112003797713E-05   0.000000000000E+00   0.482812500000E+03   0.110137160364E-07   0.000000000000E+00
  248.   0.215625000000E+03  -0.555989501531E-06   0.000000000000E+00   0.484375000000E+03   0.552467266695E-08   0.000000000000E+00
  249.   0.214062500000E+03  -0.110392048674E-05   0.000000000000E+00   0.485937500000E+03   0.110849745025E-07   0.000000000000E+00
  250.   0.212500000000E+03  -0.547930981815E-06   0.000000000000E+00   0.487500000000E+03   0.556030183193E-08   0.000000000000E+00
  251.   0.210937500000E+03  -0.108780372333E-05   0.000000000000E+00   0.489062500000E+03   0.111562326963E-07   0.000000000000E+00
  252.   0.209375000000E+03  -0.539872739475E-06   0.000000000000E+00   0.490625000000E+03   0.559593086067E-08   0.000000000000E+00
  253.   0.207812500000E+03  -0.107168740964E-05   0.000000000000E+00   0.492187500000E+03   0.112274906174E-07   0.000000000000E+00
  254.   0.206250000000E+03  -0.531814668950E-06   0.000000000000E+00   0.493750000000E+03   0.563155975308E-08   0.000000000000E+00
  255.   0.204687500000E+03  -0.105557137484E-05   0.000000000000E+00   0.495312500000E+03   0.112987482658E-07   0.000000000000E+00
  256.   0.203125000000E+03  -0.523756705165E-06   0.000000000000E+00   0.496875000000E+03   0.566718850906E-08   0.000000000000E+00
  257.   0.201562500000E+03  -0.103945551348E-05   0.000000000000E+00   0.498437500000E+03   0.113700056413E-07   0.000000000000E+00
  258.   0.200000000000E+03  -0.515698807869E-06   0.000000000000E+00   0.500000000000E+03   0.570281712852E-08   0.000000000000E+00
  259.   0.198437500000E+03  -0.102333976019E-05   0.000000000000E+00   0.501562500000E+03   0.114412627436E-07   0.000000000000E+00
  260.   0.196875000000E+03  -0.507640952050E-06   0.000000000000E+00   0.503125000000E+03   0.573844561142E-08   0.000000000000E+00
  261.   0.195312500000E+03  -0.100722407432E-05   0.000000000000E+00   0.504687500000E+03   0.115125195728E-07   0.000000000000E+00
  262.   0.193750000000E+03  -0.499583122098E-06   0.000000000000E+00   0.506250000000E+03   0.577407395768E-08   0.000000000000E+00
  263.   0.192187500000E+03  -0.991108430441E-06   0.000000000000E+00   0.507812500000E+03   0.115837761286E-07   0.000000000000E+00
  264.   0.190625000000E+03  -0.491525308231E-06   0.000000000000E+00   0.509375000000E+03   0.580970216723E-08   0.000000000000E+00
  265.   0.189062500000E+03  -0.974992812622E-06   0.000000000000E+00   0.510937500000E+03   0.116550324109E-07   0.000000000000E+00
  266.   0.187500000000E+03  -0.483467504318E-06   0.000000000000E+00   0.512500000000E+03   0.584533023996E-08   0.000000000000E+00
  267.   0.185937500000E+03  -0.958877210881E-06   0.000000000000E+00   0.514062500000E+03   0.117262884195E-07   0.000000000000E+00
  268.   0.184375000000E+03  -0.475409706515E-06   0.000000000000E+00   0.515625000000E+03   0.588095817583E-08   0.000000000000E+00
  269.   0.182812500000E+03  -0.942761618968E-06   0.000000000000E+00   0.517187500000E+03   0.117975441543E-07   0.000000000000E+00
  270.   0.181250000000E+03  -0.467351912421E-06   0.000000000000E+00   0.518750000000E+03   0.591658597474E-08   0.000000000000E+00
  271.   0.179687500000E+03  -0.926646032986E-06   0.000000000000E+00   0.520312500000E+03   0.118687996150E-07   0.000000000000E+00
  272.   0.178125000000E+03  -0.459294120544E-06   0.000000000000E+00   0.521875000000E+03   0.595221363662E-08   0.000000000000E+00
  273.   0.176562500000E+03  -0.910530450515E-06   0.000000000000E+00   0.523437500000E+03   0.119400548016E-07   0.000000000000E+00
  274.   0.175000000000E+03  -0.451236329957E-06   0.000000000000E+00   0.525000000000E+03   0.598784116134E-08   0.000000000000E+00
  275.   0.173437500000E+03  -0.894414870059E-06   0.000000000000E+00   0.526562500000E+03   0.120113097139E-07   0.000000000000E+00
  276.   0.171875000000E+03  -0.443178540092E-06   0.000000000000E+00   0.528125000000E+03   0.602346854886E-08   0.000000000000E+00
  277.   0.170312500000E+03  -0.878299290696E-06   0.000000000000E+00   0.529687500000E+03   0.120825643516E-07   0.000000000000E+00
  278.   0.168750000000E+03  -0.435120750597E-06   0.000000000000E+00   0.531250000000E+03   0.605909579904E-08   0.000000000000E+00
  279.   0.167187500000E+03  -0.862183711860E-06   0.000000000000E+00   0.532812500000E+03   0.121538187145E-07   0.000000000000E+00
  280.   0.165625000000E+03  -0.427062961258E-06   0.000000000000E+00   0.534375000000E+03   0.609472291177E-08   0.000000000000E+00
  281.   0.164062500000E+03  -0.846068133206E-06   0.000000000000E+00   0.535937500000E+03   0.122250728024E-07   0.000000000000E+00
  282.   0.162500000000E+03  -0.419005171944E-06   0.000000000000E+00   0.537500000000E+03   0.613034988699E-08   0.000000000000E+00
  283.   0.160937500000E+03  -0.829952554523E-06   0.000000000000E+00   0.539062500000E+03   0.122963266152E-07   0.000000000000E+00
  284.   0.159375000000E+03  -0.410947382576E-06   0.000000000000E+00   0.540625000000E+03   0.616597672455E-08   0.000000000000E+00
  285.   0.157812500000E+03  -0.813836975685E-06   0.000000000000E+00   0.542187500000E+03   0.123675801526E-07   0.000000000000E+00
  286.   0.156250000000E+03  -0.402889593106E-06   0.000000000000E+00   0.543750000000E+03   0.620160342434E-08   0.000000000000E+00
  287.   0.154687500000E+03  -0.797721396613E-06   0.000000000000E+00   0.545312500000E+03   0.124388334143E-07   0.000000000000E+00
  288.   0.153125000000E+03  -0.394831803505E-06   0.000000000000E+00   0.546875000000E+03   0.623722998623E-08   0.000000000000E+00
  289.   0.151562500000E+03  -0.781605817266E-06   0.000000000000E+00   0.548437500000E+03   0.125100864001E-07   0.000000000000E+00
  290.   0.150000000000E+03  -0.386774013758E-06   0.000000000000E+00   0.550000000000E+03   0.627285641012E-08   0.000000000000E+00
  291.   0.148437500000E+03  -0.765490237618E-06   0.000000000000E+00   0.551562500000E+03   0.125813391097E-07   0.000000000000E+00
  292.   0.146875000000E+03  -0.378716223857E-06   0.000000000000E+00   0.553125000000E+03   0.630848269586E-08   0.000000000000E+00
  293.   0.145312500000E+03  -0.749374657658E-06   0.000000000000E+00   0.554687500000E+03   0.126525915429E-07   0.000000000000E+00
  294.   0.143750000000E+03  -0.370658433798E-06   0.000000000000E+00   0.556250000000E+03   0.634410884331E-08   0.000000000000E+00
  295.   0.142187500000E+03  -0.733259077382E-06   0.000000000000E+00   0.557812500000E+03   0.127238436994E-07   0.000000000000E+00
  296.   0.140625000000E+03  -0.362600643581E-06   0.000000000000E+00   0.559375000000E+03   0.637973485235E-08   0.000000000000E+00
  297.   0.139062500000E+03  -0.717143496791E-06   0.000000000000E+00   0.560937500000E+03   0.127950955789E-07   0.000000000000E+00
  298.   0.137500000000E+03  -0.354542853208E-06   0.000000000000E+00   0.562500000000E+03   0.641536072282E-08   0.000000000000E+00
  299.   0.135937500000E+03  -0.701027915889E-06   0.000000000000E+00   0.564062500000E+03   0.128663471811E-07   0.000000000000E+00
  300.   0.134375000000E+03  -0.346485062680E-06   0.000000000000E+00   0.565625000000E+03   0.645098645460E-08   0.000000000000E+00
  301.   0.132812500000E+03  -0.684912334683E-06   0.000000000000E+00   0.567187500000E+03   0.129375985059E-07   0.000000000000E+00
  302.   0.131250000000E+03  -0.338427272001E-06   0.000000000000E+00   0.568750000000E+03   0.648661204759E-08   0.000000000000E+00
  303.   0.129687500000E+03  -0.668796753180E-06   0.000000000000E+00   0.570312500000E+03   0.130088495530E-07   0.000000000000E+00
  304.   0.128125000000E+03  -0.330369481176E-06   0.000000000000E+00   0.571875000000E+03   0.652223750168E-08   0.000000000000E+00
  305.   0.126562500000E+03  -0.652681171388E-06   0.000000000000E+00   0.573437500000E+03   0.130801003222E-07   0.000000000000E+00
  306.   0.125000000000E+03  -0.322311690210E-06   0.000000000000E+00   0.575000000000E+03   0.655786281681E-08   0.000000000000E+00
  307.   0.123437500000E+03  -0.636565589318E-06   0.000000000000E+00   0.576562500000E+03   0.131513508135E-07   0.000000000000E+00
  308.   0.121875000000E+03  -0.314253899106E-06   0.000000000000E+00   0.578125000000E+03   0.659348799293E-08   0.000000000000E+00
  309.   0.120312500000E+03  -0.620450006979E-06   0.000000000000E+00   0.579687500000E+03   0.132226010265E-07   0.000000000000E+00
  310.   0.118750000000E+03  -0.306196107870E-06   0.000000000000E+00   0.581250000000E+03   0.662911302992E-08   0.000000000000E+00
  311.   0.117187500000E+03  -0.604334424378E-06   0.000000000000E+00   0.582812500000E+03   0.132938509610E-07   0.000000000000E+00
  312.   0.115625000000E+03  -0.298138316506E-06   0.000000000000E+00   0.584375000000E+03   0.666473792744E-08   0.000000000000E+00
  313.   0.114062500000E+03  -0.588218841523E-06   0.000000000000E+00   0.585937500000E+03   0.133651006159E-07   0.000000000000E+00
  314.   0.112500000000E+03  -0.290080525015E-06   0.000000000000E+00   0.587500000000E+03   0.670036268485E-08   0.000000000000E+00
  315.   0.110937500000E+03  -0.572103258417E-06   0.000000000000E+00   0.589062500000E+03   0.134363499893E-07   0.000000000000E+00
  316.   0.109375000000E+03  -0.282022733400E-06   0.000000000000E+00   0.590625000000E+03   0.673598730081E-08   0.000000000000E+00
  317.   0.107812500000E+03  -0.555987675060E-06   0.000000000000E+00   0.592187500000E+03   0.135075990779E-07   0.000000000000E+00
  318.   0.106250000000E+03  -0.273964941659E-06   0.000000000000E+00   0.593750000000E+03   0.677161177355E-08   0.000000000000E+00
  319.   0.104687500000E+03  -0.539872091455E-06   0.000000000000E+00   0.595312500000E+03   0.135788478776E-07   0.000000000000E+00
  320.   0.103125000000E+03  -0.265907149793E-06   0.000000000000E+00   0.596875000000E+03   0.680723610008E-08   0.000000000000E+00
  321.   0.101562500000E+03  -0.523756507616E-06   0.000000000000E+00   0.598437500000E+03   0.136500963863E-07   0.000000000000E+00
