i  r_top  QtopRe  QtopIm  r_bot  QbotRe  QbotIm   [mm, mC]
    1.   0.600000000000E+03  -0.130167473178E-10   0.000000000000E+00   0.100000000000E+03  -0.380297905309E-10   0.000000000000E+00
    2.   0.100000000000E+03  -0.380297907266E-10   0.000000000000E+00   0.600000000000E+03  -0.130167470725E-10   0.000000000000E+00
    3.   0.598437500000E+03  -0.517599714333E-10   0.000000000000E+00   0.101562500000E+03  -0.154860426715E-09   0.000000000000E+00
    4.   0.596875000000E+03  -0.257407377357E-10   0.000000000000E+00   0.103125000000E+03  -0.786339475145E-10   0.000000000000E+00
    5.   0.595312500000E+03  -0.519534405661E-10   0.000000000000E+00   0.104687500000E+03  -0.159503556400E-09   0.000000000000E+00
    6.   0.593750000000E+03  -0.261615701275E-10   0.000000000000E+00   0.106250000000E+03  -0.807605703855E-10   0.000000000000E+00
    7.   0.592187500000E+03  -0.531143252448E-10   0.000000000000E+00   0.107812500000E+03  -0.163526724488E-09   0.000000000000E+00
    8.   0.590625000000E+03  -0.269098346638E-10   0.000000000000E+00   0.109375000000E+03  -0.826548065055E-10   0.000000000000E+00
    9.   0.589062500000E+03  -0.548062676113E-10   0.000000000000E+00   0.110937500000E+03  -0.167185977875E-09   0.000000000000E+00
   10.   0.587500000000E+03  -0.278535284241E-10   0.000000000000E+00   0.112500000000E+03  -0.844170564579E-10   0.000000000000E+00
   11.   0.585937500000E+03  -0.568132766831E-10   0.000000000000E+00   0.114062500000E+03  -0.170619698818E-09   0.000000000000E+00
   12.   0.584375000000E+03  -0.289150814617E-10   0.000000000000E+00   0.115625000000E+03  -0.860879914373E-10   0.000000000000E+00
   13.   0.582812500000E+03  -0.590068286809E-10   0.000000000000E+00   0.117187500000E+03  -0.173891132918E-09   0.000000000000E+00
   14.   0.581250000000E+03  -0.300451494677E-10   0.000000000000E+00   0.118750000000E+03  -0.876884791314E-10   0.000000000000E+00
   15.   0.579687500000E+03  -0.613063807709E-10   0.000000000000E+00   0.120312500000E+03  -0.177031048821E-09   0.000000000000E+00
   16.   0.578125000000E+03  -0.312126717806E-10   0.000000000000E+00   0.121875000000E+03  -0.892284436521E-10   0.000000000000E+00
   17.   0.576562500000E+03  -0.636617492410E-10   0.000000000000E+00   0.123437500000E+03  -0.180056530924E-09   0.000000000000E+00
   18.   0.575000000000E+03  -0.323985118334E-10   0.000000000000E+00   0.125000000000E+03  -0.907145975185E-10   0.000000000000E+00
   19.   0.573437500000E+03  -0.660421506332E-10   0.000000000000E+00   0.126562500000E+03  -0.182979250651E-09   0.000000000000E+00
   20.   0.571875000000E+03  -0.335910117062E-10   0.000000000000E+00   0.128125000000E+03  -0.921517758209E-10   0.000000000000E+00
   21.   0.570312500000E+03  -0.684287793960E-10   0.000000000000E+00   0.129687500000E+03  -0.185807433089E-09   0.000000000000E+00
   22.   0.568750000000E+03  -0.347830391883E-10   0.000000000000E+00   0.131250000000E+03  -0.935433404271E-10   0.000000000000E+00
   23.   0.567187500000E+03  -0.708100678327E-10   0.000000000000E+00   0.132812500000E+03  -0.188546518860E-09   0.000000000000E+00
   24.   0.565625000000E+03  -0.359701790834E-10   0.000000000000E+00   0.134375000000E+03  -0.948913963985E-10   0.000000000000E+00
   25.   0.564062500000E+03  -0.731788458203E-10   0.000000000000E+00   0.135937500000E+03  -0.191199806629E-09   0.000000000000E+00
   26.   0.562500000000E+03  -0.371496883548E-10   0.000000000000E+00   0.137500000000E+03  -0.961971556911E-10   0.000000000000E+00
   27.   0.560937500000E+03  -0.755306647021E-10   0.000000000000E+00   0.139062500000E+03  -0.193769152386E-09   0.000000000000E+00
   28.   0.559375000000E+03  -0.383198680307E-10   0.000000000000E+00   0.140625000000E+03  -0.974612671588E-10   0.000000000000E+00
   29.   0.557812500000E+03  -0.778627852303E-10   0.000000000000E+00   0.142187500000E+03  -0.196255522434E-09   0.000000000000E+00
   30.   0.556250000000E+03  -0.394796798574E-10   0.000000000000E+00   0.143750000000E+03  -0.986840490095E-10   0.000000000000E+00
   31.   0.554687500000E+03  -0.801735492380E-10   0.000000000000E+00   0.145312500000E+03  -0.198659352279E-09   0.000000000000E+00
   32.   0.553125000000E+03  -0.406285051466E-10   0.000000000000E+00   0.146875000000E+03  -0.998656210834E-10   0.000000000000E+00
   33.   0.551562500000E+03  -0.824619818357E-10   0.000000000000E+00   0.148437500000E+03  -0.200980766006E-09   0.000000000000E+00
   34.   0.550000000000E+03  -0.417659888734E-10   0.000000000000E+00   0.150000000000E+03  -0.101005989334E-09   0.000000000000E+00
   35.   0.548437500000E+03  -0.847275388713E-10   0.000000000000E+00   0.151562500000E+03  -0.203219706763E-09   0.000000000000E+00
   36.   0.546875000000E+03  -0.428919417254E-10   0.000000000000E+00   0.153125000000E+03  -0.102105094285E-09   0.000000000000E+00
   37.   0.545312500000E+03  -0.869699503756E-10   0.000000000000E+00   0.154687500000E+03  -0.205376012086E-09   0.000000000000E+00
   38.   0.543750000000E+03  -0.440062828797E-10   0.000000000000E+00   0.156250000000E+03  -0.103162835547E-09   0.000000000000E+00
   39.   0.542187500000E+03  -0.891891202513E-10   0.000000000000E+00   0.157812500000E+03  -0.207449466130E-09   0.000000000000E+00
   40.   0.540625000000E+03  -0.451089986839E-10   0.000000000000E+00   0.159375000000E+03  -0.104179098514E-09   0.000000000000E+00
   41.   0.539062500000E+03  -0.913850644807E-10   0.000000000000E+00   0.160937500000E+03  -0.209439831052E-09   0.000000000000E+00
   42.   0.537500000000E+03  -0.462001175240E-10   0.000000000000E+00   0.162500000000E+03  -0.105153761845E-09   0.000000000000E+00
   43.   0.535937500000E+03  -0.935578747189E-10   0.000000000000E+00   0.164062500000E+03  -0.211346870921E-09   0.000000000000E+00
   44.   0.534375000000E+03  -0.472797016311E-10   0.000000000000E+00   0.165625000000E+03  -0.106086713563E-09   0.000000000000E+00
   45.   0.532812500000E+03  -0.957076930115E-10   0.000000000000E+00   0.167187500000E+03  -0.213170367434E-09   0.000000000000E+00
   46.   0.531250000000E+03  -0.483478312847E-10   0.000000000000E+00   0.168750000000E+03  -0.106977847925E-09   0.000000000000E+00
   47.   0.529687500000E+03  -0.978346972737E-10   0.000000000000E+00   0.170312500000E+03  -0.214910129277E-09   0.000000000000E+00
   48.   0.528125000000E+03  -0.494046036535E-10   0.000000000000E+00   0.171875000000E+03  -0.107827082133E-09   0.000000000000E+00
   49.   0.526562500000E+03  -0.999390932318E-10   0.000000000000E+00   0.173437500000E+03  -0.216565996710E-09   0.000000000000E+00
   50.   0.525000000000E+03  -0.504501274519E-10   0.000000000000E+00   0.175000000000E+03  -0.108634342748E-09   0.000000000000E+00
   51.   0.523437500000E+03  -0.102021107178E-09   0.000000000000E+00   0.176562500000E+03  -0.218137849224E-09   0.000000000000E+00
   52.   0.521875000000E+03  -0.514845206720E-10   0.000000000000E+00   0.178125000000E+03  -0.109399583054E-09   0.000000000000E+00
   53.   0.520312500000E+03  -0.104080981750E-09   0.000000000000E+00   0.179687500000E+03  -0.219625610016E-09   0.000000000000E+00
   54.   0.518750000000E+03  -0.525079070354E-10   0.000000000000E+00   0.181250000000E+03  -0.110122772509E-09   0.000000000000E+00
   55.   0.517187500000E+03  -0.106118976162E-09   0.000000000000E+00   0.182812500000E+03  -0.221029245660E-09   0.000000000000E+00
   56.   0.515625000000E+03  -0.535204207268E-10   0.000000000000E+00   0.184375000000E+03  -0.110803908719E-09   0.000000000000E+00
   57.   0.514062500000E+03  -0.108135363097E-09   0.000000000000E+00   0.185937500000E+03  -0.222348770915E-09   0.000000000000E+00
   58.   0.512500000000E+03  -0.545222008611E-10   0.000000000000E+00   0.187500000000E+03  -0.111443011744E-09   0.000000000000E+00
   59.   0.510937500000E+03  -0.110130428378E-09   0.000000000000E+00   0.189062500000E+03  -0.223584246692E-09   0.000000000000E+00
   60.   0.509375000000E+03  -0.555133926403E-10   0.000000000000E+00   0.190625000000E+03  -0.112040124124E-09   0.000000000000E+00
   61.   0.507812500000E+03  -0.112104470896E-09   0.000000000000E+00   0.192187500000E+03  -0.224735786858E-09   0.000000000000E+00
   62.   0.506250000000E+03  -0.564941501717E-10   0.000000000000E+00   0.193750000000E+03  -0.112595315867E-09   0.000000000000E+00
   63.   0.504687500000E+03  -0.114057801541E-09   0.000000000000E+00   0.195312500000E+03  -0.225803556870E-09   0.000000000000E+00
   64.   0.503125000000E+03  -0.574646304247E-10   0.000000000000E+00   0.196875000000E+03  -0.113108685594E-09   0.000000000000E+00
   65.   0.501562500000E+03  -0.115990743285E-09   0.000000000000E+00   0.198437500000E+03  -0.226787775861E-09   0.000000000000E+00
   66.   0.500000000000E+03  -0.584249974865E-10   0.000000000000E+00   0.200000000000E+03  -0.113580353014E-09   0.000000000000E+00
   67.   0.498437500000E+03  -0.117903630727E-09   0.000000000000E+00   0.201562500000E+03  -0.227688713056E-09   0.000000000000E+00
   68.   0.496875000000E+03  -0.593754223186E-10   0.000000000000E+00   0.203125000000E+03  -0.114010468436E-09   0.000000000000E+00
   69.   0.495312500000E+03  -0.119796811572E-09   0.000000000000E+00   0.204687500000E+03  -0.228506697855E-09   0.000000000000E+00
   70.   0.493750000000E+03  -0.603160810933E-10   0.000000000000E+00   0.206250000000E+03  -0.114399209736E-09   0.000000000000E+00
   71.   0.492187500000E+03  -0.121670644792E-09   0.000000000000E+00   0.207812500000E+03  -0.229242113494E-09   0.000000000000E+00
   72.   0.490625000000E+03  -0.612471558983E-10   0.000000000000E+00   0.209375000000E+03  -0.114746784413E-09   0.000000000000E+00
   73.   0.489062500000E+03  -0.123525500764E-09   0.000000000000E+00   0.210937500000E+03  -0.229895402421E-09   0.000000000000E+00
   74.   0.487500000000E+03  -0.621688342072E-10   0.000000000000E+00   0.212500000000E+03  -0.115053429281E-09   0.000000000000E+00
   75.   0.485937500000E+03  -0.125361762227E-09   0.000000000000E+00   0.214062500000E+03  -0.230467063477E-09   0.000000000000E+00
   76.   0.484375000000E+03  -0.630813107772E-10   0.000000000000E+00   0.215625000000E+03  -0.115319403976E-09   0.000000000000E+00
   77.   0.482812500000E+03  -0.127179822650E-09   0.000000000000E+00   0.217187500000E+03  -0.230957655787E-09   0.000000000000E+00
   78.   0.481250000000E+03  -0.639847851001E-10   0.000000000000E+00   0.218750000000E+03  -0.115545008819E-09   0.000000000000E+00
   79.   0.479687500000E+03  -0.128980087614E-09   0.000000000000E+00   0.220312500000E+03  -0.231367797753E-09   0.000000000000E+00
   80.   0.478125000000E+03  -0.648794619053E-10   0.000000000000E+00   0.221875000000E+03  -0.115730563729E-09   0.000000000000E+00
   81.   0.476562500000E+03  -0.130762973747E-09   0.000000000000E+00   0.223437500000E+03  -0.231698167884E-09   0.000000000000E+00
   82.   0.475000000000E+03  -0.657655523267E-10   0.000000000000E+00   0.225000000000E+03  -0.115876424179E-09   0.000000000000E+00
   83.   0.473437500000E+03  -0.132528908299E-09   0.000000000000E+00   0.226562500000E+03  -0.231949503988E-09   0.000000000000E+00
   84.   0.471875000000E+03  -0.666432710683E-10   0.000000000000E+00   0.228125000000E+03  -0.115982973488E-09   0.000000000000E+00
   85.   0.470312500000E+03  -0.134278329047E-09   0.000000000000E+00   0.229687500000E+03  -0.232122607594E-09   0.000000000000E+00
   86.   0.468750000000E+03  -0.675128411344E-10   0.000000000000E+00   0.231250000000E+03  -0.116050630819E-09   0.000000000000E+00
   87.   0.467187500000E+03  -0.136011682975E-09   0.000000000000E+00   0.232812500000E+03  -0.232218341987E-09   0.000000000000E+00
   88.   0.465625000000E+03  -0.683744869186E-10   0.000000000000E+00   0.234375000000E+03  -0.116079840773E-09   0.000000000000E+00
   89.   0.464062500000E+03  -0.137729425052E-09   0.000000000000E+00   0.235937500000E+03  -0.232237629820E-09   0.000000000000E+00
   90.   0.462500000000E+03  -0.692284370544E-10   0.000000000000E+00   0.237500000000E+03  -0.116071080482E-09   0.000000000000E+00
   91.   0.460937500000E+03  -0.139432016783E-09   0.000000000000E+00   0.239062500000E+03  -0.232181454293E-09   0.000000000000E+00
   92.   0.459375000000E+03  -0.700749243702E-10   0.000000000000E+00   0.240625000000E+03  -0.116024855181E-09   0.000000000000E+00
   93.   0.457812500000E+03  -0.141119921616E-09   0.000000000000E+00   0.242187500000E+03  -0.232050856824E-09   0.000000000000E+00
   94.   0.456250000000E+03  -0.709141784679E-10   0.000000000000E+00   0.243750000000E+03  -0.115941699844E-09   0.000000000000E+00
   95.   0.454687500000E+03  -0.142793602912E-09   0.000000000000E+00   0.245312500000E+03  -0.231846934201E-09   0.000000000000E+00
   96.   0.453125000000E+03  -0.717464326331E-10   0.000000000000E+00   0.246875000000E+03  -0.115822177746E-09   0.000000000000E+00
   97.   0.451562500000E+03  -0.144453512913E-09   0.000000000000E+00   0.248437500000E+03  -0.231570832996E-09   0.000000000000E+00
   98.   0.450000000000E+03  -0.725719052389E-10   0.000000000000E+00   0.250000000000E+03  -0.115666870345E-09   0.000000000000E+00
   99.   0.448437500000E+03  -0.146100082580E-09   0.000000000000E+00   0.251562500000E+03  -0.231223739088E-09   0.000000000000E+00
  100.   0.446875000000E+03  -0.733908077167E-10   0.000000000000E+00   0.253125000000E+03  -0.115476381184E-09   0.000000000000E+00
  101.   0.445312500000E+03  -0.147733703052E-09   0.000000000000E+00   0.254687500000E+03  -0.230806865151E-09   0.000000000000E+00
  102.   0.443750000000E+03  -0.742033197527E-10   0.000000000000E+00   0.256250000000E+03  -0.115251320173E-09   0.000000000000E+00
  103.   0.442187500000E+03  -0.149354693568E-09   0.000000000000E+00   0.257812500000E+03  -0.230321426500E-09   0.000000000000E+00
  104.   0.440625000000E+03  -0.750095794675E-10   0.000000000000E+00   0.259375000000E+03  -0.114992293353E-09   0.000000000000E+00
  105.   0.439062500000E+03  -0.150963253776E-09   0.000000000000E+00   0.260937500000E+03  -0.229768594360E-09   0.000000000000E+00
  106.   0.437500000000E+03  -0.758096496406E-10   0.000000000000E+00   0.262500000000E+03  -0.114699862977E-09   0.000000000000E+00
  107.   0.435937500000E+03  -0.152559386257E-09   0.000000000000E+00   0.264062500000E+03  -0.229149438894E-09   0.000000000000E+00
  108.   0.434375000000E+03  -0.766034673983E-10   0.000000000000E+00   0.265625000000E+03  -0.114374534541E-09   0.000000000000E+00
  109.   0.432812500000E+03  -0.154142776597E-09   0.000000000000E+00   0.267187500000E+03  -0.228464826254E-09   0.000000000000E+00
  110.   0.431250000000E+03  -0.773907818269E-10   0.000000000000E+00   0.268750000000E+03  -0.114016673223E-09   0.000000000000E+00
  111.   0.429687500000E+03  -0.155712598714E-09   0.000000000000E+00   0.270312500000E+03  -0.227715249335E-09   0.000000000000E+00
  112.   0.428125000000E+03  -0.781710199536E-10   0.000000000000E+00   0.271875000000E+03  -0.113626407135E-09   0.000000000000E+00
  113.   0.426562500000E+03  -0.157267205526E-09   0.000000000000E+00   0.273437500000E+03  -0.226900563424E-09   0.000000000000E+00
  114.   0.425000000000E+03  -0.789431071675E-10   0.000000000000E+00   0.275000000000E+03  -0.113203463287E-09   0.000000000000E+00
  115.   0.423437500000E+03  -0.158803645905E-09   0.000000000000E+00   0.276562500000E+03  -0.226019561870E-09   0.000000000000E+00
  116.   0.421875000000E+03  -0.797051689974E-10   0.000000000000E+00   0.278125000000E+03  -0.112746907912E-09   0.000000000000E+00
  117.   0.420312500000E+03  -0.160316887301E-09   0.000000000000E+00   0.279687500000E+03  -0.225069293137E-09   0.000000000000E+00
  118.   0.418750000000E+03  -0.804540526137E-10   0.000000000000E+00   0.281250000000E+03  -0.112254728199E-09   0.000000000000E+00
  119.   0.417187500000E+03  -0.161798588601E-09   0.000000000000E+00   0.282812500000E+03  -0.224043970284E-09   0.000000000000E+00
  120.   0.415625000000E+03  -0.811845782034E-10   0.000000000000E+00   0.284375000000E+03  -0.111723156447E-09   0.000000000000E+00
  121.   0.414062500000E+03  -0.163235131809E-09   0.000000000000E+00   0.285937500000E+03  -0.222933203013E-09   0.000000000000E+00
  122.   0.412500000000E+03  -0.818883227993E-10   0.000000000000E+00   0.287500000000E+03  -0.111145582844E-09   0.000000000000E+00
  123.   0.410937500000E+03  -0.164604454807E-09   0.000000000000E+00   0.289062500000E+03  -0.221719133746E-09   0.000000000000E+00
  124.   0.409375000000E+03  -0.825516659505E-10   0.000000000000E+00   0.290625000000E+03  -0.110510781010E-09   0.000000000000E+00
  125.   0.407812500000E+03  -0.165870980067E-09   0.000000000000E+00   0.292187500000E+03  -0.220371811113E-09   0.000000000000E+00
  126.   0.406250000000E+03  -0.831526712083E-10   0.000000000000E+00   0.293750000000E+03  -0.109800044125E-09   0.000000000000E+00
  127.   0.404687500000E+03  -0.166977635528E-09   0.000000000000E+00   0.295312500000E+03  -0.218841830829E-09   0.000000000000E+00
  128.   0.403125000000E+03  -0.836562201113E-10   0.000000000000E+00   0.296875000000E+03  -0.108982691319E-09   0.000000000000E+00
  129.   0.401562500000E+03  -0.167833594088E-09   0.000000000000E+00   0.298437500000E+03  -0.217048904912E-09   0.000000000000E+00
  130.   0.400000000000E+03  -0.840066492791E-10   0.000000000000E+00   0.300000000000E+03  -0.108009159441E-09   0.000000000000E+00
  131.   0.398437500000E+03  -0.168295685960E-09   0.000000000000E+00   0.301562500000E+03  -0.214864318114E-09   0.000000000000E+00
  132.   0.396875000000E+03  -0.841166580261E-10   0.000000000000E+00   0.303125000000E+03  -0.106800486797E-09   0.000000000000E+00
  133.   0.395312500000E+03  -0.168139265319E-09   0.000000000000E+00   0.304687500000E+03  -0.212083208468E-09   0.000000000000E+00
  134.   0.393750000000E+03  -0.838495074444E-10   0.000000000000E+00   0.306250000000E+03  -0.105231330536E-09   0.000000000000E+00
  135.   0.392187500000E+03  -0.167008757572E-09   0.000000000000E+00   0.307812500000E+03  -0.208377406451E-09   0.000000000000E+00
  136.   0.390625000000E+03  -0.829875869338E-10   0.000000000000E+00   0.309375000000E+03  -0.103099990184E-09   0.000000000000E+00
  137.   0.389062500000E+03  -0.164326487265E-09   0.000000000000E+00   0.310937500000E+03  -0.203208490503E-09   0.000000000000E+00
  138.   0.387500000000E+03  -0.811718630301E-10   0.000000000000E+00   0.312500000000E+03  -0.100070717462E-09   0.000000000000E+00
  139.   0.385937500000E+03  -0.159129376471E-09   0.000000000000E+00   0.314062500000E+03  -0.195671194070E-09   0.000000000000E+00
  140.   0.384375000000E+03  -0.777964344453E-10   0.000000000000E+00   0.315625000000E+03  -0.955723767715E-10   0.000000000000E+00
  141.   0.382812500000E+03  -0.149808112060E-09   0.000000000000E+00   0.317187500000E+03  -0.184239806546E-09   0.000000000000E+00
  142.   0.381250000000E+03  -0.718476635842E-10   0.000000000000E+00   0.318750000000E+03  -0.886409757408E-10   0.000000000000E+00
  143.   0.379687500000E+03  -0.133819226656E-09   0.000000000000E+00   0.320312500000E+03  -0.166476457732E-09   0.000000000000E+00
  144.   0.378125000000E+03  -0.617780319271E-10   0.000000000000E+00   0.321875000000E+03  -0.777864174054E-10   0.000000000000E+00
  145.   0.376562500000E+03  -0.107501146059E-09   0.000000000000E+00   0.323437500000E+03  -0.138820866253E-09   0.000000000000E+00
  146.   0.375000000000E+03  -0.454784634361E-10   0.000000000000E+00   0.325000000000E+03  -0.609427455159E-10   0.000000000000E+00
  147.   0.373437500000E+03  -0.663356826515E-10   0.000000000000E+00   0.326562500000E+03  -0.967867869840E-10   0.000000000000E+00
  148.   0.371875000000E+03  -0.206446397019E-10   0.000000000000E+00   0.328125000000E+03  -0.357914499561E-10   0.000000000000E+00
  149.   0.370312500000E+03  -0.429524203449E-11   0.000000000000E+00   0.329687500000E+03  -0.343061749871E-10   0.000000000000E+00
  150.   0.368750000000E+03   0.160214874419E-10   0.000000000000E+00   0.331250000000E+03   0.101581365437E-11   0.000000000000E+00
  151.   0.367187500000E+03   0.894709253988E-10   0.000000000000E+00   0.332812500000E+03   0.594906591477E-10   0.000000000000E+00
  152.   0.365625000000E+03   0.723588829779E-10   0.000000000000E+00   0.334375000000E+03   0.572472400939E-10   0.000000000000E+00
  153.   0.364062500000E+03   0.248955995984E-09   0.000000000000E+00   0.335937500000E+03   0.218114297570E-09   0.000000000000E+00
  154.   0.362500000000E+03   0.172383798816E-09   0.000000000000E+00   0.337500000000E+03   0.156643206728E-09   0.000000000000E+00
  155.   0.360937500000E+03   0.546886592723E-09   0.000000000000E+00   0.339062500000E+03   0.513748053492E-09   0.000000000000E+00
  156.   0.359375000000E+03   0.375325232407E-09   0.000000000000E+00   0.340625000000E+03   0.357690784170E-09   0.000000000000E+00
  157.   0.357812500000E+03   0.116879426439E-08   0.000000000000E+00   0.342187500000E+03   0.113178023074E-08   0.000000000000E+00
  158.   0.356250000000E+03   0.742554702712E-09   0.000000000000E+00   0.343750000000E+03   0.724283924756E-09   0.000000000000E+00
  159.   0.354687500000E+03   0.242836655093E-08   0.000000000000E+00   0.345312500000E+03   0.238927459446E-08   0.000000000000E+00
  160.   0.353125000000E+03   0.173548749835E-08   0.000000000000E+00   0.346875000000E+03   0.171463916624E-08   0.000000000000E+00
  161.   0.351562500000E+03   0.548999721365E-08   0.000000000000E+00   0.348437500000E+03   0.546823963168E-08   0.000000000000E+00
  162.   0.350000000000E+03   0.994874183942E-08   0.000000000000E+00   0.350000000000E+03   0.994874184136E-08   0.000000000000E+00
  163.   0.348437500000E+03   0.546823962811E-08   0.000000000000E+00   0.351562500000E+03   0.548999721607E-08   0.000000000000E+00
  164.   0.346875000000E+03   0.171463916372E-08   0.000000000000E+00   0.353125000000E+03   0.173548749932E-08   0.000000000000E+00
  165.   0.345312500000E+03   0.238927459038E-08   0.000000000000E+00   0.354687500000E+03   0.242836655245E-08   0.000000000000E+00
  166.   0.343750000000E+03   0.724283922582E-09   0.000000000000E+00   0.356250000000E+03   0.742554703149E-09   0.000000000000E+00
  167.   0.342187500000E+03   0.113178022713E-08   0.000000000000E+00   0.357812500000E+03   0.116879426580E-08   0.000000000000E+00
  168.   0.340625000000E+03   0.357690782382E-09   0.000000000000E+00   0.359375000000E+03   0.375325232515E-09   0.000000000000E+00
  169.   0.339062500000E+03   0.513748050445E-09   0.000000000000E+00   0.360937500000E+03   0.546886593727E-09   0.000000000000E+00
  170.   0.337500000000E+03   0.156643204081E-09   0.000000000000E+00   0.362500000000E+03   0.172383799616E-09   0.000000000000E+00
  171.   0.335937500000E+03   0.218114295204E-09   0.000000000000E+00   0.364062500000E+03   0.248955997259E-09   0.000000000000E+00
  172.   0.334375000000E+03   0.572472398205E-10   0.000000000000E+00   0.365625000000E+03   0.723588840513E-10   0.000000000000E+00
  173.   0.332812500000E+03   0.594906566227E-10   0.000000000000E+00   0.367187500000E+03   0.894709264378E-10   0.000000000000E+00
  174.   0.331250000000E+03   0.101581363858E-11   0.000000000000E+00   0.368750000000E+03   0.160214879085E-10   0.000000000000E+00
  175.   0.329687500000E+03  -0.343061777465E-10   0.000000000000E+00   0.370312500000E+03  -0.429524016240E-11   0.000000000000E+00
  176.   0.328125000000E+03  -0.357914501962E-10   0.000000000000E+00   0.371875000000E+03  -0.206446390225E-10   0.000000000000E+00
  177.   0.326562500000E+03  -0.967867901749E-10   0.000000000000E+00   0.373437500000E+03  -0.663356807446E-10   0.000000000000E+00
  178.   0.325000000000E+03  -0.609427461121E-10   0.000000000000E+00   0.375000000000E+03  -0.454784626695E-10   0.000000000000E+00
  179.   0.323437500000E+03  -0.138820870100E-09   0.000000000000E+00   0.376562500000E+03  -0.107501143313E-09   0.000000000000E+00
  180.   0.321875000000E+03  -0.777864198429E-10   0.000000000000E+00   0.378125000000E+03  -0.617780306058E-10   0.000000000000E+00
  181.   0.320312500000E+03  -0.166476461483E-09   0.000000000000E+00   0.379687500000E+03  -0.133819224667E-09   0.000000000000E+00
  182.   0.318750000000E+03  -0.886409776289E-10   0.000000000000E+00   0.381250000000E+03  -0.718476620890E-10   0.000000000000E+00
  183.   0.317187500000E+03  -0.184239810209E-09   0.000000000000E+00   0.382812500000E+03  -0.149808110516E-09   0.000000000000E+00
  184.   0.315625000000E+03  -0.955723770376E-10   0.000000000000E+00   0.384375000000E+03  -0.777964343583E-10   0.000000000000E+00
  185.   0.314062500000E+03  -0.195671197139E-09   0.000000000000E+00   0.385937500000E+03  -0.159129374564E-09   0.000000000000E+00
  186.   0.312500000000E+03  -0.100070719397E-09   0.000000000000E+00   0.387500000000E+03  -0.811718628111E-10   0.000000000000E+00
  187.   0.310937500000E+03  -0.203208493034E-09   0.000000000000E+00   0.389062500000E+03  -0.164326485130E-09   0.000000000000E+00
  188.   0.309375000000E+03  -0.103099991728E-09   0.000000000000E+00   0.390625000000E+03  -0.829875872726E-10   0.000000000000E+00
  189.   0.307812500000E+03  -0.208377409618E-09   0.000000000000E+00   0.392187500000E+03  -0.167008755022E-09   0.000000000000E+00
  190.   0.306250000000E+03  -0.105231331062E-09   0.000000000000E+00   0.393750000000E+03  -0.838495063709E-10   0.000000000000E+00
  191.   0.304687500000E+03  -0.212083211608E-09   0.000000000000E+00   0.395312500000E+03  -0.168139263245E-09   0.000000000000E+00
  192.   0.303125000000E+03  -0.106800486764E-09   0.000000000000E+00   0.396875000000E+03  -0.841166569756E-10   0.000000000000E+00
  193.   0.301562500000E+03  -0.214864322187E-09   0.000000000000E+00   0.398437500000E+03  -0.168295683939E-09   0.000000000000E+00
  194.   0.300000000000E+03  -0.108009162596E-09   0.000000000000E+00   0.400000000000E+03  -0.840066475874E-10   0.000000000000E+00
  195.   0.298437500000E+03  -0.217048911345E-09   0.000000000000E+00   0.401562500000E+03  -0.167833591150E-09   0.000000000000E+00
  196.   0.296875000000E+03  -0.108982694962E-09   0.000000000000E+00   0.403125000000E+03  -0.836562185140E-10   0.000000000000E+00
  197.   0.295312500000E+03  -0.218841837032E-09   0.000000000000E+00   0.404687500000E+03  -0.166977633545E-09   0.000000000000E+00
  198.   0.293750000000E+03  -0.109800046060E-09   0.000000000000E+00   0.406250000000E+03  -0.831526708038E-10   0.000000000000E+00
  199.   0.292187500000E+03  -0.220371815624E-09   0.000000000000E+00   0.407812500000E+03  -0.165870979490E-09   0.000000000000E+00
  200.   0.290625000000E+03  -0.110510784198E-09   0.000000000000E+00   0.409375000000E+03  -0.825516661729E-10   0.000000000000E+00
  201.   0.289062500000E+03  -0.221719137437E-09   0.000000000000E+00   0.410937500000E+03  -0.164604454098E-09   0.000000000000E+00
  202.   0.287500000000E+03  -0.111145585662E-09   0.000000000000E+00   0.412500000000E+03  -0.818883218810E-10   0.000000000000E+00
  203.   0.285937500000E+03  -0.222933206439E-09   0.000000000000E+00   0.414062500000E+03  -0.163235130998E-09   0.000000000000E+00
  204.   0.284375000000E+03  -0.111723158006E-09   0.000000000000E+00   0.415625000000E+03  -0.811845780379E-10   0.000000000000E+00
  205.   0.282812500000E+03  -0.224043972929E-09   0.000000000000E+00   0.417187500000E+03  -0.161798588229E-09   0.000000000000E+00
  206.   0.281250000000E+03  -0.112254728725E-09   0.000000000000E+00   0.418750000000E+03  -0.804540530603E-10   0.000000000000E+00
  207.   0.279687500000E+03  -0.225069295140E-09   0.000000000000E+00   0.420312500000E+03  -0.160316886638E-09   0.000000000000E+00
  208.   0.278125000000E+03  -0.112746909064E-09   0.000000000000E+00   0.421875000000E+03  -0.797051689623E-10   0.000000000000E+00
  209.   0.276562500000E+03  -0.226019563627E-09   0.000000000000E+00   0.423437500000E+03  -0.158803645333E-09   0.000000000000E+00
  210.   0.275000000000E+03  -0.113203464095E-09   0.000000000000E+00   0.425000000000E+03  -0.789431066975E-10   0.000000000000E+00
  211.   0.273437500000E+03  -0.226900565882E-09   0.000000000000E+00   0.426562500000E+03  -0.157267204803E-09   0.000000000000E+00
  212.   0.271875000000E+03  -0.113626409756E-09   0.000000000000E+00   0.428125000000E+03  -0.781710184834E-10   0.000000000000E+00
  213.   0.270312500000E+03  -0.227715252257E-09   0.000000000000E+00   0.429687500000E+03  -0.155712597526E-09   0.000000000000E+00
  214.   0.268750000000E+03  -0.114016675273E-09   0.000000000000E+00   0.431250000000E+03  -0.773907811631E-10   0.000000000000E+00
  215.   0.267187500000E+03  -0.228464829918E-09   0.000000000000E+00   0.432812500000E+03  -0.154142775823E-09   0.000000000000E+00
  216.   0.265625000000E+03  -0.114374536996E-09   0.000000000000E+00   0.434375000000E+03  -0.766034680289E-10   0.000000000000E+00
  217.   0.264062500000E+03  -0.229149441976E-09   0.000000000000E+00   0.435937500000E+03  -0.152559385112E-09   0.000000000000E+00
  218.   0.262500000000E+03  -0.114699865049E-09   0.000000000000E+00   0.437500000000E+03  -0.758096485850E-10   0.000000000000E+00
  219.   0.260937500000E+03  -0.229768597403E-09   0.000000000000E+00   0.439062500000E+03  -0.150963252796E-09   0.000000000000E+00
  220.   0.259375000000E+03  -0.114992293000E-09   0.000000000000E+00   0.440625000000E+03  -0.750095797590E-10   0.000000000000E+00
  221.   0.257812500000E+03  -0.230321430020E-09   0.000000000000E+00   0.442187500000E+03  -0.149354692523E-09   0.000000000000E+00
  222.   0.256250000000E+03  -0.115251322090E-09   0.000000000000E+00   0.443750000000E+03  -0.742033207801E-10   0.000000000000E+00
  223.   0.254687500000E+03  -0.230806868538E-09   0.000000000000E+00   0.445312500000E+03  -0.147733701748E-09   0.000000000000E+00
  224.   0.253125000000E+03  -0.115476381969E-09   0.000000000000E+00   0.446875000000E+03  -0.733908064587E-10   0.000000000000E+00
  225.   0.251562500000E+03  -0.231223740748E-09   0.000000000000E+00   0.448437500000E+03  -0.146100081591E-09   0.000000000000E+00
  226.   0.250000000000E+03  -0.115666869716E-09   0.000000000000E+00   0.450000000000E+03  -0.725719049332E-10   0.000000000000E+00
  227.   0.248437500000E+03  -0.231570833383E-09   0.000000000000E+00   0.451562500000E+03  -0.144453511841E-09   0.000000000000E+00
  228.   0.246875000000E+03  -0.115822176229E-09   0.000000000000E+00   0.453125000000E+03  -0.717464315654E-10   0.000000000000E+00
  229.   0.245312500000E+03  -0.231846934903E-09   0.000000000000E+00   0.454687500000E+03  -0.142793602007E-09   0.000000000000E+00
  230.   0.243750000000E+03  -0.115941701630E-09   0.000000000000E+00   0.456250000000E+03  -0.709141784024E-10   0.000000000000E+00
  231.   0.242187500000E+03  -0.232050858592E-09   0.000000000000E+00   0.457812500000E+03  -0.141119920664E-09   0.000000000000E+00
  232.   0.240625000000E+03  -0.116024856704E-09   0.000000000000E+00   0.459375000000E+03  -0.700749237326E-10   0.000000000000E+00
  233.   0.239062500000E+03  -0.232181456146E-09   0.000000000000E+00   0.460937500000E+03  -0.139432015485E-09   0.000000000000E+00
  234.   0.237500000000E+03  -0.116071081892E-09   0.000000000000E+00   0.462500000000E+03  -0.692284365474E-10   0.000000000000E+00
  235.   0.235937500000E+03  -0.232237631490E-09   0.000000000000E+00   0.464062500000E+03  -0.137729423974E-09   0.000000000000E+00
  236.   0.234375000000E+03  -0.116079843120E-09   0.000000000000E+00   0.465625000000E+03  -0.683744860239E-10   0.000000000000E+00
  237.   0.232812500000E+03  -0.232218343807E-09   0.000000000000E+00   0.467187500000E+03  -0.136011681704E-09   0.000000000000E+00
  238.   0.231250000000E+03  -0.116050631763E-09   0.000000000000E+00   0.468750000000E+03  -0.675128400608E-10   0.000000000000E+00
  239.   0.229687500000E+03  -0.232122609219E-09   0.000000000000E+00   0.470312500000E+03  -0.134278327714E-09   0.000000000000E+00
  240.   0.228125000000E+03  -0.115982974485E-09   0.000000000000E+00   0.471875000000E+03  -0.666432698759E-10   0.000000000000E+00
  241.   0.226562500000E+03  -0.231949504301E-09   0.000000000000E+00   0.473437500000E+03  -0.132528907284E-09   0.000000000000E+00
  242.   0.225000000000E+03  -0.115876422568E-09   0.000000000000E+00   0.475000000000E+03  -0.657655509234E-10   0.000000000000E+00
  243.   0.223437500000E+03  -0.231698167708E-09   0.000000000000E+00   0.476562500000E+03  -0.130762972759E-09   0.000000000000E+00
  244.   0.221875000000E+03  -0.115730563759E-09   0.000000000000E+00   0.478125000000E+03  -0.648794612705E-10   0.000000000000E+00
  245.   0.220312500000E+03  -0.231367799350E-09   0.000000000000E+00   0.479687500000E+03  -0.128980086530E-09   0.000000000000E+00
  246.   0.218750000000E+03  -0.115545009473E-09   0.000000000000E+00   0.481250000000E+03  -0.639847843481E-10   0.000000000000E+00
  247.   0.217187500000E+03  -0.230957657005E-09   0.000000000000E+00   0.482812500000E+03  -0.127179821304E-09   0.000000000000E+00
  248.   0.215625000000E+03  -0.115319406438E-09   0.000000000000E+00   0.484375000000E+03  -0.630813103693E-10   0.000000000000E+00
  249.   0.214062500000E+03  -0.230467064990E-09   0.000000000000E+00   0.485937500000E+03  -0.125361761144E-09   0.000000000000E+00
  250.   0.212500000000E+03  -0.115053429996E-09   0.000000000000E+00   0.487500000000E+03  -0.621688344008E-10   0.000000000000E+00
  251.   0.210937500000E+03  -0.229895403845E-09   0.000000000000E+00   0.489062500000E+03  -0.123525499874E-09   0.000000000000E+00
  252.   0.209375000000E+03  -0.114746784651E-09   0.000000000000E+00   0.490625000000E+03  -0.612471549920E-10   0.000000000000E+00
  253.   0.207812500000E+03  -0.229242114102E-09   0.000000000000E+00   0.492187500000E+03  -0.121670643658E-09   0.000000000000E+00
  254.   0.206250000000E+03  -0.114399209122E-09   0.000000000000E+00   0.493750000000E+03  -0.603160803342E-10   0.000000000000E+00
  255.   0.204687500000E+03  -0.228506697182E-09   0.000000000000E+00   0.495312500000E+03  -0.119796810432E-09   0.000000000000E+00
  256.   0.203125000000E+03  -0.114010467439E-09   0.000000000000E+00   0.496875000000E+03  -0.593754215039E-10   0.000000000000E+00
  257.   0.201562500000E+03  -0.227688712805E-09   0.000000000000E+00   0.498437500000E+03  -0.117903629567E-09   0.000000000000E+00
  258.   0.200000000000E+03  -0.113580352656E-09   0.000000000000E+00   0.500000000000E+03  -0.584249966643E-10   0.000000000000E+00
  259.   0.198437500000E+03  -0.226787775214E-09   0.000000000000E+00   0.501562500000E+03  -0.115990741597E-09   0.000000000000E+00
  260.   0.196875000000E+03  -0.113108685777E-09   0.000000000000E+00   0.503125000000E+03  -0.574646291172E-10   0.000000000000E+00
  261.   0.195312500000E+03  -0.225803557434E-09   0.000000000000E+00   0.504687500000E+03  -0.114057799831E-09   0.000000000000E+00
  262.   0.193750000000E+03  -0.112595317802E-09   0.000000000000E+00   0.506250000000E+03  -0.564941491638E-10   0.000000000000E+00
  263.   0.192187500000E+03  -0.224735788164E-09   0.000000000000E+00   0.507812500000E+03  -0.112104469730E-09   0.000000000000E+00
  264.   0.190625000000E+03  -0.112040124560E-09   0.000000000000E+00   0.509375000000E+03  -0.555133928515E-10   0.000000000000E+00
  265.   0.189062500000E+03  -0.223584247321E-09   0.000000000000E+00   0.510937500000E+03  -0.110130427617E-09   0.000000000000E+00
  266.   0.187500000000E+03  -0.111443012091E-09   0.000000000000E+00   0.512500000000E+03  -0.545221997509E-10   0.000000000000E+00
  267.   0.185937500000E+03  -0.222348771412E-09   0.000000000000E+00   0.514062500000E+03  -0.108135362178E-09   0.000000000000E+00
  268.   0.184375000000E+03  -0.110803908709E-09   0.000000000000E+00   0.515625000000E+03  -0.535204207173E-10   0.000000000000E+00
  269.   0.182812500000E+03  -0.221029247067E-09   0.000000000000E+00   0.517187500000E+03  -0.106118975260E-09   0.000000000000E+00
  270.   0.181250000000E+03  -0.110122772222E-09   0.000000000000E+00   0.518750000000E+03  -0.525079066969E-10   0.000000000000E+00
  271.   0.179687500000E+03  -0.219625610747E-09   0.000000000000E+00   0.520312500000E+03  -0.104080981211E-09   0.000000000000E+00
  272.   0.178125000000E+03  -0.109399582919E-09   0.000000000000E+00   0.521875000000E+03  -0.514845205426E-10   0.000000000000E+00
  273.   0.176562500000E+03  -0.218137849022E-09   0.000000000000E+00   0.523437500000E+03  -0.102021106751E-09   0.000000000000E+00
  274.   0.175000000000E+03  -0.108634342413E-09   0.000000000000E+00   0.525000000000E+03  -0.504501279177E-10   0.000000000000E+00
  275.   0.173437500000E+03  -0.216565995773E-09   0.000000000000E+00   0.526562500000E+03  -0.999390932936E-10   0.000000000000E+00
  276.   0.171875000000E+03  -0.107827081621E-09   0.000000000000E+00   0.528125000000E+03  -0.494046044747E-10   0.000000000000E+00
  277.   0.170312500000E+03  -0.214910128685E-09   0.000000000000E+00   0.529687500000E+03  -0.978346971521E-10   0.000000000000E+00
  278.   0.168750000000E+03  -0.106977850121E-09   0.000000000000E+00   0.531250000000E+03  -0.483478312530E-10   0.000000000000E+00
  279.   0.167187500000E+03  -0.213170367992E-09   0.000000000000E+00   0.532812500000E+03  -0.957076922456E-10   0.000000000000E+00
  280.   0.165625000000E+03  -0.106086713856E-09   0.000000000000E+00   0.534375000000E+03  -0.472797008771E-10   0.000000000000E+00
  281.   0.164062500000E+03  -0.211346872208E-09   0.000000000000E+00   0.535937500000E+03  -0.935578733773E-10   0.000000000000E+00
  282.   0.162500000000E+03  -0.105153764147E-09   0.000000000000E+00   0.537500000000E+03  -0.462001162878E-10   0.000000000000E+00
  283.   0.160937500000E+03  -0.209439831973E-09   0.000000000000E+00   0.539062500000E+03  -0.913850626275E-10   0.000000000000E+00
  284.   0.159375000000E+03  -0.104179097117E-09   0.000000000000E+00   0.540625000000E+03  -0.451089969778E-10   0.000000000000E+00
  285.   0.157812500000E+03  -0.207449466046E-09   0.000000000000E+00   0.542187500000E+03  -0.891891186551E-10   0.000000000000E+00
  286.   0.156250000000E+03  -0.103162835109E-09   0.000000000000E+00   0.543750000000E+03  -0.440062823916E-10   0.000000000000E+00
  287.   0.154687500000E+03  -0.205376011775E-09   0.000000000000E+00   0.545312500000E+03  -0.869699492874E-10   0.000000000000E+00
  288.   0.153125000000E+03  -0.102105093527E-09   0.000000000000E+00   0.546875000000E+03  -0.428919414332E-10   0.000000000000E+00
  289.   0.151562500000E+03  -0.203219706454E-09   0.000000000000E+00   0.548437500000E+03  -0.847275377625E-10   0.000000000000E+00
  290.   0.150000000000E+03  -0.101005989835E-09   0.000000000000E+00   0.550000000000E+03  -0.417659875755E-10   0.000000000000E+00
  291.   0.148437500000E+03  -0.200980766060E-09   0.000000000000E+00   0.551562500000E+03  -0.824619806523E-10   0.000000000000E+00
  292.   0.146875000000E+03  -0.998656211882E-10   0.000000000000E+00   0.553125000000E+03  -0.406285042961E-10   0.000000000000E+00
  293.   0.145312500000E+03  -0.198659352758E-09   0.000000000000E+00   0.554687500000E+03  -0.801735484021E-10   0.000000000000E+00
  294.   0.143750000000E+03  -0.986840494007E-10   0.000000000000E+00   0.556250000000E+03  -0.394796794912E-10   0.000000000000E+00
  295.   0.142187500000E+03  -0.196255523823E-09   0.000000000000E+00   0.557812500000E+03  -0.778627843725E-10   0.000000000000E+00
  296.   0.140625000000E+03  -0.974612683982E-10   0.000000000000E+00   0.559375000000E+03  -0.383198674270E-10   0.000000000000E+00
  297.   0.139062500000E+03  -0.193769154056E-09   0.000000000000E+00   0.560937500000E+03  -0.755306639762E-10   0.000000000000E+00
  298.   0.137500000000E+03  -0.961971568604E-10   0.000000000000E+00   0.562500000000E+03  -0.371496879035E-10   0.000000000000E+00
  299.   0.135937500000E+03  -0.191199807687E-09   0.000000000000E+00   0.564062500000E+03  -0.731788454165E-10   0.000000000000E+00
  300.   0.134375000000E+03  -0.948913982107E-10   0.000000000000E+00   0.565625000000E+03  -0.359701790569E-10   0.000000000000E+00
  301.   0.132812500000E+03  -0.188546520107E-09   0.000000000000E+00   0.567187500000E+03  -0.708100674931E-10   0.000000000000E+00
  302.   0.131250000000E+03  -0.935433423761E-10   0.000000000000E+00   0.568750000000E+03  -0.347830385389E-10   0.000000000000E+00
  303.   0.129687500000E+03  -0.185807434909E-09   0.000000000000E+00   0.570312500000E+03  -0.684287788317E-10   0.000000000000E+00
  304.   0.128125000000E+03  -0.921517763369E-10   0.000000000000E+00   0.571875000000E+03  -0.335910113595E-10   0.000000000000E+00
  305.   0.126562500000E+03  -0.182979251379E-09   0.000000000000E+00   0.573437500000E+03  -0.660421498697E-10   0.000000000000E+00
  306.   0.125000000000E+03  -0.907145987112E-10   0.000000000000E+00   0.575000000000E+03  -0.323985112781E-10   0.000000000000E+00
  307.   0.123437500000E+03  -0.180056531473E-09   0.000000000000E+00   0.576562500000E+03  -0.636617483298E-10   0.000000000000E+00
  308.   0.121875000000E+03  -0.892284438554E-10   0.000000000000E+00   0.578125000000E+03  -0.312126716677E-10   0.000000000000E+00
  309.   0.120312500000E+03  -0.177031048687E-09   0.000000000000E+00   0.579687500000E+03  -0.613063794961E-10   0.000000000000E+00
  310.   0.118750000000E+03  -0.876884790933E-10   0.000000000000E+00   0.581250000000E+03  -0.300451487777E-10   0.000000000000E+00
  311.   0.117187500000E+03  -0.173891132361E-09   0.000000000000E+00   0.582812500000E+03  -0.590068276013E-10   0.000000000000E+00
  312.   0.115625000000E+03  -0.860879921689E-10   0.000000000000E+00   0.584375000000E+03  -0.289150809585E-10   0.000000000000E+00
  313.   0.114062500000E+03  -0.170619697824E-09   0.000000000000E+00   0.585937500000E+03  -0.568132757439E-10   0.000000000000E+00
  314.   0.112500000000E+03  -0.844170551684E-10   0.000000000000E+00   0.587500000000E+03  -0.278535276707E-10   0.000000000000E+00
  315.   0.110937500000E+03  -0.167185977252E-09   0.000000000000E+00   0.589062500000E+03  -0.548062663497E-10   0.000000000000E+00
  316.   0.109375000000E+03  -0.826548062582E-10   0.000000000000E+00   0.590625000000E+03  -0.269098337665E-10   0.000000000000E+00
  317.   0.107812500000E+03  -0.163526724862E-09   0.000000000000E+00   0.592187500000E+03  -0.531143240908E-10   0.000000000000E+00
  318.   0.106250000000E+03  -0.807605714172E-10   0.000000000000E+00   0.593750000000E+03  -0.261615697887E-10   0.000000000000E+00
  319.   0.104687500000E+03  -0.159503557538E-09   0.000000000000E+00   0.595312500000E+03  -0.519534395319E-10   0.000000000000E+00
  320.   0.103125000000E+03  -0.786339485744E-10   0.000000000000E+00   0.596875000000E+03  -0.257407371481E-10   0.000000000000E+00
  321.   0.101562500000E+03  -0.154860427219E-09   0.000000000000E+00   0.598437500000E+03  -0.517599703683E-10   0.000000000000E+00
