i  r_top  QtopRe  QtopIm  r_bot  QbotRe  QbotIm   [mm, mC]
    1.   0.600000000000E+03  -0.226985087097E-09   0.000000000000E+00   0.100000000000E+03  -0.175926958352E-09   0.000000000000E+00
    2.   0.100000000000E+03  -0.175926958391E-09   0.000000000000E+00   0.600000000000E+03  -0.226985087101E-09   0.000000000000E+00
    3.   0.598437500000E+03  -0.912785428635E-09   0.000000000000E+00   0.101562500000E+03  -0.720432157882E-09   0.000000000000E+00
    4.   0.596875000000E+03  -0.460263476288E-09   0.000000000000E+00   0.103125000000E+03  -0.369595323748E-09   0.000000000000E+00
    5.   0.595312500000E+03  -0.919821268952E-09   0.000000000000E+00   0.104687500000E+03  -0.751125356235E-09   0.000000000000E+00
    6.   0.593750000000E+03  -0.458140229392E-09   0.000000000000E+00   0.106250000000E+03  -0.380373604134E-09   0.000000000000E+00
    7.   0.592187500000E+03  -0.911364329692E-09   0.000000000000E+00   0.107812500000E+03  -0.768835288757E-09   0.000000000000E+00
    8.   0.590625000000E+03  -0.452506016563E-09   0.000000000000E+00   0.109375000000E+03  -0.387892254347E-09   0.000000000000E+00
    9.   0.589062500000E+03  -0.898729071694E-09   0.000000000000E+00   0.110937500000E+03  -0.782319780576E-09   0.000000000000E+00
   10.   0.587500000000E+03  -0.445936407246E-09   0.000000000000E+00   0.112500000000E+03  -0.394208458277E-09   0.000000000000E+00
   11.   0.585937500000E+03  -0.885745764483E-09   0.000000000000E+00   0.114062500000E+03  -0.794683289735E-09   0.000000000000E+00
   12.   0.584375000000E+03  -0.439573016375E-09   0.000000000000E+00   0.115625000000E+03  -0.400296496808E-09   0.000000000000E+00
   13.   0.582812500000E+03  -0.873149507180E-09   0.000000000000E+00   0.117187500000E+03  -0.806613826953E-09   0.000000000000E+00
   14.   0.581250000000E+03  -0.433351227466E-09   0.000000000000E+00   0.118750000000E+03  -0.406146509281E-09   0.000000000000E+00
   15.   0.579687500000E+03  -0.860751319622E-09   0.000000000000E+00   0.120312500000E+03  -0.818020734568E-09   0.000000000000E+00
   16.   0.578125000000E+03  -0.427174094749E-09   0.000000000000E+00   0.121875000000E+03  -0.411701854396E-09   0.000000000000E+00
   17.   0.576562500000E+03  -0.848381446673E-09   0.000000000000E+00   0.123437500000E+03  -0.828798306717E-09   0.000000000000E+00
   18.   0.575000000000E+03  -0.420981890673E-09   0.000000000000E+00   0.125000000000E+03  -0.416924036206E-09   0.000000000000E+00
   19.   0.573437500000E+03  -0.835974282544E-09   0.000000000000E+00   0.126562500000E+03  -0.838908656172E-09   0.000000000000E+00
   20.   0.571875000000E+03  -0.414768509223E-09   0.000000000000E+00   0.128125000000E+03  -0.421813322210E-09   0.000000000000E+00
   21.   0.570312500000E+03  -0.823536700727E-09   0.000000000000E+00   0.129687500000E+03  -0.848365780240E-09   0.000000000000E+00
   22.   0.568750000000E+03  -0.408546243095E-09   0.000000000000E+00   0.131250000000E+03  -0.426382696375E-09   0.000000000000E+00
   23.   0.567187500000E+03  -0.811097032844E-09   0.000000000000E+00   0.132812500000E+03  -0.857197430736E-09   0.000000000000E+00
   24.   0.565625000000E+03  -0.402330861544E-09   0.000000000000E+00   0.134375000000E+03  -0.430646639691E-09   0.000000000000E+00
   25.   0.564062500000E+03  -0.798684375839E-09   0.000000000000E+00   0.135937500000E+03  -0.865429584218E-09   0.000000000000E+00
   26.   0.562500000000E+03  -0.396135592092E-09   0.000000000000E+00   0.137500000000E+03  -0.434616540630E-09   0.000000000000E+00
   27.   0.560937500000E+03  -0.786321948996E-09   0.000000000000E+00   0.139062500000E+03  -0.873081599938E-09   0.000000000000E+00
   28.   0.559375000000E+03  -0.389970424143E-09   0.000000000000E+00   0.140625000000E+03  -0.438300366051E-09   0.000000000000E+00
   29.   0.557812500000E+03  -0.774027130347E-09   0.000000000000E+00   0.142187500000E+03  -0.880166722450E-09   0.000000000000E+00
   30.   0.556250000000E+03  -0.383842745180E-09   0.000000000000E+00   0.143750000000E+03  -0.441703398684E-09   0.000000000000E+00
   31.   0.554687500000E+03  -0.761812910204E-09   0.000000000000E+00   0.145312500000E+03  -0.886693659911E-09   0.000000000000E+00
   32.   0.553125000000E+03  -0.377758161211E-09   0.000000000000E+00   0.146875000000E+03  -0.444829073334E-09   0.000000000000E+00
   33.   0.551562500000E+03  -0.749689336395E-09   0.000000000000E+00   0.148437500000E+03  -0.892668087754E-09   0.000000000000E+00
   34.   0.550000000000E+03  -0.371721113951E-09   0.000000000000E+00   0.150000000000E+03  -0.447679633205E-09   0.000000000000E+00
   35.   0.548437500000E+03  -0.737664565838E-09   0.000000000000E+00   0.151562500000E+03  -0.898093758796E-09   0.000000000000E+00
   36.   0.546875000000E+03  -0.365735315400E-09   0.000000000000E+00   0.153125000000E+03  -0.450256587753E-09   0.000000000000E+00
   37.   0.545312500000E+03  -0.725745571685E-09   0.000000000000E+00   0.154687500000E+03  -0.902973266143E-09   0.000000000000E+00
   38.   0.543750000000E+03  -0.359804025391E-09   0.000000000000E+00   0.156250000000E+03  -0.452561027215E-09   0.000000000000E+00
   39.   0.542187500000E+03  -0.713938608627E-09   0.000000000000E+00   0.157812500000E+03  -0.907308564297E-09   0.000000000000E+00
   40.   0.540625000000E+03  -0.353930236105E-09   0.000000000000E+00   0.159375000000E+03  -0.454593819185E-09   0.000000000000E+00
   41.   0.539062500000E+03  -0.702249516063E-09   0.000000000000E+00   0.160937500000E+03  -0.911101321875E-09   0.000000000000E+00
   42.   0.537500000000E+03  -0.348116793827E-09   0.000000000000E+00   0.162500000000E+03  -0.456355764241E-09   0.000000000000E+00
   43.   0.535937500000E+03  -0.690683914576E-09   0.000000000000E+00   0.164062500000E+03  -0.914353160368E-09   0.000000000000E+00
   44.   0.534375000000E+03  -0.342366469799E-09   0.000000000000E+00   0.165625000000E+03  -0.457847687381E-09   0.000000000000E+00
   45.   0.532812500000E+03  -0.679247336525E-09   0.000000000000E+00   0.167187500000E+03  -0.917065820817E-09   0.000000000000E+00
   46.   0.531250000000E+03  -0.336682022495E-09   0.000000000000E+00   0.168750000000E+03  -0.459070506013E-09   0.000000000000E+00
   47.   0.529687500000E+03  -0.667945307877E-09   0.000000000000E+00   0.170312500000E+03  -0.919241280578E-09   0.000000000000E+00
   48.   0.528125000000E+03  -0.331066219043E-09   0.000000000000E+00   0.171875000000E+03  -0.460025279470E-09   0.000000000000E+00
   49.   0.526562500000E+03  -0.656783399929E-09   0.000000000000E+00   0.173437500000E+03  -0.920881833477E-09   0.000000000000E+00
   50.   0.525000000000E+03  -0.325521863161E-09   0.000000000000E+00   0.175000000000E+03  -0.460713245608E-09   0.000000000000E+00
   51.   0.523437500000E+03  -0.645767261329E-09   0.000000000000E+00   0.176562500000E+03  -0.921990147522E-09   0.000000000000E+00
   52.   0.521875000000E+03  -0.320051798391E-09   0.000000000000E+00   0.178125000000E+03  -0.461135838946E-09   0.000000000000E+00
   53.   0.520312500000E+03  -0.634902640608E-09   0.000000000000E+00   0.179687500000E+03  -0.922569309064E-09   0.000000000000E+00
   54.   0.518750000000E+03  -0.314658925518E-09   0.000000000000E+00   0.181250000000E+03  -0.461294709138E-09   0.000000000000E+00
   55.   0.517187500000E+03  -0.624195392869E-09   0.000000000000E+00   0.182812500000E+03  -0.922622851635E-09   0.000000000000E+00
   56.   0.515625000000E+03  -0.309346198863E-09   0.000000000000E+00   0.184375000000E+03  -0.461191740360E-09   0.000000000000E+00
   57.   0.514062500000E+03  -0.613651484832E-09   0.000000000000E+00   0.185937500000E+03  -0.922154780505E-09   0.000000000000E+00
   58.   0.512500000000E+03  -0.304116628933E-09   0.000000000000E+00   0.187500000000E+03  -0.460829056010E-09   0.000000000000E+00
   59.   0.510937500000E+03  -0.603276997089E-09   0.000000000000E+00   0.189062500000E+03  -0.921169590026E-09   0.000000000000E+00
   60.   0.509375000000E+03  -0.298973283411E-09   0.000000000000E+00   0.190625000000E+03  -0.460209027114E-09   0.000000000000E+00
   61.   0.507812500000E+03  -0.593078120340E-09   0.000000000000E+00   0.192187500000E+03  -0.919672279009E-09   0.000000000000E+00
   62.   0.506250000000E+03  -0.293919283327E-09   0.000000000000E+00   0.193750000000E+03  -0.459334284098E-09   0.000000000000E+00
   63.   0.504687500000E+03  -0.583061151354E-09   0.000000000000E+00   0.195312500000E+03  -0.917668362793E-09   0.000000000000E+00
   64.   0.503125000000E+03  -0.288957802476E-09   0.000000000000E+00   0.196875000000E+03  -0.458207709374E-09   0.000000000000E+00
   65.   0.501562500000E+03  -0.573232488970E-09   0.000000000000E+00   0.198437500000E+03  -0.915163882369E-09   0.000000000000E+00
   66.   0.500000000000E+03  -0.284092064426E-09   0.000000000000E+00   0.200000000000E+03  -0.456832458093E-09   0.000000000000E+00
   67.   0.498437500000E+03  -0.563598627518E-09   0.000000000000E+00   0.201562500000E+03  -0.912165411235E-09   0.000000000000E+00
   68.   0.496875000000E+03  -0.279325338212E-09   0.000000000000E+00   0.203125000000E+03  -0.455211953857E-09   0.000000000000E+00
   69.   0.495312500000E+03  -0.554166150442E-09   0.000000000000E+00   0.204687500000E+03  -0.908680063805E-09   0.000000000000E+00
   70.   0.493750000000E+03  -0.274660936307E-09   0.000000000000E+00   0.206250000000E+03  -0.453349886735E-09   0.000000000000E+00
   71.   0.492187500000E+03  -0.544941723837E-09   0.000000000000E+00   0.207812500000E+03  -0.904715500808E-09   0.000000000000E+00
   72.   0.490625000000E+03  -0.270102208437E-09   0.000000000000E+00   0.209375000000E+03  -0.451250224783E-09   0.000000000000E+00
   73.   0.489062500000E+03  -0.535932087233E-09   0.000000000000E+00   0.210937500000E+03  -0.900279934311E-09   0.000000000000E+00
   74.   0.487500000000E+03  -0.265652543816E-09   0.000000000000E+00   0.212500000000E+03  -0.448917210183E-09   0.000000000000E+00
   75.   0.485937500000E+03  -0.527144047004E-09   0.000000000000E+00   0.214062500000E+03  -0.895382129596E-09   0.000000000000E+00
   76.   0.484375000000E+03  -0.261315358365E-09   0.000000000000E+00   0.215625000000E+03  -0.446355364910E-09   0.000000000000E+00
   77.   0.482812500000E+03  -0.518584466624E-09   0.000000000000E+00   0.217187500000E+03  -0.890031407789E-09   0.000000000000E+00
   78.   0.481250000000E+03  -0.257094096508E-09   0.000000000000E+00   0.218750000000E+03  -0.443569489634E-09   0.000000000000E+00
   79.   0.479687500000E+03  -0.510260254938E-09   0.000000000000E+00   0.220312500000E+03  -0.884237647534E-09   0.000000000000E+00
   80.   0.478125000000E+03  -0.252992221098E-09   0.000000000000E+00   0.221875000000E+03  -0.440564660915E-09   0.000000000000E+00
   81.   0.476562500000E+03  -0.502178353827E-09   0.000000000000E+00   0.223437500000E+03  -0.878011283634E-09   0.000000000000E+00
   82.   0.475000000000E+03  -0.249013208788E-09   0.000000000000E+00   0.225000000000E+03  -0.437346231320E-09   0.000000000000E+00
   83.   0.473437500000E+03  -0.494345722807E-09   0.000000000000E+00   0.226562500000E+03  -0.871363300528E-09   0.000000000000E+00
   84.   0.471875000000E+03  -0.245160539482E-09   0.000000000000E+00   0.228125000000E+03  -0.433919833754E-09   0.000000000000E+00
   85.   0.470312500000E+03  -0.486769316650E-09   0.000000000000E+00   0.229687500000E+03  -0.864305226653E-09   0.000000000000E+00
   86.   0.468750000000E+03  -0.241437686281E-09   0.000000000000E+00   0.231250000000E+03  -0.430291363654E-09   0.000000000000E+00
   87.   0.467187500000E+03  -0.479456060400E-09   0.000000000000E+00   0.232812500000E+03  -0.856849116719E-09   0.000000000000E+00
   88.   0.465625000000E+03  -0.237848098248E-09   0.000000000000E+00   0.234375000000E+03  -0.426466975574E-09   0.000000000000E+00
   89.   0.464062500000E+03  -0.472412809500E-09   0.000000000000E+00   0.235937500000E+03  -0.849007530725E-09   0.000000000000E+00
   90.   0.462500000000E+03  -0.234395179467E-09   0.000000000000E+00   0.237500000000E+03  -0.422453072182E-09   0.000000000000E+00
   91.   0.460937500000E+03  -0.465646295924E-09   0.000000000000E+00   0.239062500000E+03  -0.840793496279E-09   0.000000000000E+00
   92.   0.459375000000E+03  -0.231082255934E-09   0.000000000000E+00   0.240625000000E+03  -0.418256277007E-09   0.000000000000E+00
   93.   0.457812500000E+03  -0.459163051154E-09   0.000000000000E+00   0.242187500000E+03  -0.832220453192E-09   0.000000000000E+00
   94.   0.456250000000E+03  -0.227912531676E-09   0.000000000000E+00   0.243750000000E+03  -0.413883405069E-09   0.000000000000E+00
   95.   0.454687500000E+03  -0.452969292991E-09   0.000000000000E+00   0.245312500000E+03  -0.823302167945E-09   0.000000000000E+00
   96.   0.453125000000E+03  -0.224889018449E-09   0.000000000000E+00   0.246875000000E+03  -0.409341405933E-09   0.000000000000E+00
   97.   0.451562500000E+03  -0.447070759995E-09   0.000000000000E+00   0.248437500000E+03  -0.814052602680E-09   0.000000000000E+00
   98.   0.450000000000E+03  -0.222014440550E-09   0.000000000000E+00   0.250000000000E+03  -0.404637287234E-09   0.000000000000E+00
   99.   0.448437500000E+03  -0.441472466719E-09   0.000000000000E+00   0.251562500000E+03  -0.804485719143E-09   0.000000000000E+00
  100.   0.446875000000E+03  -0.219291087158E-09   0.000000000000E+00   0.253125000000E+03  -0.399778001801E-09   0.000000000000E+00
  101.   0.445312500000E+03  -0.436178339078E-09   0.000000000000E+00   0.254687500000E+03  -0.794615180024E-09   0.000000000000E+00
  102.   0.443750000000E+03  -0.216720593163E-09   0.000000000000E+00   0.256250000000E+03  -0.394770259595E-09   0.000000000000E+00
  103.   0.442187500000E+03  -0.431190673161E-09   0.000000000000E+00   0.257812500000E+03  -0.784453900909E-09   0.000000000000E+00
  104.   0.440625000000E+03  -0.214303618961E-09   0.000000000000E+00   0.259375000000E+03  -0.389620261820E-09   0.000000000000E+00
  105.   0.439062500000E+03  -0.426509327017E-09   0.000000000000E+00   0.260937500000E+03  -0.774013366170E-09   0.000000000000E+00
  106.   0.437500000000E+03  -0.212039363116E-09   0.000000000000E+00   0.262500000000E+03  -0.384333292702E-09   0.000000000000E+00
  107.   0.435937500000E+03  -0.422130514012E-09   0.000000000000E+00   0.264062500000E+03  -0.763302606878E-09   0.000000000000E+00
  108.   0.434375000000E+03  -0.209924842225E-09   0.000000000000E+00   0.265625000000E+03  -0.378913097206E-09   0.000000000000E+00
  109.   0.432812500000E+03  -0.418045000771E-09   0.000000000000E+00   0.267187500000E+03  -0.752326646813E-09   0.000000000000E+00
  110.   0.431250000000E+03  -0.207953809989E-09   0.000000000000E+00   0.268750000000E+03  -0.373360957431E-09   0.000000000000E+00
  111.   0.429687500000E+03  -0.414235409412E-09   0.000000000000E+00   0.270312500000E+03  -0.741084160250E-09   0.000000000000E+00
  112.   0.428125000000E+03  -0.206115142524E-09   0.000000000000E+00   0.271875000000E+03  -0.367674273271E-09   0.000000000000E+00
  113.   0.426562500000E+03  -0.410672185717E-09   0.000000000000E+00   0.273437500000E+03  -0.729563935955E-09   0.000000000000E+00
  114.   0.425000000000E+03  -0.204390422030E-09   0.000000000000E+00   0.275000000000E+03  -0.361844440203E-09   0.000000000000E+00
  115.   0.423437500000E+03  -0.407307565486E-09   0.000000000000E+00   0.276562500000E+03  -0.717739530721E-09   0.000000000000E+00
  116.   0.421875000000E+03  -0.202750320944E-09   0.000000000000E+00   0.278125000000E+03  -0.355853636313E-09   0.000000000000E+00
  117.   0.420312500000E+03  -0.404066545818E-09   0.000000000000E+00   0.279687500000E+03  -0.705561203729E-09   0.000000000000E+00
  118.   0.418750000000E+03  -0.201149194868E-09   0.000000000000E+00   0.281250000000E+03  -0.349669968685E-09   0.000000000000E+00
  119.   0.417187500000E+03  -0.400833375335E-09   0.000000000000E+00   0.282812500000E+03  -0.692943731742E-09   0.000000000000E+00
  120.   0.415625000000E+03  -0.199516984071E-09   0.000000000000E+00   0.284375000000E+03  -0.343240150717E-09   0.000000000000E+00
  121.   0.414062500000E+03  -0.397431336395E-09   0.000000000000E+00   0.285937500000E+03  -0.679748006555E-09   0.000000000000E+00
  122.   0.412500000000E+03  -0.197747101217E-09   0.000000000000E+00   0.287500000000E+03  -0.336478427246E-09   0.000000000000E+00
  123.   0.410937500000E+03  -0.393592489221E-09   0.000000000000E+00   0.289062500000E+03  -0.665753250223E-09   0.000000000000E+00
  124.   0.409375000000E+03  -0.195678301344E-09   0.000000000000E+00   0.290625000000E+03  -0.329249872429E-09   0.000000000000E+00
  125.   0.407812500000E+03  -0.388912397061E-09   0.000000000000E+00   0.292187500000E+03  -0.650615057202E-09   0.000000000000E+00
  126.   0.406250000000E+03  -0.193067553080E-09   0.000000000000E+00   0.293750000000E+03  -0.321345160668E-09   0.000000000000E+00
  127.   0.404687500000E+03  -0.382782374378E-09   0.000000000000E+00   0.295312500000E+03  -0.633802045622E-09   0.000000000000E+00
  128.   0.403125000000E+03  -0.189549437957E-09   0.000000000000E+00   0.296875000000E+03  -0.312442465178E-09   0.000000000000E+00
  129.   0.401562500000E+03  -0.374288110219E-09   0.000000000000E+00   0.298437500000E+03  -0.614500212479E-09   0.000000000000E+00
  130.   0.400000000000E+03  -0.184575402902E-09   0.000000000000E+00   0.300000000000E+03  -0.302049943551E-09   0.000000000000E+00
  131.   0.398437500000E+03  -0.362057990184E-09   0.000000000000E+00   0.301562500000E+03  -0.591468544029E-09   0.000000000000E+00
  132.   0.396875000000E+03  -0.177322852639E-09   0.000000000000E+00   0.303125000000E+03  -0.289418891369E-09   0.000000000000E+00
  133.   0.395312500000E+03  -0.344036120086E-09   0.000000000000E+00   0.304687500000E+03  -0.562821010120E-09   0.000000000000E+00
  134.   0.393750000000E+03  -0.166559070896E-09   0.000000000000E+00   0.306250000000E+03  -0.273412586874E-09   0.000000000000E+00
  135.   0.392187500000E+03  -0.317142554390E-09   0.000000000000E+00   0.307812500000E+03  -0.525697309001E-09   0.000000000000E+00
  136.   0.390625000000E+03  -0.150437337861E-09   0.000000000000E+00   0.309375000000E+03  -0.252308038581E-09   0.000000000000E+00
  137.   0.389062500000E+03  -0.276763883641E-09   0.000000000000E+00   0.310937500000E+03  -0.475764873543E-09   0.000000000000E+00
  138.   0.387500000000E+03  -0.126190713655E-09   0.000000000000E+00   0.312500000000E+03  -0.223495641281E-09   0.000000000000E+00
  139.   0.385937500000E+03  -0.215988137096E-09   0.000000000000E+00   0.314062500000E+03  -0.406464433045E-09   0.000000000000E+00
  140.   0.384375000000E+03  -0.896707469051E-10   0.000000000000E+00   0.315625000000E+03  -0.183022901844E-09   0.000000000000E+00
  141.   0.382812500000E+03  -0.124450744709E-09   0.000000000000E+00   0.317187500000E+03  -0.307862433800E-09   0.000000000000E+00
  142.   0.381250000000E+03  -0.346472391349E-10   0.000000000000E+00   0.318750000000E+03  -0.124896205447E-09   0.000000000000E+00
  143.   0.379687500000E+03   0.134066431095E-10   0.000000000000E+00   0.320312500000E+03  -0.164904930132E-09   0.000000000000E+00
  144.   0.378125000000E+03   0.482520954166E-10   0.000000000000E+00   0.321875000000E+03  -0.400147354460E-10   0.000000000000E+00
  145.   0.376562500000E+03   0.220945732937E-09   0.000000000000E+00   0.323437500000E+03   0.452239780260E-10   0.000000000000E+00
  146.   0.375000000000E+03   0.173163608619E-09   0.000000000000E+00   0.325000000000E+03   0.854740809401E-10   0.000000000000E+00
  147.   0.373437500000E+03   0.533192026607E-09   0.000000000000E+00   0.326562500000E+03   0.357048345554E-09   0.000000000000E+00
  148.   0.371875000000E+03   0.361345609602E-09   0.000000000000E+00   0.328125000000E+03   0.272592657824E-09   0.000000000000E+00
  149.   0.370312500000E+03   0.100184761779E-08   0.000000000000E+00   0.329687500000E+03   0.822040111635E-09   0.000000000000E+00
  150.   0.368750000000E+03   0.644588769737E-09   0.000000000000E+00   0.331250000000E+03   0.553083582127E-09   0.000000000000E+00
  151.   0.367187500000E+03   0.170294267223E-08   0.000000000000E+00   0.332812500000E+03   0.151662607423E-08   0.000000000000E+00
  152.   0.365625000000E+03   0.107002139721E-08   0.000000000000E+00   0.334375000000E+03   0.974450291187E-09   0.000000000000E+00
  153.   0.364062500000E+03   0.273765233708E-08   0.000000000000E+00   0.335937500000E+03   0.254406245361E-08   0.000000000000E+00
  154.   0.362500000000E+03   0.170423434550E-08   0.000000000000E+00   0.337500000000E+03   0.160470466888E-08   0.000000000000E+00
  155.   0.360937500000E+03   0.427056949678E-08   0.000000000000E+00   0.339062500000E+03   0.407260982378E-08   0.000000000000E+00
  156.   0.359375000000E+03   0.267328650017E-08   0.000000000000E+00   0.340625000000E+03   0.257194018203E-08   0.000000000000E+00
  157.   0.357812500000E+03   0.644861893313E-08   0.000000000000E+00   0.342187500000E+03   0.625914939396E-08   0.000000000000E+00
  158.   0.356250000000E+03   0.409678311484E-08   0.000000000000E+00   0.343750000000E+03   0.400315478223E-08   0.000000000000E+00
  159.   0.354687500000E+03   0.101401737643E-07   0.000000000000E+00   0.345312500000E+03   0.997780396153E-08   0.000000000000E+00
  160.   0.353125000000E+03   0.704804914690E-08   0.000000000000E+00   0.346875000000E+03   0.697018595940E-08   0.000000000000E+00
  161.   0.351562500000E+03   0.161206887135E-07   0.000000000000E+00   0.348437500000E+03   0.160490431815E-07   0.000000000000E+00
  162.   0.350000000000E+03   0.249896505130E-07   0.000000000000E+00   0.350000000000E+03   0.249896505129E-07   0.000000000000E+00
  163.   0.348437500000E+03   0.160490431813E-07   0.000000000000E+00   0.351562500000E+03   0.161206887136E-07   0.000000000000E+00
  164.   0.346875000000E+03   0.697018595985E-08   0.000000000000E+00   0.353125000000E+03   0.704804914669E-08   0.000000000000E+00
  165.   0.345312500000E+03   0.997780396118E-08   0.000000000000E+00   0.354687500000E+03   0.101401737645E-07   0.000000000000E+00
  166.   0.343750000000E+03   0.400315478246E-08   0.000000000000E+00   0.356250000000E+03   0.409678311530E-08   0.000000000000E+00
  167.   0.342187500000E+03   0.625914939337E-08   0.000000000000E+00   0.357812500000E+03   0.644861893336E-08   0.000000000000E+00
  168.   0.340625000000E+03   0.257194018158E-08   0.000000000000E+00   0.359375000000E+03   0.267328650072E-08   0.000000000000E+00
  169.   0.339062500000E+03   0.407260982333E-08   0.000000000000E+00   0.360937500000E+03   0.427056949683E-08   0.000000000000E+00
  170.   0.337500000000E+03   0.160470466884E-08   0.000000000000E+00   0.362500000000E+03   0.170423434566E-08   0.000000000000E+00
  171.   0.335937500000E+03   0.254406245325E-08   0.000000000000E+00   0.364062500000E+03   0.273765233718E-08   0.000000000000E+00
  172.   0.334375000000E+03   0.974450291331E-09   0.000000000000E+00   0.365625000000E+03   0.107002139654E-08   0.000000000000E+00
  173.   0.332812500000E+03   0.151662607369E-08   0.000000000000E+00   0.367187500000E+03   0.170294267254E-08   0.000000000000E+00
  174.   0.331250000000E+03   0.553083581818E-09   0.000000000000E+00   0.368750000000E+03   0.644588770350E-09   0.000000000000E+00
  175.   0.329687500000E+03   0.822040111241E-09   0.000000000000E+00   0.370312500000E+03   0.100184761829E-08   0.000000000000E+00
  176.   0.328125000000E+03   0.272592657825E-09   0.000000000000E+00   0.371875000000E+03   0.361345610087E-09   0.000000000000E+00
  177.   0.326562500000E+03   0.357048345232E-09   0.000000000000E+00   0.373437500000E+03   0.533192026949E-09   0.000000000000E+00
  178.   0.325000000000E+03   0.854740816258E-10   0.000000000000E+00   0.375000000000E+03   0.173163608966E-09   0.000000000000E+00
  179.   0.323437500000E+03   0.452239781472E-10   0.000000000000E+00   0.376562500000E+03   0.220945733465E-09   0.000000000000E+00
  180.   0.321875000000E+03  -0.400147349357E-10   0.000000000000E+00   0.378125000000E+03   0.482520951295E-10   0.000000000000E+00
  181.   0.320312500000E+03  -0.164904930164E-09   0.000000000000E+00   0.379687500000E+03   0.134066437278E-10   0.000000000000E+00
  182.   0.318750000000E+03  -0.124896205757E-09   0.000000000000E+00   0.381250000000E+03  -0.346472389533E-10   0.000000000000E+00
  183.   0.317187500000E+03  -0.307862434424E-09   0.000000000000E+00   0.382812500000E+03  -0.124450743951E-09   0.000000000000E+00
  184.   0.315625000000E+03  -0.183022902383E-09   0.000000000000E+00   0.384375000000E+03  -0.896707470256E-10   0.000000000000E+00
  185.   0.314062500000E+03  -0.406464433548E-09   0.000000000000E+00   0.385937500000E+03  -0.215988136325E-09   0.000000000000E+00
  186.   0.312500000000E+03  -0.223495641219E-09   0.000000000000E+00   0.387500000000E+03  -0.126190713549E-09   0.000000000000E+00
  187.   0.310937500000E+03  -0.475764873992E-09   0.000000000000E+00   0.389062500000E+03  -0.276763882913E-09   0.000000000000E+00
  188.   0.309375000000E+03  -0.252308037826E-09   0.000000000000E+00   0.390625000000E+03  -0.150437337593E-09   0.000000000000E+00
  189.   0.307812500000E+03  -0.525697308858E-09   0.000000000000E+00   0.392187500000E+03  -0.317142553916E-09   0.000000000000E+00
  190.   0.306250000000E+03  -0.273412586294E-09   0.000000000000E+00   0.393750000000E+03  -0.166559070581E-09   0.000000000000E+00
  191.   0.304687500000E+03  -0.562821009814E-09   0.000000000000E+00   0.395312500000E+03  -0.344036119487E-09   0.000000000000E+00
  192.   0.303125000000E+03  -0.289418890838E-09   0.000000000000E+00   0.396875000000E+03  -0.177322852727E-09   0.000000000000E+00
  193.   0.301562500000E+03  -0.591468543889E-09   0.000000000000E+00   0.398437500000E+03  -0.362057989657E-09   0.000000000000E+00
  194.   0.300000000000E+03  -0.302049943540E-09   0.000000000000E+00   0.400000000000E+03  -0.184575402545E-09   0.000000000000E+00
  195.   0.298437500000E+03  -0.614500212432E-09   0.000000000000E+00   0.401562500000E+03  -0.374288109779E-09   0.000000000000E+00
  196.   0.296875000000E+03  -0.312442466024E-09   0.000000000000E+00   0.403125000000E+03  -0.189549438004E-09   0.000000000000E+00
  197.   0.295312500000E+03  -0.633802045990E-09   0.000000000000E+00   0.404687500000E+03  -0.382782374002E-09   0.000000000000E+00
  198.   0.293750000000E+03  -0.321345160789E-09   0.000000000000E+00   0.406250000000E+03  -0.193067552819E-09   0.000000000000E+00
  199.   0.292187500000E+03  -0.650615057839E-09   0.000000000000E+00   0.407812500000E+03  -0.388912396753E-09   0.000000000000E+00
  200.   0.290625000000E+03  -0.329249872545E-09   0.000000000000E+00   0.409375000000E+03  -0.195678301361E-09   0.000000000000E+00
  201.   0.289062500000E+03  -0.665753250591E-09   0.000000000000E+00   0.410937500000E+03  -0.393592488694E-09   0.000000000000E+00
  202.   0.287500000000E+03  -0.336478426565E-09   0.000000000000E+00   0.412500000000E+03  -0.197747101189E-09   0.000000000000E+00
  203.   0.285937500000E+03  -0.679748006413E-09   0.000000000000E+00   0.414062500000E+03  -0.397431335620E-09   0.000000000000E+00
  204.   0.284375000000E+03  -0.343240150827E-09   0.000000000000E+00   0.415625000000E+03  -0.199516983953E-09   0.000000000000E+00
  205.   0.282812500000E+03  -0.692943731437E-09   0.000000000000E+00   0.417187500000E+03  -0.400833374765E-09   0.000000000000E+00
  206.   0.281250000000E+03  -0.349669969706E-09   0.000000000000E+00   0.418750000000E+03  -0.201149194766E-09   0.000000000000E+00
  207.   0.279687500000E+03  -0.705561203357E-09   0.000000000000E+00   0.420312500000E+03  -0.404066545446E-09   0.000000000000E+00
  208.   0.278125000000E+03  -0.355853637128E-09   0.000000000000E+00   0.421875000000E+03  -0.202750321062E-09   0.000000000000E+00
  209.   0.276562500000E+03  -0.717739530277E-09   0.000000000000E+00   0.423437500000E+03  -0.407307565149E-09   0.000000000000E+00
  210.   0.275000000000E+03  -0.361844440396E-09   0.000000000000E+00   0.425000000000E+03  -0.204390421589E-09   0.000000000000E+00
  211.   0.273437500000E+03  -0.729563935609E-09   0.000000000000E+00   0.426562500000E+03  -0.410672185262E-09   0.000000000000E+00
  212.   0.271875000000E+03  -0.367674273350E-09   0.000000000000E+00   0.428125000000E+03  -0.206115141904E-09   0.000000000000E+00
  213.   0.270312500000E+03  -0.741084160140E-09   0.000000000000E+00   0.429687500000E+03  -0.414235408914E-09   0.000000000000E+00
  214.   0.268750000000E+03  -0.373360957825E-09   0.000000000000E+00   0.431250000000E+03  -0.207953809773E-09   0.000000000000E+00
  215.   0.267187500000E+03  -0.752326646468E-09   0.000000000000E+00   0.432812500000E+03  -0.418045000312E-09   0.000000000000E+00
  216.   0.265625000000E+03  -0.378913098251E-09   0.000000000000E+00   0.434375000000E+03  -0.209924841716E-09   0.000000000000E+00
  217.   0.264062500000E+03  -0.763302606765E-09   0.000000000000E+00   0.435937500000E+03  -0.422130513711E-09   0.000000000000E+00
  218.   0.262500000000E+03  -0.384333292683E-09   0.000000000000E+00   0.437500000000E+03  -0.212039362591E-09   0.000000000000E+00
  219.   0.260937500000E+03  -0.774013366163E-09   0.000000000000E+00   0.439062500000E+03  -0.426509326696E-09   0.000000000000E+00
  220.   0.259375000000E+03  -0.389620262037E-09   0.000000000000E+00   0.440625000000E+03  -0.214303618253E-09   0.000000000000E+00
  221.   0.257812500000E+03  -0.784453900353E-09   0.000000000000E+00   0.442187500000E+03  -0.431190672852E-09   0.000000000000E+00
  222.   0.256250000000E+03  -0.394770259390E-09   0.000000000000E+00   0.443750000000E+03  -0.216720593393E-09   0.000000000000E+00
  223.   0.254687500000E+03  -0.794615179722E-09   0.000000000000E+00   0.445312500000E+03  -0.436178338917E-09   0.000000000000E+00
  224.   0.253125000000E+03  -0.399778001782E-09   0.000000000000E+00   0.446875000000E+03  -0.219291086553E-09   0.000000000000E+00
  225.   0.251562500000E+03  -0.804485718792E-09   0.000000000000E+00   0.448437500000E+03  -0.441472466539E-09   0.000000000000E+00
  226.   0.250000000000E+03  -0.404637288139E-09   0.000000000000E+00   0.450000000000E+03  -0.222014439988E-09   0.000000000000E+00
  227.   0.248437500000E+03  -0.814052602697E-09   0.000000000000E+00   0.451562500000E+03  -0.447070759539E-09   0.000000000000E+00
  228.   0.246875000000E+03  -0.409341405618E-09   0.000000000000E+00   0.453125000000E+03  -0.224889018069E-09   0.000000000000E+00
  229.   0.245312500000E+03  -0.823302168255E-09   0.000000000000E+00   0.454687500000E+03  -0.452969292276E-09   0.000000000000E+00
  230.   0.243750000000E+03  -0.413883405732E-09   0.000000000000E+00   0.456250000000E+03  -0.227912531249E-09   0.000000000000E+00
  231.   0.242187500000E+03  -0.832220454323E-09   0.000000000000E+00   0.457812500000E+03  -0.459163050492E-09   0.000000000000E+00
  232.   0.240625000000E+03  -0.418256278977E-09   0.000000000000E+00   0.459375000000E+03  -0.231082256304E-09   0.000000000000E+00
  233.   0.239062500000E+03  -0.840793497496E-09   0.000000000000E+00   0.460937500000E+03  -0.465646295563E-09   0.000000000000E+00
  234.   0.237500000000E+03  -0.422453072637E-09   0.000000000000E+00   0.462500000000E+03  -0.234395179607E-09   0.000000000000E+00
  235.   0.235937500000E+03  -0.849007531836E-09   0.000000000000E+00   0.464062500000E+03  -0.472412809126E-09   0.000000000000E+00
  236.   0.234375000000E+03  -0.426466974209E-09   0.000000000000E+00   0.465625000000E+03  -0.237848098052E-09   0.000000000000E+00
  237.   0.232812500000E+03  -0.856849117605E-09   0.000000000000E+00   0.467187500000E+03  -0.479456059833E-09   0.000000000000E+00
  238.   0.231250000000E+03  -0.430291363270E-09   0.000000000000E+00   0.468750000000E+03  -0.241437685713E-09   0.000000000000E+00
  239.   0.229687500000E+03  -0.864305227343E-09   0.000000000000E+00   0.470312500000E+03  -0.486769316038E-09   0.000000000000E+00
  240.   0.228125000000E+03  -0.433919833902E-09   0.000000000000E+00   0.471875000000E+03  -0.245160539215E-09   0.000000000000E+00
  241.   0.226562500000E+03  -0.871363301054E-09   0.000000000000E+00   0.473437500000E+03  -0.494345721912E-09   0.000000000000E+00
  242.   0.225000000000E+03  -0.437346231404E-09   0.000000000000E+00   0.475000000000E+03  -0.249013208622E-09   0.000000000000E+00
  243.   0.223437500000E+03  -0.878011283708E-09   0.000000000000E+00   0.476562500000E+03  -0.502178352877E-09   0.000000000000E+00
  244.   0.221875000000E+03  -0.440564660553E-09   0.000000000000E+00   0.478125000000E+03  -0.252992220940E-09   0.000000000000E+00
  245.   0.220312500000E+03  -0.884237647707E-09   0.000000000000E+00   0.479687500000E+03  -0.510260254121E-09   0.000000000000E+00
  246.   0.218750000000E+03  -0.443569489751E-09   0.000000000000E+00   0.481250000000E+03  -0.257094096714E-09   0.000000000000E+00
  247.   0.217187500000E+03  -0.890031407420E-09   0.000000000000E+00   0.482812500000E+03  -0.518584465942E-09   0.000000000000E+00
  248.   0.215625000000E+03  -0.446355365272E-09   0.000000000000E+00   0.484375000000E+03  -0.261315358867E-09   0.000000000000E+00
  249.   0.214062500000E+03  -0.895382129532E-09   0.000000000000E+00   0.485937500000E+03  -0.527144046353E-09   0.000000000000E+00
  250.   0.212500000000E+03  -0.448917210475E-09   0.000000000000E+00   0.487500000000E+03  -0.265652544377E-09   0.000000000000E+00
  251.   0.210937500000E+03  -0.900279934501E-09   0.000000000000E+00   0.489062500000E+03  -0.535932086564E-09   0.000000000000E+00
  252.   0.209375000000E+03  -0.451250224896E-09   0.000000000000E+00   0.490625000000E+03  -0.270102208938E-09   0.000000000000E+00
  253.   0.207812500000E+03  -0.904715500921E-09   0.000000000000E+00   0.492187500000E+03  -0.544941723319E-09   0.000000000000E+00
  254.   0.206250000000E+03  -0.453349887576E-09   0.000000000000E+00   0.493750000000E+03  -0.274660936150E-09   0.000000000000E+00
  255.   0.204687500000E+03  -0.908680063555E-09   0.000000000000E+00   0.495312500000E+03  -0.554166150200E-09   0.000000000000E+00
  256.   0.203125000000E+03  -0.455211954709E-09   0.000000000000E+00   0.496875000000E+03  -0.279325337667E-09   0.000000000000E+00
  257.   0.201562500000E+03  -0.912165410832E-09   0.000000000000E+00   0.498437500000E+03  -0.563598626946E-09   0.000000000000E+00
  258.   0.200000000000E+03  -0.456832459889E-09   0.000000000000E+00   0.500000000000E+03  -0.284092064230E-09   0.000000000000E+00
  259.   0.198437500000E+03  -0.915163882051E-09   0.000000000000E+00   0.501562500000E+03  -0.573232488387E-09   0.000000000000E+00
  260.   0.196875000000E+03  -0.458207709694E-09   0.000000000000E+00   0.503125000000E+03  -0.288957802074E-09   0.000000000000E+00
  261.   0.195312500000E+03  -0.917668362414E-09   0.000000000000E+00   0.504687500000E+03  -0.583061150661E-09   0.000000000000E+00
  262.   0.193750000000E+03  -0.459334282892E-09   0.000000000000E+00   0.506250000000E+03  -0.293919283730E-09   0.000000000000E+00
  263.   0.192187500000E+03  -0.919672278535E-09   0.000000000000E+00   0.507812500000E+03  -0.593078119464E-09   0.000000000000E+00
  264.   0.190625000000E+03  -0.460209028628E-09   0.000000000000E+00   0.509375000000E+03  -0.298973283247E-09   0.000000000000E+00
  265.   0.189062500000E+03  -0.921169589307E-09   0.000000000000E+00   0.510937500000E+03  -0.603276996955E-09   0.000000000000E+00
  266.   0.187500000000E+03  -0.460829056328E-09   0.000000000000E+00   0.512500000000E+03  -0.304116628727E-09   0.000000000000E+00
  267.   0.185937500000E+03  -0.922154780164E-09   0.000000000000E+00   0.514062500000E+03  -0.613651484799E-09   0.000000000000E+00
  268.   0.184375000000E+03  -0.461191740257E-09   0.000000000000E+00   0.515625000000E+03  -0.309346197929E-09   0.000000000000E+00
  269.   0.182812500000E+03  -0.922622851599E-09   0.000000000000E+00   0.517187500000E+03  -0.624195392256E-09   0.000000000000E+00
  270.   0.181250000000E+03  -0.461294708681E-09   0.000000000000E+00   0.518750000000E+03  -0.314658925415E-09   0.000000000000E+00
  271.   0.179687500000E+03  -0.922569309109E-09   0.000000000000E+00   0.520312500000E+03  -0.634902640104E-09   0.000000000000E+00
  272.   0.178125000000E+03  -0.461135838779E-09   0.000000000000E+00   0.521875000000E+03  -0.320051798938E-09   0.000000000000E+00
  273.   0.176562500000E+03  -0.921990147293E-09   0.000000000000E+00   0.523437500000E+03  -0.645767260979E-09   0.000000000000E+00
  274.   0.175000000000E+03  -0.460713246405E-09   0.000000000000E+00   0.525000000000E+03  -0.325521862580E-09   0.000000000000E+00
  275.   0.173437500000E+03  -0.920881832380E-09   0.000000000000E+00   0.526562500000E+03  -0.656783399139E-09   0.000000000000E+00
  276.   0.171875000000E+03  -0.460025279980E-09   0.000000000000E+00   0.528125000000E+03  -0.331066220535E-09   0.000000000000E+00
  277.   0.170312500000E+03  -0.919241279678E-09   0.000000000000E+00   0.529687500000E+03  -0.667945307389E-09   0.000000000000E+00
  278.   0.168750000000E+03  -0.459070504288E-09   0.000000000000E+00   0.531250000000E+03  -0.336682022631E-09   0.000000000000E+00
  279.   0.167187500000E+03  -0.917065820601E-09   0.000000000000E+00   0.532812500000E+03  -0.679247336385E-09   0.000000000000E+00
  280.   0.165625000000E+03  -0.457847686522E-09   0.000000000000E+00   0.534375000000E+03  -0.342366468505E-09   0.000000000000E+00
  281.   0.164062500000E+03  -0.914353160039E-09   0.000000000000E+00   0.535937500000E+03  -0.690683914755E-09   0.000000000000E+00
  282.   0.162500000000E+03  -0.456355766551E-09   0.000000000000E+00   0.537500000000E+03  -0.348116791702E-09   0.000000000000E+00
  283.   0.160937500000E+03  -0.911101321597E-09   0.000000000000E+00   0.539062500000E+03  -0.702249515898E-09   0.000000000000E+00
  284.   0.159375000000E+03  -0.454593820202E-09   0.000000000000E+00   0.540625000000E+03  -0.353930235990E-09   0.000000000000E+00
  285.   0.157812500000E+03  -0.907308564048E-09   0.000000000000E+00   0.542187500000E+03  -0.713938608311E-09   0.000000000000E+00
  286.   0.156250000000E+03  -0.452561028068E-09   0.000000000000E+00   0.543750000000E+03  -0.359804025336E-09   0.000000000000E+00
  287.   0.154687500000E+03  -0.902973265612E-09   0.000000000000E+00   0.545312500000E+03  -0.725745570964E-09   0.000000000000E+00
  288.   0.153125000000E+03  -0.450256589047E-09   0.000000000000E+00   0.546875000000E+03  -0.365735315824E-09   0.000000000000E+00
  289.   0.151562500000E+03  -0.898093758544E-09   0.000000000000E+00   0.548437500000E+03  -0.737664565036E-09   0.000000000000E+00
  290.   0.150000000000E+03  -0.447679632575E-09   0.000000000000E+00   0.550000000000E+03  -0.371721114331E-09   0.000000000000E+00
  291.   0.148437500000E+03  -0.892668088120E-09   0.000000000000E+00   0.551562500000E+03  -0.749689335846E-09   0.000000000000E+00
  292.   0.146875000000E+03  -0.444829073364E-09   0.000000000000E+00   0.553125000000E+03  -0.377758160543E-09   0.000000000000E+00
  293.   0.145312500000E+03  -0.886693660093E-09   0.000000000000E+00   0.554687500000E+03  -0.761812909561E-09   0.000000000000E+00
  294.   0.143750000000E+03  -0.441703398138E-09   0.000000000000E+00   0.556250000000E+03  -0.383842744917E-09   0.000000000000E+00
  295.   0.142187500000E+03  -0.880166722280E-09   0.000000000000E+00   0.557812500000E+03  -0.774027129895E-09   0.000000000000E+00
  296.   0.140625000000E+03  -0.438300366647E-09   0.000000000000E+00   0.559375000000E+03  -0.389970422164E-09   0.000000000000E+00
  297.   0.139062500000E+03  -0.873081599590E-09   0.000000000000E+00   0.560937500000E+03  -0.786321949024E-09   0.000000000000E+00
  298.   0.137500000000E+03  -0.434616540024E-09   0.000000000000E+00   0.562500000000E+03  -0.396135592289E-09   0.000000000000E+00
  299.   0.135937500000E+03  -0.865429584165E-09   0.000000000000E+00   0.564062500000E+03  -0.798684375682E-09   0.000000000000E+00
  300.   0.134375000000E+03  -0.430646639837E-09   0.000000000000E+00   0.565625000000E+03  -0.402330862072E-09   0.000000000000E+00
  301.   0.132812500000E+03  -0.857197431319E-09   0.000000000000E+00   0.567187500000E+03  -0.811097032829E-09   0.000000000000E+00
  302.   0.131250000000E+03  -0.426382696793E-09   0.000000000000E+00   0.568750000000E+03  -0.408546244493E-09   0.000000000000E+00
  303.   0.129687500000E+03  -0.848365780920E-09   0.000000000000E+00   0.570312500000E+03  -0.823536700586E-09   0.000000000000E+00
  304.   0.128125000000E+03  -0.421813322529E-09   0.000000000000E+00   0.571875000000E+03  -0.414768509933E-09   0.000000000000E+00
  305.   0.126562500000E+03  -0.838908656935E-09   0.000000000000E+00   0.573437500000E+03  -0.835974282127E-09   0.000000000000E+00
  306.   0.125000000000E+03  -0.416924036866E-09   0.000000000000E+00   0.575000000000E+03  -0.420981892191E-09   0.000000000000E+00
  307.   0.123437500000E+03  -0.828798307488E-09   0.000000000000E+00   0.576562500000E+03  -0.848381446292E-09   0.000000000000E+00
  308.   0.121875000000E+03  -0.411701854621E-09   0.000000000000E+00   0.578125000000E+03  -0.427174094356E-09   0.000000000000E+00
  309.   0.120312500000E+03  -0.818020735262E-09   0.000000000000E+00   0.579687500000E+03  -0.860751319451E-09   0.000000000000E+00
  310.   0.118750000000E+03  -0.406146508427E-09   0.000000000000E+00   0.581250000000E+03  -0.433351226589E-09   0.000000000000E+00
  311.   0.117187500000E+03  -0.806613827079E-09   0.000000000000E+00   0.582812500000E+03  -0.873149507042E-09   0.000000000000E+00
  312.   0.115625000000E+03  -0.400296496516E-09   0.000000000000E+00   0.584375000000E+03  -0.439573017160E-09   0.000000000000E+00
  313.   0.114062500000E+03  -0.794683289306E-09   0.000000000000E+00   0.585937500000E+03  -0.885745764567E-09   0.000000000000E+00
  314.   0.112500000000E+03  -0.394208457875E-09   0.000000000000E+00   0.587500000000E+03  -0.445936408413E-09   0.000000000000E+00
  315.   0.110937500000E+03  -0.782319779669E-09   0.000000000000E+00   0.589062500000E+03  -0.898729071730E-09   0.000000000000E+00
  316.   0.109375000000E+03  -0.387892254852E-09   0.000000000000E+00   0.590625000000E+03  -0.452506014880E-09   0.000000000000E+00
  317.   0.107812500000E+03  -0.768835287869E-09   0.000000000000E+00   0.592187500000E+03  -0.911364329883E-09   0.000000000000E+00
  318.   0.106250000000E+03  -0.380373604299E-09   0.000000000000E+00   0.593750000000E+03  -0.458140229094E-09   0.000000000000E+00
  319.   0.104687500000E+03  -0.751125355458E-09   0.000000000000E+00   0.595312500000E+03  -0.919821268907E-09   0.000000000000E+00
  320.   0.103125000000E+03  -0.369595323722E-09   0.000000000000E+00   0.596875000000E+03  -0.460263475721E-09   0.000000000000E+00
  321.   0.101562500000E+03  -0.720432157035E-09   0.000000000000E+00   0.598437500000E+03  -0.912785428320E-09   0.000000000000E+00
