mode f[Hz] tag=epsrel_ff_e0 target=118.81016Hz
  1.     0.00000000E+00
  2.     0.11881016E+03
  3.     0.55291241E+03
  4.     0.13262784E+04
  5.     0.24447545E+04
  6.     0.25159812E+04
  7.     0.38775667E+04
  8.     0.55873522E+04
  9.     0.64464173E+04
 10.     0.75354205E+04
 11.     0.96852426E+04
 12.     0.10871880E+05
 13.     0.12004002E+05
 14.     0.14463177E+05
 15.     0.15688956E+05
 16.     0.17038527E+05
 17.     0.19709759E+05
 18.     0.20627707E+05
 19.     0.22460057E+05
 20.     0.25275578E+05
