i  r_top  QtopRe  QtopIm  r_bot  QbotRe  QbotIm   [mm, mC]
    1.   0.600000000000E+03  -0.686944574919E-08   0.000000000000E+00   0.100000000000E+03   0.257853775343E-06   0.000000000000E+00
    2.   0.100000000000E+03  -0.257853817092E-06   0.000000000000E+00   0.600000000000E+03   0.686952125583E-08   0.000000000000E+00
    3.   0.596875000000E+03  -0.273347302768E-07   0.000000000000E+00   0.103125000000E+03   0.106364682035E-05   0.000000000000E+00
    4.   0.593750000000E+03  -0.135958388445E-07   0.000000000000E+00   0.106250000000E+03   0.547939269044E-06   0.000000000000E+00
    5.   0.590625000000E+03  -0.270486268093E-07   0.000000000000E+00   0.109375000000E+03   0.112811025810E-05   0.000000000000E+00
    6.   0.587500000000E+03  -0.134527878356E-07   0.000000000000E+00   0.112500000000E+03   0.580170988094E-06   0.000000000000E+00
    7.   0.584375000000E+03  -0.267625229159E-07   0.000000000000E+00   0.115625000000E+03   0.119257369515E-05   0.000000000000E+00
    8.   0.581250000000E+03  -0.133097352038E-07   0.000000000000E+00   0.118750000000E+03   0.612402705911E-06   0.000000000000E+00
    9.   0.578125000000E+03  -0.264764164546E-07   0.000000000000E+00   0.121875000000E+03   0.125703713009E-05   0.000000000000E+00
   10.   0.575000000000E+03  -0.131666813596E-07   0.000000000000E+00   0.125000000000E+03   0.644634422537E-06   0.000000000000E+00
   11.   0.571875000000E+03  -0.261903076484E-07   0.000000000000E+00   0.128125000000E+03   0.132150056279E-05   0.000000000000E+00
   12.   0.568750000000E+03  -0.130236263998E-07   0.000000000000E+00   0.131250000000E+03   0.676866137877E-06   0.000000000000E+00
   13.   0.565625000000E+03  -0.259041965998E-07   0.000000000000E+00   0.134375000000E+03   0.138596399303E-05   0.000000000000E+00
   14.   0.562500000000E+03  -0.128805703349E-07   0.000000000000E+00   0.137500000000E+03   0.709097851744E-06   0.000000000000E+00
   15.   0.559375000000E+03  -0.256180833128E-07   0.000000000000E+00   0.140625000000E+03   0.145042742038E-05   0.000000000000E+00
   16.   0.556250000000E+03  -0.127375131657E-07   0.000000000000E+00   0.143750000000E+03   0.741329563803E-06   0.000000000000E+00
   17.   0.553125000000E+03  -0.253319677841E-07   0.000000000000E+00   0.146875000000E+03   0.151489084395E-05   0.000000000000E+00
   18.   0.550000000000E+03  -0.125944548992E-07   0.000000000000E+00   0.150000000000E+03   0.773561273425E-06   0.000000000000E+00
   19.   0.546875000000E+03  -0.250458500078E-07   0.000000000000E+00   0.153125000000E+03   0.157935426187E-05   0.000000000000E+00
   20.   0.543750000000E+03  -0.124513955469E-07   0.000000000000E+00   0.156250000000E+03   0.805792979298E-06   0.000000000000E+00
   21.   0.540625000000E+03  -0.247597299729E-07   0.000000000000E+00   0.159375000000E+03   0.164381766996E-05   0.000000000000E+00
   22.   0.537500000000E+03  -0.123083351283E-07   0.000000000000E+00   0.162500000000E+03   0.838024678556E-06   0.000000000000E+00
   23.   0.534375000000E+03  -0.244736076599E-07   0.000000000000E+00   0.165625000000E+03   0.170828105873E-05   0.000000000000E+00
   24.   0.531250000000E+03  -0.121652736746E-07   0.000000000000E+00   0.168750000000E+03   0.870256364746E-06   0.000000000000E+00
   25.   0.528125000000E+03  -0.241874830336E-07   0.000000000000E+00   0.171875000000E+03   0.177274440662E-05   0.000000000000E+00
   26.   0.525000000000E+03  -0.120222112370E-07   0.000000000000E+00   0.175000000000E+03   0.902488023160E-06   0.000000000000E+00
   27.   0.521875000000E+03  -0.239013560329E-07   0.000000000000E+00   0.178125000000E+03   0.183720766429E-05   0.000000000000E+00
   28.   0.518750000000E+03  -0.118791478999E-07   0.000000000000E+00   0.181250000000E+03   0.934719620090E-06   0.000000000000E+00
   29.   0.515625000000E+03  -0.236152265533E-07   0.000000000000E+00   0.184375000000E+03   0.190167071894E-05   0.000000000000E+00
   30.   0.512500000000E+03  -0.117360838027E-07   0.000000000000E+00   0.187500000000E+03   0.966951078184E-06   0.000000000000E+00
   31.   0.509375000000E+03  -0.233290944173E-07   0.000000000000E+00   0.190625000000E+03   0.196613331243E-05   0.000000000000E+00
   32.   0.506250000000E+03  -0.115930191774E-07   0.000000000000E+00   0.193750000000E+03   0.999182219958E-06   0.000000000000E+00
   33.   0.503125000000E+03  -0.230429593258E-07   0.000000000000E+00   0.196875000000E+03   0.203059485406E-05   0.000000000000E+00
   34.   0.500000000000E+03  -0.114499544101E-07   0.000000000000E+00   0.200000000000E+03   0.103141263857E-05   0.000000000000E+00
   35.   0.496875000000E+03  -0.227568207749E-07   0.000000000000E+00   0.203125000000E+03   0.209505399219E-05   0.000000000000E+00
   36.   0.493750000000E+03  -0.113068901456E-07   0.000000000000E+00   0.206250000000E+03   0.106364140232E-05   0.000000000000E+00
   37.   0.490625000000E+03  -0.224706779161E-07   0.000000000000E+00   0.209375000000E+03   0.215950763440E-05   0.000000000000E+00
   38.   0.487500000000E+03  -0.111638274597E-07   0.000000000000E+00   0.212500000000E+03   0.109586637929E-05   0.000000000000E+00
   39.   0.484375000000E+03  -0.221845293201E-07   0.000000000000E+00   0.215625000000E+03   0.222394870472E-05   0.000000000000E+00
   40.   0.481250000000E+03  -0.110207681494E-07   0.000000000000E+00   0.218750000000E+03   0.112808269199E-05   0.000000000000E+00
   41.   0.478125000000E+03  -0.218983725740E-07   0.000000000000E+00   0.221875000000E+03   0.228836100743E-05   0.000000000000E+00
   42.   0.475000000000E+03  -0.108777152161E-07   0.000000000000E+00   0.225000000000E+03   0.116027917871E-05   0.000000000000E+00
   43.   0.471875000000E+03  -0.216122035947E-07   0.000000000000E+00   0.228125000000E+03   0.235270746431E-05   0.000000000000E+00
   44.   0.468750000000E+03  -0.107346736706E-07   0.000000000000E+00   0.231250000000E+03   0.119243028450E-05   0.000000000000E+00
   45.   0.465625000000E+03  -0.213260154481E-07   0.000000000000E+00   0.234375000000E+03   0.241690324879E-05   0.000000000000E+00
   46.   0.462500000000E+03  -0.105916518722E-07   0.000000000000E+00   0.237500000000E+03   0.122447755116E-05   0.000000000000E+00
   47.   0.459375000000E+03  -0.210397963081E-07   0.000000000000E+00   0.240625000000E+03   0.248075481515E-05   0.000000000000E+00
   48.   0.456250000000E+03  -0.104486637491E-07   0.000000000000E+00   0.243750000000E+03   0.125628764490E-05   0.000000000000E+00
   49.   0.453125000000E+03  -0.207535258930E-07   0.000000000000E+00   0.246875000000E+03   0.254382305017E-05   0.000000000000E+00
   50.   0.450000000000E+03  -0.103057324627E-07   0.000000000000E+00   0.250000000000E+03   0.128755859612E-05   0.000000000000E+00
   51.   0.446875000000E+03  -0.204671691802E-07   0.000000000000E+00   0.253125000000E+03   0.260511933995E-05   0.000000000000E+00
   52.   0.443750000000E+03  -0.101628964155E-07   0.000000000000E+00   0.256250000000E+03   0.131761209477E-05   0.000000000000E+00
   53.   0.440625000000E+03  -0.201806651806E-07   0.000000000000E+00   0.259375000000E+03   0.266243570728E-05   0.000000000000E+00
   54.   0.437500000000E+03  -0.100202190094E-07   0.000000000000E+00   0.262500000000E+03   0.134493761953E-05   0.000000000000E+00
   55.   0.434375000000E+03  -0.198939065948E-07   0.000000000000E+00   0.265625000000E+03   0.271085840403E-05   0.000000000000E+00
   56.   0.431250000000E+03  -0.987780427231E-08   0.000000000000E+00   0.268750000000E+03   0.136616819933E-05   0.000000000000E+00
   57.   0.428125000000E+03  -0.196067023369E-07   0.000000000000E+00   0.271875000000E+03   0.273948891803E-05   0.000000000000E+00
   58.   0.425000000000E+03  -0.973582136811E-08   0.000000000000E+00   0.275000000000E+03   0.137378844851E-05   0.000000000000E+00
   59.   0.421875000000E+03  -0.193187072267E-07   0.000000000000E+00   0.278125000000E+03   0.272448176144E-05   0.000000000000E+00
   60.   0.418750000000E+03  -0.959454177009E-08   0.000000000000E+00   0.281250000000E+03   0.135120240062E-05   0.000000000000E+00
   61.   0.415625000000E+03  -0.190292875928E-07   0.000000000000E+00   0.284375000000E+03   0.261815277928E-05   0.000000000000E+00
   62.   0.412500000000E+03  -0.945439261111E-08   0.000000000000E+00   0.287500000000E+03   0.126610321333E-05   0.000000000000E+00
   63.   0.409375000000E+03  -0.187372590978E-07   0.000000000000E+00   0.290625000000E+03   0.235224744761E-05   0.000000000000E+00
   64.   0.406250000000E+03  -0.931602556404E-08   0.000000000000E+00   0.293750000000E+03   0.108385860770E-05   0.000000000000E+00
   65.   0.403125000000E+03  -0.184403657637E-07   0.000000000000E+00   0.296875000000E+03   0.190137220168E-05   0.000000000000E+00
   66.   0.400000000000E+03  -0.918038476465E-08   0.000000000000E+00   0.300000000000E+03   0.816367725110E-06   0.000000000000E+00
   67.   0.396875000000E+03  -0.181342243730E-07   0.000000000000E+00   0.303125000000E+03   0.134263085762E-05   0.000000000000E+00
   68.   0.393750000000E+03  -0.904871594786E-08   0.000000000000E+00   0.306250000000E+03   0.526648149901E-06   0.000000000000E+00
   69.   0.390625000000E+03  -0.178101529154E-07   0.000000000000E+00   0.309375000000E+03   0.812012913112E-06   0.000000000000E+00
   70.   0.387500000000E+03  -0.892232494283E-08   0.000000000000E+00   0.312500000000E+03   0.287391066519E-06   0.000000000000E+00
   71.   0.384375000000E+03  -0.174506379313E-07   0.000000000000E+00   0.315625000000E+03   0.425872731393E-06   0.000000000000E+00
   72.   0.381250000000E+03  -0.880168507986E-08   0.000000000000E+00   0.318750000000E+03   0.140288757151E-06   0.000000000000E+00
   73.   0.378125000000E+03  -0.170197501570E-07   0.000000000000E+00   0.321875000000E+03   0.208650413274E-06   0.000000000000E+00
   74.   0.375000000000E+03  -0.868342759728E-08   0.000000000000E+00   0.325000000000E+03   0.681745000023E-07   0.000000000000E+00
   75.   0.371875000000E+03  -0.164428041676E-07   0.000000000000E+00   0.328125000000E+03   0.103954498971E-06   0.000000000000E+00
   76.   0.368750000000E+03  -0.855366574417E-08   0.000000000000E+00   0.331250000000E+03   0.352171007483E-07   0.000000000000E+00
   77.   0.365625000000E+03  -0.155618977685E-07   0.000000000000E+00   0.334375000000E+03   0.558340208745E-07   0.000000000000E+00
   78.   0.362500000000E+03  -0.836531572525E-08   0.000000000000E+00   0.337500000000E+03   0.202862871046E-07   0.000000000000E+00
   79.   0.359375000000E+03  -0.140414844905E-07   0.000000000000E+00   0.340625000000E+03   0.339914942717E-07   0.000000000000E+00
   80.   0.356250000000E+03  -0.800509995645E-08   0.000000000000E+00   0.343750000000E+03   0.135511354960E-07   0.000000000000E+00
   81.   0.353125000000E+03  -0.111459576247E-07   0.000000000000E+00   0.346875000000E+03   0.241940647674E-07   0.000000000000E+00
   82.   0.350000000000E+03  -0.711566734505E-08   0.000000000000E+00   0.350000000000E+03   0.105708952719E-07   0.000000000000E+00
   83.   0.346875000000E+03  -0.529603981091E-08   0.000000000000E+00   0.353125000000E+03   0.199072364825E-07   0.000000000000E+00
   84.   0.343750000000E+03  -0.504511048464E-08   0.000000000000E+00   0.356250000000E+03   0.930362151585E-08   0.000000000000E+00
   85.   0.340625000000E+03   0.716063274785E-08   0.000000000000E+00   0.359375000000E+03   0.181323186919E-07   0.000000000000E+00
   86.   0.337500000000E+03   0.850233054778E-09   0.000000000000E+00   0.362500000000E+03   0.881370774579E-08   0.000000000000E+00
   87.   0.334375000000E+03   0.337041378932E-07   0.000000000000E+00   0.365625000000E+03   0.174942293659E-07   0.000000000000E+00
   88.   0.331250000000E+03   0.131249478806E-07   0.000000000000E+00   0.368750000000E+03   0.867371747771E-08   0.000000000000E+00
   89.   0.328125000000E+03   0.934220618630E-07   0.000000000000E+00   0.371875000000E+03   0.173672170452E-07   0.000000000000E+00
   90.   0.325000000000E+03   0.547253783568E-07   0.000000000000E+00   0.375000000000E+03   0.869042350239E-08   0.000000000000E+00
   91.   0.321875000000E+03   0.218753909590E-06   0.000000000000E+00   0.378125000000E+03   0.174688903725E-07   0.000000000000E+00
   92.   0.318750000000E+03   0.124237365830E-06   0.000000000000E+00   0.381250000000E+03   0.877709308750E-08   0.000000000000E+00
   93.   0.315625000000E+03   0.525132046368E-06   0.000000000000E+00   0.384375000000E+03   0.176726882919E-07   0.000000000000E+00
   94.   0.312500000000E+03   0.518496170882E-06   0.000000000000E+00   0.387500000000E+03   0.889498401610E-08   0.000000000000E+00
   95.   0.309375000000E+03   0.110118193573E-05   0.000000000000E+00   0.390625000000E+03   0.179220748891E-07   0.000000000000E+00
   96.   0.306250000000E+03   0.316220400940E-05   0.000000000000E+00   0.393750000000E+03   0.902681291858E-08   0.000000000000E+00
   97.   0.303125000000E+03   0.904372842477E-05   0.000000000000E+00   0.396875000000E+03   0.181918188539E-07   0.000000000000E+00
   98.   0.300000000000E+03  -0.852019149463E-05   0.000000000000E+00   0.400000000000E+03   0.916486792961E-08   0.000000000000E+00
   99.   0.296875000000E+03  -0.837432324830E-05   0.000000000000E+00   0.403125000000E+03   0.184706546763E-07   0.000000000000E+00
  100.   0.293750000000E+03  -0.190121102088E-05   0.000000000000E+00   0.406250000000E+03   0.930570526171E-08   0.000000000000E+00
  101.   0.290625000000E+03  -0.424263003873E-05   0.000000000000E+00   0.409375000000E+03   0.187535499914E-07   0.000000000000E+00
  102.   0.287500000000E+03  -0.171992626543E-05   0.000000000000E+00   0.412500000000E+03   0.944778607751E-08   0.000000000000E+00
  103.   0.284375000000E+03  -0.335006368779E-05   0.000000000000E+00   0.415625000000E+03   0.190382564885E-07   0.000000000000E+00
  104.   0.281250000000E+03  -0.157510392699E-05   0.000000000000E+00   0.418750000000E+03   0.959042244407E-08   0.000000000000E+00
  105.   0.278125000000E+03  -0.302623876533E-05   0.000000000000E+00   0.421875000000E+03   0.193237700385E-07   0.000000000000E+00
  106.   0.275000000000E+03  -0.147468732558E-05   0.000000000000E+00   0.425000000000E+03   0.973330668573E-08   0.000000000000E+00
  107.   0.271875000000E+03  -0.286848618124E-05   0.000000000000E+00   0.428125000000E+03   0.196096424542E-07   0.000000000000E+00
  108.   0.268750000000E+03  -0.141258627090E-05   0.000000000000E+00   0.431250000000E+03   0.987630111948E-08   0.000000000000E+00
  109.   0.265625000000E+03  -0.276583758643E-05   0.000000000000E+00   0.434375000000E+03   0.198956738277E-07   0.000000000000E+00
  110.   0.262500000000E+03  -0.136602043232E-05   0.000000000000E+00   0.437500000000E+03   0.100193440956E-07   0.000000000000E+00
  111.   0.259375000000E+03  -0.268590441833E-05   0.000000000000E+00   0.440625000000E+03   0.201817750406E-07   0.000000000000E+00
  112.   0.256250000000E+03  -0.132733285767E-05   0.000000000000E+00   0.443750000000E+03   0.101624080017E-07   0.000000000000E+00
  113.   0.253125000000E+03  -0.261503415609E-05   0.000000000000E+00   0.446875000000E+03   0.204679063706E-07   0.000000000000E+00
  114.   0.250000000000E+03  -0.129206327141E-05   0.000000000000E+00   0.450000000000E+03   0.103054804800E-07   0.000000000000E+00
  115.   0.246875000000E+03  -0.254797001415E-05   0.000000000000E+00   0.453125000000E+03   0.207540501006E-07   0.000000000000E+00
  116.   0.243750000000E+03  -0.125840670107E-05   0.000000000000E+00   0.456250000000E+03   0.104485560170E-07   0.000000000000E+00
  117.   0.240625000000E+03  -0.248245739489E-05   0.000000000000E+00   0.459375000000E+03   0.210401983111E-07   0.000000000000E+00
  118.   0.237500000000E+03  -0.122548783063E-05   0.000000000000E+00   0.462500000000E+03   0.105916321717E-07   0.000000000000E+00
  119.   0.234375000000E+03  -0.241758442681E-05   0.000000000000E+00   0.465625000000E+03   0.213263474444E-07   0.000000000000E+00
  120.   0.231250000000E+03  -0.119292052735E-05   0.000000000000E+00   0.468750000000E+03   0.107347078801E-07   0.000000000000E+00
  121.   0.228125000000E+03  -0.235296862600E-05   0.000000000000E+00   0.471875000000E+03   0.216124958865E-07   0.000000000000E+00
  122.   0.225000000000E+03  -0.116052142063E-05   0.000000000000E+00   0.475000000000E+03   0.108777826929E-07   0.000000000000E+00
  123.   0.221875000000E+03  -0.228845408237E-05   0.000000000000E+00   0.478125000000E+03   0.218986428930E-07   0.000000000000E+00
  124.   0.218750000000E+03  -0.112820478710E-05   0.000000000000E+00   0.481250000000E+03   0.110208564322E-07   0.000000000000E+00
  125.   0.215625000000E+03  -0.222397723761E-05   0.000000000000E+00   0.484375000000E+03   0.221847881104E-07   0.000000000000E+00
  126.   0.212500000000E+03  -0.109592915924E-05   0.000000000000E+00   0.487500000000E+03   0.111639290363E-07   0.000000000000E+00
  127.   0.209375000000E+03  -0.215951313797E-05   0.000000000000E+00   0.490625000000E+03   0.224709313642E-07   0.000000000000E+00
  128.   0.206250000000E+03  -0.106367433773E-05   0.000000000000E+00   0.493750000000E+03   0.113070004920E-07   0.000000000000E+00
  129.   0.203125000000E+03  -0.209505242668E-05   0.000000000000E+00   0.496875000000E+03   0.227570725628E-07   0.000000000000E+00
  130.   0.200000000000E+03  -0.103143025884E-05   0.000000000000E+00   0.500000000000E+03   0.114500708037E-07   0.000000000000E+00
  131.   0.196875000000E+03  -0.203059193429E-05   0.000000000000E+00   0.503125000000E+03   0.230432116553E-07   0.000000000000E+00
  132.   0.193750000000E+03  -0.999191829957E-06   0.000000000000E+00   0.506250000000E+03   0.115931399805E-07   0.000000000000E+00
  133.   0.190625000000E+03  -0.196613080490E-05   0.000000000000E+00   0.509375000000E+03   0.233293486107E-07   0.000000000000E+00
  134.   0.187500000000E+03  -0.966956421877E-06   0.000000000000E+00   0.512500000000E+03   0.117362080319E-07   0.000000000000E+00
  135.   0.184375000000E+03  -0.190166897219E-05   0.000000000000E+00   0.515625000000E+03   0.236154834092E-07   0.000000000000E+00
  136.   0.181250000000E+03  -0.934722653388E-06   0.000000000000E+00   0.518750000000E+03   0.118792749651E-07   0.000000000000E+00
  137.   0.178125000000E+03  -0.183720658501E-05   0.000000000000E+00   0.521875000000E+03   0.239016160368E-07   0.000000000000E+00
  138.   0.175000000000E+03  -0.902489786244E-06   0.000000000000E+00   0.525000000000E+03   0.120223407853E-07   0.000000000000E+00
  139.   0.171875000000E+03  -0.177274381148E-05   0.000000000000E+00   0.528125000000E+03   0.241877464834E-07   0.000000000000E+00
  140.   0.168750000000E+03  -0.870257419904E-06   0.000000000000E+00   0.531250000000E+03   0.121654054958E-07   0.000000000000E+00
  141.   0.165625000000E+03  -0.170828078482E-05   0.000000000000E+00   0.534375000000E+03   0.244738747408E-07   0.000000000000E+00
  142.   0.162500000000E+03  -0.838025334141E-06   0.000000000000E+00   0.537500000000E+03   0.123084690987E-07   0.000000000000E+00
  143.   0.159375000000E+03  -0.164381759793E-05   0.000000000000E+00   0.540625000000E+03   0.247600008023E-07   0.000000000000E+00
  144.   0.156250000000E+03  -0.805793406516E-06   0.000000000000E+00   0.543750000000E+03   0.124515315942E-07   0.000000000000E+00
  145.   0.153125000000E+03  -0.157935431155E-05   0.000000000000E+00   0.546875000000E+03   0.250461246619E-07   0.000000000000E+00
  146.   0.150000000000E+03  -0.773561568331E-06   0.000000000000E+00   0.550000000000E+03   0.125945929820E-07   0.000000000000E+00
  147.   0.146875000000E+03  -0.151489096397E-05   0.000000000000E+00   0.553125000000E+03   0.253322463137E-07   0.000000000000E+00
  148.   0.143750000000E+03  -0.741329780757E-06   0.000000000000E+00   0.556250000000E+03   0.127376532608E-07   0.000000000000E+00
  149.   0.140625000000E+03  -0.145042757877E-05   0.000000000000E+00   0.559375000000E+03   0.256183657515E-07   0.000000000000E+00
  150.   0.137500000000E+03  -0.709098021730E-06   0.000000000000E+00   0.562500000000E+03   0.128807124279E-07   0.000000000000E+00
  151.   0.134375000000E+03  -0.138596417026E-05   0.000000000000E+00   0.565625000000E+03   0.259044829672E-07   0.000000000000E+00
  152.   0.131250000000E+03  -0.676866278667E-06   0.000000000000E+00   0.568750000000E+03   0.130237704792E-07   0.000000000000E+00
  153.   0.128125000000E+03  -0.132150074704E-05   0.000000000000E+00   0.571875000000E+03   0.261905979506E-07   0.000000000000E+00
  154.   0.125000000000E+03  -0.644634544378E-06   0.000000000000E+00   0.575000000000E+03   0.131668274055E-07   0.000000000000E+00
  155.   0.121875000000E+03  -0.125703731425E-05   0.000000000000E+00   0.578125000000E+03   0.264767106935E-07   0.000000000000E+00
  156.   0.118750000000E+03  -0.612402814769E-06   0.000000000000E+00   0.581250000000E+03   0.133098832064E-07   0.000000000000E+00
  157.   0.115625000000E+03  -0.119257387513E-05   0.000000000000E+00   0.584375000000E+03   0.267628212881E-07   0.000000000000E+00
  158.   0.112500000000E+03  -0.580171087600E-06   0.000000000000E+00   0.587500000000E+03   0.134529379759E-07   0.000000000000E+00
  159.   0.109375000000E+03  -0.112811043144E-05   0.000000000000E+00   0.590625000000E+03   0.270489299828E-07   0.000000000000E+00
  160.   0.106250000000E+03  -0.547939361775E-06   0.000000000000E+00   0.593750000000E+03   0.135959921565E-07   0.000000000000E+00
  161.   0.103125000000E+03  -0.106364698475E-05   0.000000000000E+00   0.596875000000E+03   0.273350347365E-07   0.000000000000E+00
