i  r_top  QtopRe  QtopIm  r_bot  QbotRe  QbotIm   [mm, mC]
    1.   0.600000000000E+03  -0.327040771134E-09   0.000000000000E+00   0.100000000000E+03  -0.374621868236E-10   0.000000000000E+00
    2.   0.100000000000E+03  -0.374621892439E-10   0.000000000000E+00   0.600000000000E+03  -0.327040788841E-09   0.000000000000E+00
    3.   0.598437500000E+03  -0.131539719026E-08   0.000000000000E+00   0.101562500000E+03  -0.153478706618E-09   0.000000000000E+00
    4.   0.596875000000E+03  -0.663465723330E-09   0.000000000000E+00   0.103125000000E+03  -0.787875071913E-10   0.000000000000E+00
    5.   0.595312500000E+03  -0.132781914085E-08   0.000000000000E+00   0.104687500000E+03  -0.160641372669E-09   0.000000000000E+00
    6.   0.593750000000E+03  -0.662310458407E-09   0.000000000000E+00   0.106250000000E+03  -0.816081729056E-10   0.000000000000E+00
    7.   0.592187500000E+03  -0.132030037197E-08   0.000000000000E+00   0.107812500000E+03  -0.165735920348E-09   0.000000000000E+00
    8.   0.590625000000E+03  -0.656955644856E-09   0.000000000000E+00   0.109375000000E+03  -0.840068068913E-10   0.000000000000E+00
    9.   0.589062500000E+03  -0.130815501474E-08   0.000000000000E+00   0.110937500000E+03  -0.170400914497E-09   0.000000000000E+00
   10.   0.587500000000E+03  -0.650782126080E-09   0.000000000000E+00   0.112500000000E+03  -0.863464295864E-10   0.000000000000E+00
   11.   0.585937500000E+03  -0.129636251921E-08   0.000000000000E+00   0.114062500000E+03  -0.175174603544E-09   0.000000000000E+00
   12.   0.584375000000E+03  -0.645233899011E-09   0.000000000000E+00   0.115625000000E+03  -0.887886595543E-10   0.000000000000E+00
   13.   0.582812500000E+03  -0.128565992786E-08   0.000000000000E+00   0.117187500000E+03  -0.180130323313E-09   0.000000000000E+00
   14.   0.581250000000E+03  -0.640093789990E-09   0.000000000000E+00   0.118750000000E+03  -0.913032338531E-10   0.000000000000E+00
   15.   0.579687500000E+03  -0.127556856209E-08   0.000000000000E+00   0.120312500000E+03  -0.185201866831E-09   0.000000000000E+00
   16.   0.578125000000E+03  -0.635139634939E-09   0.000000000000E+00   0.121875000000E+03  -0.938593205444E-10   0.000000000000E+00
   17.   0.576562500000E+03  -0.126570586105E-08   0.000000000000E+00   0.123437500000E+03  -0.190335331579E-09   0.000000000000E+00
   18.   0.575000000000E+03  -0.630229854538E-09   0.000000000000E+00   0.125000000000E+03  -0.964360795867E-10   0.000000000000E+00
   19.   0.573437500000E+03  -0.125588367888E-08   0.000000000000E+00   0.126562500000E+03  -0.195501452225E-09   0.000000000000E+00
   20.   0.571875000000E+03  -0.625317630889E-09   0.000000000000E+00   0.128125000000E+03  -0.990250324732E-10   0.000000000000E+00
   21.   0.570312500000E+03  -0.124604764203E-08   0.000000000000E+00   0.129687500000E+03  -0.200688926108E-09   0.000000000000E+00
   22.   0.568750000000E+03  -0.620394498083E-09   0.000000000000E+00   0.131250000000E+03  -0.101623201388E-09   0.000000000000E+00
   23.   0.567187500000E+03  -0.123619409681E-08   0.000000000000E+00   0.132812500000E+03  -0.205894155041E-09   0.000000000000E+00
   24.   0.565625000000E+03  -0.615464823148E-09   0.000000000000E+00   0.134375000000E+03  -0.104229908192E-09   0.000000000000E+00
   25.   0.564062500000E+03  -0.122633378195E-08   0.000000000000E+00   0.135937500000E+03  -0.211116427742E-09   0.000000000000E+00
   26.   0.562500000000E+03  -0.610534864680E-09   0.000000000000E+00   0.137500000000E+03  -0.106845096596E-09   0.000000000000E+00
   27.   0.560937500000E+03  -0.121647776877E-08   0.000000000000E+00   0.139062500000E+03  -0.216355826195E-09   0.000000000000E+00
   28.   0.559375000000E+03  -0.605609541032E-09   0.000000000000E+00   0.140625000000E+03  -0.109468906582E-09   0.000000000000E+00
   29.   0.557812500000E+03  -0.120663437960E-08   0.000000000000E+00   0.142187500000E+03  -0.221612612706E-09   0.000000000000E+00
   30.   0.556250000000E+03  -0.600692101245E-09   0.000000000000E+00   0.143750000000E+03  -0.112101465651E-09   0.000000000000E+00
   31.   0.554687500000E+03  -0.119680931432E-08   0.000000000000E+00   0.145312500000E+03  -0.226887067516E-09   0.000000000000E+00
   32.   0.553125000000E+03  -0.595785079336E-09   0.000000000000E+00   0.146875000000E+03  -0.114742930751E-09   0.000000000000E+00
   33.   0.551562500000E+03  -0.118700642751E-08   0.000000000000E+00   0.148437500000E+03  -0.232179460440E-09   0.000000000000E+00
   34.   0.550000000000E+03  -0.590889928047E-09   0.000000000000E+00   0.150000000000E+03  -0.117393418732E-09   0.000000000000E+00
   35.   0.548437500000E+03  -0.117722831084E-08   0.000000000000E+00   0.151562500000E+03  -0.237490052969E-09   0.000000000000E+00
   36.   0.546875000000E+03  -0.586007617153E-09   0.000000000000E+00   0.153125000000E+03  -0.120053058340E-09   0.000000000000E+00
   37.   0.545312500000E+03  -0.116747668128E-08   0.000000000000E+00   0.154687500000E+03  -0.242819103328E-09   0.000000000000E+00
   38.   0.543750000000E+03  -0.581138910915E-09   0.000000000000E+00   0.156250000000E+03  -0.122722004501E-09   0.000000000000E+00
   39.   0.542187500000E+03  -0.115775280325E-08   0.000000000000E+00   0.157812500000E+03  -0.248166881755E-09   0.000000000000E+00
   40.   0.540625000000E+03  -0.576284336064E-09   0.000000000000E+00   0.159375000000E+03  -0.125400365060E-09   0.000000000000E+00
   41.   0.539062500000E+03  -0.114805759960E-08   0.000000000000E+00   0.160937500000E+03  -0.253533658178E-09   0.000000000000E+00
   42.   0.537500000000E+03  -0.571444327070E-09   0.000000000000E+00   0.162500000000E+03  -0.128088287471E-09   0.000000000000E+00
   43.   0.535937500000E+03  -0.113839171079E-08   0.000000000000E+00   0.164062500000E+03  -0.258919694962E-09   0.000000000000E+00
   44.   0.534375000000E+03  -0.566618997277E-09   0.000000000000E+00   0.165625000000E+03  -0.130785883842E-09   0.000000000000E+00
   45.   0.532812500000E+03  -0.112875566494E-08   0.000000000000E+00   0.167187500000E+03  -0.264325279628E-09   0.000000000000E+00
   46.   0.531250000000E+03  -0.561808732768E-09   0.000000000000E+00   0.168750000000E+03  -0.133493344168E-09   0.000000000000E+00
   47.   0.529687500000E+03  -0.111914985528E-08   0.000000000000E+00   0.170312500000E+03  -0.269750697133E-09   0.000000000000E+00
   48.   0.528125000000E+03  -0.557013718612E-09   0.000000000000E+00   0.171875000000E+03  -0.136210774367E-09   0.000000000000E+00
   49.   0.526562500000E+03  -0.110957461519E-08   0.000000000000E+00   0.173437500000E+03  -0.275196239262E-09   0.000000000000E+00
   50.   0.525000000000E+03  -0.552234041975E-09   0.000000000000E+00   0.175000000000E+03  -0.138938336213E-09   0.000000000000E+00
   51.   0.523437500000E+03  -0.110003026065E-08   0.000000000000E+00   0.176562500000E+03  -0.280662198580E-09   0.000000000000E+00
   52.   0.521875000000E+03  -0.547469829276E-09   0.000000000000E+00   0.178125000000E+03  -0.141676194797E-09   0.000000000000E+00
   53.   0.520312500000E+03  -0.109051710296E-08   0.000000000000E+00   0.179687500000E+03  -0.286148887599E-09   0.000000000000E+00
   54.   0.518750000000E+03  -0.542721356009E-09   0.000000000000E+00   0.181250000000E+03  -0.144424462795E-09   0.000000000000E+00
   55.   0.517187500000E+03  -0.108103539103E-08   0.000000000000E+00   0.182812500000E+03  -0.291656600982E-09   0.000000000000E+00
   56.   0.515625000000E+03  -0.537988627562E-09   0.000000000000E+00   0.184375000000E+03  -0.147183327542E-09   0.000000000000E+00
   57.   0.514062500000E+03  -0.107158539361E-08   0.000000000000E+00   0.185937500000E+03  -0.297185665920E-09   0.000000000000E+00
   58.   0.512500000000E+03  -0.533271811688E-09   0.000000000000E+00   0.187500000000E+03  -0.149952950884E-09   0.000000000000E+00
   59.   0.510937500000E+03  -0.106216740862E-08   0.000000000000E+00   0.189062500000E+03  -0.302736404281E-09   0.000000000000E+00
   60.   0.509375000000E+03  -0.528571092132E-09   0.000000000000E+00   0.190625000000E+03  -0.152733480744E-09   0.000000000000E+00
   61.   0.507812500000E+03  -0.105278169097E-08   0.000000000000E+00   0.192187500000E+03  -0.308309136622E-09   0.000000000000E+00
   62.   0.506250000000E+03  -0.523886496942E-09   0.000000000000E+00   0.193750000000E+03  -0.155525098193E-09   0.000000000000E+00
   63.   0.504687500000E+03  -0.104342850382E-08   0.000000000000E+00   0.195312500000E+03  -0.313904205219E-09   0.000000000000E+00
   64.   0.503125000000E+03  -0.519218278492E-09   0.000000000000E+00   0.196875000000E+03  -0.158327943218E-09   0.000000000000E+00
   65.   0.501562500000E+03  -0.103410814866E-08   0.000000000000E+00   0.198437500000E+03  -0.319521960381E-09   0.000000000000E+00
   66.   0.500000000000E+03  -0.514566509814E-09   0.000000000000E+00   0.200000000000E+03  -0.161142221708E-09   0.000000000000E+00
   67.   0.498437500000E+03  -0.102482085043E-08   0.000000000000E+00   0.201562500000E+03  -0.325162738234E-09   0.000000000000E+00
   68.   0.496875000000E+03  -0.509931318373E-09   0.000000000000E+00   0.203125000000E+03  -0.163968106603E-09   0.000000000000E+00
   69.   0.495312500000E+03  -0.101556691421E-08   0.000000000000E+00   0.204687500000E+03  -0.330826880690E-09   0.000000000000E+00
   70.   0.493750000000E+03  -0.505312885680E-09   0.000000000000E+00   0.206250000000E+03  -0.166805740383E-09   0.000000000000E+00
   71.   0.492187500000E+03  -0.100634661609E-08   0.000000000000E+00   0.207812500000E+03  -0.336514743769E-09   0.000000000000E+00
   72.   0.490625000000E+03  -0.500711364338E-09   0.000000000000E+00   0.209375000000E+03  -0.169655335669E-09   0.000000000000E+00
   73.   0.489062500000E+03  -0.997160267796E-09   0.000000000000E+00   0.210937500000E+03  -0.342226703039E-09   0.000000000000E+00
   74.   0.487500000000E+03  -0.496126864882E-09   0.000000000000E+00   0.212500000000E+03  -0.172517044993E-09   0.000000000000E+00
   75.   0.485937500000E+03  -0.988008167707E-09   0.000000000000E+00   0.214062500000E+03  -0.347963125843E-09   0.000000000000E+00
   76.   0.484375000000E+03  -0.491559535740E-09   0.000000000000E+00   0.215625000000E+03  -0.175391075445E-09   0.000000000000E+00
   77.   0.482812500000E+03  -0.978890604627E-09   0.000000000000E+00   0.217187500000E+03  -0.353724355744E-09   0.000000000000E+00
   78.   0.481250000000E+03  -0.487009555393E-09   0.000000000000E+00   0.218750000000E+03  -0.178277606008E-09   0.000000000000E+00
   79.   0.479687500000E+03  -0.969807834565E-09   0.000000000000E+00   0.220312500000E+03  -0.359510770540E-09   0.000000000000E+00
   80.   0.478125000000E+03  -0.482476965505E-09   0.000000000000E+00   0.221875000000E+03  -0.181176816506E-09   0.000000000000E+00
   81.   0.476562500000E+03  -0.960760095403E-09   0.000000000000E+00   0.223437500000E+03  -0.365322719889E-09   0.000000000000E+00
   82.   0.475000000000E+03  -0.477961982897E-09   0.000000000000E+00   0.225000000000E+03  -0.184088875347E-09   0.000000000000E+00
   83.   0.473437500000E+03  -0.951747643982E-09   0.000000000000E+00   0.226562500000E+03  -0.371160534747E-09   0.000000000000E+00
   84.   0.471875000000E+03  -0.473464708529E-09   0.000000000000E+00   0.228125000000E+03  -0.187013939511E-09   0.000000000000E+00
   85.   0.470312500000E+03  -0.942770659618E-09   0.000000000000E+00   0.229687500000E+03  -0.377024531784E-09   0.000000000000E+00
   86.   0.468750000000E+03  -0.468985244986E-09   0.000000000000E+00   0.231250000000E+03  -0.189952176330E-09   0.000000000000E+00
   87.   0.467187500000E+03  -0.933829318318E-09   0.000000000000E+00   0.232812500000E+03  -0.382914994895E-09   0.000000000000E+00
   88.   0.465625000000E+03  -0.464523558521E-09   0.000000000000E+00   0.234375000000E+03  -0.192903699053E-09   0.000000000000E+00
   89.   0.464062500000E+03  -0.924923644048E-09   0.000000000000E+00   0.235937500000E+03  -0.388832127615E-09   0.000000000000E+00
   90.   0.462500000000E+03  -0.460079682943E-09   0.000000000000E+00   0.237500000000E+03  -0.195868584814E-09   0.000000000000E+00
   91.   0.460937500000E+03  -0.916053555281E-09   0.000000000000E+00   0.239062500000E+03  -0.394776022987E-09   0.000000000000E+00
   92.   0.459375000000E+03  -0.455653575211E-09   0.000000000000E+00   0.240625000000E+03  -0.198846874865E-09   0.000000000000E+00
   93.   0.457812500000E+03  -0.907218749017E-09   0.000000000000E+00   0.242187500000E+03  -0.400746624441E-09   0.000000000000E+00
   94.   0.456250000000E+03  -0.451244995848E-09   0.000000000000E+00   0.243750000000E+03  -0.201838463510E-09   0.000000000000E+00
   95.   0.454687500000E+03  -0.898418578921E-09   0.000000000000E+00   0.245312500000E+03  -0.406743638498E-09   0.000000000000E+00
   96.   0.453125000000E+03  -0.446853471660E-09   0.000000000000E+00   0.246875000000E+03  -0.204843147811E-09   0.000000000000E+00
   97.   0.451562500000E+03  -0.889651960033E-09   0.000000000000E+00   0.248437500000E+03  -0.412766379492E-09   0.000000000000E+00
   98.   0.450000000000E+03  -0.442478374990E-09   0.000000000000E+00   0.250000000000E+03  -0.207860450036E-09   0.000000000000E+00
   99.   0.448437500000E+03  -0.880917072156E-09   0.000000000000E+00   0.251562500000E+03  -0.418813572292E-09   0.000000000000E+00
  100.   0.446875000000E+03  -0.438118628296E-09   0.000000000000E+00   0.253125000000E+03  -0.210889583993E-09   0.000000000000E+00
  101.   0.445312500000E+03  -0.872211032440E-09   0.000000000000E+00   0.254687500000E+03  -0.424883091757E-09   0.000000000000E+00
  102.   0.443750000000E+03  -0.433772346212E-09   0.000000000000E+00   0.256250000000E+03  -0.213929227034E-09   0.000000000000E+00
  103.   0.442187500000E+03  -0.863529339254E-09   0.000000000000E+00   0.257812500000E+03  -0.430971508545E-09   0.000000000000E+00
  104.   0.440625000000E+03  -0.429436867830E-09   0.000000000000E+00   0.259375000000E+03  -0.216977253450E-09   0.000000000000E+00
  105.   0.439062500000E+03  -0.854865072335E-09   0.000000000000E+00   0.260937500000E+03  -0.437073354222E-09   0.000000000000E+00
  106.   0.437500000000E+03  -0.425108027012E-09   0.000000000000E+00   0.262500000000E+03  -0.220030304277E-09   0.000000000000E+00
  107.   0.435937500000E+03  -0.846207695887E-09   0.000000000000E+00   0.264062500000E+03  -0.443180147384E-09   0.000000000000E+00
  108.   0.434375000000E+03  -0.420779450132E-09   0.000000000000E+00   0.265625000000E+03  -0.223083260267E-09   0.000000000000E+00
  109.   0.432812500000E+03  -0.837541270755E-09   0.000000000000E+00   0.267187500000E+03  -0.449278833305E-09   0.000000000000E+00
  110.   0.431250000000E+03  -0.416441562492E-09   0.000000000000E+00   0.268750000000E+03  -0.226128246632E-09   0.000000000000E+00
  111.   0.429687500000E+03  -0.828841750748E-09   0.000000000000E+00   0.270312500000E+03  -0.455349459698E-09   0.000000000000E+00
  112.   0.428125000000E+03  -0.412079876932E-09   0.000000000000E+00   0.271875000000E+03  -0.229153193311E-09   0.000000000000E+00
  113.   0.426562500000E+03  -0.820072950869E-09   0.000000000000E+00   0.273437500000E+03  -0.461361606112E-09   0.000000000000E+00
  114.   0.425000000000E+03  -0.407672705908E-09   0.000000000000E+00   0.275000000000E+03  -0.232139710683E-09   0.000000000000E+00
  115.   0.423437500000E+03  -0.811180537483E-09   0.000000000000E+00   0.276562500000E+03  -0.467269040734E-09   0.000000000000E+00
  116.   0.421875000000E+03  -0.403187484046E-09   0.000000000000E+00   0.278125000000E+03  -0.235059990407E-09   0.000000000000E+00
  117.   0.420312500000E+03  -0.802082994990E-09   0.000000000000E+00   0.279687500000E+03  -0.473001706092E-09   0.000000000000E+00
  118.   0.418750000000E+03  -0.398575256594E-09   0.000000000000E+00   0.281250000000E+03  -0.237871826344E-09   0.000000000000E+00
  119.   0.417187500000E+03  -0.792658121289E-09   0.000000000000E+00   0.282812500000E+03  -0.478453487912E-09   0.000000000000E+00
  120.   0.415625000000E+03  -0.393762766276E-09   0.000000000000E+00   0.284375000000E+03  -0.240511360221E-09   0.000000000000E+00
  121.   0.414062500000E+03  -0.782722790334E-09   0.000000000000E+00   0.285937500000E+03  -0.483463825837E-09   0.000000000000E+00
  122.   0.412500000000E+03  -0.388640299476E-09   0.000000000000E+00   0.287500000000E+03  -0.242881944464E-09   0.000000000000E+00
  123.   0.410937500000E+03  -0.772002766639E-09   0.000000000000E+00   0.289062500000E+03  -0.487789972612E-09   0.000000000000E+00
  124.   0.409375000000E+03  -0.383043432446E-09   0.000000000000E+00   0.290625000000E+03  -0.244837573378E-09   0.000000000000E+00
  125.   0.407812500000E+03  -0.760087376706E-09   0.000000000000E+00   0.292187500000E+03  -0.491064961392E-09   0.000000000000E+00
  126.   0.406250000000E+03  -0.376726036170E-09   0.000000000000E+00   0.293750000000E+03  -0.246157464955E-09   0.000000000000E+00
  127.   0.404687500000E+03  -0.746361768314E-09   0.000000000000E+00   0.295312500000E+03  -0.492734285035E-09   0.000000000000E+00
  128.   0.403125000000E+03  -0.369319664196E-09   0.000000000000E+00   0.296875000000E+03  -0.246508110344E-09   0.000000000000E+00
  129.   0.401562500000E+03  -0.729905527020E-09   0.000000000000E+00   0.298437500000E+03  -0.491960312326E-09   0.000000000000E+00
  130.   0.400000000000E+03  -0.360272723324E-09   0.000000000000E+00   0.300000000000E+03  -0.245385766318E-09   0.000000000000E+00
  131.   0.398437500000E+03  -0.709341061237E-09   0.000000000000E+00   0.301562500000E+03  -0.487477835381E-09   0.000000000000E+00
  132.   0.396875000000E+03  -0.348759611117E-09   0.000000000000E+00   0.303125000000E+03  -0.242029430691E-09   0.000000000000E+00
  133.   0.395312500000E+03  -0.682606551338E-09   0.000000000000E+00   0.304687500000E+03  -0.477376083905E-09   0.000000000000E+00
  134.   0.393750000000E+03  -0.333544732824E-09   0.000000000000E+00   0.306250000000E+03  -0.235289925095E-09   0.000000000000E+00
  135.   0.392187500000E+03  -0.646616247430E-09   0.000000000000E+00   0.307812500000E+03  -0.458769457962E-09   0.000000000000E+00
  136.   0.390625000000E+03  -0.312778404105E-09   0.000000000000E+00   0.309375000000E+03  -0.223431406965E-09   0.000000000000E+00
  137.   0.389062500000E+03  -0.596750960132E-09   0.000000000000E+00   0.310937500000E+03  -0.427299561462E-09   0.000000000000E+00
  138.   0.387500000000E+03  -0.283690901826E-09   0.000000000000E+00   0.312500000000E+03  -0.203831294508E-09   0.000000000000E+00
  139.   0.385937500000E+03  -0.526093048116E-09   0.000000000000E+00   0.314062500000E+03  -0.376380722245E-09   0.000000000000E+00
  140.   0.384375000000E+03  -0.242130913619E-09   0.000000000000E+00   0.315625000000E+03  -0.172523748664E-09   0.000000000000E+00
  141.   0.382812500000E+03  -0.424272349222E-09   0.000000000000E+00   0.317187500000E+03  -0.296052418614E-09   0.000000000000E+00
  142.   0.381250000000E+03  -0.181865484457E-09   0.000000000000E+00   0.318750000000E+03  -0.123501485618E-09   0.000000000000E+00
  143.   0.379687500000E+03  -0.275724943806E-09   0.000000000000E+00   0.320312500000E+03  -0.171233156188E-09   0.000000000000E+00
  144.   0.378125000000E+03  -0.935195391332E-10   0.000000000000E+00   0.321875000000E+03  -0.476497693359E-10   0.000000000000E+00
  145.   0.376562500000E+03  -0.570836297054E-10   0.000000000000E+00   0.323437500000E+03   0.209211327544E-10   0.000000000000E+00
  146.   0.375000000000E+03   0.370460076721E-10   0.000000000000E+00   0.325000000000E+03   0.688981606467E-10   0.000000000000E+00
  147.   0.373437500000E+03   0.266682637162E-09   0.000000000000E+00   0.326562500000E+03   0.314963306146E-09   0.000000000000E+00
  148.   0.371875000000E+03   0.231092249508E-09   0.000000000000E+00   0.328125000000E+03   0.247179336777E-09   0.000000000000E+00
  149.   0.370312500000E+03   0.747281496354E-09   0.000000000000E+00   0.329687500000E+03   0.762394781708E-09   0.000000000000E+00
  150.   0.368750000000E+03   0.520412600811E-09   0.000000000000E+00   0.331250000000E+03   0.518951193074E-09   0.000000000000E+00
  151.   0.367187500000E+03   0.146074877754E-08   0.000000000000E+00   0.332812500000E+03   0.143967261669E-08   0.000000000000E+00
  152.   0.365625000000E+03   0.952138314178E-09   0.000000000000E+00   0.334375000000E+03   0.931732538091E-09   0.000000000000E+00
  153.   0.364062500000E+03   0.250826547696E-08   0.000000000000E+00   0.335937500000E+03   0.245008407002E-08   0.000000000000E+00
  154.   0.362500000000E+03   0.159286319110E-08   0.000000000000E+00   0.337500000000E+03   0.155355097423E-08   0.000000000000E+00
  155.   0.360937500000E+03   0.405443052154E-08   0.000000000000E+00   0.339062500000E+03   0.396192169868E-08   0.000000000000E+00
  156.   0.359375000000E+03   0.256864913446E-08   0.000000000000E+00   0.340625000000E+03   0.251251618620E-08   0.000000000000E+00
  157.   0.357812500000E+03   0.624617490491E-08   0.000000000000E+00   0.342187500000E+03   0.613209952538E-08   0.000000000000E+00
  158.   0.356250000000E+03   0.399910450962E-08   0.000000000000E+00   0.343750000000E+03   0.393564264119E-08   0.000000000000E+00
  159.   0.354687500000E+03   0.995187820225E-08   0.000000000000E+00   0.345312500000E+03   0.983477409068E-08   0.000000000000E+00
  160.   0.353125000000E+03   0.695755764315E-08   0.000000000000E+00   0.346875000000E+03   0.689478507698E-08   0.000000000000E+00
  161.   0.351562500000E+03   0.159470030102E-07   0.000000000000E+00   0.348437500000E+03   0.158904509692E-07   0.000000000000E+00
  162.   0.350000000000E+03   0.249065804450E-07   0.000000000000E+00   0.350000000000E+03   0.249065804528E-07   0.000000000000E+00
  163.   0.348437500000E+03   0.158904509826E-07   0.000000000000E+00   0.351562500000E+03   0.159470029942E-07   0.000000000000E+00
  164.   0.346875000000E+03   0.689478509447E-08   0.000000000000E+00   0.353125000000E+03   0.695755765071E-08   0.000000000000E+00
  165.   0.345312500000E+03   0.983477407672E-08   0.000000000000E+00   0.354687500000E+03   0.995187820091E-08   0.000000000000E+00
  166.   0.343750000000E+03   0.393564264955E-08   0.000000000000E+00   0.356250000000E+03   0.399910451075E-08   0.000000000000E+00
  167.   0.342187500000E+03   0.613209949545E-08   0.000000000000E+00   0.357812500000E+03   0.624617491233E-08   0.000000000000E+00
  168.   0.340625000000E+03   0.251251620438E-08   0.000000000000E+00   0.359375000000E+03   0.256864917492E-08   0.000000000000E+00
  169.   0.339062500000E+03   0.396192166635E-08   0.000000000000E+00   0.360937500000E+03   0.405443052449E-08   0.000000000000E+00
  170.   0.337500000000E+03   0.155355095668E-08   0.000000000000E+00   0.362500000000E+03   0.159286319610E-08   0.000000000000E+00
  171.   0.335937500000E+03   0.245008404192E-08   0.000000000000E+00   0.364062500000E+03   0.250826548214E-08   0.000000000000E+00
  172.   0.334375000000E+03   0.931732516864E-09   0.000000000000E+00   0.365625000000E+03   0.952138342227E-09   0.000000000000E+00
  173.   0.332812500000E+03   0.143967258519E-08   0.000000000000E+00   0.367187500000E+03   0.146074878438E-08   0.000000000000E+00
  174.   0.331250000000E+03   0.518951181705E-09   0.000000000000E+00   0.368750000000E+03   0.520412626828E-09   0.000000000000E+00
  175.   0.329687500000E+03   0.762394759619E-09   0.000000000000E+00   0.370312500000E+03   0.747281505472E-09   0.000000000000E+00
  176.   0.328125000000E+03   0.247179313111E-09   0.000000000000E+00   0.371875000000E+03   0.231092244336E-09   0.000000000000E+00
  177.   0.326562500000E+03   0.314963275493E-09   0.000000000000E+00   0.373437500000E+03   0.266682643435E-09   0.000000000000E+00
  178.   0.325000000000E+03   0.688981499569E-10   0.000000000000E+00   0.375000000000E+03   0.370459987949E-10   0.000000000000E+00
  179.   0.323437500000E+03   0.209211122575E-10   0.000000000000E+00   0.376562500000E+03  -0.570836213208E-10   0.000000000000E+00
  180.   0.321875000000E+03  -0.476497759480E-10   0.000000000000E+00   0.378125000000E+03  -0.935195419943E-10   0.000000000000E+00
  181.   0.320312500000E+03  -0.171233174268E-09   0.000000000000E+00   0.379687500000E+03  -0.275724931964E-09   0.000000000000E+00
  182.   0.318750000000E+03  -0.123501480826E-09   0.000000000000E+00   0.381250000000E+03  -0.181865471021E-09   0.000000000000E+00
  183.   0.317187500000E+03  -0.296052435618E-09   0.000000000000E+00   0.382812500000E+03  -0.424272332302E-09   0.000000000000E+00
  184.   0.315625000000E+03  -0.172523737729E-09   0.000000000000E+00   0.384375000000E+03  -0.242130915884E-09   0.000000000000E+00
  185.   0.314062500000E+03  -0.376380738675E-09   0.000000000000E+00   0.385937500000E+03  -0.526093041953E-09   0.000000000000E+00
  186.   0.312500000000E+03  -0.203831303077E-09   0.000000000000E+00   0.387500000000E+03  -0.283690879445E-09   0.000000000000E+00
  187.   0.310937500000E+03  -0.427299587122E-09   0.000000000000E+00   0.389062500000E+03  -0.596750948194E-09   0.000000000000E+00
  188.   0.309375000000E+03  -0.223431407791E-09   0.000000000000E+00   0.390625000000E+03  -0.312778390038E-09   0.000000000000E+00
  189.   0.307812500000E+03  -0.458769481408E-09   0.000000000000E+00   0.392187500000E+03  -0.646616241010E-09   0.000000000000E+00
  190.   0.306250000000E+03  -0.235289890524E-09   0.000000000000E+00   0.393750000000E+03  -0.333544705621E-09   0.000000000000E+00
  191.   0.304687500000E+03  -0.477376092663E-09   0.000000000000E+00   0.395312500000E+03  -0.682606549378E-09   0.000000000000E+00
  192.   0.303125000000E+03  -0.242029413170E-09   0.000000000000E+00   0.396875000000E+03  -0.348759604888E-09   0.000000000000E+00
  193.   0.301562500000E+03  -0.487477845146E-09   0.000000000000E+00   0.398437500000E+03  -0.709341045160E-09   0.000000000000E+00
  194.   0.300000000000E+03  -0.245385767345E-09   0.000000000000E+00   0.400000000000E+03  -0.360272709108E-09   0.000000000000E+00
  195.   0.298437500000E+03  -0.491960323092E-09   0.000000000000E+00   0.401562500000E+03  -0.729905506415E-09   0.000000000000E+00
  196.   0.296875000000E+03  -0.246508137471E-09   0.000000000000E+00   0.403125000000E+03  -0.369319680461E-09   0.000000000000E+00
  197.   0.295312500000E+03  -0.492734300926E-09   0.000000000000E+00   0.404687500000E+03  -0.746361737151E-09   0.000000000000E+00
  198.   0.293750000000E+03  -0.246157458137E-09   0.000000000000E+00   0.406250000000E+03  -0.376726020836E-09   0.000000000000E+00
  199.   0.292187500000E+03  -0.491064976488E-09   0.000000000000E+00   0.407812500000E+03  -0.760087360522E-09   0.000000000000E+00
  200.   0.290625000000E+03  -0.244837575869E-09   0.000000000000E+00   0.409375000000E+03  -0.383043403115E-09   0.000000000000E+00
  201.   0.289062500000E+03  -0.487790004505E-09   0.000000000000E+00   0.410937500000E+03  -0.772002750887E-09   0.000000000000E+00
  202.   0.287500000000E+03  -0.242881967927E-09   0.000000000000E+00   0.412500000000E+03  -0.388640273575E-09   0.000000000000E+00
  203.   0.285937500000E+03  -0.483463866776E-09   0.000000000000E+00   0.414062500000E+03  -0.782722761748E-09   0.000000000000E+00
  204.   0.284375000000E+03  -0.240511325748E-09   0.000000000000E+00   0.415625000000E+03  -0.393762752696E-09   0.000000000000E+00
  205.   0.282812500000E+03  -0.478453510233E-09   0.000000000000E+00   0.417187500000E+03  -0.792658087935E-09   0.000000000000E+00
  206.   0.281250000000E+03  -0.237871828417E-09   0.000000000000E+00   0.418750000000E+03  -0.398575236274E-09   0.000000000000E+00
  207.   0.279687500000E+03  -0.473001716282E-09   0.000000000000E+00   0.420312500000E+03  -0.802082957851E-09   0.000000000000E+00
  208.   0.278125000000E+03  -0.235059985736E-09   0.000000000000E+00   0.421875000000E+03  -0.403187454520E-09   0.000000000000E+00
  209.   0.276562500000E+03  -0.467269052023E-09   0.000000000000E+00   0.423437500000E+03  -0.811180511455E-09   0.000000000000E+00
  210.   0.275000000000E+03  -0.232139717362E-09   0.000000000000E+00   0.425000000000E+03  -0.407672717428E-09   0.000000000000E+00
  211.   0.273437500000E+03  -0.461361619245E-09   0.000000000000E+00   0.426562500000E+03  -0.820072925081E-09   0.000000000000E+00
  212.   0.271875000000E+03  -0.229153195501E-09   0.000000000000E+00   0.428125000000E+03  -0.412079870112E-09   0.000000000000E+00
  213.   0.270312500000E+03  -0.455349479244E-09   0.000000000000E+00   0.429687500000E+03  -0.828841733484E-09   0.000000000000E+00
  214.   0.268750000000E+03  -0.226128253303E-09   0.000000000000E+00   0.431250000000E+03  -0.416441524597E-09   0.000000000000E+00
  215.   0.267187500000E+03  -0.449278853227E-09   0.000000000000E+00   0.432812500000E+03  -0.837541269113E-09   0.000000000000E+00
  216.   0.265625000000E+03  -0.223083289292E-09   0.000000000000E+00   0.434375000000E+03  -0.420779450957E-09   0.000000000000E+00
  217.   0.264062500000E+03  -0.443180160492E-09   0.000000000000E+00   0.435937500000E+03  -0.846207687480E-09   0.000000000000E+00
  218.   0.262500000000E+03  -0.220030317165E-09   0.000000000000E+00   0.437500000000E+03  -0.425108020215E-09   0.000000000000E+00
  219.   0.260937500000E+03  -0.437073371633E-09   0.000000000000E+00   0.439062500000E+03  -0.854865055677E-09   0.000000000000E+00
  220.   0.259375000000E+03  -0.216977254894E-09   0.000000000000E+00   0.440625000000E+03  -0.429436860646E-09   0.000000000000E+00
  221.   0.257812500000E+03  -0.430971510793E-09   0.000000000000E+00   0.442187500000E+03  -0.863529307405E-09   0.000000000000E+00
  222.   0.256250000000E+03  -0.213929230427E-09   0.000000000000E+00   0.443750000000E+03  -0.433772371676E-09   0.000000000000E+00
  223.   0.254687500000E+03  -0.424883093002E-09   0.000000000000E+00   0.445312500000E+03  -0.872210992292E-09   0.000000000000E+00
  224.   0.253125000000E+03  -0.210889599858E-09   0.000000000000E+00   0.446875000000E+03  -0.438118616805E-09   0.000000000000E+00
  225.   0.251562500000E+03  -0.418813576066E-09   0.000000000000E+00   0.448437500000E+03  -0.880917055164E-09   0.000000000000E+00
  226.   0.250000000000E+03  -0.207860475755E-09   0.000000000000E+00   0.450000000000E+03  -0.442478390332E-09   0.000000000000E+00
  227.   0.248437500000E+03  -0.412766389352E-09   0.000000000000E+00   0.451562500000E+03  -0.889651948585E-09   0.000000000000E+00
  228.   0.246875000000E+03  -0.204843159494E-09   0.000000000000E+00   0.453125000000E+03  -0.446853442972E-09   0.000000000000E+00
  229.   0.245312500000E+03  -0.406743654373E-09   0.000000000000E+00   0.454687500000E+03  -0.898418554085E-09   0.000000000000E+00
  230.   0.243750000000E+03  -0.201838464129E-09   0.000000000000E+00   0.456250000000E+03  -0.451244978050E-09   0.000000000000E+00
  231.   0.242187500000E+03  -0.400746643853E-09   0.000000000000E+00   0.457812500000E+03  -0.907218701862E-09   0.000000000000E+00
  232.   0.240625000000E+03  -0.198846881575E-09   0.000000000000E+00   0.459375000000E+03  -0.455653565131E-09   0.000000000000E+00
  233.   0.239062500000E+03  -0.394776040151E-09   0.000000000000E+00   0.460937500000E+03  -0.916053515959E-09   0.000000000000E+00
  234.   0.237500000000E+03  -0.195868590465E-09   0.000000000000E+00   0.462500000000E+03  -0.460079691678E-09   0.000000000000E+00
  235.   0.235937500000E+03  -0.388832142357E-09   0.000000000000E+00   0.464062500000E+03  -0.924923612027E-09   0.000000000000E+00
  236.   0.234375000000E+03  -0.192903698672E-09   0.000000000000E+00   0.465625000000E+03  -0.464523555025E-09   0.000000000000E+00
  237.   0.232812500000E+03  -0.382915009514E-09   0.000000000000E+00   0.467187500000E+03  -0.933829293964E-09   0.000000000000E+00
  238.   0.231250000000E+03  -0.189952181812E-09   0.000000000000E+00   0.468750000000E+03  -0.468985233710E-09   0.000000000000E+00
  239.   0.229687500000E+03  -0.377024546416E-09   0.000000000000E+00   0.470312500000E+03  -0.942770644958E-09   0.000000000000E+00
  240.   0.228125000000E+03  -0.187013945400E-09   0.000000000000E+00   0.471875000000E+03  -0.473464692630E-09   0.000000000000E+00
  241.   0.226562500000E+03  -0.371160537301E-09   0.000000000000E+00   0.473437500000E+03  -0.951747612006E-09   0.000000000000E+00
  242.   0.225000000000E+03  -0.184088854410E-09   0.000000000000E+00   0.475000000000E+03  -0.477961997236E-09   0.000000000000E+00
  243.   0.223437500000E+03  -0.365322722027E-09   0.000000000000E+00   0.476562500000E+03  -0.960760055658E-09   0.000000000000E+00
  244.   0.221875000000E+03  -0.181176816044E-09   0.000000000000E+00   0.478125000000E+03  -0.482476935547E-09   0.000000000000E+00
  245.   0.220312500000E+03  -0.359510784168E-09   0.000000000000E+00   0.479687500000E+03  -0.969807796204E-09   0.000000000000E+00
  246.   0.218750000000E+03  -0.178277610228E-09   0.000000000000E+00   0.481250000000E+03  -0.487009520999E-09   0.000000000000E+00
  247.   0.217187500000E+03  -0.353724367499E-09   0.000000000000E+00   0.482812500000E+03  -0.978890588171E-09   0.000000000000E+00
  248.   0.215625000000E+03  -0.175391087368E-09   0.000000000000E+00   0.484375000000E+03  -0.491559536839E-09   0.000000000000E+00
  249.   0.214062500000E+03  -0.347963136191E-09   0.000000000000E+00   0.485937500000E+03  -0.988008172901E-09   0.000000000000E+00
  250.   0.212500000000E+03  -0.172517060422E-09   0.000000000000E+00   0.487500000000E+03  -0.496126856676E-09   0.000000000000E+00
  251.   0.210937500000E+03  -0.342226719423E-09   0.000000000000E+00   0.489062500000E+03  -0.997160276890E-09   0.000000000000E+00
  252.   0.209375000000E+03  -0.169655330877E-09   0.000000000000E+00   0.490625000000E+03  -0.500711367636E-09   0.000000000000E+00
  253.   0.207812500000E+03  -0.336514752736E-09   0.000000000000E+00   0.492187500000E+03  -0.100634658784E-08   0.000000000000E+00
  254.   0.206250000000E+03  -0.166805740423E-09   0.000000000000E+00   0.493750000000E+03  -0.505312898672E-09   0.000000000000E+00
  255.   0.204687500000E+03  -0.330826885825E-09   0.000000000000E+00   0.495312500000E+03  -0.101556685619E-08   0.000000000000E+00
  256.   0.203125000000E+03  -0.163968107801E-09   0.000000000000E+00   0.496875000000E+03  -0.509931303757E-09   0.000000000000E+00
  257.   0.201562500000E+03  -0.325162739114E-09   0.000000000000E+00   0.498437500000E+03  -0.102482077490E-08   0.000000000000E+00
  258.   0.200000000000E+03  -0.161142226704E-09   0.000000000000E+00   0.500000000000E+03  -0.514566511011E-09   0.000000000000E+00
  259.   0.198437500000E+03  -0.319521972065E-09   0.000000000000E+00   0.501562500000E+03  -0.103410806842E-08   0.000000000000E+00
  260.   0.196875000000E+03  -0.158327956325E-09   0.000000000000E+00   0.503125000000E+03  -0.519218235866E-09   0.000000000000E+00
  261.   0.195312500000E+03  -0.313904221957E-09   0.000000000000E+00   0.504687500000E+03  -0.104342846164E-08   0.000000000000E+00
  262.   0.193750000000E+03  -0.155525093867E-09   0.000000000000E+00   0.506250000000E+03  -0.523886457879E-09   0.000000000000E+00
  263.   0.192187500000E+03  -0.308309148843E-09   0.000000000000E+00   0.507812500000E+03  -0.105278167624E-08   0.000000000000E+00
  264.   0.190625000000E+03  -0.152733495948E-09   0.000000000000E+00   0.509375000000E+03  -0.528571069664E-09   0.000000000000E+00
  265.   0.189062500000E+03  -0.302736409919E-09   0.000000000000E+00   0.510937500000E+03  -0.106216739307E-08   0.000000000000E+00
  266.   0.187500000000E+03  -0.149952958491E-09   0.000000000000E+00   0.512500000000E+03  -0.533271781288E-09   0.000000000000E+00
  267.   0.185937500000E+03  -0.297185674634E-09   0.000000000000E+00   0.514062500000E+03  -0.107158538281E-08   0.000000000000E+00
  268.   0.184375000000E+03  -0.147183342010E-09   0.000000000000E+00   0.515625000000E+03  -0.537988560540E-09   0.000000000000E+00
  269.   0.182812500000E+03  -0.291656608023E-09   0.000000000000E+00   0.517187500000E+03  -0.108103535975E-08   0.000000000000E+00
  270.   0.181250000000E+03  -0.144424471592E-09   0.000000000000E+00   0.518750000000E+03  -0.542721327102E-09   0.000000000000E+00
  271.   0.179687500000E+03  -0.286148887050E-09   0.000000000000E+00   0.520312500000E+03  -0.109051706454E-08   0.000000000000E+00
  272.   0.178125000000E+03  -0.141676196193E-09   0.000000000000E+00   0.521875000000E+03  -0.547469813136E-09   0.000000000000E+00
  273.   0.176562500000E+03  -0.280662197367E-09   0.000000000000E+00   0.523437500000E+03  -0.110003024227E-08   0.000000000000E+00
  274.   0.175000000000E+03  -0.138938348581E-09   0.000000000000E+00   0.525000000000E+03  -0.552234024405E-09   0.000000000000E+00
  275.   0.173437500000E+03  -0.275196235651E-09   0.000000000000E+00   0.526562500000E+03  -0.110957459702E-08   0.000000000000E+00
  276.   0.171875000000E+03  -0.136210783893E-09   0.000000000000E+00   0.528125000000E+03  -0.557013704560E-09   0.000000000000E+00
  277.   0.170312500000E+03  -0.269750703101E-09   0.000000000000E+00   0.529687500000E+03  -0.111914981394E-08   0.000000000000E+00
  278.   0.168750000000E+03  -0.133493351235E-09   0.000000000000E+00   0.531250000000E+03  -0.561808692580E-09   0.000000000000E+00
  279.   0.167187500000E+03  -0.264325285063E-09   0.000000000000E+00   0.532812500000E+03  -0.112875562907E-08   0.000000000000E+00
  280.   0.165625000000E+03  -0.130785889444E-09   0.000000000000E+00   0.534375000000E+03  -0.566618950038E-09   0.000000000000E+00
  281.   0.164062500000E+03  -0.258919693199E-09   0.000000000000E+00   0.535937500000E+03  -0.113839168768E-08   0.000000000000E+00
  282.   0.162500000000E+03  -0.128088293848E-09   0.000000000000E+00   0.537500000000E+03  -0.571444294758E-09   0.000000000000E+00
  283.   0.160937500000E+03  -0.253533654288E-09   0.000000000000E+00   0.539062500000E+03  -0.114805758965E-08   0.000000000000E+00
  284.   0.159375000000E+03  -0.125400360198E-09   0.000000000000E+00   0.540625000000E+03  -0.576284404755E-09   0.000000000000E+00
  285.   0.157812500000E+03  -0.248166884345E-09   0.000000000000E+00   0.542187500000E+03  -0.115775280243E-08   0.000000000000E+00
  286.   0.156250000000E+03  -0.122722004212E-09   0.000000000000E+00   0.543750000000E+03  -0.581138934645E-09   0.000000000000E+00
  287.   0.154687500000E+03  -0.242819108304E-09   0.000000000000E+00   0.545312500000E+03  -0.116747664767E-08   0.000000000000E+00
  288.   0.153125000000E+03  -0.120053064368E-09   0.000000000000E+00   0.546875000000E+03  -0.586007588579E-09   0.000000000000E+00
  289.   0.151562500000E+03  -0.237490055414E-09   0.000000000000E+00   0.548437500000E+03  -0.117722824254E-08   0.000000000000E+00
  290.   0.150000000000E+03  -0.117393422794E-09   0.000000000000E+00   0.550000000000E+03  -0.590889888637E-09   0.000000000000E+00
  291.   0.148437500000E+03  -0.232179467194E-09   0.000000000000E+00   0.551562500000E+03  -0.118700636226E-08   0.000000000000E+00
  292.   0.146875000000E+03  -0.114742936186E-09   0.000000000000E+00   0.553125000000E+03  -0.595785047866E-09   0.000000000000E+00
  293.   0.145312500000E+03  -0.226887073825E-09   0.000000000000E+00   0.554687500000E+03  -0.119680925973E-08   0.000000000000E+00
  294.   0.143750000000E+03  -0.112101471676E-09   0.000000000000E+00   0.556250000000E+03  -0.600692117737E-09   0.000000000000E+00
  295.   0.142187500000E+03  -0.221612617377E-09   0.000000000000E+00   0.557812500000E+03  -0.120663435922E-08   0.000000000000E+00
  296.   0.140625000000E+03  -0.109468906849E-09   0.000000000000E+00   0.559375000000E+03  -0.605609494510E-09   0.000000000000E+00
  297.   0.139062500000E+03  -0.216355830106E-09   0.000000000000E+00   0.560937500000E+03  -0.121647779901E-08   0.000000000000E+00
  298.   0.137500000000E+03  -0.106845097538E-09   0.000000000000E+00   0.562500000000E+03  -0.610534895061E-09   0.000000000000E+00
  299.   0.135937500000E+03  -0.211116434334E-09   0.000000000000E+00   0.564062500000E+03  -0.122633381183E-08   0.000000000000E+00
  300.   0.134375000000E+03  -0.104229911656E-09   0.000000000000E+00   0.565625000000E+03  -0.615464808054E-09   0.000000000000E+00
  301.   0.132812500000E+03  -0.205894164091E-09   0.000000000000E+00   0.567187500000E+03  -0.123619411429E-08   0.000000000000E+00
  302.   0.131250000000E+03  -0.101623215393E-09   0.000000000000E+00   0.568750000000E+03  -0.620394442034E-09   0.000000000000E+00
  303.   0.129687500000E+03  -0.200688933224E-09   0.000000000000E+00   0.570312500000E+03  -0.124604764733E-08   0.000000000000E+00
  304.   0.128125000000E+03  -0.990250324288E-10   0.000000000000E+00   0.571875000000E+03  -0.625317607318E-09   0.000000000000E+00
  305.   0.126562500000E+03  -0.195501456883E-09   0.000000000000E+00   0.573437500000E+03  -0.125588366587E-08   0.000000000000E+00
  306.   0.125000000000E+03  -0.964360912643E-10   0.000000000000E+00   0.575000000000E+03  -0.630229844961E-09   0.000000000000E+00
  307.   0.123437500000E+03  -0.190335334869E-09   0.000000000000E+00   0.576562500000E+03  -0.126570583004E-08   0.000000000000E+00
  308.   0.121875000000E+03  -0.938593237114E-10   0.000000000000E+00   0.578125000000E+03  -0.635139641688E-09   0.000000000000E+00
  309.   0.120312500000E+03  -0.185201866795E-09   0.000000000000E+00   0.579687500000E+03  -0.127556850762E-08   0.000000000000E+00
  310.   0.118750000000E+03  -0.913032358704E-10   0.000000000000E+00   0.581250000000E+03  -0.640093791893E-09   0.000000000000E+00
  311.   0.117187500000E+03  -0.180130324815E-09   0.000000000000E+00   0.582812500000E+03  -0.128565989852E-08   0.000000000000E+00
  312.   0.115625000000E+03  -0.887886692947E-10   0.000000000000E+00   0.584375000000E+03  -0.645233932354E-09   0.000000000000E+00
  313.   0.114062500000E+03  -0.175174608636E-09   0.000000000000E+00   0.585937500000E+03  -0.129636251990E-08   0.000000000000E+00
  314.   0.112500000000E+03  -0.863464282993E-10   0.000000000000E+00   0.587500000000E+03  -0.650782172769E-09   0.000000000000E+00
  315.   0.110937500000E+03  -0.170400919651E-09   0.000000000000E+00   0.589062500000E+03  -0.130815505519E-08   0.000000000000E+00
  316.   0.109375000000E+03  -0.840068060885E-10   0.000000000000E+00   0.590625000000E+03  -0.656955644314E-09   0.000000000000E+00
  317.   0.107812500000E+03  -0.165735922677E-09   0.000000000000E+00   0.592187500000E+03  -0.132030042000E-08   0.000000000000E+00
  318.   0.106250000000E+03  -0.816081745146E-10   0.000000000000E+00   0.593750000000E+03  -0.662310500698E-09   0.000000000000E+00
  319.   0.104687500000E+03  -0.160641373502E-09   0.000000000000E+00   0.595312500000E+03  -0.132781915020E-08   0.000000000000E+00
  320.   0.103125000000E+03  -0.787875128315E-10   0.000000000000E+00   0.596875000000E+03  -0.663465720428E-09   0.000000000000E+00
  321.   0.101562500000E+03  -0.153478708739E-09   0.000000000000E+00   0.598437500000E+03  -0.131539718140E-08   0.000000000000E+00
