k r_mm theta_deg z_mm node
   1.      100.000        0.000       2.5000        5571.
   2.      100.000       15.000       2.5000        5583.
   3.      100.000       30.000       2.5000        5595.
   4.      100.000       45.000       2.5000        5607.
   5.      100.000       60.000       2.5000        5619.
   6.      100.000       75.000       2.5000        5631.
   7.      100.000       90.000       2.5000        5643.
   8.      100.000      105.000       2.5000        5655.
   9.      100.000      120.000       2.5000        5667.
  10.      100.000      135.000       2.5000        5679.
  11.      100.000      150.000       2.5000        5691.
  12.      100.000      165.000       2.5000        5703.
  13.      100.000      180.000       2.5000        5523.
  14.      225.000        0.000       2.5000        5750.
  15.      225.000       15.000       2.5000        6170.
  16.      225.000       30.000       2.5000        6590.
  17.      225.000       45.000       2.5000        7010.
  18.      225.000       60.000       2.5000        7430.
  19.      225.000       75.000       2.5000        7850.
  20.      225.000       90.000       2.5000        8270.
  21.      225.000      105.000       2.5000        8690.
  22.      225.000      120.000       2.5000        9110.
  23.      225.000      135.000       2.5000        9530.
  24.      225.000      150.000       2.5000        9950.
  25.      225.000      165.000       2.5000       10370.
  26.      225.000      180.000       2.5000        5559.
  27.      350.000        0.000       2.5000        5738.
  28.      350.000       15.000       2.5000        6158.
  29.      350.000       30.000       2.5000        6578.
  30.      350.000       45.000       2.5000        6998.
  31.      350.000       60.000       2.5000        7418.
  32.      350.000       75.000       2.5000        7838.
  33.      350.000       90.000       2.5000        8258.
  34.      350.000      105.000       2.5000        8678.
  35.      350.000      120.000       2.5000        9098.
  36.      350.000      135.000       2.5000        9518.
  37.      350.000      150.000       2.5000        9938.
  38.      350.000      165.000       2.5000       10358.
  39.      350.000      180.000       2.5000        5547.
  40.      475.000        0.000       2.5000        5726.
  41.      475.000       15.000       2.5000        6146.
  42.      475.000       30.000       2.5000        6566.
  43.      475.000       45.000       2.5000        6986.
  44.      475.000       60.000       2.5000        7406.
  45.      475.000       75.000       2.5000        7826.
  46.      475.000       90.000       2.5000        8246.
  47.      475.000      105.000       2.5000        8666.
  48.      475.000      120.000       2.5000        9086.
  49.      475.000      135.000       2.5000        9506.
  50.      475.000      150.000       2.5000        9926.
  51.      475.000      165.000       2.5000       10346.
  52.      475.000      180.000       2.5000        5535.
  53.      600.000        0.000       2.5000        5378.
  54.      600.000       15.000       2.5000        5391.
  55.      600.000       30.000       2.5000        5403.
  56.      600.000       45.000       2.5000        5415.
  57.      600.000       60.000       2.5000        5427.
  58.      600.000       75.000       2.5000        5439.
  59.      600.000       90.000       2.5000        5451.
  60.      600.000      105.000       2.5000        5463.
  61.      600.000      120.000       2.5000        5475.
  62.      600.000      135.000       2.5000        5487.
  63.      600.000      150.000       2.5000        5499.
  64.      600.000      165.000       2.5000        5511.
  65.      600.000      180.000       2.5000        5379.
  66.      600.000        0.000      -2.5000           1.
  67.      600.000       15.000      -2.5000         253.
  68.      600.000       30.000      -2.5000         265.
  69.      600.000       45.000      -2.5000         277.
  70.      600.000       60.000      -2.5000         289.
  71.      600.000       75.000      -2.5000         301.
  72.      600.000       90.000      -2.5000         313.
  73.      600.000      105.000      -2.5000         325.
  74.      600.000      120.000      -2.5000         337.
  75.      600.000      135.000      -2.5000         349.
  76.      600.000      150.000      -2.5000         361.
  77.      600.000      165.000      -2.5000         373.
  78.      600.000      180.000      -2.5000         194.
