mode f[Hz] tag=epsrel_ff_lanb_scboth_h15 target=127.38344Hz
  1.     0.00000000E+00
  2.     0.12704679E+03
  3.     0.59037015E+03
  4.     0.14117184E+04
  5.     0.23991613E+04
  6.     0.25919099E+04
  7.     0.40924572E+04
  8.     0.58690562E+04
  9.     0.61485568E+04
 10.     0.78777663E+04
 11.     0.10078714E+05
 12.     0.10366944E+05
 13.     0.12437362E+05
 14.     0.14924651E+05
 15.     0.14955105E+05
 16.     0.17516565E+05
 17.     0.19653930E+05
 18.     0.20193454E+05
 19.     0.22939322E+05
 20.     0.24379316E+05
