mode   UX_top        UY_top        UX_bot        UY_bot      (bending: UY_top~UY_bot, UX_top~-UX_bot)
  1.     0.1099E-03    -0.5004E-02    -0.1099E-03    -0.5004E-02
  2.    -0.6725E-04     0.7100E-03     0.6725E-04     0.7100E-03
  3.     0.3683E-04    -0.2365E-03    -0.3683E-04    -0.2365E-03
  4.    -0.2551E-04     0.1177E-03     0.2551E-04     0.1177E-03
  5.     0.1759E-03    -0.9197E-06     0.1759E-03     0.9197E-06
  6.     0.1946E-04    -0.7052E-04    -0.1946E-04    -0.7052E-04
  7.    -0.1576E-04     0.4726E-04     0.1576E-04     0.4726E-04
  8.     0.1329E-04    -0.3416E-04    -0.1329E-04    -0.3416E-04
  9.    -0.4812E-04     0.3113E-06    -0.4812E-04    -0.3113E-06
 10.    -0.1155E-04     0.2607E-04     0.1155E-04     0.2607E-04
 11.     0.1029E-04    -0.2074E-04    -0.1029E-04    -0.2074E-04
 12.    -0.2766E-04     0.2447E-06    -0.2766E-04    -0.2447E-06
 13.    -0.9338E-05     0.1705E-04     0.9338E-05     0.1705E-04
 14.     0.8613E-05    -0.1439E-04    -0.8613E-05    -0.1439E-04
 15.    -0.1940E-04     0.2411E-06    -0.1940E-04    -0.2411E-06
 16.    -0.8052E-05     0.1241E-04     0.8052E-05     0.1241E-04
 17.     0.7616E-05    -0.1089E-04    -0.7616E-05    -0.1089E-04
 18.     0.1494E-04    -0.2577E-06     0.1494E-04     0.2577E-06
 19.    -0.7277E-05     0.9695E-05     0.7277E-05     0.9695E-05
 20.     0.7014E-05    -0.8739E-05    -0.7014E-05    -0.8739E-05
