i  r_top  QtopRe  QtopIm  r_bot  QbotRe  QbotIm   [mm, mC]
    1.   0.600000000000E+03  -0.116432683902E-09   0.000000000000E+00   0.100000000000E+03  -0.903300746857E-10   0.000000000000E+00
    2.   0.100000000000E+03  -0.903300747089E-10   0.000000000000E+00   0.600000000000E+03  -0.116432682955E-09   0.000000000000E+00
    3.   0.596875000000E+03  -0.463418017266E-09   0.000000000000E+00   0.103125000000E+03  -0.373267364653E-09   0.000000000000E+00
    4.   0.593750000000E+03  -0.230074432559E-09   0.000000000000E+00   0.106250000000E+03  -0.191812701167E-09   0.000000000000E+00
    5.   0.590625000000E+03  -0.454860066908E-09   0.000000000000E+00   0.109375000000E+03  -0.391154983358E-09   0.000000000000E+00
    6.   0.587500000000E+03  -0.224554179562E-09   0.000000000000E+00   0.112500000000E+03  -0.199215964293E-09   0.000000000000E+00
    7.   0.584375000000E+03  -0.443343623610E-09   0.000000000000E+00   0.115625000000E+03  -0.404841144712E-09   0.000000000000E+00
    8.   0.581250000000E+03  -0.218468374900E-09   0.000000000000E+00   0.118750000000E+03  -0.205399641047E-09   0.000000000000E+00
    9.   0.578125000000E+03  -0.431016143341E-09   0.000000000000E+00   0.121875000000E+03  -0.416420044399E-09   0.000000000000E+00
   10.   0.575000000000E+03  -0.212208803241E-09   0.000000000000E+00   0.125000000000E+03  -0.210775260289E-09   0.000000000000E+00
   11.   0.571875000000E+03  -0.418457141565E-09   0.000000000000E+00   0.128125000000E+03  -0.426508081440E-09   0.000000000000E+00
   12.   0.568750000000E+03  -0.205914045299E-09   0.000000000000E+00   0.131250000000E+03  -0.215488625130E-09   0.000000000000E+00
   13.   0.565625000000E+03  -0.405908515979E-09   0.000000000000E+00   0.134375000000E+03  -0.435346981089E-09   0.000000000000E+00
   14.   0.562500000000E+03  -0.199664549995E-09   0.000000000000E+00   0.137500000000E+03  -0.219616264490E-09   0.000000000000E+00
   15.   0.559375000000E+03  -0.393483012400E-09   0.000000000000E+00   0.140625000000E+03  -0.443040280433E-09   0.000000000000E+00
   16.   0.556250000000E+03  -0.193493779846E-09   0.000000000000E+00   0.143750000000E+03  -0.223185245391E-09   0.000000000000E+00
   17.   0.553125000000E+03  -0.381232039924E-09   0.000000000000E+00   0.146875000000E+03  -0.449624604255E-09   0.000000000000E+00
   18.   0.550000000000E+03  -0.187419217181E-09   0.000000000000E+00   0.150000000000E+03  -0.226204779577E-09   0.000000000000E+00
   19.   0.546875000000E+03  -0.369185534122E-09   0.000000000000E+00   0.153125000000E+03  -0.455112712497E-09   0.000000000000E+00
   20.   0.543750000000E+03  -0.181452969025E-09   0.000000000000E+00   0.156250000000E+03  -0.228678082196E-09   0.000000000000E+00
   21.   0.540625000000E+03  -0.357366211042E-09   0.000000000000E+00   0.159375000000E+03  -0.459509701308E-09   0.000000000000E+00
   22.   0.537500000000E+03  -0.175605515746E-09   0.000000000000E+00   0.162500000000E+03  -0.230606930152E-09   0.000000000000E+00
   23.   0.534375000000E+03  -0.345794863354E-09   0.000000000000E+00   0.165625000000E+03  -0.462819587860E-09   0.000000000000E+00
   24.   0.531250000000E+03  -0.169887116784E-09   0.000000000000E+00   0.168750000000E+03  -0.231993537694E-09   0.000000000000E+00
   25.   0.528125000000E+03  -0.334492378921E-09   0.000000000000E+00   0.171875000000E+03  -0.465048083400E-09   0.000000000000E+00
   26.   0.525000000000E+03  -0.164308367208E-09   0.000000000000E+00   0.175000000000E+03  -0.232841394672E-09   0.000000000000E+00
   27.   0.521875000000E+03  -0.323480466895E-09   0.000000000000E+00   0.178125000000E+03  -0.466203849830E-09   0.000000000000E+00
   28.   0.518750000000E+03  -0.158880359059E-09   0.000000000000E+00   0.181250000000E+03  -0.233155671271E-09   0.000000000000E+00
   29.   0.515625000000E+03  -0.312781869840E-09   0.000000000000E+00   0.184375000000E+03  -0.466299101711E-09   0.000000000000E+00
   30.   0.512500000000E+03  -0.153614719099E-09   0.000000000000E+00   0.187500000000E+03  -0.232943415178E-09   0.000000000000E+00
   31.   0.509375000000E+03  -0.302420375078E-09   0.000000000000E+00   0.190625000000E+03  -0.465349932528E-09   0.000000000000E+00
   32.   0.506250000000E+03  -0.148523586377E-09   0.000000000000E+00   0.193750000000E+03  -0.232213671472E-09   0.000000000000E+00
   33.   0.503125000000E+03  -0.292420749855E-09   0.000000000000E+00   0.196875000000E+03  -0.463376523175E-09   0.000000000000E+00
   34.   0.500000000000E+03  -0.143619566960E-09   0.000000000000E+00   0.200000000000E+03  -0.230977569942E-09   0.000000000000E+00
   35.   0.496875000000E+03  -0.282808646616E-09   0.000000000000E+00   0.203125000000E+03  -0.460403293160E-09   0.000000000000E+00
   36.   0.493750000000E+03  -0.138915682295E-09   0.000000000000E+00   0.206250000000E+03  -0.229248393805E-09   0.000000000000E+00
   37.   0.490625000000E+03  -0.273610497448E-09   0.000000000000E+00   0.209375000000E+03  -0.456459014314E-09   0.000000000000E+00
   38.   0.487500000000E+03  -0.134425320365E-09   0.000000000000E+00   0.212500000000E+03  -0.227041619225E-09   0.000000000000E+00
   39.   0.484375000000E+03  -0.264853405629E-09   0.000000000000E+00   0.215625000000E+03  -0.451576902630E-09   0.000000000000E+00
   40.   0.481250000000E+03  -0.130162170845E-09   0.000000000000E+00   0.218750000000E+03  -0.224374969501E-09   0.000000000000E+00
   41.   0.478125000000E+03  -0.256565034205E-09   0.000000000000E+00   0.221875000000E+03  -0.445794692728E-09   0.000000000000E+00
   42.   0.475000000000E+03  -0.126140179037E-09   0.000000000000E+00   0.225000000000E+03  -0.221268440009E-09   0.000000000000E+00
   43.   0.471875000000E+03  -0.248773491573E-09   0.000000000000E+00   0.228125000000E+03  -0.439154687357E-09   0.000000000000E+00
   44.   0.468750000000E+03  -0.122373479142E-09   0.000000000000E+00   0.231250000000E+03  -0.217744312488E-09   0.000000000000E+00
   45.   0.465625000000E+03  -0.241507205507E-09   0.000000000000E+00   0.234375000000E+03  -0.431703787809E-09   0.000000000000E+00
   46.   0.462500000000E+03  -0.118876331006E-09   0.000000000000E+00   0.237500000000E+03  -0.213827171920E-09   0.000000000000E+00
   47.   0.459375000000E+03  -0.234794763127E-09   0.000000000000E+00   0.240625000000E+03  -0.423493488711E-09   0.000000000000E+00
   48.   0.456250000000E+03  -0.115663022492E-09   0.000000000000E+00   0.243750000000E+03  -0.209543890975E-09   0.000000000000E+00
   49.   0.453125000000E+03  -0.228664668739E-09   0.000000000000E+00   0.246875000000E+03  -0.414579784354E-09   0.000000000000E+00
   50.   0.450000000000E+03  -0.112747719767E-09   0.000000000000E+00   0.250000000000E+03  -0.204923543228E-09   0.000000000000E+00
   51.   0.446875000000E+03  -0.223144892445E-09   0.000000000000E+00   0.253125000000E+03  -0.405022898554E-09   0.000000000000E+00
   52.   0.443750000000E+03  -0.110144155483E-09   0.000000000000E+00   0.256250000000E+03  -0.199997208016E-09   0.000000000000E+00
   53.   0.440625000000E+03  -0.218261869507E-09   0.000000000000E+00   0.259375000000E+03  -0.394886544313E-09   0.000000000000E+00
   54.   0.437500000000E+03  -0.107864945376E-09   0.000000000000E+00   0.262500000000E+03  -0.194797431773E-09   0.000000000000E+00
   55.   0.434375000000E+03  -0.214038139318E-09   0.000000000000E+00   0.265625000000E+03  -0.384236036632E-09   0.000000000000E+00
   56.   0.431250000000E+03  -0.105919862276E-09   0.000000000000E+00   0.268750000000E+03  -0.189356836297E-09   0.000000000000E+00
   57.   0.428125000000E+03  -0.210486437719E-09   0.000000000000E+00   0.271875000000E+03  -0.373133350486E-09   0.000000000000E+00
   58.   0.425000000000E+03  -0.104311857288E-09   0.000000000000E+00   0.275000000000E+03  -0.183704731475E-09   0.000000000000E+00
   59.   0.421875000000E+03  -0.207595221351E-09   0.000000000000E+00   0.278125000000E+03  -0.361624669890E-09   0.000000000000E+00
   60.   0.418750000000E+03  -0.103025916568E-09   0.000000000000E+00   0.281250000000E+03  -0.177857542812E-09   0.000000000000E+00
   61.   0.415625000000E+03  -0.205291316680E-09   0.000000000000E+00   0.284375000000E+03  -0.349707628664E-09   0.000000000000E+00
   62.   0.412500000000E+03  -0.102005223209E-09   0.000000000000E+00   0.287500000000E+03  -0.171797547528E-09   0.000000000000E+00
   63.   0.409375000000E+03  -0.203349603807E-09   0.000000000000E+00   0.290625000000E+03  -0.337250434364E-09   0.000000000000E+00
   64.   0.406250000000E+03  -0.101076490999E-09   0.000000000000E+00   0.293750000000E+03  -0.165406486163E-09   0.000000000000E+00
   65.   0.403125000000E+03  -0.201147107541E-09   0.000000000000E+00   0.296875000000E+03  -0.323768354136E-09   0.000000000000E+00
   66.   0.400000000000E+03  -0.998109957731E-10   0.000000000000E+00   0.300000000000E+03  -0.158335766011E-09   0.000000000000E+00
   67.   0.396875000000E+03  -0.197092271251E-09   0.000000000000E+00   0.303125000000E+03  -0.307893323025E-09   0.000000000000E+00
   68.   0.393750000000E+03  -0.970141181748E-10   0.000000000000E+00   0.306250000000E+03  -0.149539210233E-09   0.000000000000E+00
   69.   0.390625000000E+03  -0.187083071658E-09   0.000000000000E+00   0.309375000000E+03  -0.285917762297E-09   0.000000000000E+00
   70.   0.387500000000E+03  -0.902150845333E-10   0.000000000000E+00   0.312500000000E+03  -0.136746474699E-09   0.000000000000E+00
   71.   0.384375000000E+03  -0.160921371626E-09   0.000000000000E+00   0.315625000000E+03  -0.248347911375E-09   0.000000000000E+00
   72.   0.381250000000E+03  -0.709805422990E-10   0.000000000000E+00   0.318750000000E+03  -0.112106422227E-09   0.000000000000E+00
   73.   0.378125000000E+03  -0.893910176855E-10   0.000000000000E+00   0.321875000000E+03  -0.167409291964E-09   0.000000000000E+00
   74.   0.375000000000E+03  -0.218370300199E-10   0.000000000000E+00   0.325000000000E+03  -0.587403732445E-10   0.000000000000E+00
   75.   0.371875000000E+03   0.880604050814E-10   0.000000000000E+00   0.328125000000E+03   0.159884472416E-10   0.000000000000E+00
   76.   0.368750000000E+03   0.961809840568E-10   0.000000000000E+00   0.331250000000E+03   0.614544718002E-10   0.000000000000E+00
   77.   0.365625000000E+03   0.514979445353E-09   0.000000000000E+00   0.334375000000E+03   0.444847841826E-09   0.000000000000E+00
   78.   0.362500000000E+03   0.291968082078E-09   0.000000000000E+00   0.337500000000E+03   0.261560745292E-09   0.000000000000E+00
   79.   0.359375000000E+03   0.196183930587E-08   0.000000000000E+00   0.340625000000E+03   0.188081314699E-08   0.000000000000E+00
   80.   0.356250000000E+03   0.121060530005E-08   0.000000000000E+00   0.343750000000E+03   0.117385581572E-08   0.000000000000E+00
   81.   0.353125000000E+03   0.795821385708E-08   0.000000000000E+00   0.346875000000E+03   0.788949320948E-08   0.000000000000E+00
   82.   0.350000000000E+03   0.135148964042E-07   0.000000000000E+00   0.350000000000E+03   0.135148964039E-07   0.000000000000E+00
   83.   0.346875000000E+03   0.788949320954E-08   0.000000000000E+00   0.353125000000E+03   0.795821385752E-08   0.000000000000E+00
   84.   0.343750000000E+03   0.117385581622E-08   0.000000000000E+00   0.356250000000E+03   0.121060530104E-08   0.000000000000E+00
   85.   0.340625000000E+03   0.188081314763E-08   0.000000000000E+00   0.359375000000E+03   0.196183930623E-08   0.000000000000E+00
   86.   0.337500000000E+03   0.261560745324E-09   0.000000000000E+00   0.362500000000E+03   0.291968082766E-09   0.000000000000E+00
   87.   0.334375000000E+03   0.444847842003E-09   0.000000000000E+00   0.365625000000E+03   0.514979444783E-09   0.000000000000E+00
   88.   0.331250000000E+03   0.614544712947E-10   0.000000000000E+00   0.368750000000E+03   0.961809831782E-10   0.000000000000E+00
   89.   0.328125000000E+03   0.159884473022E-10   0.000000000000E+00   0.371875000000E+03   0.880604038885E-10   0.000000000000E+00
   90.   0.325000000000E+03  -0.587403730645E-10   0.000000000000E+00   0.375000000000E+03  -0.218370307973E-10   0.000000000000E+00
   91.   0.321875000000E+03  -0.167409291692E-09   0.000000000000E+00   0.378125000000E+03  -0.893910185799E-10   0.000000000000E+00
   92.   0.318750000000E+03  -0.112106421716E-09   0.000000000000E+00   0.381250000000E+03  -0.709805421423E-10   0.000000000000E+00
   93.   0.315625000000E+03  -0.248347911534E-09   0.000000000000E+00   0.384375000000E+03  -0.160921371863E-09   0.000000000000E+00
   94.   0.312500000000E+03  -0.136746475192E-09   0.000000000000E+00   0.387500000000E+03  -0.902150843231E-10   0.000000000000E+00
   95.   0.309375000000E+03  -0.285917763103E-09   0.000000000000E+00   0.390625000000E+03  -0.187083071302E-09   0.000000000000E+00
   96.   0.306250000000E+03  -0.149539211316E-09   0.000000000000E+00   0.393750000000E+03  -0.970141174652E-10   0.000000000000E+00
   97.   0.303125000000E+03  -0.307893323629E-09   0.000000000000E+00   0.396875000000E+03  -0.197092270777E-09   0.000000000000E+00
   98.   0.300000000000E+03  -0.158335766127E-09   0.000000000000E+00   0.400000000000E+03  -0.998109953687E-10   0.000000000000E+00
   99.   0.296875000000E+03  -0.323768354119E-09   0.000000000000E+00   0.403125000000E+03  -0.201147107326E-09   0.000000000000E+00
  100.   0.293750000000E+03  -0.165406486677E-09   0.000000000000E+00   0.406250000000E+03  -0.101076490564E-09   0.000000000000E+00
  101.   0.290625000000E+03  -0.337250433643E-09   0.000000000000E+00   0.409375000000E+03  -0.203349603834E-09   0.000000000000E+00
  102.   0.287500000000E+03  -0.171797546778E-09   0.000000000000E+00   0.412500000000E+03  -0.102005223500E-09   0.000000000000E+00
  103.   0.284375000000E+03  -0.349707628123E-09   0.000000000000E+00   0.415625000000E+03  -0.205291316594E-09   0.000000000000E+00
  104.   0.281250000000E+03  -0.177857542312E-09   0.000000000000E+00   0.418750000000E+03  -0.103025916677E-09   0.000000000000E+00
  105.   0.278125000000E+03  -0.361624669620E-09   0.000000000000E+00   0.421875000000E+03  -0.207595220927E-09   0.000000000000E+00
  106.   0.275000000000E+03  -0.183704731572E-09   0.000000000000E+00   0.425000000000E+03  -0.104311857739E-09   0.000000000000E+00
  107.   0.271875000000E+03  -0.373133350529E-09   0.000000000000E+00   0.428125000000E+03  -0.210486437118E-09   0.000000000000E+00
  108.   0.268750000000E+03  -0.189356835245E-09   0.000000000000E+00   0.431250000000E+03  -0.105919861560E-09   0.000000000000E+00
  109.   0.265625000000E+03  -0.384236036671E-09   0.000000000000E+00   0.434375000000E+03  -0.214038138810E-09   0.000000000000E+00
  110.   0.262500000000E+03  -0.194797430995E-09   0.000000000000E+00   0.437500000000E+03  -0.107864945873E-09   0.000000000000E+00
  111.   0.259375000000E+03  -0.394886543441E-09   0.000000000000E+00   0.440625000000E+03  -0.218261869951E-09   0.000000000000E+00
  112.   0.256250000000E+03  -0.199997207595E-09   0.000000000000E+00   0.443750000000E+03  -0.110144155953E-09   0.000000000000E+00
  113.   0.253125000000E+03  -0.405022897865E-09   0.000000000000E+00   0.446875000000E+03  -0.223144893393E-09   0.000000000000E+00
  114.   0.250000000000E+03  -0.204923543555E-09   0.000000000000E+00   0.450000000000E+03  -0.112747720655E-09   0.000000000000E+00
  115.   0.246875000000E+03  -0.414579784774E-09   0.000000000000E+00   0.453125000000E+03  -0.228664669371E-09   0.000000000000E+00
  116.   0.243750000000E+03  -0.209543891768E-09   0.000000000000E+00   0.456250000000E+03  -0.115663022934E-09   0.000000000000E+00
  117.   0.240625000000E+03  -0.423493489602E-09   0.000000000000E+00   0.459375000000E+03  -0.234794763341E-09   0.000000000000E+00
  118.   0.237500000000E+03  -0.213827173685E-09   0.000000000000E+00   0.462500000000E+03  -0.118876330381E-09   0.000000000000E+00
  119.   0.234375000000E+03  -0.431703788000E-09   0.000000000000E+00   0.465625000000E+03  -0.241507205663E-09   0.000000000000E+00
  120.   0.231250000000E+03  -0.217744311194E-09   0.000000000000E+00   0.468750000000E+03  -0.122373478866E-09   0.000000000000E+00
  121.   0.228125000000E+03  -0.439154686067E-09   0.000000000000E+00   0.471875000000E+03  -0.248773491642E-09   0.000000000000E+00
  122.   0.225000000000E+03  -0.221268438495E-09   0.000000000000E+00   0.475000000000E+03  -0.126140179612E-09   0.000000000000E+00
  123.   0.221875000000E+03  -0.445794691528E-09   0.000000000000E+00   0.478125000000E+03  -0.256565034342E-09   0.000000000000E+00
  124.   0.218750000000E+03  -0.224374969739E-09   0.000000000000E+00   0.481250000000E+03  -0.130162170757E-09   0.000000000000E+00
  125.   0.215625000000E+03  -0.451576902390E-09   0.000000000000E+00   0.484375000000E+03  -0.264853405405E-09   0.000000000000E+00
  126.   0.212500000000E+03  -0.227041619987E-09   0.000000000000E+00   0.487500000000E+03  -0.134425320304E-09   0.000000000000E+00
  127.   0.209375000000E+03  -0.456459014594E-09   0.000000000000E+00   0.490625000000E+03  -0.273610496976E-09   0.000000000000E+00
  128.   0.206250000000E+03  -0.229248394192E-09   0.000000000000E+00   0.493750000000E+03  -0.138915681595E-09   0.000000000000E+00
  129.   0.203125000000E+03  -0.460403293904E-09   0.000000000000E+00   0.496875000000E+03  -0.282808646461E-09   0.000000000000E+00
  130.   0.200000000000E+03  -0.230977571283E-09   0.000000000000E+00   0.500000000000E+03  -0.143619566156E-09   0.000000000000E+00
  131.   0.196875000000E+03  -0.463376523429E-09   0.000000000000E+00   0.503125000000E+03  -0.292420749526E-09   0.000000000000E+00
  132.   0.193750000000E+03  -0.232213671804E-09   0.000000000000E+00   0.506250000000E+03  -0.148523585494E-09   0.000000000000E+00
  133.   0.190625000000E+03  -0.465349933056E-09   0.000000000000E+00   0.509375000000E+03  -0.302420374262E-09   0.000000000000E+00
  134.   0.187500000000E+03  -0.232943416030E-09   0.000000000000E+00   0.512500000000E+03  -0.153614719124E-09   0.000000000000E+00
  135.   0.184375000000E+03  -0.466299102171E-09   0.000000000000E+00   0.515625000000E+03  -0.312781868757E-09   0.000000000000E+00
  136.   0.181250000000E+03  -0.233155671473E-09   0.000000000000E+00   0.518750000000E+03  -0.158880357883E-09   0.000000000000E+00
  137.   0.178125000000E+03  -0.466203849690E-09   0.000000000000E+00   0.521875000000E+03  -0.323480465502E-09   0.000000000000E+00
  138.   0.175000000000E+03  -0.232841393833E-09   0.000000000000E+00   0.525000000000E+03  -0.164308366151E-09   0.000000000000E+00
  139.   0.171875000000E+03  -0.465048082346E-09   0.000000000000E+00   0.528125000000E+03  -0.334492377992E-09   0.000000000000E+00
  140.   0.168750000000E+03  -0.231993535962E-09   0.000000000000E+00   0.531250000000E+03  -0.169887116858E-09   0.000000000000E+00
  141.   0.165625000000E+03  -0.462819586073E-09   0.000000000000E+00   0.534375000000E+03  -0.345794863181E-09   0.000000000000E+00
  142.   0.162500000000E+03  -0.230606929567E-09   0.000000000000E+00   0.537500000000E+03  -0.175605513568E-09   0.000000000000E+00
  143.   0.159375000000E+03  -0.459509699912E-09   0.000000000000E+00   0.540625000000E+03  -0.357366210419E-09   0.000000000000E+00
  144.   0.156250000000E+03  -0.228678082840E-09   0.000000000000E+00   0.543750000000E+03  -0.181452968181E-09   0.000000000000E+00
  145.   0.153125000000E+03  -0.455112713079E-09   0.000000000000E+00   0.546875000000E+03  -0.369185534040E-09   0.000000000000E+00
  146.   0.150000000000E+03  -0.226204781512E-09   0.000000000000E+00   0.550000000000E+03  -0.187419217886E-09   0.000000000000E+00
  147.   0.146875000000E+03  -0.449624604225E-09   0.000000000000E+00   0.553125000000E+03  -0.381232040300E-09   0.000000000000E+00
  148.   0.143750000000E+03  -0.223185244837E-09   0.000000000000E+00   0.556250000000E+03  -0.193493780682E-09   0.000000000000E+00
  149.   0.140625000000E+03  -0.443040280428E-09   0.000000000000E+00   0.559375000000E+03  -0.393483012588E-09   0.000000000000E+00
  150.   0.137500000000E+03  -0.219616263103E-09   0.000000000000E+00   0.562500000000E+03  -0.199664550348E-09   0.000000000000E+00
  151.   0.134375000000E+03  -0.435346982048E-09   0.000000000000E+00   0.565625000000E+03  -0.405908516053E-09   0.000000000000E+00
  152.   0.131250000000E+03  -0.215488626562E-09   0.000000000000E+00   0.568750000000E+03  -0.205914046057E-09   0.000000000000E+00
  153.   0.128125000000E+03  -0.426508082396E-09   0.000000000000E+00   0.571875000000E+03  -0.418457141835E-09   0.000000000000E+00
  154.   0.125000000000E+03  -0.210775260850E-09   0.000000000000E+00   0.575000000000E+03  -0.212208802911E-09   0.000000000000E+00
  155.   0.121875000000E+03  -0.416420046161E-09   0.000000000000E+00   0.578125000000E+03  -0.431016144011E-09   0.000000000000E+00
  156.   0.118750000000E+03  -0.205399641784E-09   0.000000000000E+00   0.581250000000E+03  -0.218468374704E-09   0.000000000000E+00
  157.   0.115625000000E+03  -0.404841145052E-09   0.000000000000E+00   0.584375000000E+03  -0.443343624527E-09   0.000000000000E+00
  158.   0.112500000000E+03  -0.199215963666E-09   0.000000000000E+00   0.587500000000E+03  -0.224554177752E-09   0.000000000000E+00
  159.   0.109375000000E+03  -0.391154982039E-09   0.000000000000E+00   0.590625000000E+03  -0.454860066866E-09   0.000000000000E+00
  160.   0.106250000000E+03  -0.191812699924E-09   0.000000000000E+00   0.593750000000E+03  -0.230074431581E-09   0.000000000000E+00
  161.   0.103125000000E+03  -0.373267363249E-09   0.000000000000E+00   0.596875000000E+03  -0.463418016734E-09   0.000000000000E+00
