k r_mm theta_deg z_mm node
   1.      100.000        0.000      14.0000       27177.
   2.      100.000       15.000      14.0000       27189.
   3.      100.000       30.000      14.0000       27201.
   4.      100.000       45.000      14.0000       27213.
   5.      100.000       60.000      14.0000       27225.
   6.      100.000       75.000      14.0000       27237.
   7.      100.000       90.000      14.0000       27249.
   8.      100.000      105.000      14.0000       27261.
   9.      100.000      120.000      14.0000       27273.
  10.      100.000      135.000      14.0000       27285.
  11.      100.000      150.000      14.0000       27297.
  12.      100.000      165.000      14.0000       27309.
  13.      100.000      180.000      14.0000       27129.
  14.      225.000        0.000      14.0000       27356.
  15.      225.000       15.000      14.0000       27776.
  16.      225.000       30.000      14.0000       28196.
  17.      225.000       45.000      14.0000       28616.
  18.      225.000       60.000      14.0000       29036.
  19.      225.000       75.000      14.0000       29456.
  20.      225.000       90.000      14.0000       29876.
  21.      225.000      105.000      14.0000       30296.
  22.      225.000      120.000      14.0000       30716.
  23.      225.000      135.000      14.0000       31136.
  24.      225.000      150.000      14.0000       31556.
  25.      225.000      165.000      14.0000       31976.
  26.      225.000      180.000      14.0000       27165.
  27.      350.000        0.000      14.0000       27344.
  28.      350.000       15.000      14.0000       27764.
  29.      350.000       30.000      14.0000       28184.
  30.      350.000       45.000      14.0000       28604.
  31.      350.000       60.000      14.0000       29024.
  32.      350.000       75.000      14.0000       29444.
  33.      350.000       90.000      14.0000       29864.
  34.      350.000      105.000      14.0000       30284.
  35.      350.000      120.000      14.0000       30704.
  36.      350.000      135.000      14.0000       31124.
  37.      350.000      150.000      14.0000       31544.
  38.      350.000      165.000      14.0000       31964.
  39.      350.000      180.000      14.0000       27153.
  40.      475.000        0.000      14.0000       27332.
  41.      475.000       15.000      14.0000       27752.
  42.      475.000       30.000      14.0000       28172.
  43.      475.000       45.000      14.0000       28592.
  44.      475.000       60.000      14.0000       29012.
  45.      475.000       75.000      14.0000       29432.
  46.      475.000       90.000      14.0000       29852.
  47.      475.000      105.000      14.0000       30272.
  48.      475.000      120.000      14.0000       30692.
  49.      475.000      135.000      14.0000       31112.
  50.      475.000      150.000      14.0000       31532.
  51.      475.000      165.000      14.0000       31952.
  52.      475.000      180.000      14.0000       27141.
  53.      600.000        0.000      14.0000       26984.
  54.      600.000       15.000      14.0000       26997.
  55.      600.000       30.000      14.0000       27009.
  56.      600.000       45.000      14.0000       27021.
  57.      600.000       60.000      14.0000       27033.
  58.      600.000       75.000      14.0000       27045.
  59.      600.000       90.000      14.0000       27057.
  60.      600.000      105.000      14.0000       27069.
  61.      600.000      120.000      14.0000       27081.
  62.      600.000      135.000      14.0000       27093.
  63.      600.000      150.000      14.0000       27105.
  64.      600.000      165.000      14.0000       27117.
  65.      600.000      180.000      14.0000       26985.
  66.      600.000        0.000     -14.0000       19782.
  67.      600.000       15.000     -14.0000       20034.
  68.      600.000       30.000     -14.0000       20046.
  69.      600.000       45.000     -14.0000       20058.
  70.      600.000       60.000     -14.0000       20070.
  71.      600.000       75.000     -14.0000       20082.
  72.      600.000       90.000     -14.0000       20094.
  73.      600.000      105.000     -14.0000       20106.
  74.      600.000      120.000     -14.0000       20118.
  75.      600.000      135.000     -14.0000       20130.
  76.      600.000      150.000     -14.0000       20142.
  77.      600.000      165.000     -14.0000       20154.
  78.      600.000      180.000     -14.0000       19975.
