mode f[Hz] tag=epsrel_cf_lanb_oc target=67.333Hz
  1.     0.67245297E+02
  2.     0.40947873E+03
  3.     0.11773841E+04
  4.     0.22882693E+04
  5.     0.29102064E+04
  6.     0.37112659E+04
  7.     0.54066841E+04
  8.     0.73357119E+04
  9.     0.79622597E+04
 10.     0.94625625E+04
 11.     0.11755217E+05
 12.     0.12957656E+05
 13.     0.14186305E+05
 14.     0.16732466E+05
 15.     0.17976885E+05
 16.     0.19374463E+05
 17.     0.22096181E+05
 18.     0.23001418E+05
 19.     0.24884600E+05
 20.     0.27728862E+05
