mode   UX_top        UY_top        UX_bot        UY_bot      (bending: UY_top~UY_bot, UX_top~-UX_bot)
  1.     0.8019E-10     0.1000E+01    -0.7989E-10     0.1000E+01
  2.    -0.1116E-03     0.2210E-02     0.1116E-03     0.2210E-02
  3.    -0.7501E-04     0.7069E-03     0.7501E-04     0.7069E-03
  4.    -0.1372E-03     0.8304E-03     0.1372E-03     0.8304E-03
  5.    -0.5718E-01     0.3069E-03    -0.5718E-01    -0.3069E-03
  6.    -0.7018E-04     0.3138E-03     0.7018E-04     0.3138E-03
  7.    -0.1058E-03     0.3750E-03     0.1058E-03     0.3750E-03
  8.    -0.6505E-04     0.1919E-03     0.6505E-04     0.1919E-03
  9.    -0.1335E-01     0.9405E-04    -0.1335E-01    -0.9405E-04
 10.    -0.7525E-04     0.1902E-03     0.7525E-04     0.1902E-03
 11.    -0.5335E-04     0.1184E-03     0.5335E-04     0.1184E-03
 12.     0.3284E-02    -0.3523E-04     0.3284E-02     0.3523E-04
 13.    -0.5341E-04     0.1057E-03     0.5341E-04     0.1057E-03
 14.    -0.4315E-04     0.7713E-04     0.4315E-04     0.7713E-04
 15.     0.1566E-02    -0.2659E-04     0.1566E-02     0.2659E-04
 16.    -0.4068E-04     0.6620E-04     0.4068E-04     0.6620E-04
 17.    -0.8582E-03     0.2231E-04    -0.8582E-03    -0.2231E-04
 18.    -0.3385E-04     0.5057E-04     0.3385E-04     0.5057E-04
 19.    -0.3085E-04     0.4245E-04     0.3085E-04     0.4245E-04
 20.    -0.4238E-03     0.1610E-04    -0.4238E-03    -0.1610E-04
