mode   UX_top        UY_top        UX_bot        UY_bot      (bending: UY_top~UY_bot, UX_top~-UX_bot)
  1.     0.1581E-09     0.1000E+01    -0.1581E-09     0.1000E+01
  2.     0.3085E-02    -0.6078E-01    -0.3085E-02    -0.6078E-01
  3.    -0.1658E-02     0.1556E-01     0.1658E-02     0.1556E-01
  4.    -0.1075E-02     0.6491E-02     0.1075E-02     0.6491E-02
  5.    -0.7646E-01     0.4017E-03    -0.7646E-01    -0.4017E-03
  6.     0.6653E-03    -0.2968E-02    -0.6653E-03    -0.2968E-02
  7.    -0.4600E-03     0.1630E-02     0.4600E-03     0.1630E-02
  8.     0.3361E-03    -0.9909E-03    -0.3361E-03    -0.9909E-03
  9.    -0.3454E-01     0.2207E-03    -0.3454E-01    -0.2207E-03
 10.    -0.2591E-03     0.6561E-03     0.2591E-03     0.6561E-03
 11.     0.2081E-03    -0.4630E-03    -0.2081E-03    -0.4630E-03
 12.     0.8278E-02    -0.7344E-04     0.8278E-02     0.7344E-04
 13.    -0.1656E-03     0.3293E-03     0.1656E-03     0.3293E-03
 14.     0.1402E-03    -0.2524E-03    -0.1402E-03    -0.2524E-03
 15.    -0.3881E-02     0.5074E-04    -0.3881E-02    -0.5074E-04
 16.    -0.1215E-03     0.1998E-03     0.1215E-03     0.1998E-03
 17.     0.9914E-04    -0.1502E-03    -0.9914E-04    -0.1502E-03
 18.    -0.2217E-02     0.4230E-04    -0.2217E-02    -0.4230E-04
 19.    -0.8551E-04     0.1200E-03     0.8551E-04     0.1200E-03
 20.    -0.1081E-02     0.2919E-04    -0.1081E-02    -0.2919E-04
