mode f[Hz] tag=zp4_oc_h15 target=128.26320Hz
  1.     0.00000000E+00
  2.     0.12780931E+03
  3.     0.59197692E+03
  4.     0.14121886E+04
  5.     0.23991613E+04
  6.     0.25937485E+04
  7.     0.40928550E+04
  8.     0.58708558E+04
  9.     0.61485567E+04
 10.     0.78781240E+04
 11.     0.10080435E+05
 12.     0.10366944E+05
 13.     0.12437693E+05
 14.     0.14926307E+05
 15.     0.14955105E+05
 16.     0.17516877E+05
 17.     0.19653929E+05
 18.     0.20195074E+05
 19.     0.22939622E+05
 20.     0.24379313E+05
