mode f[Hz] tag=zp4_oc_h18 target=122.15932Hz
  1.     0.00000000E+00
  2.     0.12183895E+03
  3.     0.56548633E+03
  4.     0.13528174E+04
  5.     0.24700757E+04
  6.     0.24908948E+04
  7.     0.39429538E+04
  8.     0.56729432E+04
  9.     0.63294043E+04
 10.     0.76366932E+04
 11.     0.98001527E+04
 12.     0.10673741E+05
 13.     0.12126307E+05
 14.     0.14589959E+05
 15.     0.15401551E+05
 16.     0.17163504E+05
 17.     0.19830285E+05
 18.     0.20247383E+05
 19.     0.22570466E+05
 20.     0.25126199E+05
