mode f[Hz] tag=epsrel_ff_lanb_oc target=119.405Hz
  1.     0.00000000E+00
  2.     0.11914314E+03
  3.     0.55361672E+03
  4.     0.13264919E+04
  5.     0.24455773E+04
  6.     0.25159812E+04
  7.     0.38777737E+04
  8.     0.55881947E+04
  9.     0.64464173E+04
 10.     0.75356610E+04
 11.     0.96861169E+04
 12.     0.10871880E+05
 13.     0.12004323E+05
 14.     0.14464134E+05
 15.     0.15688957E+05
 16.     0.17038990E+05
 17.     0.19710875E+05
 18.     0.20627709E+05
 19.     0.22460742E+05
 20.     0.25276952E+05
