i  r_top  QtopRe  QtopIm  r_bot  QbotRe  QbotIm   [mm, mC]
    1.   0.600000000000E+03  -0.150443543274E-09   0.000000000000E+00   0.100000000000E+03  -0.231613041472E-10   0.000000000000E+00
    2.   0.100000000000E+03  -0.231612886038E-10   0.000000000000E+00   0.600000000000E+03  -0.150443508898E-09   0.000000000000E+00
    3.   0.596875000000E+03  -0.599330018014E-09   0.000000000000E+00   0.103125000000E+03  -0.958511230397E-10   0.000000000000E+00
    4.   0.593750000000E+03  -0.298020287786E-09   0.000000000000E+00   0.106250000000E+03  -0.493736836244E-10   0.000000000000E+00
    5.   0.590625000000E+03  -0.592941408017E-09   0.000000000000E+00   0.109375000000E+03  -0.101712538868E-09   0.000000000000E+00
    6.   0.587500000000E+03  -0.294505726509E-09   0.000000000000E+00   0.112500000000E+03  -0.522775396463E-10   0.000000000000E+00
    7.   0.584375000000E+03  -0.585991198680E-09   0.000000000000E+00   0.115625000000E+03  -0.107552612970E-09   0.000000000000E+00
    8.   0.581250000000E+03  -0.291032941941E-09   0.000000000000E+00   0.118750000000E+03  -0.552067903350E-10   0.000000000000E+00
    9.   0.578125000000E+03  -0.579074754429E-09   0.000000000000E+00   0.121875000000E+03  -0.113425915052E-09   0.000000000000E+00
   10.   0.575000000000E+03  -0.287578351654E-09   0.000000000000E+00   0.125000000000E+03  -0.581485116873E-10   0.000000000000E+00
   11.   0.571875000000E+03  -0.572147935273E-09   0.000000000000E+00   0.128125000000E+03  -0.119312607028E-09   0.000000000000E+00
   12.   0.568750000000E+03  -0.284110514026E-09   0.000000000000E+00   0.131250000000E+03  -0.610929429090E-10   0.000000000000E+00
   13.   0.565625000000E+03  -0.565212875196E-09   0.000000000000E+00   0.134375000000E+03  -0.125206338892E-09   0.000000000000E+00
   14.   0.562500000000E+03  -0.280643626486E-09   0.000000000000E+00   0.137500000000E+03  -0.640410544939E-10   0.000000000000E+00
   15.   0.559375000000E+03  -0.558284606748E-09   0.000000000000E+00   0.140625000000E+03  -0.131107544828E-09   0.000000000000E+00
   16.   0.556250000000E+03  -0.277182127250E-09   0.000000000000E+00   0.143750000000E+03  -0.669927536381E-10   0.000000000000E+00
   17.   0.553125000000E+03  -0.551367332455E-09   0.000000000000E+00   0.146875000000E+03  -0.137016091521E-09   0.000000000000E+00
   18.   0.550000000000E+03  -0.273726528982E-09   0.000000000000E+00   0.150000000000E+03  -0.699481090395E-10   0.000000000000E+00
   19.   0.546875000000E+03  -0.544462299485E-09   0.000000000000E+00   0.153125000000E+03  -0.142932055871E-09   0.000000000000E+00
   20.   0.543750000000E+03  -0.270277259849E-09   0.000000000000E+00   0.156250000000E+03  -0.729072332830E-10   0.000000000000E+00
   21.   0.540625000000E+03  -0.537569995385E-09   0.000000000000E+00   0.159375000000E+03  -0.148855646033E-09   0.000000000000E+00
   22.   0.537500000000E+03  -0.266834305570E-09   0.000000000000E+00   0.162500000000E+03  -0.758702660538E-10   0.000000000000E+00
   23.   0.534375000000E+03  -0.530690827041E-09   0.000000000000E+00   0.165625000000E+03  -0.154787070938E-09   0.000000000000E+00
   24.   0.531250000000E+03  -0.263398042534E-09   0.000000000000E+00   0.168750000000E+03  -0.788371038405E-10   0.000000000000E+00
   25.   0.528125000000E+03  -0.523825476232E-09   0.000000000000E+00   0.171875000000E+03  -0.160726536509E-09   0.000000000000E+00
   26.   0.525000000000E+03  -0.259968685100E-09   0.000000000000E+00   0.175000000000E+03  -0.818079602599E-10   0.000000000000E+00
   27.   0.521875000000E+03  -0.516973943915E-09   0.000000000000E+00   0.178125000000E+03  -0.166674307564E-09   0.000000000000E+00
   28.   0.518750000000E+03  -0.256546217319E-09   0.000000000000E+00   0.181250000000E+03  -0.847831049985E-10   0.000000000000E+00
   29.   0.515625000000E+03  -0.510136519442E-09   0.000000000000E+00   0.184375000000E+03  -0.172630678322E-09   0.000000000000E+00
   30.   0.512500000000E+03  -0.253130989102E-09   0.000000000000E+00   0.187500000000E+03  -0.877626786091E-10   0.000000000000E+00
   31.   0.509375000000E+03  -0.503313442848E-09   0.000000000000E+00   0.190625000000E+03  -0.178595923789E-09   0.000000000000E+00
   32.   0.506250000000E+03  -0.249723013898E-09   0.000000000000E+00   0.193750000000E+03  -0.907466427891E-10   0.000000000000E+00
   33.   0.503125000000E+03  -0.496504552893E-09   0.000000000000E+00   0.196875000000E+03  -0.184570354453E-09   0.000000000000E+00
   34.   0.500000000000E+03  -0.246321875583E-09   0.000000000000E+00   0.200000000000E+03  -0.937352301250E-10   0.000000000000E+00
   35.   0.496875000000E+03  -0.489710406046E-09   0.000000000000E+00   0.203125000000E+03  -0.190554217469E-09   0.000000000000E+00
   36.   0.493750000000E+03  -0.242928252972E-09   0.000000000000E+00   0.206250000000E+03  -0.967286602794E-10   0.000000000000E+00
   37.   0.490625000000E+03  -0.482931476295E-09   0.000000000000E+00   0.209375000000E+03  -0.196547967204E-09   0.000000000000E+00
   38.   0.487500000000E+03  -0.239542341334E-09   0.000000000000E+00   0.212500000000E+03  -0.997271052281E-10   0.000000000000E+00
   39.   0.484375000000E+03  -0.476167870074E-09   0.000000000000E+00   0.215625000000E+03  -0.202551822377E-09   0.000000000000E+00
   40.   0.481250000000E+03  -0.236164013249E-09   0.000000000000E+00   0.218750000000E+03  -0.102730688241E-09   0.000000000000E+00
   41.   0.478125000000E+03  -0.469419686316E-09   0.000000000000E+00   0.221875000000E+03  -0.208566275030E-09   0.000000000000E+00
   42.   0.475000000000E+03  -0.232793261575E-09   0.000000000000E+00   0.225000000000E+03  -0.105739614544E-09   0.000000000000E+00
   43.   0.471875000000E+03  -0.462687333701E-09   0.000000000000E+00   0.228125000000E+03  -0.214591594387E-09   0.000000000000E+00
   44.   0.468750000000E+03  -0.229430589106E-09   0.000000000000E+00   0.231250000000E+03  -0.108754016671E-09   0.000000000000E+00
   45.   0.465625000000E+03  -0.455971226615E-09   0.000000000000E+00   0.234375000000E+03  -0.220628029931E-09   0.000000000000E+00
   46.   0.462500000000E+03  -0.226076087507E-09   0.000000000000E+00   0.237500000000E+03  -0.111774009342E-09   0.000000000000E+00
   47.   0.459375000000E+03  -0.449271308339E-09   0.000000000000E+00   0.240625000000E+03  -0.226675894388E-09   0.000000000000E+00
   48.   0.456250000000E+03  -0.222729540103E-09   0.000000000000E+00   0.243750000000E+03  -0.114799907033E-09   0.000000000000E+00
   49.   0.453125000000E+03  -0.442587519168E-09   0.000000000000E+00   0.246875000000E+03  -0.232735563503E-09   0.000000000000E+00
   50.   0.450000000000E+03  -0.219391080409E-09   0.000000000000E+00   0.250000000000E+03  -0.117831684483E-09   0.000000000000E+00
   51.   0.446875000000E+03  -0.435919385576E-09   0.000000000000E+00   0.253125000000E+03  -0.238806491156E-09   0.000000000000E+00
   52.   0.443750000000E+03  -0.216059950788E-09   0.000000000000E+00   0.256250000000E+03  -0.120868514763E-09   0.000000000000E+00
   53.   0.440625000000E+03  -0.429264847737E-09   0.000000000000E+00   0.259375000000E+03  -0.244887142430E-09   0.000000000000E+00
   54.   0.437500000000E+03  -0.212734691162E-09   0.000000000000E+00   0.262500000000E+03  -0.123909967893E-09   0.000000000000E+00
   55.   0.434375000000E+03  -0.422617673309E-09   0.000000000000E+00   0.265625000000E+03  -0.250973226911E-09   0.000000000000E+00
   56.   0.431250000000E+03  -0.209410781161E-09   0.000000000000E+00   0.268750000000E+03  -0.126952168193E-09   0.000000000000E+00
   57.   0.428125000000E+03  -0.415962550114E-09   0.000000000000E+00   0.271875000000E+03  -0.257051856288E-09   0.000000000000E+00
   58.   0.425000000000E+03  -0.206077204582E-09   0.000000000000E+00   0.275000000000E+03  -0.129985759180E-09   0.000000000000E+00
   59.   0.421875000000E+03  -0.409260481908E-09   0.000000000000E+00   0.278125000000E+03  -0.263090143613E-09   0.000000000000E+00
   60.   0.418750000000E+03  -0.202705235398E-09   0.000000000000E+00   0.281250000000E+03  -0.132986989137E-09   0.000000000000E+00
   61.   0.415625000000E+03  -0.402410580800E-09   0.000000000000E+00   0.284375000000E+03  -0.269002104641E-09   0.000000000000E+00
   62.   0.412500000000E+03  -0.199224452510E-09   0.000000000000E+00   0.287500000000E+03  -0.135894766304E-09   0.000000000000E+00
   63.   0.409375000000E+03  -0.395160823855E-09   0.000000000000E+00   0.290625000000E+03  -0.274567583496E-09   0.000000000000E+00
   64.   0.406250000000E+03  -0.195448197784E-09   0.000000000000E+00   0.293750000000E+03  -0.138545791945E-09   0.000000000000E+00
   65.   0.403125000000E+03  -0.386861829372E-09   0.000000000000E+00   0.296875000000E+03  -0.279209303338E-09   0.000000000000E+00
   66.   0.400000000000E+03  -0.190934630207E-09   0.000000000000E+00   0.300000000000E+03  -0.140544224049E-09   0.000000000000E+00
   67.   0.396875000000E+03  -0.375896711622E-09   0.000000000000E+00   0.303125000000E+03  -0.281461887828E-09   0.000000000000E+00
   68.   0.393750000000E+03  -0.184476942366E-09   0.000000000000E+00   0.306250000000E+03  -0.140793876085E-09   0.000000000000E+00
   69.   0.390625000000E+03  -0.358138733286E-09   0.000000000000E+00   0.309375000000E+03  -0.277515929451E-09   0.000000000000E+00
   70.   0.387500000000E+03  -0.173592001708E-09   0.000000000000E+00   0.312500000000E+03  -0.136972327057E-09   0.000000000000E+00
   71.   0.384375000000E+03  -0.323365666631E-09   0.000000000000E+00   0.315625000000E+03  -0.257771773133E-09   0.000000000000E+00
   72.   0.381250000000E+03  -0.149834670413E-09   0.000000000000E+00   0.318750000000E+03  -0.121174804141E-09   0.000000000000E+00
   73.   0.378125000000E+03  -0.242338385908E-09   0.000000000000E+00   0.321875000000E+03  -0.194345048443E-09   0.000000000000E+00
   74.   0.375000000000E+03  -0.957204571618E-10   0.000000000000E+00   0.325000000000E+03  -0.764667596044E-10   0.000000000000E+00
   75.   0.371875000000E+03  -0.544830186919E-10   0.000000000000E+00   0.328125000000E+03  -0.280314241997E-10   0.000000000000E+00
   76.   0.368750000000E+03   0.277266481644E-10   0.000000000000E+00   0.331250000000E+03   0.353130239117E-10   0.000000000000E+00
   77.   0.365625000000E+03   0.383766854477E-09   0.000000000000E+00   0.334375000000E+03   0.384289344138E-09   0.000000000000E+00
   78.   0.362500000000E+03   0.229410814961E-09   0.000000000000E+00   0.337500000000E+03   0.227306405939E-09   0.000000000000E+00
   79.   0.359375000000E+03   0.184289975830E-08   0.000000000000E+00   0.340625000000E+03   0.180437978600E-08   0.000000000000E+00
   80.   0.356250000000E+03   0.115441787442E-08   0.000000000000E+00   0.343750000000E+03   0.113184845833E-08   0.000000000000E+00
   81.   0.353125000000E+03   0.785249473726E-08   0.000000000000E+00   0.346875000000E+03   0.779796200967E-08   0.000000000000E+00
   82.   0.350000000000E+03   0.134655552758E-07   0.000000000000E+00   0.350000000000E+03   0.134655553540E-07   0.000000000000E+00
   83.   0.346875000000E+03   0.779796209313E-08   0.000000000000E+00   0.353125000000E+03   0.785249455103E-08   0.000000000000E+00
   84.   0.343750000000E+03   0.113184856976E-08   0.000000000000E+00   0.356250000000E+03   0.115441775961E-08   0.000000000000E+00
   85.   0.340625000000E+03   0.180437991101E-08   0.000000000000E+00   0.359375000000E+03   0.184289953106E-08   0.000000000000E+00
   86.   0.337500000000E+03   0.227306454194E-09   0.000000000000E+00   0.362500000000E+03   0.229410763036E-09   0.000000000000E+00
   87.   0.334375000000E+03   0.384289474642E-09   0.000000000000E+00   0.365625000000E+03   0.383766623342E-09   0.000000000000E+00
   88.   0.331250000000E+03   0.353130302072E-10   0.000000000000E+00   0.368750000000E+03   0.277266965537E-10   0.000000000000E+00
   89.   0.328125000000E+03  -0.280313465861E-10   0.000000000000E+00   0.371875000000E+03  -0.544833127522E-10   0.000000000000E+00
   90.   0.325000000000E+03  -0.764666386259E-10   0.000000000000E+00   0.375000000000E+03  -0.957206565829E-10   0.000000000000E+00
   91.   0.321875000000E+03  -0.194345014819E-09   0.000000000000E+00   0.378125000000E+03  -0.242338700201E-09   0.000000000000E+00
   92.   0.318750000000E+03  -0.121174873391E-09   0.000000000000E+00   0.381250000000E+03  -0.149834780678E-09   0.000000000000E+00
   93.   0.315625000000E+03  -0.257771684147E-09   0.000000000000E+00   0.384375000000E+03  -0.323365929792E-09   0.000000000000E+00
   94.   0.312500000000E+03  -0.136972284487E-09   0.000000000000E+00   0.387500000000E+03  -0.173592135015E-09   0.000000000000E+00
   95.   0.309375000000E+03  -0.277515670398E-09   0.000000000000E+00   0.390625000000E+03  -0.358139017951E-09   0.000000000000E+00
   96.   0.306250000000E+03  -0.140793684326E-09   0.000000000000E+00   0.393750000000E+03  -0.184476997564E-09   0.000000000000E+00
   97.   0.303125000000E+03  -0.281461624182E-09   0.000000000000E+00   0.396875000000E+03  -0.375896962774E-09   0.000000000000E+00
   98.   0.300000000000E+03  -0.140544054794E-09   0.000000000000E+00   0.400000000000E+03  -0.190934671294E-09   0.000000000000E+00
   99.   0.296875000000E+03  -0.279209225864E-09   0.000000000000E+00   0.403125000000E+03  -0.386861891896E-09   0.000000000000E+00
  100.   0.293750000000E+03  -0.138545929073E-09   0.000000000000E+00   0.406250000000E+03  -0.195447983786E-09   0.000000000000E+00
  101.   0.290625000000E+03  -0.274567658247E-09   0.000000000000E+00   0.409375000000E+03  -0.395160729669E-09   0.000000000000E+00
  102.   0.287500000000E+03  -0.135894862244E-09   0.000000000000E+00   0.412500000000E+03  -0.199224193563E-09   0.000000000000E+00
  103.   0.284375000000E+03  -0.269002099674E-09   0.000000000000E+00   0.415625000000E+03  -0.402410536120E-09   0.000000000000E+00
  104.   0.281250000000E+03  -0.132986930001E-09   0.000000000000E+00   0.418750000000E+03  -0.202705147366E-09   0.000000000000E+00
  105.   0.278125000000E+03  -0.263090032700E-09   0.000000000000E+00   0.421875000000E+03  -0.409260424868E-09   0.000000000000E+00
  106.   0.275000000000E+03  -0.129985652832E-09   0.000000000000E+00   0.425000000000E+03  -0.206077133874E-09   0.000000000000E+00
  107.   0.271875000000E+03  -0.257051611830E-09   0.000000000000E+00   0.428125000000E+03  -0.415962533610E-09   0.000000000000E+00
  108.   0.268750000000E+03  -0.126951993761E-09   0.000000000000E+00   0.431250000000E+03  -0.209410603978E-09   0.000000000000E+00
  109.   0.265625000000E+03  -0.250972954144E-09   0.000000000000E+00   0.434375000000E+03  -0.422617538280E-09   0.000000000000E+00
  110.   0.262500000000E+03  -0.123909883922E-09   0.000000000000E+00   0.437500000000E+03  -0.212734633305E-09   0.000000000000E+00
  111.   0.259375000000E+03  -0.244886993827E-09   0.000000000000E+00   0.440625000000E+03  -0.429264714178E-09   0.000000000000E+00
  112.   0.256250000000E+03  -0.120868530262E-09   0.000000000000E+00   0.443750000000E+03  -0.216060122330E-09   0.000000000000E+00
  113.   0.253125000000E+03  -0.238806257950E-09   0.000000000000E+00   0.446875000000E+03  -0.435919469342E-09   0.000000000000E+00
  114.   0.250000000000E+03  -0.117831390346E-09   0.000000000000E+00   0.450000000000E+03  -0.219391220932E-09   0.000000000000E+00
  115.   0.246875000000E+03  -0.232735313221E-09   0.000000000000E+00   0.453125000000E+03  -0.442587682393E-09   0.000000000000E+00
  116.   0.243750000000E+03  -0.114799871713E-09   0.000000000000E+00   0.456250000000E+03  -0.222729704976E-09   0.000000000000E+00
  117.   0.240625000000E+03  -0.226675772359E-09   0.000000000000E+00   0.459375000000E+03  -0.449271532405E-09   0.000000000000E+00
  118.   0.237500000000E+03  -0.111774000040E-09   0.000000000000E+00   0.462500000000E+03  -0.226076113413E-09   0.000000000000E+00
  119.   0.234375000000E+03  -0.220627894015E-09   0.000000000000E+00   0.465625000000E+03  -0.455971417540E-09   0.000000000000E+00
  120.   0.231250000000E+03  -0.108753971598E-09   0.000000000000E+00   0.468750000000E+03  -0.229430769188E-09   0.000000000000E+00
  121.   0.228125000000E+03  -0.214591462892E-09   0.000000000000E+00   0.471875000000E+03  -0.462687530490E-09   0.000000000000E+00
  122.   0.225000000000E+03  -0.105739624848E-09   0.000000000000E+00   0.475000000000E+03  -0.232793543195E-09   0.000000000000E+00
  123.   0.221875000000E+03  -0.208566250668E-09   0.000000000000E+00   0.478125000000E+03  -0.469419763298E-09   0.000000000000E+00
  124.   0.218750000000E+03  -0.102730696705E-09   0.000000000000E+00   0.481250000000E+03  -0.236164038241E-09   0.000000000000E+00
  125.   0.215625000000E+03  -0.202551843797E-09   0.000000000000E+00   0.484375000000E+03  -0.476167893076E-09   0.000000000000E+00
  126.   0.212500000000E+03  -0.997270980168E-10   0.000000000000E+00   0.487500000000E+03  -0.239542411975E-09   0.000000000000E+00
  127.   0.209375000000E+03  -0.196547944106E-09   0.000000000000E+00   0.490625000000E+03  -0.482931647857E-09   0.000000000000E+00
  128.   0.206250000000E+03  -0.967286417539E-10   0.000000000000E+00   0.493750000000E+03  -0.242928405140E-09   0.000000000000E+00
  129.   0.203125000000E+03  -0.190554263391E-09   0.000000000000E+00   0.496875000000E+03  -0.489710593524E-09   0.000000000000E+00
  130.   0.200000000000E+03  -0.937352623964E-10   0.000000000000E+00   0.500000000000E+03  -0.246321968004E-09   0.000000000000E+00
  131.   0.196875000000E+03  -0.184570322928E-09   0.000000000000E+00   0.503125000000E+03  -0.496504587337E-09   0.000000000000E+00
  132.   0.193750000000E+03  -0.907465418517E-10   0.000000000000E+00   0.506250000000E+03  -0.249722821117E-09   0.000000000000E+00
  133.   0.190625000000E+03  -0.178595923702E-09   0.000000000000E+00   0.509375000000E+03  -0.503313328194E-09   0.000000000000E+00
  134.   0.187500000000E+03  -0.877626513643E-10   0.000000000000E+00   0.512500000000E+03  -0.253131056109E-09   0.000000000000E+00
  135.   0.184375000000E+03  -0.172630696810E-09   0.000000000000E+00   0.515625000000E+03  -0.510136615139E-09   0.000000000000E+00
  136.   0.181250000000E+03  -0.847830981790E-10   0.000000000000E+00   0.518750000000E+03  -0.256546296302E-09   0.000000000000E+00
  137.   0.178125000000E+03  -0.166674291757E-09   0.000000000000E+00   0.521875000000E+03  -0.516974108269E-09   0.000000000000E+00
  138.   0.175000000000E+03  -0.818080001945E-10   0.000000000000E+00   0.525000000000E+03  -0.259968790848E-09   0.000000000000E+00
  139.   0.171875000000E+03  -0.160726534711E-09   0.000000000000E+00   0.528125000000E+03  -0.523825801724E-09   0.000000000000E+00
  140.   0.168750000000E+03  -0.788370688304E-10   0.000000000000E+00   0.531250000000E+03  -0.263397979217E-09   0.000000000000E+00
  141.   0.165625000000E+03  -0.154787065494E-09   0.000000000000E+00   0.534375000000E+03  -0.530691470418E-09   0.000000000000E+00
  142.   0.162500000000E+03  -0.758701358664E-10   0.000000000000E+00   0.537500000000E+03  -0.266834703056E-09   0.000000000000E+00
  143.   0.159375000000E+03  -0.148855632365E-09   0.000000000000E+00   0.540625000000E+03  -0.537570412796E-09   0.000000000000E+00
  144.   0.156250000000E+03  -0.729072068390E-10   0.000000000000E+00   0.543750000000E+03  -0.270276991511E-09   0.000000000000E+00
  145.   0.153125000000E+03  -0.142931996152E-09   0.000000000000E+00   0.546875000000E+03  -0.544462342591E-09   0.000000000000E+00
  146.   0.150000000000E+03  -0.699480840961E-10   0.000000000000E+00   0.550000000000E+03  -0.273726424075E-09   0.000000000000E+00
  147.   0.146875000000E+03  -0.137015978732E-09   0.000000000000E+00   0.553125000000E+03  -0.551367402070E-09   0.000000000000E+00
  148.   0.143750000000E+03  -0.669927006239E-10   0.000000000000E+00   0.556250000000E+03  -0.277182346151E-09   0.000000000000E+00
  149.   0.140625000000E+03  -0.131107455483E-09   0.000000000000E+00   0.559375000000E+03  -0.558284800669E-09   0.000000000000E+00
  150.   0.137500000000E+03  -0.640410024130E-10   0.000000000000E+00   0.562500000000E+03  -0.280643993793E-09   0.000000000000E+00
  151.   0.134375000000E+03  -0.125206313904E-09   0.000000000000E+00   0.565625000000E+03  -0.565212800073E-09   0.000000000000E+00
  152.   0.131250000000E+03  -0.610929574388E-10   0.000000000000E+00   0.568750000000E+03  -0.284109815555E-09   0.000000000000E+00
  153.   0.128125000000E+03  -0.119312617845E-09   0.000000000000E+00   0.571875000000E+03  -0.572147582653E-09   0.000000000000E+00
  154.   0.125000000000E+03  -0.581485514254E-10   0.000000000000E+00   0.575000000000E+03  -0.287578289325E-09   0.000000000000E+00
  155.   0.121875000000E+03  -0.113425941992E-09   0.000000000000E+00   0.578125000000E+03  -0.579074587320E-09   0.000000000000E+00
  156.   0.118750000000E+03  -0.552067772075E-10   0.000000000000E+00   0.581250000000E+03  -0.291032569798E-09   0.000000000000E+00
  157.   0.115625000000E+03  -0.107552588195E-09   0.000000000000E+00   0.584375000000E+03  -0.585991161013E-09   0.000000000000E+00
  158.   0.112500000000E+03  -0.522775107967E-10   0.000000000000E+00   0.587500000000E+03  -0.294505805516E-09   0.000000000000E+00
  159.   0.109375000000E+03  -0.101712491564E-09   0.000000000000E+00   0.590625000000E+03  -0.592941288912E-09   0.000000000000E+00
  160.   0.106250000000E+03  -0.493736504029E-10   0.000000000000E+00   0.593750000000E+03  -0.298020069371E-09   0.000000000000E+00
  161.   0.103125000000E+03  -0.958510696745E-10   0.000000000000E+00   0.596875000000E+03  -0.599329805720E-09   0.000000000000E+00
