i  r_top  QtopRe  QtopIm  r_bot  QbotRe  QbotIm   [mm, mC]
    1.   0.600000000000E+03  -0.455218247358E-09   0.000000000000E+00   0.100000000000E+03  -0.352676231427E-09   0.000000000000E+00
    2.   0.100000000000E+03  -0.352676231587E-09   0.000000000000E+00   0.600000000000E+03  -0.455218247078E-09   0.000000000000E+00
    3.   0.596875000000E+03  -0.183208049795E-08   0.000000000000E+00   0.103125000000E+03  -0.147137625265E-08   0.000000000000E+00
    4.   0.593750000000E+03  -0.920581616884E-09   0.000000000000E+00   0.106250000000E+03  -0.764267509138E-09   0.000000000000E+00
    5.   0.590625000000E+03  -0.181004173587E-08   0.000000000000E+00   0.109375000000E+03  -0.155117563687E-08   0.000000000000E+00
    6.   0.587500000000E+03  -0.891436382125E-09   0.000000000000E+00   0.112500000000E+03  -0.788259335981E-09   0.000000000000E+00
    7.   0.584375000000E+03  -0.175910764558E-08   0.000000000000E+00   0.115625000000E+03  -0.160148726190E-08   0.000000000000E+00
    8.   0.581250000000E+03  -0.866488505095E-09   0.000000000000E+00   0.118750000000E+03  -0.812282342273E-09   0.000000000000E+00
    9.   0.578125000000E+03  -0.170925320595E-08   0.000000000000E+00   0.121875000000E+03  -0.164692833300E-08   0.000000000000E+00
   10.   0.575000000000E+03  -0.841874232103E-09   0.000000000000E+00   0.125000000000E+03  -0.833935238033E-09   0.000000000000E+00
   11.   0.571875000000E+03  -0.165959018204E-08   0.000000000000E+00   0.128125000000E+03  -0.168734065177E-08   0.000000000000E+00
   12.   0.568750000000E+03  -0.817042351507E-09   0.000000000000E+00   0.131250000000E+03  -0.852885879798E-09   0.000000000000E+00
   13.   0.565625000000E+03  -0.160981771216E-08   0.000000000000E+00   0.134375000000E+03  -0.172265200720E-08   0.000000000000E+00
   14.   0.562500000000E+03  -0.792228748637E-09   0.000000000000E+00   0.137500000000E+03  -0.869361542210E-09   0.000000000000E+00
   15.   0.559375000000E+03  -0.156036904202E-08   0.000000000000E+00   0.140625000000E+03  -0.175325707963E-08   0.000000000000E+00
   16.   0.556250000000E+03  -0.767648988919E-09   0.000000000000E+00   0.143750000000E+03  -0.883542074578E-09   0.000000000000E+00
   17.   0.553125000000E+03  -0.151151321168E-08   0.000000000000E+00   0.146875000000E+03  -0.177936194446E-08   0.000000000000E+00
   18.   0.550000000000E+03  -0.743408068226E-09   0.000000000000E+00   0.150000000000E+03  -0.895498226251E-09   0.000000000000E+00
   19.   0.546875000000E+03  -0.146341628283E-08   0.000000000000E+00   0.153125000000E+03  -0.180106296178E-08   0.000000000000E+00
   20.   0.543750000000E+03  -0.719574554477E-09   0.000000000000E+00   0.156250000000E+03  -0.905263067053E-09   0.000000000000E+00
   21.   0.540625000000E+03  -0.141619150636E-08   0.000000000000E+00   0.159375000000E+03  -0.181840369330E-08   0.000000000000E+00
   22.   0.537500000000E+03  -0.696199413291E-09   0.000000000000E+00   0.162500000000E+03  -0.912853166376E-09   0.000000000000E+00
   23.   0.534375000000E+03  -0.136993304779E-08   0.000000000000E+00   0.165625000000E+03  -0.183141184363E-08   0.000000000000E+00
   24.   0.531250000000E+03  -0.673328350812E-09   0.000000000000E+00   0.168750000000E+03  -0.918282247167E-09   0.000000000000E+00
   25.   0.528125000000E+03  -0.132472960040E-08   0.000000000000E+00   0.171875000000E+03  -0.184011568577E-08   0.000000000000E+00
   26.   0.525000000000E+03  -0.651005897793E-09   0.000000000000E+00   0.175000000000E+03  -0.921566492676E-09   0.000000000000E+00
   27.   0.521875000000E+03  -0.128067030966E-08   0.000000000000E+00   0.178125000000E+03  -0.184455210565E-08   0.000000000000E+00
   28.   0.518750000000E+03  -0.629277430622E-09   0.000000000000E+00   0.181250000000E+03  -0.922727464157E-09   0.000000000000E+00
   29.   0.515625000000E+03  -0.123784710072E-08   0.000000000000E+00   0.184375000000E+03  -0.184477058823E-08   0.000000000000E+00
   30.   0.512500000000E+03  -0.608189853745E-09   0.000000000000E+00   0.187500000000E+03  -0.921793525090E-09   0.000000000000E+00
   31.   0.509375000000E+03  -0.119635543250E-08   0.000000000000E+00   0.190625000000E+03  -0.184083531134E-08   0.000000000000E+00
   32.   0.506250000000E+03  -0.587791773511E-09   0.000000000000E+00   0.193750000000E+03  -0.918800644848E-09   0.000000000000E+00
   33.   0.503125000000E+03  -0.115629438088E-08   0.000000000000E+00   0.196875000000E+03  -0.183282638423E-08   0.000000000000E+00
   34.   0.500000000000E+03  -0.568133451174E-09   0.000000000000E+00   0.200000000000E+03  -0.913792884673E-09   0.000000000000E+00
   35.   0.496875000000E+03  -0.111776643216E-08   0.000000000000E+00   0.203125000000E+03  -0.182084062527E-08   0.000000000000E+00
   36.   0.493750000000E+03  -0.549266606341E-09   0.000000000000E+00   0.206250000000E+03  -0.906822679682E-09   0.000000000000E+00
   37.   0.490625000000E+03  -0.108087716335E-08   0.000000000000E+00   0.209375000000E+03  -0.180499212234E-08   0.000000000000E+00
   38.   0.487500000000E+03  -0.531244153519E-09   0.000000000000E+00   0.212500000000E+03  -0.897951021191E-09   0.000000000000E+00
   39.   0.484375000000E+03  -0.104573486802E-08   0.000000000000E+00   0.215625000000E+03  -0.178541266826E-08   0.000000000000E+00
   40.   0.481250000000E+03  -0.514119847831E-09   0.000000000000E+00   0.218750000000E+03  -0.887247513840E-09   0.000000000000E+00
   41.   0.478125000000E+03  -0.101245015125E-08   0.000000000000E+00   0.221875000000E+03  -0.176225208608E-08   0.000000000000E+00
   42.   0.475000000000E+03  -0.497947780875E-09   0.000000000000E+00   0.225000000000E+03  -0.874790296737E-09   0.000000000000E+00
   43.   0.471875000000E+03  -0.981135461161E-09   0.000000000000E+00   0.228125000000E+03  -0.173567844060E-08   0.000000000000E+00
   44.   0.468750000000E+03  -0.482781639777E-09   0.000000000000E+00   0.231250000000E+03  -0.860665708491E-09   0.000000000000E+00
   45.   0.465625000000E+03  -0.951904420351E-09   0.000000000000E+00   0.234375000000E+03  -0.170587804511E-08   0.000000000000E+00
   46.   0.462500000000E+03  -0.468673454157E-09   0.000000000000E+00   0.237500000000E+03  -0.844967534817E-09   0.000000000000E+00
   47.   0.459375000000E+03  -0.924870609345E-09   0.000000000000E+00   0.240625000000E+03  -0.167305500884E-08   0.000000000000E+00
   48.   0.456250000000E+03  -0.455671359290E-09   0.000000000000E+00   0.243750000000E+03  -0.827795414575E-09   0.000000000000E+00
   49.   0.453125000000E+03  -0.900144989194E-09   0.000000000000E+00   0.246875000000E+03  -0.163742964519E-08   0.000000000000E+00
   50.   0.450000000000E+03  -0.443815371926E-09   0.000000000000E+00   0.250000000000E+03  -0.809251523061E-09   0.000000000000E+00
   51.   0.446875000000E+03  -0.877829945112E-09   0.000000000000E+00   0.253125000000E+03  -0.159923409954E-08   0.000000000000E+00
   52.   0.443750000000E+03  -0.433128991475E-09   0.000000000000E+00   0.256250000000E+03  -0.789433739316E-09   0.000000000000E+00
   53.   0.440625000000E+03  -0.858005356649E-09   0.000000000000E+00   0.259375000000E+03  -0.155870133353E-08   0.000000000000E+00
   54.   0.437500000000E+03  -0.423602217187E-09   0.000000000000E+00   0.262500000000E+03  -0.768421365620E-09   0.000000000000E+00
   55.   0.434375000000E+03  -0.840695775076E-09   0.000000000000E+00   0.265625000000E+03  -0.151603806166E-08   0.000000000000E+00
   56.   0.431250000000E+03  -0.415155948014E-09   0.000000000000E+00   0.268750000000E+03  -0.746244605268E-09   0.000000000000E+00
   57.   0.428125000000E+03  -0.825794749531E-09   0.000000000000E+00   0.271875000000E+03  -0.147136054164E-08   0.000000000000E+00
   58.   0.425000000000E+03  -0.407567864279E-09   0.000000000000E+00   0.275000000000E+03  -0.722819810640E-09   0.000000000000E+00
   59.   0.421875000000E+03  -0.812887859528E-09   0.000000000000E+00   0.278125000000E+03  -0.142454111561E-08   0.000000000000E+00
   60.   0.418750000000E+03  -0.400310268146E-09   0.000000000000E+00   0.281250000000E+03  -0.697805710516E-09   0.000000000000E+00
   61.   0.415625000000E+03  -0.800855526320E-09   0.000000000000E+00   0.284375000000E+03  -0.137485588386E-08   0.000000000000E+00
   62.   0.412500000000E+03  -0.392212862471E-09   0.000000000000E+00   0.287500000000E+03  -0.670298411840E-09   0.000000000000E+00
   63.   0.409375000000E+03  -0.786937989289E-09   0.000000000000E+00   0.290625000000E+03  -0.132014148571E-08   0.000000000000E+00
   64.   0.406250000000E+03  -0.380684422161E-09   0.000000000000E+00   0.293750000000E+03  -0.638119781577E-09   0.000000000000E+00
   65.   0.403125000000E+03  -0.764718480923E-09   0.000000000000E+00   0.296875000000E+03  -0.125493248086E-08   0.000000000000E+00
   66.   0.400000000000E+03  -0.360169333257E-09   0.000000000000E+00   0.300000000000E+03  -0.596368962513E-09   0.000000000000E+00
   67.   0.396875000000E+03  -0.719179195138E-09   0.000000000000E+00   0.303125000000E+03  -0.116584392308E-08   0.000000000000E+00
   68.   0.393750000000E+03  -0.318199471044E-09   0.000000000000E+00   0.306250000000E+03  -0.533706636242E-09   0.000000000000E+00
   69.   0.390625000000E+03  -0.616881099320E-09   0.000000000000E+00   0.309375000000E+03  -0.102211655276E-08   0.000000000000E+00
   70.   0.387500000000E+03  -0.228726981723E-09   0.000000000000E+00   0.312500000000E+03  -0.425808593756E-09   0.000000000000E+00
   71.   0.384375000000E+03  -0.378860789216E-09   0.000000000000E+00   0.315625000000E+03  -0.749519931206E-09   0.000000000000E+00
   72.   0.381250000000E+03  -0.301762861026E-10   0.000000000000E+00   0.318750000000E+03  -0.214208700979E-09   0.000000000000E+00
   73.   0.378125000000E+03   0.163550462975E-09   0.000000000000E+00   0.321875000000E+03  -0.185672018371E-09   0.000000000000E+00
   74.   0.375000000000E+03   0.396664687617E-09   0.000000000000E+00   0.325000000000E+03   0.217265730813E-09   0.000000000000E+00
   75.   0.371875000000E+03   0.143377669041E-08   0.000000000000E+00   0.328125000000E+03   0.108264507696E-08   0.000000000000E+00
   76.   0.368750000000E+03   0.137335755067E-08   0.000000000000E+00   0.331250000000E+03   0.118431198117E-08   0.000000000000E+00
   77.   0.365625000000E+03   0.425055544453E-08   0.000000000000E+00   0.334375000000E+03   0.387622810346E-08   0.000000000000E+00
   78.   0.362500000000E+03   0.333233898000E-08   0.000000000000E+00   0.337500000000E+03   0.313227093630E-08   0.000000000000E+00
   79.   0.359375000000E+03   0.109183938579E-07   0.000000000000E+00   0.340625000000E+03   0.105189603040E-07   0.000000000000E+00
   80.   0.356250000000E+03   0.753057864134E-08   0.000000000000E+00   0.343750000000E+03   0.733991790426E-08   0.000000000000E+00
   81.   0.353125000000E+03   0.265110843981E-07   0.000000000000E+00   0.346875000000E+03   0.262749632645E-07   0.000000000000E+00
   82.   0.350000000000E+03   0.351573301601E-07   0.000000000000E+00   0.350000000000E+03   0.351573301588E-07   0.000000000000E+00
   83.   0.346875000000E+03   0.262749632654E-07   0.000000000000E+00   0.353125000000E+03   0.265110843974E-07   0.000000000000E+00
   84.   0.343750000000E+03   0.733991790399E-08   0.000000000000E+00   0.356250000000E+03   0.753057864223E-08   0.000000000000E+00
   85.   0.340625000000E+03   0.105189603051E-07   0.000000000000E+00   0.359375000000E+03   0.109183938578E-07   0.000000000000E+00
   86.   0.337500000000E+03   0.313227093693E-08   0.000000000000E+00   0.362500000000E+03   0.333233897991E-08   0.000000000000E+00
   87.   0.334375000000E+03   0.387622810403E-08   0.000000000000E+00   0.365625000000E+03   0.425055544381E-08   0.000000000000E+00
   88.   0.331250000000E+03   0.118431197963E-08   0.000000000000E+00   0.368750000000E+03   0.137335755043E-08   0.000000000000E+00
   89.   0.328125000000E+03   0.108264507712E-08   0.000000000000E+00   0.371875000000E+03   0.143377668967E-08   0.000000000000E+00
   90.   0.325000000000E+03   0.217265731780E-09   0.000000000000E+00   0.375000000000E+03   0.396664686976E-09   0.000000000000E+00
   91.   0.321875000000E+03  -0.185672017740E-09   0.000000000000E+00   0.378125000000E+03   0.163550462462E-09   0.000000000000E+00
   92.   0.318750000000E+03  -0.214208700926E-09   0.000000000000E+00   0.381250000000E+03  -0.301762871906E-10   0.000000000000E+00
   93.   0.315625000000E+03  -0.749519930310E-09   0.000000000000E+00   0.384375000000E+03  -0.378860790077E-09   0.000000000000E+00
   94.   0.312500000000E+03  -0.425808593732E-09   0.000000000000E+00   0.387500000000E+03  -0.228726982251E-09   0.000000000000E+00
   95.   0.309375000000E+03  -0.102211655126E-08   0.000000000000E+00   0.390625000000E+03  -0.616881099707E-09   0.000000000000E+00
   96.   0.306250000000E+03  -0.533706635099E-09   0.000000000000E+00   0.393750000000E+03  -0.318199470804E-09   0.000000000000E+00
   97.   0.303125000000E+03  -0.116584392234E-08   0.000000000000E+00   0.396875000000E+03  -0.719179195317E-09   0.000000000000E+00
   98.   0.300000000000E+03  -0.596368962584E-09   0.000000000000E+00   0.400000000000E+03  -0.360169334052E-09   0.000000000000E+00
   99.   0.296875000000E+03  -0.125493248176E-08   0.000000000000E+00   0.403125000000E+03  -0.764718481202E-09   0.000000000000E+00
  100.   0.293750000000E+03  -0.638119782460E-09   0.000000000000E+00   0.406250000000E+03  -0.380684421966E-09   0.000000000000E+00
  101.   0.290625000000E+03  -0.132014148654E-08   0.000000000000E+00   0.409375000000E+03  -0.786937989398E-09   0.000000000000E+00
  102.   0.287500000000E+03  -0.670298412442E-09   0.000000000000E+00   0.412500000000E+03  -0.392212862723E-09   0.000000000000E+00
  103.   0.284375000000E+03  -0.137485588414E-08   0.000000000000E+00   0.415625000000E+03  -0.800855527081E-09   0.000000000000E+00
  104.   0.281250000000E+03  -0.697805708059E-09   0.000000000000E+00   0.418750000000E+03  -0.400310268780E-09   0.000000000000E+00
  105.   0.278125000000E+03  -0.142454111620E-08   0.000000000000E+00   0.421875000000E+03  -0.812887860229E-09   0.000000000000E+00
  106.   0.275000000000E+03  -0.722819810471E-09   0.000000000000E+00   0.425000000000E+03  -0.407567863882E-09   0.000000000000E+00
  107.   0.271875000000E+03  -0.147136054290E-08   0.000000000000E+00   0.428125000000E+03  -0.825794749896E-09   0.000000000000E+00
  108.   0.268750000000E+03  -0.746244605726E-09   0.000000000000E+00   0.431250000000E+03  -0.415155948333E-09   0.000000000000E+00
  109.   0.265625000000E+03  -0.151603806258E-08   0.000000000000E+00   0.434375000000E+03  -0.840695775669E-09   0.000000000000E+00
  110.   0.262500000000E+03  -0.768421364142E-09   0.000000000000E+00   0.437500000000E+03  -0.423602217711E-09   0.000000000000E+00
  111.   0.259375000000E+03  -0.155870133419E-08   0.000000000000E+00   0.440625000000E+03  -0.858005357054E-09   0.000000000000E+00
  112.   0.256250000000E+03  -0.789433739101E-09   0.000000000000E+00   0.443750000000E+03  -0.433128991628E-09   0.000000000000E+00
  113.   0.253125000000E+03  -0.159923409923E-08   0.000000000000E+00   0.446875000000E+03  -0.877829945080E-09   0.000000000000E+00
  114.   0.250000000000E+03  -0.809251521217E-09   0.000000000000E+00   0.450000000000E+03  -0.443815371703E-09   0.000000000000E+00
  115.   0.246875000000E+03  -0.163742964555E-08   0.000000000000E+00   0.453125000000E+03  -0.900144988988E-09   0.000000000000E+00
  116.   0.243750000000E+03  -0.827795414794E-09   0.000000000000E+00   0.456250000000E+03  -0.455671359275E-09   0.000000000000E+00
  117.   0.240625000000E+03  -0.167305500960E-08   0.000000000000E+00   0.459375000000E+03  -0.924870609652E-09   0.000000000000E+00
  118.   0.237500000000E+03  -0.844967537722E-09   0.000000000000E+00   0.462500000000E+03  -0.468673453620E-09   0.000000000000E+00
  119.   0.234375000000E+03  -0.170587804471E-08   0.000000000000E+00   0.465625000000E+03  -0.951904421639E-09   0.000000000000E+00
  120.   0.231250000000E+03  -0.860665707215E-09   0.000000000000E+00   0.468750000000E+03  -0.482781641542E-09   0.000000000000E+00
  121.   0.228125000000E+03  -0.173567844052E-08   0.000000000000E+00   0.471875000000E+03  -0.981135463996E-09   0.000000000000E+00
  122.   0.225000000000E+03  -0.874790295603E-09   0.000000000000E+00   0.475000000000E+03  -0.497947784089E-09   0.000000000000E+00
  123.   0.221875000000E+03  -0.176225208685E-08   0.000000000000E+00   0.478125000000E+03  -0.101245015309E-08   0.000000000000E+00
  124.   0.218750000000E+03  -0.887247513052E-09   0.000000000000E+00   0.481250000000E+03  -0.514119848644E-09   0.000000000000E+00
  125.   0.215625000000E+03  -0.178541266789E-08   0.000000000000E+00   0.484375000000E+03  -0.104573486881E-08   0.000000000000E+00
  126.   0.212500000000E+03  -0.897951020951E-09   0.000000000000E+00   0.487500000000E+03  -0.531244153384E-09   0.000000000000E+00
  127.   0.209375000000E+03  -0.180499212036E-08   0.000000000000E+00   0.490625000000E+03  -0.108087716441E-08   0.000000000000E+00
  128.   0.206250000000E+03  -0.906822679896E-09   0.000000000000E+00   0.493750000000E+03  -0.549266606306E-09   0.000000000000E+00
  129.   0.203125000000E+03  -0.182084062308E-08   0.000000000000E+00   0.496875000000E+03  -0.111776643355E-08   0.000000000000E+00
  130.   0.200000000000E+03  -0.913792884919E-09   0.000000000000E+00   0.500000000000E+03  -0.568133450961E-09   0.000000000000E+00
  131.   0.196875000000E+03  -0.183282638374E-08   0.000000000000E+00   0.503125000000E+03  -0.115629438125E-08   0.000000000000E+00
  132.   0.193750000000E+03  -0.918800645124E-09   0.000000000000E+00   0.506250000000E+03  -0.587791773356E-09   0.000000000000E+00
  133.   0.190625000000E+03  -0.184083531091E-08   0.000000000000E+00   0.509375000000E+03  -0.119635543297E-08   0.000000000000E+00
  134.   0.187500000000E+03  -0.921793523593E-09   0.000000000000E+00   0.512500000000E+03  -0.608189853708E-09   0.000000000000E+00
  135.   0.184375000000E+03  -0.184477058604E-08   0.000000000000E+00   0.515625000000E+03  -0.123784710110E-08   0.000000000000E+00
  136.   0.181250000000E+03  -0.922727463791E-09   0.000000000000E+00   0.518750000000E+03  -0.629277432161E-09   0.000000000000E+00
  137.   0.178125000000E+03  -0.184455210462E-08   0.000000000000E+00   0.521875000000E+03  -0.128067030934E-08   0.000000000000E+00
  138.   0.175000000000E+03  -0.921566492563E-09   0.000000000000E+00   0.525000000000E+03  -0.651005896847E-09   0.000000000000E+00
  139.   0.171875000000E+03  -0.184011568541E-08   0.000000000000E+00   0.528125000000E+03  -0.132472959976E-08   0.000000000000E+00
  140.   0.168750000000E+03  -0.918282248950E-09   0.000000000000E+00   0.531250000000E+03  -0.673328350308E-09   0.000000000000E+00
  141.   0.165625000000E+03  -0.183141184391E-08   0.000000000000E+00   0.534375000000E+03  -0.136993304779E-08   0.000000000000E+00
  142.   0.162500000000E+03  -0.912853165673E-09   0.000000000000E+00   0.537500000000E+03  -0.696199414148E-09   0.000000000000E+00
  143.   0.159375000000E+03  -0.181840369364E-08   0.000000000000E+00   0.540625000000E+03  -0.141619150601E-08   0.000000000000E+00
  144.   0.156250000000E+03  -0.905263067099E-09   0.000000000000E+00   0.543750000000E+03  -0.719574553146E-09   0.000000000000E+00
  145.   0.153125000000E+03  -0.180106296155E-08   0.000000000000E+00   0.546875000000E+03  -0.146341628229E-08   0.000000000000E+00
  146.   0.150000000000E+03  -0.895498228601E-09   0.000000000000E+00   0.550000000000E+03  -0.743408066948E-09   0.000000000000E+00
  147.   0.146875000000E+03  -0.177936194417E-08   0.000000000000E+00   0.553125000000E+03  -0.151151321224E-08   0.000000000000E+00
  148.   0.143750000000E+03  -0.883542072850E-09   0.000000000000E+00   0.556250000000E+03  -0.767648988794E-09   0.000000000000E+00
  149.   0.140625000000E+03  -0.175325708012E-08   0.000000000000E+00   0.559375000000E+03  -0.156036904356E-08   0.000000000000E+00
  150.   0.137500000000E+03  -0.869361543110E-09   0.000000000000E+00   0.562500000000E+03  -0.792228748405E-09   0.000000000000E+00
  151.   0.134375000000E+03  -0.172265200763E-08   0.000000000000E+00   0.565625000000E+03  -0.160981771510E-08   0.000000000000E+00
  152.   0.131250000000E+03  -0.852885880650E-09   0.000000000000E+00   0.568750000000E+03  -0.817042357070E-09   0.000000000000E+00
  153.   0.128125000000E+03  -0.168734065122E-08   0.000000000000E+00   0.571875000000E+03  -0.165959018436E-08   0.000000000000E+00
  154.   0.125000000000E+03  -0.833935238016E-09   0.000000000000E+00   0.575000000000E+03  -0.841874230124E-09   0.000000000000E+00
  155.   0.121875000000E+03  -0.164692833362E-08   0.000000000000E+00   0.578125000000E+03  -0.170925320620E-08   0.000000000000E+00
  156.   0.118750000000E+03  -0.812282344533E-09   0.000000000000E+00   0.581250000000E+03  -0.866488506539E-09   0.000000000000E+00
  157.   0.115625000000E+03  -0.160148726151E-08   0.000000000000E+00   0.584375000000E+03  -0.175910764436E-08   0.000000000000E+00
  158.   0.112500000000E+03  -0.788259333982E-09   0.000000000000E+00   0.587500000000E+03  -0.891436379838E-09   0.000000000000E+00
  159.   0.109375000000E+03  -0.155117563645E-08   0.000000000000E+00   0.590625000000E+03  -0.181004173460E-08   0.000000000000E+00
  160.   0.106250000000E+03  -0.764267507981E-09   0.000000000000E+00   0.593750000000E+03  -0.920581616955E-09   0.000000000000E+00
  161.   0.103125000000E+03  -0.147137625226E-08   0.000000000000E+00   0.596875000000E+03  -0.183208049775E-08   0.000000000000E+00
