mode   UX_top        UY_top        UX_bot        UY_bot      (bending: UY_top~UY_bot, UX_top~-UX_bot)
  1.    -0.3854E-10     0.1000E+01     0.3881E-10     0.1000E+01
  2.    -0.2965E-03     0.5857E-02     0.2965E-03     0.5857E-02
  3.    -0.1994E-03     0.1875E-02     0.1994E-03     0.1875E-02
  4.    -0.3729E-03     0.2256E-02     0.3729E-03     0.2256E-02
  5.    -0.1866E-03     0.8340E-03     0.1866E-03     0.8340E-03
  6.     0.1022E+00    -0.5297E-03     0.1022E+00     0.5297E-03
  7.    -0.3806E-03     0.1350E-02     0.3806E-03     0.1350E-02
  8.    -0.1834E-03     0.5416E-03     0.1834E-03     0.5416E-03
  9.    -0.5777E-01     0.3452E-03    -0.5777E-01    -0.3452E-03
 10.    -0.3181E-03     0.8070E-03     0.3181E-03     0.8070E-03
 11.    -0.1805E-03     0.4028E-03     0.1805E-03     0.4028E-03
 12.     0.1931E-01    -0.1489E-03     0.1931E-01     0.1489E-03
 13.    -0.2537E-03     0.5062E-03     0.2537E-03     0.5062E-03
 14.    -0.1602E-03     0.2897E-03     0.1602E-03     0.2897E-03
 15.     0.9201E-02    -0.9789E-04     0.9201E-02     0.9789E-04
 16.    -0.2006E-03     0.3320E-03     0.2006E-03     0.3320E-03
 17.    -0.1422E-03     0.2171E-03     0.1422E-03     0.2171E-03
 18.    -0.4847E-02     0.7176E-04    -0.4847E-02    -0.7176E-04
 19.    -0.1505E-03     0.2132E-03     0.1505E-03     0.2132E-03
 20.    -0.1231E-03     0.1625E-03     0.1231E-03     0.1625E-03
