i  r_top  QtopRe  QtopIm  r_bot  QbotRe  QbotIm   [mm, mC]
    1.   0.600000000000E+03  -0.138454646631E-07   0.000000000000E+00   0.100000000000E+03   0.515725344546E-06   0.000000000000E+00
    2.   0.100000000000E+03  -0.515725348245E-06   0.000000000000E+00   0.600000000000E+03   0.138454745611E-07   0.000000000000E+00
    3.   0.593750000000E+03  -0.548052150948E-07   0.000000000000E+00   0.106250000000E+03   0.219183269909E-05   0.000000000000E+00
    4.   0.587500000000E+03  -0.271142858869E-07   0.000000000000E+00   0.112500000000E+03   0.116038201657E-05   0.000000000000E+00
    5.   0.581250000000E+03  -0.536519190401E-07   0.000000000000E+00   0.118750000000E+03   0.244969533868E-05   0.000000000000E+00
    6.   0.575000000000E+03  -0.265376333060E-07   0.000000000000E+00   0.125000000000E+03   0.128931334100E-05   0.000000000000E+00
    7.   0.568750000000E+03  -0.524986048702E-07   0.000000000000E+00   0.131250000000E+03   0.270755795296E-05   0.000000000000E+00
    8.   0.562500000000E+03  -0.259609717311E-07   0.000000000000E+00   0.137500000000E+03   0.141824467281E-05   0.000000000000E+00
    9.   0.556250000000E+03  -0.513452727185E-07   0.000000000000E+00   0.143750000000E+03   0.296542051979E-05   0.000000000000E+00
   10.   0.550000000000E+03  -0.253843011667E-07   0.000000000000E+00   0.150000000000E+03   0.154717603926E-05   0.000000000000E+00
   11.   0.543750000000E+03  -0.501919226536E-07   0.000000000000E+00   0.156250000000E+03   0.322328298592E-05   0.000000000000E+00
   12.   0.537500000000E+03  -0.248076216291E-07   0.000000000000E+00   0.162500000000E+03   0.167610753898E-05   0.000000000000E+00
   13.   0.531250000000E+03  -0.490385547899E-07   0.000000000000E+00   0.168750000000E+03   0.348114517044E-05   0.000000000000E+00
   14.   0.525000000000E+03  -0.242309329799E-07   0.000000000000E+00   0.175000000000E+03   0.180503937775E-05   0.000000000000E+00
   15.   0.518750000000E+03  -0.478851694552E-07   0.000000000000E+00   0.181250000000E+03   0.373900666211E-05   0.000000000000E+00
   16.   0.512500000000E+03  -0.236542350616E-07   0.000000000000E+00   0.187500000000E+03   0.193397230141E-05   0.000000000000E+00
   17.   0.506250000000E+03  -0.467317672377E-07   0.000000000000E+00   0.193750000000E+03   0.399686579233E-05   0.000000000000E+00
   18.   0.500000000000E+03  -0.230775257682E-07   0.000000000000E+00   0.200000000000E+03   0.206290701827E-05   0.000000000000E+00
   19.   0.493750000000E+03  -0.455783512416E-07   0.000000000000E+00   0.206250000000E+03   0.425471868423E-05   0.000000000000E+00
   20.   0.487500000000E+03  -0.225008041107E-07   0.000000000000E+00   0.212500000000E+03   0.219184659254E-05   0.000000000000E+00
   21.   0.481250000000E+03  -0.444249263056E-07   0.000000000000E+00   0.218750000000E+03   0.451254099103E-05   0.000000000000E+00
   22.   0.475000000000E+03  -0.219240447292E-07   0.000000000000E+00   0.225000000000E+03   0.232077598026E-05   0.000000000000E+00
   23.   0.468750000000E+03  -0.432715256733E-07   0.000000000000E+00   0.231250000000E+03   0.477023290238E-05   0.000000000000E+00
   24.   0.462500000000E+03  -0.213472534587E-07   0.000000000000E+00   0.237500000000E+03   0.244964915075E-05   0.000000000000E+00
   25.   0.456250000000E+03  -0.421181846598E-07   0.000000000000E+00   0.243750000000E+03   0.502704130964E-05   0.000000000000E+00
   26.   0.450000000000E+03  -0.207701217803E-07   0.000000000000E+00   0.250000000000E+03   0.257794484391E-05   0.000000000000E+00
   27.   0.443750000000E+03  -0.409652641087E-07   0.000000000000E+00   0.256250000000E+03   0.527853435026E-05   0.000000000000E+00
   28.   0.437500000000E+03  -0.201929466492E-07   0.000000000000E+00   0.262500000000E+03   0.270317172989E-05   0.000000000000E+00
   29.   0.431250000000E+03  -0.398129287801E-07   0.000000000000E+00   0.268750000000E+03   0.549568637310E-05   0.000000000000E+00
   30.   0.425000000000E+03  -0.196118031072E-07   0.000000000000E+00   0.275000000000E+03   0.280572643292E-05   0.000000000000E+00
   31.   0.418750000000E+03  -0.386652115368E-07   0.000000000000E+00   0.281250000000E+03   0.552234539218E-05   0.000000000000E+00
   32.   0.412500000000E+03  -0.190329090867E-07   0.000000000000E+00   0.287500000000E+03   0.271971434432E-05   0.000000000000E+00
   33.   0.406250000000E+03  -0.375212931682E-07   0.000000000000E+00   0.293750000000E+03   0.459442940637E-05   0.000000000000E+00
   34.   0.400000000000E+03  -0.184031189791E-07   0.000000000000E+00   0.300000000000E+03   0.180413338269E-05   0.000000000000E+00
   35.   0.393750000000E+03  -0.364277436314E-07   0.000000000000E+00   0.306250000000E+03   0.226693660306E-05   0.000000000000E+00
   36.   0.387500000000E+03  -0.178255441094E-07   0.000000000000E+00   0.312500000000E+03   0.505001209077E-06   0.000000000000E+00
   37.   0.381250000000E+03  -0.353378333382E-07   0.000000000000E+00   0.318750000000E+03   0.526242608159E-06   0.000000000000E+00
   38.   0.375000000000E+03  -0.165397539256E-07   0.000000000000E+00   0.325000000000E+03   0.616234697572E-07   0.000000000000E+00
   39.   0.368750000000E+03  -0.347520385776E-07   0.000000000000E+00   0.331250000000E+03   0.107522284015E-06   0.000000000000E+00
   40.   0.362500000000E+03  -0.160494858520E-07   0.000000000000E+00   0.337500000000E+03   0.239894196942E-07   0.000000000000E+00
   41.   0.356250000000E+03  -0.333007384553E-07   0.000000000000E+00   0.343750000000E+03   0.438367999765E-07   0.000000000000E+00
   42.   0.350000000000E+03  -0.451514001942E-08   0.000000000000E+00   0.350000000000E+03   0.175940583678E-07   0.000000000000E+00
   43.   0.343750000000E+03  -0.350893163597E-07   0.000000000000E+00   0.356250000000E+03   0.349701582954E-07   0.000000000000E+00
   44.   0.337500000000E+03   0.114608974515E-08   0.000000000000E+00   0.362500000000E+03   0.169568703266E-07   0.000000000000E+00
   45.   0.331250000000E+03  -0.438892758624E-08   0.000000000000E+00   0.368750000000E+03   0.342795557061E-07   0.000000000000E+00
   46.   0.325000000000E+03   0.226599578477E-06   0.000000000000E+00   0.375000000000E+03   0.174063249436E-07   0.000000000000E+00
   47.   0.318750000000E+03   0.448873031249E-07   0.000000000000E+00   0.381250000000E+03   0.352171613578E-07   0.000000000000E+00
   48.   0.312500000000E+03   0.236080076420E-05   0.000000000000E+00   0.387500000000E+03   0.179210973107E-07   0.000000000000E+00
   49.   0.306250000000E+03   0.631777258064E-05   0.000000000000E+00   0.393750000000E+03   0.363349478299E-07   0.000000000000E+00
   50.   0.300000000000E+03  -0.833536787326E-05   0.000000000000E+00   0.400000000000E+03   0.184794994715E-07   0.000000000000E+00
   51.   0.293750000000E+03  -0.955529239461E-05   0.000000000000E+00   0.406250000000E+03   0.374966194856E-07   0.000000000000E+00
   52.   0.287500000000E+03  -0.276932105856E-05   0.000000000000E+00   0.412500000000E+03   0.190463253200E-07   0.000000000000E+00
   53.   0.281250000000E+03  -0.630284851697E-05   0.000000000000E+00   0.418750000000E+03   0.386537775037E-07   0.000000000000E+00
   54.   0.275000000000E+03  -0.279683730979E-05   0.000000000000E+00   0.425000000000E+03   0.196194766857E-07   0.000000000000E+00
   55.   0.268750000000E+03  -0.562345381336E-05   0.000000000000E+00   0.431250000000E+03   0.398096918662E-07   0.000000000000E+00
   56.   0.262500000000E+03  -0.270123436883E-05   0.000000000000E+00   0.437500000000E+03   0.201947114038E-07   0.000000000000E+00
   57.   0.256250000000E+03  -0.529980343981E-05   0.000000000000E+00   0.443750000000E+03   0.409640001051E-07   0.000000000000E+00
   58.   0.250000000000E+03  -0.257619497965E-05   0.000000000000E+00   0.450000000000E+03   0.207709296025E-07   0.000000000000E+00
   59.   0.243750000000E+03  -0.503097684253E-05   0.000000000000E+00   0.456250000000E+03   0.421178336244E-07   0.000000000000E+00
   60.   0.237500000000E+03  -0.244918231328E-05   0.000000000000E+00   0.462500000000E+03   0.213474729326E-07   0.000000000000E+00
   61.   0.231250000000E+03  -0.477101464023E-05   0.000000000000E+00   0.468750000000E+03   0.432714185146E-07   0.000000000000E+00
   62.   0.225000000000E+03  -0.232056571068E-05   0.000000000000E+00   0.475000000000E+03   0.219241392859E-07   0.000000000000E+00
   63.   0.218750000000E+03  -0.451273034224E-05   0.000000000000E+00   0.481250000000E+03   0.444249169558E-07   0.000000000000E+00
   64.   0.212500000000E+03  -0.219178500598E-05   0.000000000000E+00   0.487500000000E+03   0.225008405483E-07   0.000000000000E+00
   65.   0.206250000000E+03  -0.425476736851E-05   0.000000000000E+00   0.493750000000E+03   0.455783695858E-07   0.000000000000E+00
   66.   0.200000000000E+03  -0.206288415292E-05   0.000000000000E+00   0.500000000000E+03   0.230775486917E-07   0.000000000000E+00
   67.   0.193750000000E+03  -0.399688048713E-05   0.000000000000E+00   0.506250000000E+03   0.467317960993E-07   0.000000000000E+00
   68.   0.187500000000E+03  -0.193396530213E-05   0.000000000000E+00   0.512500000000E+03   0.236542530308E-07   0.000000000000E+00
   69.   0.181250000000E+03  -0.373901105894E-05   0.000000000000E+00   0.518750000000E+03   0.478852018411E-07   0.000000000000E+00
   70.   0.175000000000E+03  -0.180503699889E-05   0.000000000000E+00   0.525000000000E+03   0.242309501740E-07   0.000000000000E+00
   71.   0.168750000000E+03  -0.348114660101E-05   0.000000000000E+00   0.531250000000E+03   0.490385889520E-07   0.000000000000E+00
   72.   0.162500000000E+03  -0.167610681447E-05   0.000000000000E+00   0.537500000000E+03   0.248076389291E-07   0.000000000000E+00
   73.   0.156250000000E+03  -0.322328344516E-05   0.000000000000E+00   0.543750000000E+03   0.501919579821E-07   0.000000000000E+00
   74.   0.150000000000E+03  -0.154717581655E-05   0.000000000000E+00   0.550000000000E+03   0.253843189156E-07   0.000000000000E+00
   75.   0.143750000000E+03  -0.296542068379E-05   0.000000000000E+00   0.556250000000E+03   0.513453090858E-07   0.000000000000E+00
   76.   0.137500000000E+03  -0.141824461506E-05   0.000000000000E+00   0.562500000000E+03   0.259609899906E-07   0.000000000000E+00
   77.   0.131250000000E+03  -0.270755802022E-05   0.000000000000E+00   0.568750000000E+03   0.524986422492E-07   0.000000000000E+00
   78.   0.125000000000E+03  -0.128931333222E-05   0.000000000000E+00   0.575000000000E+03   0.265376520921E-07   0.000000000000E+00
   79.   0.118750000000E+03  -0.244969537576E-05   0.000000000000E+00   0.581250000000E+03   0.536519574265E-07   0.000000000000E+00
   80.   0.112500000000E+03  -0.116038202162E-05   0.000000000000E+00   0.587500000000E+03   0.271143051989E-07   0.000000000000E+00
   81.   0.106250000000E+03  -0.219183272530E-05   0.000000000000E+00   0.593750000000E+03   0.548052544568E-07   0.000000000000E+00
