i  r_top  QtopRe  QtopIm  r_bot  QbotRe  QbotIm   [mm, mC]
    1.   0.600000000000E+03  -0.168688563510E-09   0.000000000000E+00   0.100000000000E+03  -0.192941998450E-10   0.000000000000E+00
    2.   0.100000000000E+03  -0.192941974866E-10   0.000000000000E+00   0.600000000000E+03  -0.168688577254E-09   0.000000000000E+00
    3.   0.596875000000E+03  -0.671881229892E-09   0.000000000000E+00   0.103125000000E+03  -0.798615409469E-10   0.000000000000E+00
    4.   0.593750000000E+03  -0.333982615412E-09   0.000000000000E+00   0.106250000000E+03  -0.411489868441E-10   0.000000000000E+00
    5.   0.590625000000E+03  -0.663580970581E-09   0.000000000000E+00   0.109375000000E+03  -0.848703491720E-10   0.000000000000E+00
    6.   0.587500000000E+03  -0.329160920545E-09   0.000000000000E+00   0.112500000000E+03  -0.436674037532E-10   0.000000000000E+00
    7.   0.584375000000E+03  -0.653856060682E-09   0.000000000000E+00   0.115625000000E+03  -0.899658072268E-10   0.000000000000E+00
    8.   0.581250000000E+03  -0.324196740999E-09   0.000000000000E+00   0.118750000000E+03  -0.462404640736E-10   0.000000000000E+00
    9.   0.578125000000E+03  -0.643902794991E-09   0.000000000000E+00   0.121875000000E+03  -0.951458913524E-10   0.000000000000E+00
   10.   0.575000000000E+03  -0.319192487150E-09   0.000000000000E+00   0.125000000000E+03  -0.488458200822E-10   0.000000000000E+00
   11.   0.571875000000E+03  -0.633863046088E-09   0.000000000000E+00   0.128125000000E+03  -0.100376694592E-09   0.000000000000E+00
   12.   0.568750000000E+03  -0.314162173463E-09   0.000000000000E+00   0.131250000000E+03  -0.514707806826E-10   0.000000000000E+00
   13.   0.565625000000E+03  -0.623812058459E-09   0.000000000000E+00   0.134375000000E+03  -0.105646506134E-09   0.000000000000E+00
   14.   0.562500000000E+03  -0.309143097205E-09   0.000000000000E+00   0.137500000000E+03  -0.541144386680E-10   0.000000000000E+00
   15.   0.559375000000E+03  -0.613794907512E-09   0.000000000000E+00   0.140625000000E+03  -0.110953556407E-09   0.000000000000E+00
   16.   0.556250000000E+03  -0.304146777045E-09   0.000000000000E+00   0.143750000000E+03  -0.567764373873E-10   0.000000000000E+00
   17.   0.553125000000E+03  -0.603827505313E-09   0.000000000000E+00   0.146875000000E+03  -0.116297364237E-09   0.000000000000E+00
   18.   0.550000000000E+03  -0.299177599813E-09   0.000000000000E+00   0.150000000000E+03  -0.594568115141E-10   0.000000000000E+00
   19.   0.546875000000E+03  -0.593916167490E-09   0.000000000000E+00   0.153125000000E+03  -0.121678292457E-09   0.000000000000E+00
   20.   0.543750000000E+03  -0.294237360516E-09   0.000000000000E+00   0.156250000000E+03  -0.621558697742E-10   0.000000000000E+00
   21.   0.540625000000E+03  -0.584063911637E-09   0.000000000000E+00   0.159375000000E+03  -0.127097118246E-09   0.000000000000E+00
   22.   0.537500000000E+03  -0.289327140493E-09   0.000000000000E+00   0.162500000000E+03  -0.648740528644E-10   0.000000000000E+00
   23.   0.534375000000E+03  -0.574272231673E-09   0.000000000000E+00   0.165625000000E+03  -0.132554846586E-09   0.000000000000E+00
   24.   0.531250000000E+03  -0.284447417710E-09   0.000000000000E+00   0.168750000000E+03  -0.676119599624E-10   0.000000000000E+00
   25.   0.528125000000E+03  -0.564542360489E-09   0.000000000000E+00   0.171875000000E+03  -0.138052574346E-09   0.000000000000E+00
   26.   0.525000000000E+03  -0.279598938012E-09   0.000000000000E+00   0.175000000000E+03  -0.703700920534E-10   0.000000000000E+00
   27.   0.521875000000E+03  -0.554875329728E-09   0.000000000000E+00   0.178125000000E+03  -0.143591420064E-09   0.000000000000E+00
   28.   0.518750000000E+03  -0.274781929086E-09   0.000000000000E+00   0.181250000000E+03  -0.731490401333E-10   0.000000000000E+00
   29.   0.515625000000E+03  -0.545272005172E-09   0.000000000000E+00   0.184375000000E+03  -0.149172633160E-09   0.000000000000E+00
   30.   0.512500000000E+03  -0.269997051878E-09   0.000000000000E+00   0.187500000000E+03  -0.759495066171E-10   0.000000000000E+00
   31.   0.509375000000E+03  -0.535733474104E-09   0.000000000000E+00   0.190625000000E+03  -0.154797515116E-09   0.000000000000E+00
   32.   0.506250000000E+03  -0.265244748714E-09   0.000000000000E+00   0.193750000000E+03  -0.787721018823E-10   0.000000000000E+00
   33.   0.503125000000E+03  -0.526260793619E-09   0.000000000000E+00   0.196875000000E+03  -0.160467375089E-09   0.000000000000E+00
   34.   0.500000000000E+03  -0.260525636702E-09   0.000000000000E+00   0.200000000000E+03  -0.816174716487E-10   0.000000000000E+00
   35.   0.496875000000E+03  -0.516855082561E-09   0.000000000000E+00   0.203125000000E+03  -0.166183598325E-09   0.000000000000E+00
   36.   0.493750000000E+03  -0.255840179918E-09   0.000000000000E+00   0.206250000000E+03  -0.844863654500E-10   0.000000000000E+00
   37.   0.490625000000E+03  -0.507517409790E-09   0.000000000000E+00   0.209375000000E+03  -0.171947633642E-09   0.000000000000E+00
   38.   0.487500000000E+03  -0.251188972521E-09   0.000000000000E+00   0.212500000000E+03  -0.873795117770E-10   0.000000000000E+00
   39.   0.484375000000E+03  -0.498249023133E-09   0.000000000000E+00   0.215625000000E+03  -0.177760985604E-09   0.000000000000E+00
   40.   0.481250000000E+03  -0.246572677113E-09   0.000000000000E+00   0.218750000000E+03  -0.902976670132E-10   0.000000000000E+00
   41.   0.478125000000E+03  -0.489051189319E-09   0.000000000000E+00   0.221875000000E+03  -0.183625186075E-09   0.000000000000E+00
   42.   0.475000000000E+03  -0.241991871401E-09   0.000000000000E+00   0.225000000000E+03  -0.932416055417E-10   0.000000000000E+00
   43.   0.471875000000E+03  -0.479925052887E-09   0.000000000000E+00   0.228125000000E+03  -0.189541825174E-09   0.000000000000E+00
   44.   0.468750000000E+03  -0.237447231404E-09   0.000000000000E+00   0.231250000000E+03  -0.962121852245E-10   0.000000000000E+00
   45.   0.465625000000E+03  -0.470871926742E-09   0.000000000000E+00   0.234375000000E+03  -0.195512516858E-09   0.000000000000E+00
   46.   0.462500000000E+03  -0.232939262726E-09   0.000000000000E+00   0.237500000000E+03  -0.992101255332E-10   0.000000000000E+00
   47.   0.459375000000E+03  -0.461893079101E-09   0.000000000000E+00   0.240625000000E+03  -0.201538866894E-09   0.000000000000E+00
   48.   0.456250000000E+03  -0.228468672377E-09   0.000000000000E+00   0.243750000000E+03  -0.102236275440E-09   0.000000000000E+00
   49.   0.453125000000E+03  -0.452989502545E-09   0.000000000000E+00   0.246875000000E+03  -0.207622388125E-09   0.000000000000E+00
   50.   0.450000000000E+03  -0.224035870145E-09   0.000000000000E+00   0.250000000000E+03  -0.105291290837E-09   0.000000000000E+00
   51.   0.446875000000E+03  -0.444161567828E-09   0.000000000000E+00   0.253125000000E+03  -0.213764154825E-09   0.000000000000E+00
   52.   0.443750000000E+03  -0.219640683772E-09   0.000000000000E+00   0.256250000000E+03  -0.108375577966E-09   0.000000000000E+00
   53.   0.440625000000E+03  -0.435408271218E-09   0.000000000000E+00   0.259375000000E+03  -0.219964126672E-09   0.000000000000E+00
   54.   0.437500000000E+03  -0.215282173787E-09   0.000000000000E+00   0.262500000000E+03  -0.111488640239E-09   0.000000000000E+00
   55.   0.434375000000E+03  -0.426724875715E-09   0.000000000000E+00   0.265625000000E+03  -0.226219237360E-09   0.000000000000E+00
   56.   0.431250000000E+03  -0.210956522241E-09   0.000000000000E+00   0.268750000000E+03  -0.114627810059E-09   0.000000000000E+00
   57.   0.428125000000E+03  -0.418097044023E-09   0.000000000000E+00   0.271875000000E+03  -0.232518438389E-09   0.000000000000E+00
   58.   0.425000000000E+03  -0.206653159915E-09   0.000000000000E+00   0.275000000000E+03  -0.117784713202E-09   0.000000000000E+00
   59.   0.421875000000E+03  -0.409486517249E-09   0.000000000000E+00   0.278125000000E+03  -0.238830369140E-09   0.000000000000E+00
   60.   0.418750000000E+03  -0.202343828367E-09   0.000000000000E+00   0.281250000000E+03  -0.120935931717E-09   0.000000000000E+00
   61.   0.415625000000E+03  -0.400793836754E-09   0.000000000000E+00   0.284375000000E+03  -0.245070612806E-09   0.000000000000E+00
   62.   0.412500000000E+03  -0.197958834374E-09   0.000000000000E+00   0.287500000000E+03  -0.124021589791E-09   0.000000000000E+00
   63.   0.409375000000E+03  -0.391768144124E-09   0.000000000000E+00   0.290625000000E+03  -0.251020732835E-09   0.000000000000E+00
   64.   0.406250000000E+03  -0.193312058368E-09   0.000000000000E+00   0.293750000000E+03  -0.126878985648E-09   0.000000000000E+00
   65.   0.403125000000E+03  -0.381761256614E-09   0.000000000000E+00   0.296875000000E+03  -0.256104982119E-09   0.000000000000E+00
   66.   0.400000000000E+03  -0.187962327879E-09   0.000000000000E+00   0.300000000000E+03  -0.129113050582E-09   0.000000000000E+00
   67.   0.396875000000E+03  -0.369157106894E-09   0.000000000000E+00   0.303125000000E+03  -0.258859876785E-09   0.000000000000E+00
   68.   0.393750000000E+03  -0.180703033867E-09   0.000000000000E+00   0.306250000000E+03  -0.129628727438E-09   0.000000000000E+00
   69.   0.390625000000E+03  -0.349829937622E-09   0.000000000000E+00   0.309375000000E+03  -0.255478070915E-09   0.000000000000E+00
   70.   0.387500000000E+03  -0.169051702717E-09   0.000000000000E+00   0.312500000000E+03  -0.126104826588E-09   0.000000000000E+00
   71.   0.384375000000E+03  -0.313558793388E-09   0.000000000000E+00   0.315625000000E+03  -0.236361790617E-09   0.000000000000E+00
   72.   0.381250000000E+03  -0.144563822266E-09   0.000000000000E+00   0.318750000000E+03  -0.110637114927E-09   0.000000000000E+00
   73.   0.378125000000E+03  -0.231105690038E-09   0.000000000000E+00   0.321875000000E+03  -0.173628442265E-09   0.000000000000E+00
   74.   0.375000000000E+03  -0.897553577902E-10   0.000000000000E+00   0.325000000000E+03  -0.662919791751E-10   0.000000000000E+00
   75.   0.371875000000E+03  -0.418976076044E-10   0.000000000000E+00   0.328125000000E+03  -0.807564313511E-11   0.000000000000E+00
   76.   0.368750000000E+03   0.343493656388E-10   0.000000000000E+00   0.331250000000E+03   0.450905367803E-10   0.000000000000E+00
   77.   0.365625000000E+03   0.397630964866E-09   0.000000000000E+00   0.334375000000E+03   0.403414742696E-09   0.000000000000E+00
   78.   0.362500000000E+03   0.236653644092E-09   0.000000000000E+00   0.337500000000E+03   0.236651387401E-09   0.000000000000E+00
   79.   0.359375000000E+03   0.185796751932E-08   0.000000000000E+00   0.340625000000E+03   0.182260307342E-08   0.000000000000E+00
   80.   0.356250000000E+03   0.116224320408E-08   0.000000000000E+00   0.343750000000E+03   0.114072475010E-08   0.000000000000E+00
   81.   0.353125000000E+03   0.786869058077E-08   0.000000000000E+00   0.346875000000E+03   0.781520959290E-08   0.000000000000E+00
   82.   0.350000000000E+03   0.134739253142E-07   0.000000000000E+00   0.350000000000E+03   0.134739253409E-07   0.000000000000E+00
   83.   0.346875000000E+03   0.781520957613E-08   0.000000000000E+00   0.353125000000E+03   0.786869060481E-08   0.000000000000E+00
   84.   0.343750000000E+03   0.114072477414E-08   0.000000000000E+00   0.356250000000E+03   0.116224321994E-08   0.000000000000E+00
   85.   0.340625000000E+03   0.182260309684E-08   0.000000000000E+00   0.359375000000E+03   0.185796752537E-08   0.000000000000E+00
   86.   0.337500000000E+03   0.236651429740E-09   0.000000000000E+00   0.362500000000E+03   0.236653672563E-09   0.000000000000E+00
   87.   0.334375000000E+03   0.403414758339E-09   0.000000000000E+00   0.365625000000E+03   0.397630913614E-09   0.000000000000E+00
   88.   0.331250000000E+03   0.450905188153E-10   0.000000000000E+00   0.368750000000E+03   0.343492790489E-10   0.000000000000E+00
   89.   0.328125000000E+03  -0.807562357678E-11   0.000000000000E+00   0.371875000000E+03  -0.418976809789E-10   0.000000000000E+00
   90.   0.325000000000E+03  -0.662919542021E-10   0.000000000000E+00   0.375000000000E+03  -0.897553986460E-10   0.000000000000E+00
   91.   0.321875000000E+03  -0.173628426023E-09   0.000000000000E+00   0.378125000000E+03  -0.231105731578E-09   0.000000000000E+00
   92.   0.318750000000E+03  -0.110637147777E-09   0.000000000000E+00   0.381250000000E+03  -0.144563841217E-09   0.000000000000E+00
   93.   0.315625000000E+03  -0.236361762365E-09   0.000000000000E+00   0.384375000000E+03  -0.313558799083E-09   0.000000000000E+00
   94.   0.312500000000E+03  -0.126104793864E-09   0.000000000000E+00   0.387500000000E+03  -0.169051704401E-09   0.000000000000E+00
   95.   0.309375000000E+03  -0.255478046287E-09   0.000000000000E+00   0.390625000000E+03  -0.349829928308E-09   0.000000000000E+00
   96.   0.306250000000E+03  -0.129628708183E-09   0.000000000000E+00   0.393750000000E+03  -0.180702987810E-09   0.000000000000E+00
   97.   0.303125000000E+03  -0.258859861284E-09   0.000000000000E+00   0.396875000000E+03  -0.369157091623E-09   0.000000000000E+00
   98.   0.300000000000E+03  -0.129113061667E-09   0.000000000000E+00   0.400000000000E+03  -0.187962343047E-09   0.000000000000E+00
   99.   0.296875000000E+03  -0.256104968102E-09   0.000000000000E+00   0.403125000000E+03  -0.381761261755E-09   0.000000000000E+00
  100.   0.293750000000E+03  -0.126878986634E-09   0.000000000000E+00   0.406250000000E+03  -0.193312072500E-09   0.000000000000E+00
  101.   0.290625000000E+03  -0.251020701860E-09   0.000000000000E+00   0.409375000000E+03  -0.391768157976E-09   0.000000000000E+00
  102.   0.287500000000E+03  -0.124021556783E-09   0.000000000000E+00   0.412500000000E+03  -0.197958840962E-09   0.000000000000E+00
  103.   0.284375000000E+03  -0.245070573263E-09   0.000000000000E+00   0.415625000000E+03  -0.400793868860E-09   0.000000000000E+00
  104.   0.281250000000E+03  -0.120935895611E-09   0.000000000000E+00   0.418750000000E+03  -0.202343861477E-09   0.000000000000E+00
  105.   0.278125000000E+03  -0.238830326399E-09   0.000000000000E+00   0.421875000000E+03  -0.409486526289E-09   0.000000000000E+00
  106.   0.275000000000E+03  -0.117784683897E-09   0.000000000000E+00   0.425000000000E+03  -0.206653185254E-09   0.000000000000E+00
  107.   0.271875000000E+03  -0.232518382132E-09   0.000000000000E+00   0.428125000000E+03  -0.418097037186E-09   0.000000000000E+00
  108.   0.268750000000E+03  -0.114627778126E-09   0.000000000000E+00   0.431250000000E+03  -0.210956501059E-09   0.000000000000E+00
  109.   0.265625000000E+03  -0.226219170706E-09   0.000000000000E+00   0.434375000000E+03  -0.426724881951E-09   0.000000000000E+00
  110.   0.262500000000E+03  -0.111488603171E-09   0.000000000000E+00   0.437500000000E+03  -0.215282204309E-09   0.000000000000E+00
  111.   0.259375000000E+03  -0.219964079490E-09   0.000000000000E+00   0.440625000000E+03  -0.435408288695E-09   0.000000000000E+00
  112.   0.256250000000E+03  -0.108375568876E-09   0.000000000000E+00   0.443750000000E+03  -0.219640709354E-09   0.000000000000E+00
  113.   0.253125000000E+03  -0.213764127625E-09   0.000000000000E+00   0.446875000000E+03  -0.444161563194E-09   0.000000000000E+00
  114.   0.250000000000E+03  -0.105291286517E-09   0.000000000000E+00   0.450000000000E+03  -0.224035827810E-09   0.000000000000E+00
  115.   0.246875000000E+03  -0.207622363992E-09   0.000000000000E+00   0.453125000000E+03  -0.452989483588E-09   0.000000000000E+00
  116.   0.243750000000E+03  -0.102236259428E-09   0.000000000000E+00   0.456250000000E+03  -0.228468708818E-09   0.000000000000E+00
  117.   0.240625000000E+03  -0.201538837280E-09   0.000000000000E+00   0.459375000000E+03  -0.461893094581E-09   0.000000000000E+00
  118.   0.237500000000E+03  -0.992100929673E-10   0.000000000000E+00   0.462500000000E+03  -0.232939230725E-09   0.000000000000E+00
  119.   0.234375000000E+03  -0.195512482119E-09   0.000000000000E+00   0.465625000000E+03  -0.470871960534E-09   0.000000000000E+00
  120.   0.231250000000E+03  -0.962121439452E-10   0.000000000000E+00   0.468750000000E+03  -0.237447193954E-09   0.000000000000E+00
  121.   0.228125000000E+03  -0.189541792735E-09   0.000000000000E+00   0.471875000000E+03  -0.479925120510E-09   0.000000000000E+00
  122.   0.225000000000E+03  -0.932415788496E-10   0.000000000000E+00   0.475000000000E+03  -0.241991975538E-09   0.000000000000E+00
  123.   0.221875000000E+03  -0.183625158875E-09   0.000000000000E+00   0.478125000000E+03  -0.489051261160E-09   0.000000000000E+00
  124.   0.218750000000E+03  -0.902976610896E-10   0.000000000000E+00   0.481250000000E+03  -0.246572705463E-09   0.000000000000E+00
  125.   0.215625000000E+03  -0.177760977489E-09   0.000000000000E+00   0.484375000000E+03  -0.498249087581E-09   0.000000000000E+00
  126.   0.212500000000E+03  -0.873795024969E-10   0.000000000000E+00   0.487500000000E+03  -0.251189000096E-09   0.000000000000E+00
  127.   0.209375000000E+03  -0.171947627824E-09   0.000000000000E+00   0.490625000000E+03  -0.507517475963E-09   0.000000000000E+00
  128.   0.206250000000E+03  -0.844863446278E-10   0.000000000000E+00   0.493750000000E+03  -0.255840222318E-09   0.000000000000E+00
  129.   0.203125000000E+03  -0.166183597407E-09   0.000000000000E+00   0.496875000000E+03  -0.516855109081E-09   0.000000000000E+00
  130.   0.200000000000E+03  -0.816174676850E-10   0.000000000000E+00   0.500000000000E+03  -0.260525562933E-09   0.000000000000E+00
  131.   0.196875000000E+03  -0.160467366601E-09   0.000000000000E+00   0.503125000000E+03  -0.526260781687E-09   0.000000000000E+00
  132.   0.193750000000E+03  -0.787720671366E-10   0.000000000000E+00   0.506250000000E+03  -0.265244713406E-09   0.000000000000E+00
  133.   0.190625000000E+03  -0.154797513278E-09   0.000000000000E+00   0.509375000000E+03  -0.535733462355E-09   0.000000000000E+00
  134.   0.187500000000E+03  -0.759495088631E-10   0.000000000000E+00   0.512500000000E+03  -0.269997064313E-09   0.000000000000E+00
  135.   0.184375000000E+03  -0.149172638724E-09   0.000000000000E+00   0.515625000000E+03  -0.545271993609E-09   0.000000000000E+00
  136.   0.181250000000E+03  -0.731490469097E-10   0.000000000000E+00   0.518750000000E+03  -0.274781858342E-09   0.000000000000E+00
  137.   0.178125000000E+03  -0.143591408923E-09   0.000000000000E+00   0.521875000000E+03  -0.554875273997E-09   0.000000000000E+00
  138.   0.175000000000E+03  -0.703700732446E-10   0.000000000000E+00   0.525000000000E+03  -0.279598875521E-09   0.000000000000E+00
  139.   0.171875000000E+03  -0.138052550149E-09   0.000000000000E+00   0.528125000000E+03  -0.564542285625E-09   0.000000000000E+00
  140.   0.168750000000E+03  -0.676119433832E-10   0.000000000000E+00   0.531250000000E+03  -0.284447380118E-09   0.000000000000E+00
  141.   0.165625000000E+03  -0.132554828130E-09   0.000000000000E+00   0.534375000000E+03  -0.574272111241E-09   0.000000000000E+00
  142.   0.162500000000E+03  -0.648740438126E-10   0.000000000000E+00   0.537500000000E+03  -0.289326979759E-09   0.000000000000E+00
  143.   0.159375000000E+03  -0.127097095536E-09   0.000000000000E+00   0.540625000000E+03  -0.584063778062E-09   0.000000000000E+00
  144.   0.156250000000E+03  -0.621558469306E-10   0.000000000000E+00   0.543750000000E+03  -0.294237319881E-09   0.000000000000E+00
  145.   0.153125000000E+03  -0.121678274765E-09   0.000000000000E+00   0.546875000000E+03  -0.593916140670E-09   0.000000000000E+00
  146.   0.150000000000E+03  -0.594567955479E-10   0.000000000000E+00   0.550000000000E+03  -0.299177564732E-09   0.000000000000E+00
  147.   0.146875000000E+03  -0.116297355872E-09   0.000000000000E+00   0.553125000000E+03  -0.603827495874E-09   0.000000000000E+00
  148.   0.143750000000E+03  -0.567764429197E-10   0.000000000000E+00   0.556250000000E+03  -0.304146881063E-09   0.000000000000E+00
  149.   0.140625000000E+03  -0.110953568424E-09   0.000000000000E+00   0.559375000000E+03  -0.613794938629E-09   0.000000000000E+00
  150.   0.137500000000E+03  -0.541144649561E-10   0.000000000000E+00   0.562500000000E+03  -0.309143105534E-09   0.000000000000E+00
  151.   0.134375000000E+03  -0.105646523131E-09   0.000000000000E+00   0.565625000000E+03  -0.623812091289E-09   0.000000000000E+00
  152.   0.131250000000E+03  -0.514707933121E-10   0.000000000000E+00   0.568750000000E+03  -0.314162285390E-09   0.000000000000E+00
  153.   0.128125000000E+03  -0.100376696359E-09   0.000000000000E+00   0.571875000000E+03  -0.633863132486E-09   0.000000000000E+00
  154.   0.125000000000E+03  -0.488458187837E-10   0.000000000000E+00   0.575000000000E+03  -0.319192511835E-09   0.000000000000E+00
  155.   0.121875000000E+03  -0.951458936314E-10   0.000000000000E+00   0.578125000000E+03  -0.643902920076E-09   0.000000000000E+00
  156.   0.118750000000E+03  -0.462404669679E-10   0.000000000000E+00   0.581250000000E+03  -0.324196814560E-09   0.000000000000E+00
  157.   0.115625000000E+03  -0.899658035823E-10   0.000000000000E+00   0.584375000000E+03  -0.653856149746E-09   0.000000000000E+00
  158.   0.112500000000E+03  -0.436673910342E-10   0.000000000000E+00   0.587500000000E+03  -0.329160947350E-09   0.000000000000E+00
  159.   0.109375000000E+03  -0.848703366836E-10   0.000000000000E+00   0.590625000000E+03  -0.663580979357E-09   0.000000000000E+00
  160.   0.106250000000E+03  -0.411489743420E-10   0.000000000000E+00   0.593750000000E+03  -0.333982599912E-09   0.000000000000E+00
  161.   0.103125000000E+03  -0.798615274492E-10   0.000000000000E+00   0.596875000000E+03  -0.671881184223E-09   0.000000000000E+00
