mode f[Hz] tag=zp4_sc_h112 target=119.04677Hz
  1.     0.69986392E-02
  2.     0.11881103E+03
  3.     0.55291577E+03
  4.     0.13262872E+04
  5.     0.24447729E+04
  6.     0.25159812E+04
  7.     0.38775998E+04
  8.     0.55874066E+04
  9.     0.64464173E+04
 10.     0.75355046E+04
 11.     0.96853668E+04
 12.     0.10871880E+05
 13.     0.12004179E+05
 14.     0.14463421E+05
 15.     0.15688957E+05
 16.     0.17038854E+05
 17.     0.19710189E+05
 18.     0.20627708E+05
 19.     0.22460611E+05
 20.     0.25276281E+05
