i  r_top  QtopRe  QtopIm  r_bot  QbotRe  QbotIm   [mm, mC]
    1.   0.600000000000E+03  -0.258710264738E-10   0.000000000000E+00   0.100000000000E+03  -0.760558959399E-10   0.000000000000E+00
    2.   0.100000000000E+03  -0.760558958364E-10   0.000000000000E+00   0.600000000000E+03  -0.258710263397E-10   0.000000000000E+00
    3.   0.596875000000E+03  -0.103687036954E-09   0.000000000000E+00   0.103125000000E+03  -0.314421449243E-09   0.000000000000E+00
    4.   0.593750000000E+03  -0.520955554059E-10   0.000000000000E+00   0.106250000000E+03  -0.161688280060E-09   0.000000000000E+00
    5.   0.590625000000E+03  -0.107933926389E-09   0.000000000000E+00   0.109375000000E+03  -0.330722849002E-09   0.000000000000E+00
    6.   0.587500000000E+03  -0.556338023981E-10   0.000000000000E+00   0.112500000000E+03  -0.168900041583E-09   0.000000000000E+00
    7.   0.584375000000E+03  -0.115822614146E-09   0.000000000000E+00   0.115625000000E+03  -0.344513462615E-09   0.000000000000E+00
    8.   0.581250000000E+03  -0.600677067362E-10   0.000000000000E+00   0.118750000000E+03  -0.175413330573E-09   0.000000000000E+00
    9.   0.578125000000E+03  -0.124969346531E-09   0.000000000000E+00   0.121875000000E+03  -0.357085981352E-09   0.000000000000E+00
   10.   0.575000000000E+03  -0.647927654206E-10   0.000000000000E+00   0.125000000000E+03  -0.181458675817E-09   0.000000000000E+00
   11.   0.571875000000E+03  -0.134471311350E-09   0.000000000000E+00   0.128125000000E+03  -0.368784508873E-09   0.000000000000E+00
   12.   0.568750000000E+03  -0.695685216046E-10   0.000000000000E+00   0.131250000000E+03  -0.187111924545E-09   0.000000000000E+00
   13.   0.565625000000E+03  -0.143988847610E-09   0.000000000000E+00   0.134375000000E+03  -0.379743704391E-09   0.000000000000E+00
   14.   0.562500000000E+03  -0.743043199945E-10   0.000000000000E+00   0.137500000000E+03  -0.192417922924E-09   0.000000000000E+00
   15.   0.559375000000E+03  -0.153393180622E-09   0.000000000000E+00   0.140625000000E+03  -0.390022242226E-09   0.000000000000E+00
   16.   0.556250000000E+03  -0.789652512296E-10   0.000000000000E+00   0.143750000000E+03  -0.197391062187E-09   0.000000000000E+00
   17.   0.553125000000E+03  -0.162635154414E-09   0.000000000000E+00   0.146875000000E+03  -0.399637912831E-09   0.000000000000E+00
   18.   0.550000000000E+03  -0.835381869334E-10   0.000000000000E+00   0.150000000000E+03  -0.202034677388E-09   0.000000000000E+00
   19.   0.546875000000E+03  -0.171697050420E-09   0.000000000000E+00   0.153125000000E+03  -0.408593742731E-09   0.000000000000E+00
   20.   0.543750000000E+03  -0.880188510338E-10   0.000000000000E+00   0.156250000000E+03  -0.206348245130E-09   0.000000000000E+00
   21.   0.540625000000E+03  -0.180573707075E-09   0.000000000000E+00   0.159375000000E+03  -0.416887523209E-09   0.000000000000E+00
   22.   0.537500000000E+03  -0.924064950331E-10   0.000000000000E+00   0.162500000000E+03  -0.210330024854E-09   0.000000000000E+00
   23.   0.534375000000E+03  -0.189265061493E-09   0.000000000000E+00   0.165625000000E+03  -0.424515638655E-09   0.000000000000E+00
   24.   0.531250000000E+03  -0.967018539696E-10   0.000000000000E+00   0.168750000000E+03  -0.213978135700E-09   0.000000000000E+00
   25.   0.528125000000E+03  -0.197773260856E-09   0.000000000000E+00   0.171875000000E+03  -0.431474674983E-09   0.000000000000E+00
   26.   0.525000000000E+03  -0.100906357364E-09   0.000000000000E+00   0.175000000000E+03  -0.217291051220E-09   0.000000000000E+00
   27.   0.521875000000E+03  -0.206101535642E-09   0.000000000000E+00   0.178125000000E+03  -0.437762138495E-09   0.000000000000E+00
   28.   0.518750000000E+03  -0.105021809063E-09   0.000000000000E+00   0.181250000000E+03  -0.220267806392E-09   0.000000000000E+00
   29.   0.515625000000E+03  -0.214253760830E-09   0.000000000000E+00   0.184375000000E+03  -0.443376805849E-09   0.000000000000E+00
   30.   0.512500000000E+03  -0.109050277596E-09   0.000000000000E+00   0.187500000000E+03  -0.222908159286E-09   0.000000000000E+00
   31.   0.509375000000E+03  -0.222234294235E-09   0.000000000000E+00   0.190625000000E+03  -0.448318918599E-09   0.000000000000E+00
   32.   0.506250000000E+03  -0.112994045793E-09   0.000000000000E+00   0.193750000000E+03  -0.225212606121E-09   0.000000000000E+00
   33.   0.503125000000E+03  -0.230047911187E-09   0.000000000000E+00   0.196875000000E+03  -0.452590298487E-09   0.000000000000E+00
   34.   0.500000000000E+03  -0.116855600689E-09   0.000000000000E+00   0.200000000000E+03  -0.227182468857E-09   0.000000000000E+00
   35.   0.496875000000E+03  -0.237699780641E-09   0.000000000000E+00   0.203125000000E+03  -0.456194445481E-09   0.000000000000E+00
   36.   0.493750000000E+03  -0.120637618713E-09   0.000000000000E+00   0.206250000000E+03  -0.228819934213E-09   0.000000000000E+00
   37.   0.490625000000E+03  -0.245195454800E-09   0.000000000000E+00   0.209375000000E+03  -0.459136611188E-09   0.000000000000E+00
   38.   0.487500000000E+03  -0.124342967227E-09   0.000000000000E+00   0.212500000000E+03  -0.230128067397E-09   0.000000000000E+00
   39.   0.484375000000E+03  -0.252540861824E-09   0.000000000000E+00   0.215625000000E+03  -0.461423863949E-09   0.000000000000E+00
   40.   0.481250000000E+03  -0.127974697543E-09   0.000000000000E+00   0.218750000000E+03  -0.231110874546E-09   0.000000000000E+00
   41.   0.478125000000E+03  -0.259742303582E-09   0.000000000000E+00   0.221875000000E+03  -0.463065151230E-09   0.000000000000E+00
   42.   0.475000000000E+03  -0.131536051045E-09   0.000000000000E+00   0.225000000000E+03  -0.231773295649E-09   0.000000000000E+00
   43.   0.471875000000E+03  -0.266806443493E-09   0.000000000000E+00   0.228125000000E+03  -0.464071336553E-09   0.000000000000E+00
   44.   0.468750000000E+03  -0.135030437183E-09   0.000000000000E+00   0.231250000000E+03  -0.232121248839E-09   0.000000000000E+00
   45.   0.465625000000E+03  -0.273740278139E-09   0.000000000000E+00   0.234375000000E+03  -0.464455230492E-09   0.000000000000E+00
   46.   0.462500000000E+03  -0.138461426841E-09   0.000000000000E+00   0.237500000000E+03  -0.232161619082E-09   0.000000000000E+00
   47.   0.459375000000E+03  -0.280551075965E-09   0.000000000000E+00   0.240625000000E+03  -0.464231597967E-09   0.000000000000E+00
   48.   0.456250000000E+03  -0.141832698134E-09   0.000000000000E+00   0.243750000000E+03  -0.231902270298E-09   0.000000000000E+00
   49.   0.453125000000E+03  -0.287246227697E-09   0.000000000000E+00   0.246875000000E+03  -0.463417085071E-09   0.000000000000E+00
   50.   0.450000000000E+03  -0.145147930475E-09   0.000000000000E+00   0.250000000000E+03  -0.231351959388E-09   0.000000000000E+00
   51.   0.446875000000E+03  -0.293832885670E-09   0.000000000000E+00   0.253125000000E+03  -0.462029968405E-09   0.000000000000E+00
   52.   0.443750000000E+03  -0.148410542848E-09   0.000000000000E+00   0.256250000000E+03  -0.230520161988E-09   0.000000000000E+00
   53.   0.440625000000E+03  -0.300317050000E-09   0.000000000000E+00   0.259375000000E+03  -0.460089440639E-09   0.000000000000E+00
   54.   0.437500000000E+03  -0.151623046243E-09   0.000000000000E+00   0.262500000000E+03  -0.229416539623E-09   0.000000000000E+00
   55.   0.434375000000E+03  -0.306701288865E-09   0.000000000000E+00   0.265625000000E+03  -0.457613762807E-09   0.000000000000E+00
   56.   0.431250000000E+03  -0.154785365238E-09   0.000000000000E+00   0.268750000000E+03  -0.228049571423E-09   0.000000000000E+00
   57.   0.428125000000E+03  -0.312978916633E-09   0.000000000000E+00   0.271875000000E+03  -0.454615365600E-09   0.000000000000E+00
   58.   0.425000000000E+03  -0.157890899303E-09   0.000000000000E+00   0.275000000000E+03  -0.226423200040E-09   0.000000000000E+00
   59.   0.421875000000E+03  -0.319119581808E-09   0.000000000000E+00   0.278125000000E+03  -0.451088435041E-09   0.000000000000E+00
   60.   0.418750000000E+03  -0.160915393971E-09   0.000000000000E+00   0.281250000000E+03  -0.224527259284E-09   0.000000000000E+00
   61.   0.415625000000E+03  -0.325031996446E-09   0.000000000000E+00   0.284375000000E+03  -0.446976219147E-09   0.000000000000E+00
   62.   0.412500000000E+03  -0.163793172230E-09   0.000000000000E+00   0.287500000000E+03  -0.222316260971E-09   0.000000000000E+00
   63.   0.409375000000E+03  -0.330473688612E-09   0.000000000000E+00   0.290625000000E+03  -0.442090186299E-09   0.000000000000E+00
   64.   0.406250000000E+03  -0.166342478321E-09   0.000000000000E+00   0.293750000000E+03  -0.219643009489E-09   0.000000000000E+00
   65.   0.403125000000E+03  -0.334805155545E-09   0.000000000000E+00   0.296875000000E+03  -0.435886576799E-09   0.000000000000E+00
   66.   0.400000000000E+03  -0.168126543603E-09   0.000000000000E+00   0.300000000000E+03  -0.216128855878E-09   0.000000000000E+00
   67.   0.396875000000E+03  -0.336419201432E-09   0.000000000000E+00   0.303125000000E+03  -0.426936075432E-09   0.000000000000E+00
   68.   0.393750000000E+03  -0.167943171423E-09   0.000000000000E+00   0.306250000000E+03  -0.210696472809E-09   0.000000000000E+00
   69.   0.390625000000E+03  -0.331199118114E-09   0.000000000000E+00   0.309375000000E+03  -0.411467691670E-09   0.000000000000E+00
   70.   0.387500000000E+03  -0.163314499831E-09   0.000000000000E+00   0.312500000000E+03  -0.201043295790E-09   0.000000000000E+00
   71.   0.384375000000E+03  -0.308933108520E-09   0.000000000000E+00   0.315625000000E+03  -0.379922164156E-09   0.000000000000E+00
   72.   0.381250000000E+03  -0.145800617678E-09   0.000000000000E+00   0.318750000000E+03  -0.179284948970E-09   0.000000000000E+00
   73.   0.378125000000E+03  -0.240392484714E-09   0.000000000000E+00   0.321875000000E+03  -0.304457544776E-09   0.000000000000E+00
   74.   0.375000000000E+03  -0.979221057841E-10   0.000000000000E+00   0.325000000000E+03  -0.128508569204E-09   0.000000000000E+00
   75.   0.371875000000E+03  -0.650134984946E-10   0.000000000000E+00   0.328125000000E+03  -0.125914133142E-09   0.000000000000E+00
   76.   0.368750000000E+03   0.192919739825E-10   0.000000000000E+00   0.331250000000E+03  -0.105761909638E-10   0.000000000000E+00
   77.   0.365625000000E+03   0.360760277078E-09   0.000000000000E+00   0.334375000000E+03   0.298781573453E-09   0.000000000000E+00
   78.   0.362500000000E+03   0.214740656984E-09   0.000000000000E+00   0.337500000000E+03   0.187630581766E-09   0.000000000000E+00
   79.   0.359375000000E+03   0.180740870727E-08   0.000000000000E+00   0.340625000000E+03   0.173134463740E-08   0.000000000000E+00
   80.   0.356250000000E+03   0.113350666027E-08   0.000000000000E+00   0.343750000000E+03   0.109842361667E-08   0.000000000000E+00
   81.   0.353125000000E+03   0.780450626058E-08   0.000000000000E+00   0.346875000000E+03   0.773745155273E-08   0.000000000000E+00
   82.   0.350000000000E+03   0.134383946786E-07   0.000000000000E+00   0.350000000000E+03   0.134383946808E-07   0.000000000000E+00
   83.   0.346875000000E+03   0.773745155126E-08   0.000000000000E+00   0.353125000000E+03   0.780450626195E-08   0.000000000000E+00
   84.   0.343750000000E+03   0.109842361487E-08   0.000000000000E+00   0.356250000000E+03   0.113350665981E-08   0.000000000000E+00
   85.   0.340625000000E+03   0.173134463928E-08   0.000000000000E+00   0.359375000000E+03   0.180740870775E-08   0.000000000000E+00
   86.   0.337500000000E+03   0.187630584641E-09   0.000000000000E+00   0.362500000000E+03   0.214740658001E-09   0.000000000000E+00
   87.   0.334375000000E+03   0.298781577089E-09   0.000000000000E+00   0.365625000000E+03   0.360760273023E-09   0.000000000000E+00
   88.   0.331250000000E+03  -0.105761868328E-10   0.000000000000E+00   0.368750000000E+03   0.192919688714E-10   0.000000000000E+00
   89.   0.328125000000E+03  -0.125914130315E-09   0.000000000000E+00   0.371875000000E+03  -0.650135034041E-10   0.000000000000E+00
   90.   0.325000000000E+03  -0.128508567969E-09   0.000000000000E+00   0.375000000000E+03  -0.979221088568E-10   0.000000000000E+00
   91.   0.321875000000E+03  -0.304457546494E-09   0.000000000000E+00   0.378125000000E+03  -0.240392488270E-09   0.000000000000E+00
   92.   0.318750000000E+03  -0.179284951408E-09   0.000000000000E+00   0.381250000000E+03  -0.145800617449E-09   0.000000000000E+00
   93.   0.315625000000E+03  -0.379922165333E-09   0.000000000000E+00   0.384375000000E+03  -0.308933110806E-09   0.000000000000E+00
   94.   0.312500000000E+03  -0.201043294335E-09   0.000000000000E+00   0.387500000000E+03  -0.163314500993E-09   0.000000000000E+00
   95.   0.309375000000E+03  -0.411467692575E-09   0.000000000000E+00   0.390625000000E+03  -0.331199118365E-09   0.000000000000E+00
   96.   0.306250000000E+03  -0.210696479168E-09   0.000000000000E+00   0.393750000000E+03  -0.167943171690E-09   0.000000000000E+00
   97.   0.303125000000E+03  -0.426936077535E-09   0.000000000000E+00   0.396875000000E+03  -0.336419199901E-09   0.000000000000E+00
   98.   0.300000000000E+03  -0.216128857473E-09   0.000000000000E+00   0.400000000000E+03  -0.168126543389E-09   0.000000000000E+00
   99.   0.296875000000E+03  -0.435886577597E-09   0.000000000000E+00   0.403125000000E+03  -0.334805154138E-09   0.000000000000E+00
  100.   0.293750000000E+03  -0.219643006888E-09   0.000000000000E+00   0.406250000000E+03  -0.166342477140E-09   0.000000000000E+00
  101.   0.290625000000E+03  -0.442090186682E-09   0.000000000000E+00   0.409375000000E+03  -0.330473689073E-09   0.000000000000E+00
  102.   0.287500000000E+03  -0.222316259384E-09   0.000000000000E+00   0.412500000000E+03  -0.163793176153E-09   0.000000000000E+00
  103.   0.284375000000E+03  -0.446976219428E-09   0.000000000000E+00   0.415625000000E+03  -0.325031997367E-09   0.000000000000E+00
  104.   0.281250000000E+03  -0.224527259663E-09   0.000000000000E+00   0.418750000000E+03  -0.160915396877E-09   0.000000000000E+00
  105.   0.278125000000E+03  -0.451088433360E-09   0.000000000000E+00   0.421875000000E+03  -0.319119581150E-09   0.000000000000E+00
  106.   0.275000000000E+03  -0.226423195537E-09   0.000000000000E+00   0.425000000000E+03  -0.157890898720E-09   0.000000000000E+00
  107.   0.271875000000E+03  -0.454615363053E-09   0.000000000000E+00   0.428125000000E+03  -0.312978917143E-09   0.000000000000E+00
  108.   0.268750000000E+03  -0.228049570794E-09   0.000000000000E+00   0.431250000000E+03  -0.154785368620E-09   0.000000000000E+00
  109.   0.265625000000E+03  -0.457613761597E-09   0.000000000000E+00   0.434375000000E+03  -0.306701290719E-09   0.000000000000E+00
  110.   0.262500000000E+03  -0.229416536545E-09   0.000000000000E+00   0.437500000000E+03  -0.151623047016E-09   0.000000000000E+00
  111.   0.259375000000E+03  -0.460089438003E-09   0.000000000000E+00   0.440625000000E+03  -0.300317051359E-09   0.000000000000E+00
  112.   0.256250000000E+03  -0.230520158979E-09   0.000000000000E+00   0.443750000000E+03  -0.148410545045E-09   0.000000000000E+00
  113.   0.253125000000E+03  -0.462029967302E-09   0.000000000000E+00   0.446875000000E+03  -0.293832886771E-09   0.000000000000E+00
  114.   0.250000000000E+03  -0.231351960151E-09   0.000000000000E+00   0.450000000000E+03  -0.145147931467E-09   0.000000000000E+00
  115.   0.246875000000E+03  -0.463417084285E-09   0.000000000000E+00   0.453125000000E+03  -0.287246226632E-09   0.000000000000E+00
  116.   0.243750000000E+03  -0.231902266662E-09   0.000000000000E+00   0.456250000000E+03  -0.141832698421E-09   0.000000000000E+00
  117.   0.240625000000E+03  -0.464231596054E-09   0.000000000000E+00   0.459375000000E+03  -0.280551075398E-09   0.000000000000E+00
  118.   0.237500000000E+03  -0.232161620611E-09   0.000000000000E+00   0.462500000000E+03  -0.138461426704E-09   0.000000000000E+00
  119.   0.234375000000E+03  -0.464455230373E-09   0.000000000000E+00   0.465625000000E+03  -0.273740279995E-09   0.000000000000E+00
  120.   0.231250000000E+03  -0.232121250462E-09   0.000000000000E+00   0.468750000000E+03  -0.135030438718E-09   0.000000000000E+00
  121.   0.228125000000E+03  -0.464071336471E-09   0.000000000000E+00   0.471875000000E+03  -0.266806445974E-09   0.000000000000E+00
  122.   0.225000000000E+03  -0.231773297309E-09   0.000000000000E+00   0.475000000000E+03  -0.131536050910E-09   0.000000000000E+00
  123.   0.221875000000E+03  -0.463065151306E-09   0.000000000000E+00   0.478125000000E+03  -0.259742306167E-09   0.000000000000E+00
  124.   0.218750000000E+03  -0.231110874196E-09   0.000000000000E+00   0.481250000000E+03  -0.127974698815E-09   0.000000000000E+00
  125.   0.215625000000E+03  -0.461423863385E-09   0.000000000000E+00   0.484375000000E+03  -0.252540864312E-09   0.000000000000E+00
  126.   0.212500000000E+03  -0.230128068215E-09   0.000000000000E+00   0.487500000000E+03  -0.124342968269E-09   0.000000000000E+00
  127.   0.209375000000E+03  -0.459136611233E-09   0.000000000000E+00   0.490625000000E+03  -0.245195456405E-09   0.000000000000E+00
  128.   0.206250000000E+03  -0.228819936091E-09   0.000000000000E+00   0.493750000000E+03  -0.120637619598E-09   0.000000000000E+00
  129.   0.203125000000E+03  -0.456194446611E-09   0.000000000000E+00   0.496875000000E+03  -0.237699781693E-09   0.000000000000E+00
  130.   0.200000000000E+03  -0.227182469407E-09   0.000000000000E+00   0.500000000000E+03  -0.116855600661E-09   0.000000000000E+00
  131.   0.196875000000E+03  -0.452590298726E-09   0.000000000000E+00   0.503125000000E+03  -0.230047911344E-09   0.000000000000E+00
  132.   0.193750000000E+03  -0.225212607162E-09   0.000000000000E+00   0.506250000000E+03  -0.112994044541E-09   0.000000000000E+00
  133.   0.190625000000E+03  -0.448318920900E-09   0.000000000000E+00   0.509375000000E+03  -0.222234293957E-09   0.000000000000E+00
  134.   0.187500000000E+03  -0.222908161737E-09   0.000000000000E+00   0.512500000000E+03  -0.109050277873E-09   0.000000000000E+00
  135.   0.184375000000E+03  -0.443376809135E-09   0.000000000000E+00   0.515625000000E+03  -0.214253760417E-09   0.000000000000E+00
  136.   0.181250000000E+03  -0.220267810839E-09   0.000000000000E+00   0.518750000000E+03  -0.105021807954E-09   0.000000000000E+00
  137.   0.178125000000E+03  -0.437762140696E-09   0.000000000000E+00   0.521875000000E+03  -0.206101534793E-09   0.000000000000E+00
  138.   0.175000000000E+03  -0.217291050811E-09   0.000000000000E+00   0.525000000000E+03  -0.100906356646E-09   0.000000000000E+00
  139.   0.171875000000E+03  -0.431474674708E-09   0.000000000000E+00   0.528125000000E+03  -0.197773260222E-09   0.000000000000E+00
  140.   0.168750000000E+03  -0.213978132794E-09   0.000000000000E+00   0.531250000000E+03  -0.967018548000E-10   0.000000000000E+00
  141.   0.165625000000E+03  -0.424515638605E-09   0.000000000000E+00   0.534375000000E+03  -0.189265060099E-09   0.000000000000E+00
  142.   0.162500000000E+03  -0.210330025579E-09   0.000000000000E+00   0.537500000000E+03  -0.924064927932E-10   0.000000000000E+00
  143.   0.159375000000E+03  -0.416887521695E-09   0.000000000000E+00   0.540625000000E+03  -0.180573706024E-09   0.000000000000E+00
  144.   0.156250000000E+03  -0.206348239766E-09   0.000000000000E+00   0.543750000000E+03  -0.880188518156E-10   0.000000000000E+00
  145.   0.153125000000E+03  -0.408593742419E-09   0.000000000000E+00   0.546875000000E+03  -0.171697051125E-09   0.000000000000E+00
  146.   0.150000000000E+03  -0.202034677961E-09   0.000000000000E+00   0.550000000000E+03  -0.835381872664E-10   0.000000000000E+00
  147.   0.146875000000E+03  -0.399637915101E-09   0.000000000000E+00   0.553125000000E+03  -0.162635154638E-09   0.000000000000E+00
  148.   0.143750000000E+03  -0.197391067863E-09   0.000000000000E+00   0.556250000000E+03  -0.789652519764E-10   0.000000000000E+00
  149.   0.140625000000E+03  -0.390022246375E-09   0.000000000000E+00   0.559375000000E+03  -0.153393180452E-09   0.000000000000E+00
  150.   0.137500000000E+03  -0.192417926945E-09   0.000000000000E+00   0.562500000000E+03  -0.743043199607E-10   0.000000000000E+00
  151.   0.134375000000E+03  -0.379743706864E-09   0.000000000000E+00   0.565625000000E+03  -0.143988848480E-09   0.000000000000E+00
  152.   0.131250000000E+03  -0.187111924940E-09   0.000000000000E+00   0.568750000000E+03  -0.695685228846E-10   0.000000000000E+00
  153.   0.128125000000E+03  -0.368784505291E-09   0.000000000000E+00   0.571875000000E+03  -0.134471312372E-09   0.000000000000E+00
  154.   0.125000000000E+03  -0.181458672470E-09   0.000000000000E+00   0.575000000000E+03  -0.647927653856E-10   0.000000000000E+00
  155.   0.121875000000E+03  -0.357085978546E-09   0.000000000000E+00   0.578125000000E+03  -0.124969347079E-09   0.000000000000E+00
  156.   0.118750000000E+03  -0.175413328285E-09   0.000000000000E+00   0.581250000000E+03  -0.600677081118E-10   0.000000000000E+00
  157.   0.115625000000E+03  -0.344513460000E-09   0.000000000000E+00   0.584375000000E+03  -0.115822615349E-09   0.000000000000E+00
  158.   0.112500000000E+03  -0.168900037700E-09   0.000000000000E+00   0.587500000000E+03  -0.556338033542E-10   0.000000000000E+00
  159.   0.109375000000E+03  -0.330722846621E-09   0.000000000000E+00   0.590625000000E+03  -0.107933927499E-09   0.000000000000E+00
  160.   0.106250000000E+03  -0.161688276954E-09   0.000000000000E+00   0.593750000000E+03  -0.520955561220E-10   0.000000000000E+00
  161.   0.103125000000E+03  -0.314421446857E-09   0.000000000000E+00   0.596875000000E+03  -0.103687037318E-09   0.000000000000E+00
