mode   UX_top        UY_top        UX_bot        UY_bot      (bending: UY_top~UY_bot, UX_top~-UX_bot)
  1.     0.2760E-10     0.1000E+01    -0.2760E-10     0.1000E+01
  2.     0.3362E-01    -0.6605E+00    -0.3362E-01    -0.6605E+00
  3.    -0.4783E-01     0.4464E+00     0.4783E-01     0.4464E+00
  4.     0.6951E-01    -0.4162E+00    -0.6951E-01    -0.4162E+00
  5.    -0.9297E-01     0.4085E+00     0.9297E-01     0.4085E+00
  6.     0.9812E+00    -0.7396E-02     0.9812E+00     0.7396E-02
  7.     0.1173E+00    -0.4061E+00    -0.1173E+00    -0.4061E+00
  8.    -0.1420E+00     0.4052E+00     0.1420E+00     0.4052E+00
  9.    -0.4326E+00     0.3269E-02    -0.4326E+00    -0.3269E-02
 10.     0.1668E+00    -0.4049E+00    -0.1668E+00    -0.4049E+00
 11.    -0.1918E+00     0.4049E+00     0.1918E+00     0.4049E+00
 12.     0.3927E+00    -0.2980E-02     0.3927E+00     0.2980E-02
 13.     0.2169E+00    -0.4051E+00    -0.2169E+00    -0.4051E+00
 14.    -0.2422E+00     0.4055E+00     0.2422E+00     0.4055E+00
 15.    -0.3925E+00     0.2989E-02    -0.3925E+00    -0.2989E-02
 16.     0.2678E+00    -0.4060E+00    -0.2678E+00    -0.4060E+00
 17.     0.3922E+00    -0.2977E-02     0.3922E+00     0.2977E-02
 18.    -0.2937E+00     0.4067E+00     0.2937E+00     0.4067E+00
 19.     0.3197E+00    -0.4073E+00    -0.3197E+00    -0.4073E+00
 20.    -0.3895E+00     0.2901E-02    -0.3895E+00    -0.2901E-02
