mode f[Hz] tag=p5_ff_oc target=75.304Hz
  1.     0.00000000E+00
  2.     0.74933783E+02
  3.     0.34916061E+03
  4.     0.84332936E+03
  5.     0.15698987E+04
  6.     0.16995773E+04
  7.     0.25203965E+04
  8.     0.36824694E+04
  9.     0.43183627E+04
 10.     0.50417388E+04
 11.     0.65831365E+04
 12.     0.72314456E+04
 13.     0.82916244E+04
 14.     0.10152699E+05
 15.     0.10432064E+05
 16.     0.12152727E+05
 17.     0.13683096E+05
 18.     0.14279153E+05
 19.     0.16520599E+05
 20.     0.16965827E+05
