mode f[Hz] tag=zp4_sc_h15 target=127.38344Hz
  1.     0.80461652E-03
  2.     0.12704679E+03
  3.     0.59037014E+03
  4.     0.14117184E+04
  5.     0.23991613E+04
  6.     0.25919099E+04
  7.     0.40924572E+04
  8.     0.58690560E+04
  9.     0.61485567E+04
 10.     0.78777659E+04
 11.     0.10078713E+05
 12.     0.10366944E+05
 13.     0.12437361E+05
 14.     0.14924649E+05
 15.     0.14955105E+05
 16.     0.17516561E+05
 17.     0.19653929E+05
 18.     0.20193447E+05
 19.     0.22939311E+05
 20.     0.24379313E+05
