mode   UX_top        UY_top        UX_bot        UY_bot      (bending: UY_top~UY_bot, UX_top~-UX_bot)
  1.     0.2676E-11     0.1000E+01    -0.2711E-11     0.1000E+01
  2.     0.3337E-01    -0.6577E+00    -0.3337E-01    -0.6577E+00
  3.    -0.4746E-01     0.4453E+00     0.4746E-01     0.4453E+00
  4.     0.6878E-01    -0.4156E+00    -0.6878E-01    -0.4156E+00
  5.    -0.9144E-01     0.4080E+00     0.9144E-01     0.4080E+00
  6.     0.9800E+00    -0.5078E-02     0.9800E+00     0.5078E-02
  7.     0.1145E+00    -0.4058E+00    -0.1145E+00    -0.4058E+00
  8.    -0.1373E+00     0.4051E+00     0.1373E+00     0.4051E+00
  9.    -0.4298E+00     0.2568E-02    -0.4298E+00    -0.2568E-02
 10.     0.1598E+00    -0.4051E+00    -0.1598E+00    -0.4051E+00
 11.    -0.1819E+00     0.4054E+00     0.1819E+00     0.4054E+00
 12.     0.3938E+00    -0.3037E-02     0.3938E+00     0.3037E-02
 13.     0.2035E+00    -0.4058E+00    -0.2035E+00    -0.4058E+00
 14.    -0.2247E+00     0.4060E+00     0.2247E+00     0.4060E+00
 15.    -0.3966E+00     0.4221E-02    -0.3966E+00    -0.4221E-02
 16.     0.2456E+00    -0.4063E+00    -0.2456E+00    -0.4063E+00
 17.    -0.2663E+00     0.4064E+00     0.2663E+00     0.4064E+00
 18.     0.3998E+00    -0.5923E-02     0.3998E+00     0.5923E-02
 19.     0.2870E+00    -0.4064E+00    -0.2870E+00    -0.4064E+00
 20.    -0.3079E+00     0.4063E+00     0.3079E+00     0.4063E+00
