i  r_top  QtopRe  QtopIm  r_bot  QbotRe  QbotIm   [mm, mC]
    1.   0.600000000000E+03  -0.200582884781E-09   0.000000000000E+00   0.100000000000E+03  -0.593121444948E-09   0.000000000000E+00
    2.   0.100000000000E+03  -0.593121443791E-09   0.000000000000E+00   0.600000000000E+03  -0.200582884791E-09   0.000000000000E+00
    3.   0.593750000000E+03  -0.847819872905E-09   0.000000000000E+00   0.106250000000E+03  -0.255428090509E-08   0.000000000000E+00
    4.   0.587500000000E+03  -0.445346437312E-09   0.000000000000E+00   0.112500000000E+03  -0.134134033603E-08   0.000000000000E+00
    5.   0.581250000000E+03  -0.960710191618E-09   0.000000000000E+00   0.118750000000E+03  -0.276687534309E-08   0.000000000000E+00
    6.   0.575000000000E+03  -0.515410548744E-09   0.000000000000E+00   0.125000000000E+03  -0.143374435415E-08   0.000000000000E+00
    7.   0.568750000000E+03  -0.110793774251E-08   0.000000000000E+00   0.131250000000E+03  -0.295776504518E-08   0.000000000000E+00
    8.   0.562500000000E+03  -0.589357880185E-09   0.000000000000E+00   0.137500000000E+03  -0.151893109033E-08   0.000000000000E+00
    9.   0.556250000000E+03  -0.125482248461E-08   0.000000000000E+00   0.143750000000E+03  -0.312036809191E-08   0.000000000000E+00
   10.   0.550000000000E+03  -0.661659180743E-09   0.000000000000E+00   0.150000000000E+03  -0.159545039444E-08   0.000000000000E+00
   11.   0.543750000000E+03  -0.139711744170E-08   0.000000000000E+00   0.156250000000E+03  -0.326185481960E-08   0.000000000000E+00
   12.   0.537500000000E+03  -0.730936040380E-09   0.000000000000E+00   0.162500000000E+03  -0.166094221628E-08   0.000000000000E+00
   13.   0.531250000000E+03  -0.153386578795E-08   0.000000000000E+00   0.168750000000E+03  -0.338233769415E-08   0.000000000000E+00
   14.   0.525000000000E+03  -0.797155818989E-09   0.000000000000E+00   0.175000000000E+03  -0.171571149439E-08   0.000000000000E+00
   15.   0.518750000000E+03  -0.166514545149E-08   0.000000000000E+00   0.181250000000E+03  -0.348179014894E-08   0.000000000000E+00
   16.   0.512500000000E+03  -0.860296234533E-09   0.000000000000E+00   0.187500000000E+03  -0.175958525251E-08   0.000000000000E+00
   17.   0.506250000000E+03  -0.179128973503E-08   0.000000000000E+00   0.193750000000E+03  -0.356019089954E-08   0.000000000000E+00
   18.   0.500000000000E+03  -0.920326849354E-09   0.000000000000E+00   0.200000000000E+03  -0.179248577861E-08   0.000000000000E+00
   19.   0.493750000000E+03  -0.191281384905E-08   0.000000000000E+00   0.206250000000E+03  -0.361783108670E-08   0.000000000000E+00
   20.   0.487500000000E+03  -0.977119761755E-09   0.000000000000E+00   0.212500000000E+03  -0.181429337158E-08   0.000000000000E+00
   21.   0.481250000000E+03  -0.203044247642E-08   0.000000000000E+00   0.218750000000E+03  -0.365534182354E-08   0.000000000000E+00
   22.   0.475000000000E+03  -0.103038657718E-08   0.000000000000E+00   0.225000000000E+03  -0.182484010333E-08   0.000000000000E+00
   23.   0.468750000000E+03  -0.214517186744E-08   0.000000000000E+00   0.231250000000E+03  -0.367379703201E-08   0.000000000000E+00
   24.   0.462500000000E+03  -0.107947488954E-08   0.000000000000E+00   0.237500000000E+03  -0.182373612389E-08   0.000000000000E+00
   25.   0.456250000000E+03  -0.225855631462E-08   0.000000000000E+00   0.243750000000E+03  -0.367496737353E-08   0.000000000000E+00
   26.   0.450000000000E+03  -0.112325897133E-08   0.000000000000E+00   0.250000000000E+03  -0.181023541216E-08   0.000000000000E+00
   27.   0.443750000000E+03  -0.237244178441E-08   0.000000000000E+00   0.256250000000E+03  -0.366121752697E-08   0.000000000000E+00
   28.   0.437500000000E+03  -0.115887943412E-08   0.000000000000E+00   0.262500000000E+03  -0.178218607327E-08   0.000000000000E+00
   29.   0.431250000000E+03  -0.249045573598E-08   0.000000000000E+00   0.268750000000E+03  -0.363672565656E-08   0.000000000000E+00
   30.   0.425000000000E+03  -0.118244788795E-08   0.000000000000E+00   0.275000000000E+03  -0.173631270986E-08   0.000000000000E+00
   31.   0.418750000000E+03  -0.260932060036E-08   0.000000000000E+00   0.281250000000E+03  -0.360069756765E-08   0.000000000000E+00
   32.   0.412500000000E+03  -0.117631789672E-08   0.000000000000E+00   0.287500000000E+03  -0.165747495035E-08   0.000000000000E+00
   33.   0.406250000000E+03  -0.272103412126E-08   0.000000000000E+00   0.293750000000E+03  -0.354798663321E-08   0.000000000000E+00
   34.   0.400000000000E+03  -0.112330084258E-08   0.000000000000E+00   0.300000000000E+03  -0.152876949077E-08   0.000000000000E+00
   35.   0.393750000000E+03  -0.263368889023E-08   0.000000000000E+00   0.306250000000E+03  -0.331055649513E-08   0.000000000000E+00
   36.   0.387500000000E+03  -0.844378124619E-09   0.000000000000E+00   0.312500000000E+03  -0.118710474645E-08   0.000000000000E+00
   37.   0.381250000000E+03  -0.170102533875E-08   0.000000000000E+00   0.318750000000E+03  -0.227770314630E-08   0.000000000000E+00
   38.   0.375000000000E+03  -0.123129874872E-09   0.000000000000E+00   0.325000000000E+03  -0.415106386626E-09   0.000000000000E+00
   39.   0.368750000000E+03   0.462724250549E-08   0.000000000000E+00   0.331250000000E+03   0.395425089428E-08   0.000000000000E+00
   40.   0.362500000000E+03   0.481505857570E-08   0.000000000000E+00   0.337500000000E+03   0.441756206771E-08   0.000000000000E+00
   41.   0.356250000000E+03   0.314292257713E-07   0.000000000000E+00   0.343750000000E+03   0.308767913887E-07   0.000000000000E+00
   42.   0.350000000000E+03   0.575869536384E-07   0.000000000000E+00   0.350000000000E+03   0.575869536389E-07   0.000000000000E+00
   43.   0.343750000000E+03   0.308767913897E-07   0.000000000000E+00   0.356250000000E+03   0.314292257697E-07   0.000000000000E+00
   44.   0.337500000000E+03   0.441756207176E-08   0.000000000000E+00   0.362500000000E+03   0.481505857293E-08   0.000000000000E+00
   45.   0.331250000000E+03   0.395425089223E-08   0.000000000000E+00   0.368750000000E+03   0.462724250574E-08   0.000000000000E+00
   46.   0.325000000000E+03  -0.415106383737E-09   0.000000000000E+00   0.375000000000E+03  -0.123129875376E-09   0.000000000000E+00
   47.   0.318750000000E+03  -0.227770314838E-08   0.000000000000E+00   0.381250000000E+03  -0.170102533708E-08   0.000000000000E+00
   48.   0.312500000000E+03  -0.118710474835E-08   0.000000000000E+00   0.387500000000E+03  -0.844378123743E-09   0.000000000000E+00
   49.   0.306250000000E+03  -0.331055649769E-08   0.000000000000E+00   0.393750000000E+03  -0.263368888836E-08   0.000000000000E+00
   50.   0.300000000000E+03  -0.152876949142E-08   0.000000000000E+00   0.400000000000E+03  -0.112330083971E-08   0.000000000000E+00
   51.   0.293750000000E+03  -0.354798663327E-08   0.000000000000E+00   0.406250000000E+03  -0.272103412146E-08   0.000000000000E+00
   52.   0.287500000000E+03  -0.165747494489E-08   0.000000000000E+00   0.412500000000E+03  -0.117631789544E-08   0.000000000000E+00
   53.   0.281250000000E+03  -0.360069756669E-08   0.000000000000E+00   0.418750000000E+03  -0.260932060012E-08   0.000000000000E+00
   54.   0.275000000000E+03  -0.173631270676E-08   0.000000000000E+00   0.425000000000E+03  -0.118244788547E-08   0.000000000000E+00
   55.   0.268750000000E+03  -0.363672565622E-08   0.000000000000E+00   0.431250000000E+03  -0.249045573505E-08   0.000000000000E+00
   56.   0.262500000000E+03  -0.178218607271E-08   0.000000000000E+00   0.437500000000E+03  -0.115887943870E-08   0.000000000000E+00
   57.   0.256250000000E+03  -0.366121752725E-08   0.000000000000E+00   0.443750000000E+03  -0.237244178381E-08   0.000000000000E+00
   58.   0.250000000000E+03  -0.181023541333E-08   0.000000000000E+00   0.450000000000E+03  -0.112325897300E-08   0.000000000000E+00
   59.   0.243750000000E+03  -0.367496737351E-08   0.000000000000E+00   0.456250000000E+03  -0.225855631425E-08   0.000000000000E+00
   60.   0.237500000000E+03  -0.182373612137E-08   0.000000000000E+00   0.462500000000E+03  -0.107947489050E-08   0.000000000000E+00
   61.   0.231250000000E+03  -0.367379703345E-08   0.000000000000E+00   0.468750000000E+03  -0.214517186678E-08   0.000000000000E+00
   62.   0.225000000000E+03  -0.182484010716E-08   0.000000000000E+00   0.475000000000E+03  -0.103038657487E-08   0.000000000000E+00
   63.   0.218750000000E+03  -0.365534182548E-08   0.000000000000E+00   0.481250000000E+03  -0.203044247723E-08   0.000000000000E+00
   64.   0.212500000000E+03  -0.181429336836E-08   0.000000000000E+00   0.487500000000E+03  -0.977119759815E-09   0.000000000000E+00
   65.   0.206250000000E+03  -0.361783108773E-08   0.000000000000E+00   0.493750000000E+03  -0.191281384990E-08   0.000000000000E+00
   66.   0.200000000000E+03  -0.179248577554E-08   0.000000000000E+00   0.500000000000E+03  -0.920326848281E-09   0.000000000000E+00
   67.   0.193750000000E+03  -0.356019089805E-08   0.000000000000E+00   0.506250000000E+03  -0.179128973623E-08   0.000000000000E+00
   68.   0.187500000000E+03  -0.175958525036E-08   0.000000000000E+00   0.512500000000E+03  -0.860296235859E-09   0.000000000000E+00
   69.   0.181250000000E+03  -0.348179014728E-08   0.000000000000E+00   0.518750000000E+03  -0.166514545225E-08   0.000000000000E+00
   70.   0.175000000000E+03  -0.171571149655E-08   0.000000000000E+00   0.525000000000E+03  -0.797155818637E-09   0.000000000000E+00
   71.   0.168750000000E+03  -0.338233769316E-08   0.000000000000E+00   0.531250000000E+03  -0.153386578869E-08   0.000000000000E+00
   72.   0.162500000000E+03  -0.166094221477E-08   0.000000000000E+00   0.537500000000E+03  -0.730936039003E-09   0.000000000000E+00
   73.   0.156250000000E+03  -0.326185482010E-08   0.000000000000E+00   0.543750000000E+03  -0.139711744231E-08   0.000000000000E+00
   74.   0.150000000000E+03  -0.159545039694E-08   0.000000000000E+00   0.550000000000E+03  -0.661659180951E-09   0.000000000000E+00
   75.   0.143750000000E+03  -0.312036809411E-08   0.000000000000E+00   0.556250000000E+03  -0.125482248453E-08   0.000000000000E+00
   76.   0.137500000000E+03  -0.151893109050E-08   0.000000000000E+00   0.562500000000E+03  -0.589357879119E-09   0.000000000000E+00
   77.   0.131250000000E+03  -0.295776504641E-08   0.000000000000E+00   0.568750000000E+03  -0.110793774252E-08   0.000000000000E+00
   78.   0.125000000000E+03  -0.143374435032E-08   0.000000000000E+00   0.575000000000E+03  -0.515410551072E-09   0.000000000000E+00
   79.   0.118750000000E+03  -0.276687534465E-08   0.000000000000E+00   0.581250000000E+03  -0.960710191869E-09   0.000000000000E+00
   80.   0.112500000000E+03  -0.134134033141E-08   0.000000000000E+00   0.587500000000E+03  -0.445346437243E-09   0.000000000000E+00
   81.   0.106250000000E+03  -0.255428090534E-08   0.000000000000E+00   0.593750000000E+03  -0.847819872813E-09   0.000000000000E+00
