mode f[Hz] tag=epsrel_cf_lanb_scboth target=67.144Hz
  1.     0.67071407E+02
  2.     0.40894850E+03
  3.     0.11769218E+04
  4.     0.22878044E+04
  5.     0.29102064E+04
  6.     0.37108420E+04
  7.     0.54062483E+04
  8.     0.73353213E+04
  9.     0.79622597E+04
 10.     0.94621539E+04
 11.     0.11754853E+05
 12.     0.12957656E+05
 13.     0.14185920E+05
 14.     0.16732121E+05
 15.     0.17976885E+05
 16.     0.19374095E+05
 17.     0.22095848E+05
 18.     0.23001418E+05
 19.     0.24884243E+05
 20.     0.27728533E+05
