mode   UX_top        UY_top        UX_bot        UY_bot      (bending: UY_top~UY_bot, UX_top~-UX_bot)
  1.     0.1415E-03    -0.6467E-02    -0.1415E-03    -0.6467E-02
  2.    -0.5868E-04     0.6209E-03     0.5868E-04     0.6209E-03
  3.     0.3983E-04    -0.2561E-03    -0.3983E-04    -0.2561E-03
  4.    -0.2417E-04     0.1116E-03     0.2417E-04     0.1116E-03
  5.     0.1759E-03    -0.9197E-06     0.1759E-03     0.9197E-06
  6.     0.2026E-04    -0.7348E-04    -0.2026E-04    -0.7348E-04
  7.    -0.1523E-04     0.4571E-04     0.1523E-04     0.4571E-04
  8.     0.1365E-04    -0.3512E-04    -0.1365E-04    -0.3512E-04
  9.     0.4812E-04    -0.3113E-06     0.4812E-04     0.3113E-06
 10.    -0.1127E-04     0.2544E-04     0.1127E-04     0.2544E-04
 11.     0.1051E-04    -0.2119E-04    -0.1051E-04    -0.2119E-04
 12.    -0.2766E-04     0.2447E-06    -0.2766E-04    -0.2447E-06
 13.    -0.9148E-05     0.1671E-04     0.9148E-05     0.1671E-04
 14.     0.8766E-05    -0.1465E-04    -0.8766E-05    -0.1465E-04
 15.     0.1940E-04    -0.2411E-06     0.1940E-04     0.2411E-06
 16.    -0.7910E-05     0.1219E-04     0.7910E-05     0.1219E-04
 17.     0.7736E-05    -0.1106E-04    -0.7736E-05    -0.1106E-04
 18.     0.1494E-04    -0.2577E-06     0.1494E-04     0.2577E-06
 19.    -0.7160E-05     0.9543E-05     0.7160E-05     0.9543E-05
 20.     0.7116E-05    -0.8870E-05    -0.7116E-05    -0.8870E-05
