i  r_top  QtopRe  QtopIm  r_bot  QbotRe  QbotIm   [mm, mC]
    1.   0.600000000000E+03  -0.915048754025E-09   0.000000000000E+00   0.100000000000E+03  -0.706817257752E-09   0.000000000000E+00
    2.   0.100000000000E+03  -0.706817257682E-09   0.000000000000E+00   0.600000000000E+03  -0.915048754221E-09   0.000000000000E+00
    3.   0.593750000000E+03  -0.364996645960E-08   0.000000000000E+00   0.106250000000E+03  -0.303220041292E-08   0.000000000000E+00
    4.   0.587500000000E+03  -0.179423875043E-08   0.000000000000E+00   0.112500000000E+03  -0.158590267170E-08   0.000000000000E+00
    5.   0.581250000000E+03  -0.346256431223E-08   0.000000000000E+00   0.118750000000E+03  -0.324437979273E-08   0.000000000000E+00
    6.   0.575000000000E+03  -0.168374897551E-08   0.000000000000E+00   0.125000000000E+03  -0.166915021664E-08   0.000000000000E+00
    7.   0.568750000000E+03  -0.327220972735E-08   0.000000000000E+00   0.131250000000E+03  -0.341215669583E-08   0.000000000000E+00
    8.   0.562500000000E+03  -0.158134608388E-08   0.000000000000E+00   0.137500000000E+03  -0.173749032868E-08   0.000000000000E+00
    9.   0.556250000000E+03  -0.307440460202E-08   0.000000000000E+00   0.143750000000E+03  -0.353430148444E-08   0.000000000000E+00
   10.   0.550000000000E+03  -0.148406150794E-08   0.000000000000E+00   0.150000000000E+03  -0.179027921648E-08   0.000000000000E+00
   11.   0.543750000000E+03  -0.288219308940E-08   0.000000000000E+00   0.156250000000E+03  -0.362101030839E-08   0.000000000000E+00
   12.   0.537500000000E+03  -0.138948589132E-08   0.000000000000E+00   0.162500000000E+03  -0.182500513914E-08   0.000000000000E+00
   13.   0.531250000000E+03  -0.269741269746E-08   0.000000000000E+00   0.168750000000E+03  -0.367306460478E-08   0.000000000000E+00
   14.   0.525000000000E+03  -0.129879345808E-08   0.000000000000E+00   0.175000000000E+03  -0.184232529456E-08   0.000000000000E+00
   15.   0.518750000000E+03  -0.252171477429E-08   0.000000000000E+00   0.181250000000E+03  -0.369108696367E-08   0.000000000000E+00
   16.   0.512500000000E+03  -0.121253964410E-08   0.000000000000E+00   0.187500000000E+03  -0.184241849661E-08   0.000000000000E+00
   17.   0.506250000000E+03  -0.235664164939E-08   0.000000000000E+00   0.193750000000E+03  -0.367590855426E-08   0.000000000000E+00
   18.   0.500000000000E+03  -0.113135663155E-08   0.000000000000E+00   0.200000000000E+03  -0.182571932503E-08   0.000000000000E+00
   19.   0.493750000000E+03  -0.220400273002E-08   0.000000000000E+00   0.206250000000E+03  -0.362898849825E-08   0.000000000000E+00
   20.   0.487500000000E+03  -0.105577019877E-08   0.000000000000E+00   0.212500000000E+03  -0.179277097629E-08   0.000000000000E+00
   21.   0.481250000000E+03  -0.206585129629E-08   0.000000000000E+00   0.218750000000E+03  -0.355244998139E-08   0.000000000000E+00
   22.   0.475000000000E+03  -0.986170922456E-09   0.000000000000E+00   0.225000000000E+03  -0.174423508217E-08   0.000000000000E+00
   23.   0.468750000000E+03  -0.194454439395E-08   0.000000000000E+00   0.231250000000E+03  -0.344919467077E-08   0.000000000000E+00
   24.   0.462500000000E+03  -0.922590479997E-09   0.000000000000E+00   0.237500000000E+03  -0.168071857407E-08   0.000000000000E+00
   25.   0.456250000000E+03  -0.184299964380E-08   0.000000000000E+00   0.243750000000E+03  -0.332315744232E-08   0.000000000000E+00
   26.   0.450000000000E+03  -0.864582432792E-09   0.000000000000E+00   0.250000000000E+03  -0.160263993504E-08   0.000000000000E+00
   27.   0.443750000000E+03  -0.176440558177E-08   0.000000000000E+00   0.256250000000E+03  -0.317920139528E-08   0.000000000000E+00
   28.   0.437500000000E+03  -0.809949608464E-09   0.000000000000E+00   0.262500000000E+03  -0.150917723241E-08   0.000000000000E+00
   29.   0.431250000000E+03  -0.171368810391E-08   0.000000000000E+00   0.268750000000E+03  -0.302433107396E-08   0.000000000000E+00
   30.   0.425000000000E+03  -0.755438031543E-09   0.000000000000E+00   0.275000000000E+03  -0.139854669940E-08   0.000000000000E+00
   31.   0.418750000000E+03  -0.168880291726E-08   0.000000000000E+00   0.281250000000E+03  -0.286089747396E-08   0.000000000000E+00
   32.   0.412500000000E+03  -0.683997918855E-09   0.000000000000E+00   0.287500000000E+03  -0.125725604338E-08   0.000000000000E+00
   33.   0.406250000000E+03  -0.168289682497E-08   0.000000000000E+00   0.293750000000E+03  -0.268720642424E-08   0.000000000000E+00
   34.   0.400000000000E+03  -0.578990537442E-09   0.000000000000E+00   0.300000000000E+03  -0.107020017062E-08   0.000000000000E+00
   35.   0.393750000000E+03  -0.150511113322E-08   0.000000000000E+00   0.306250000000E+03  -0.233896875740E-08   0.000000000000E+00
   36.   0.387500000000E+03  -0.261893390549E-09   0.000000000000E+00   0.312500000000E+03  -0.676229662945E-09   0.000000000000E+00
   37.   0.381250000000E+03  -0.510123679056E-09   0.000000000000E+00   0.318750000000E+03  -0.120951174839E-08   0.000000000000E+00
   38.   0.375000000000E+03   0.483275492749E-09   0.000000000000E+00   0.325000000000E+03   0.139948648675E-09   0.000000000000E+00
   39.   0.368750000000E+03   0.585152188561E-08   0.000000000000E+00   0.331250000000E+03   0.510052497610E-08   0.000000000000E+00
   40.   0.362500000000E+03   0.543074048330E-08   0.000000000000E+00   0.337500000000E+03   0.500644195485E-08   0.000000000000E+00
   41.   0.356250000000E+03   0.326571721617E-07   0.000000000000E+00   0.343750000000E+03   0.320779818413E-07   0.000000000000E+00
   42.   0.350000000000E+03   0.581968279958E-07   0.000000000000E+00   0.350000000000E+03   0.581968279964E-07   0.000000000000E+00
   43.   0.343750000000E+03   0.320779818406E-07   0.000000000000E+00   0.356250000000E+03   0.326571721623E-07   0.000000000000E+00
   44.   0.337500000000E+03   0.500644195389E-08   0.000000000000E+00   0.362500000000E+03   0.543074048277E-08   0.000000000000E+00
   45.   0.331250000000E+03   0.510052497582E-08   0.000000000000E+00   0.368750000000E+03   0.585152188602E-08   0.000000000000E+00
   46.   0.325000000000E+03   0.139948648387E-09   0.000000000000E+00   0.375000000000E+03   0.483275492731E-09   0.000000000000E+00
   47.   0.318750000000E+03  -0.120951174806E-08   0.000000000000E+00   0.381250000000E+03  -0.510123678799E-09   0.000000000000E+00
   48.   0.312500000000E+03  -0.676229663732E-09   0.000000000000E+00   0.387500000000E+03  -0.261893390400E-09   0.000000000000E+00
   49.   0.306250000000E+03  -0.233896875708E-08   0.000000000000E+00   0.393750000000E+03  -0.150511113336E-08   0.000000000000E+00
   50.   0.300000000000E+03  -0.107020017150E-08   0.000000000000E+00   0.400000000000E+03  -0.578990536969E-09   0.000000000000E+00
   51.   0.293750000000E+03  -0.268720642408E-08   0.000000000000E+00   0.406250000000E+03  -0.168289682519E-08   0.000000000000E+00
   52.   0.287500000000E+03  -0.125725604188E-08   0.000000000000E+00   0.412500000000E+03  -0.683997918118E-09   0.000000000000E+00
   53.   0.281250000000E+03  -0.286089747402E-08   0.000000000000E+00   0.418750000000E+03  -0.168880291710E-08   0.000000000000E+00
   54.   0.275000000000E+03  -0.139854669903E-08   0.000000000000E+00   0.425000000000E+03  -0.755438031084E-09   0.000000000000E+00
   55.   0.268750000000E+03  -0.302433107341E-08   0.000000000000E+00   0.431250000000E+03  -0.171368810329E-08   0.000000000000E+00
   56.   0.262500000000E+03  -0.150917723247E-08   0.000000000000E+00   0.437500000000E+03  -0.809949607316E-09   0.000000000000E+00
   57.   0.256250000000E+03  -0.317920139501E-08   0.000000000000E+00   0.443750000000E+03  -0.176440558137E-08   0.000000000000E+00
   58.   0.250000000000E+03  -0.160263993596E-08   0.000000000000E+00   0.450000000000E+03  -0.864582432513E-09   0.000000000000E+00
   59.   0.243750000000E+03  -0.332315744224E-08   0.000000000000E+00   0.456250000000E+03  -0.184299964360E-08   0.000000000000E+00
   60.   0.237500000000E+03  -0.168071857333E-08   0.000000000000E+00   0.462500000000E+03  -0.922590480010E-09   0.000000000000E+00
   61.   0.231250000000E+03  -0.344919467106E-08   0.000000000000E+00   0.468750000000E+03  -0.194454439431E-08   0.000000000000E+00
   62.   0.225000000000E+03  -0.174423508094E-08   0.000000000000E+00   0.475000000000E+03  -0.986170922449E-09   0.000000000000E+00
   63.   0.218750000000E+03  -0.355244998164E-08   0.000000000000E+00   0.481250000000E+03  -0.206585129708E-08   0.000000000000E+00
   64.   0.212500000000E+03  -0.179277097508E-08   0.000000000000E+00   0.487500000000E+03  -0.105577019742E-08   0.000000000000E+00
   65.   0.206250000000E+03  -0.362898849882E-08   0.000000000000E+00   0.493750000000E+03  -0.220400273068E-08   0.000000000000E+00
   66.   0.200000000000E+03  -0.182571932668E-08   0.000000000000E+00   0.500000000000E+03  -0.113135663142E-08   0.000000000000E+00
   67.   0.193750000000E+03  -0.367590855457E-08   0.000000000000E+00   0.506250000000E+03  -0.235664165014E-08   0.000000000000E+00
   68.   0.187500000000E+03  -0.184241849688E-08   0.000000000000E+00   0.512500000000E+03  -0.121253964412E-08   0.000000000000E+00
   69.   0.181250000000E+03  -0.369108696365E-08   0.000000000000E+00   0.518750000000E+03  -0.252171477454E-08   0.000000000000E+00
   70.   0.175000000000E+03  -0.184232529370E-08   0.000000000000E+00   0.525000000000E+03  -0.129879345767E-08   0.000000000000E+00
   71.   0.168750000000E+03  -0.367306460445E-08   0.000000000000E+00   0.531250000000E+03  -0.269741269760E-08   0.000000000000E+00
   72.   0.162500000000E+03  -0.182500514048E-08   0.000000000000E+00   0.537500000000E+03  -0.138948588938E-08   0.000000000000E+00
   73.   0.156250000000E+03  -0.362101030834E-08   0.000000000000E+00   0.543750000000E+03  -0.288219308980E-08   0.000000000000E+00
   74.   0.150000000000E+03  -0.179027921742E-08   0.000000000000E+00   0.550000000000E+03  -0.148406150678E-08   0.000000000000E+00
   75.   0.143750000000E+03  -0.353430148427E-08   0.000000000000E+00   0.556250000000E+03  -0.307440460317E-08   0.000000000000E+00
   76.   0.137500000000E+03  -0.173749032798E-08   0.000000000000E+00   0.562500000000E+03  -0.158134608695E-08   0.000000000000E+00
   77.   0.131250000000E+03  -0.341215669526E-08   0.000000000000E+00   0.568750000000E+03  -0.327220972875E-08   0.000000000000E+00
   78.   0.125000000000E+03  -0.166915021929E-08   0.000000000000E+00   0.575000000000E+03  -0.168374897484E-08   0.000000000000E+00
   79.   0.118750000000E+03  -0.324437979301E-08   0.000000000000E+00   0.581250000000E+03  -0.346256431229E-08   0.000000000000E+00
   80.   0.112500000000E+03  -0.158590267077E-08   0.000000000000E+00   0.587500000000E+03  -0.179423875107E-08   0.000000000000E+00
   81.   0.106250000000E+03  -0.303220041341E-08   0.000000000000E+00   0.593750000000E+03  -0.364996645981E-08   0.000000000000E+00
