mode   UX_top        UY_top        UX_bot        UY_bot      (bending: UY_top~UY_bot, UX_top~-UX_bot)
  1.    -0.6776E-10     0.1000E+01     0.6792E-10     0.1000E+01
  2.     0.3026E-02    -0.5962E-01    -0.3026E-02    -0.5962E-01
  3.    -0.1632E-02     0.1531E-01     0.1632E-02     0.1531E-01
  4.    -0.1075E-02     0.6496E-02     0.1075E-02     0.6496E-02
  5.     0.7165E-01    -0.3765E-03     0.7165E-01     0.3765E-03
  6.     0.6664E-03    -0.2973E-02    -0.6664E-03    -0.2973E-02
  7.    -0.4613E-03     0.1634E-02     0.4613E-03     0.1634E-02
  8.     0.3354E-03    -0.9887E-03    -0.3354E-03    -0.9887E-03
  9.    -0.3085E-01     0.1971E-03    -0.3085E-01    -0.1971E-03
 10.    -0.2582E-03     0.6539E-03     0.2582E-03     0.6539E-03
 11.     0.2090E-03    -0.4650E-03    -0.2090E-03    -0.4650E-03
 12.     0.8138E-02    -0.7222E-04     0.8138E-02     0.7222E-04
 13.    -0.1647E-03     0.3275E-03     0.1647E-03     0.3275E-03
 14.     0.1393E-03    -0.2508E-03    -0.1393E-03    -0.2508E-03
 15.    -0.3886E-02     0.5083E-04    -0.3886E-02    -0.5083E-04
 16.    -0.1204E-03     0.1981E-03     0.1204E-03     0.1981E-03
 17.     0.9825E-04    -0.1488E-03    -0.9825E-04    -0.1488E-03
 18.     0.2205E-02    -0.4210E-04     0.2205E-02     0.4210E-04
 19.    -0.8468E-04     0.1188E-03     0.8468E-04     0.1188E-03
 20.     0.1076E-02    -0.2908E-04     0.1076E-02     0.2908E-04
