mode      f[Hz]           Omega_lit    (SHELL281 NDIV=64, r200 r0/2b=2, a50 2T/pi=0.5 PHI=90deg, nu=0.3, FFFF; ~6 rigid modes near 0 Hz)
  1.     0.000000E+00         0.0000
  2.     0.000000E+00         0.0000
  3.     0.000000E+00         0.0000
  4.     0.355053E-04         0.0002
  5.     0.608431E-04         0.0003
  6.     0.756880E-04         0.0004
  7.     0.296712E+01        14.8414
  8.     0.514108E+01        25.7154
  9.     0.742779E+01        37.1534
 10.     0.113151E+02        56.5975
 11.     0.138368E+02        69.2109
 12.     0.188881E+02        94.4774
 13.     0.217498E+02       108.7915
 14.     0.276266E+02       138.1870
 15.     0.290037E+02       145.0751
 16.     0.303095E+02       151.6065
 17.     0.314259E+02       157.1906
 18.     0.367511E+02       183.8272
 19.     0.404640E+02       202.3985
 20.     0.427363E+02       213.7647
 21.     0.460910E+02       230.5444
 22.     0.537643E+02       268.9262
 23.     0.558638E+02       279.4278
 24.     0.584904E+02       292.5658
 25.     0.681106E+02       340.6856
 26.     0.700585E+02       350.4287
 27.     0.745749E+02       373.0194
 28.     0.767164E+02       383.7310
 29.     0.788092E+02       394.1992
 30.     0.830801E+02       415.5621
 31.     0.853903E+02       427.1174
 32.     0.861167E+02       430.7509
 33.     0.929948E+02       465.1547
 34.     0.938024E+02       469.1943
 35.     0.100951E+03       504.9499
 36.     0.102227E+03       511.3355
 37.     0.104536E+03       522.8826
 38.     0.104860E+03       524.5048
 39.     0.114362E+03       572.0301
 40.     0.119197E+03       596.2162
