mode      f[Hz]           (PLANE183 NDIV=64, r200 r0/2b=2, a100 2T/pi=1 PHI=180deg, nu=0.3, FFFF; 3 rigid modes near 0 Hz; no family separation needed)
  1.     0.000000E+00
  2.     0.732730E-04
  3.     0.857377E-04
  4.     0.259191E+02
  5.     0.672659E+02
  6.     0.122353E+03
  7.     0.142009E+03
  8.     0.184199E+03
  9.     0.216303E+03
 10.     0.247826E+03
 11.     0.298807E+03
 12.     0.309919E+03
 13.     0.368368E+03
 14.     0.380502E+03
 15.     0.413686E+03
 16.     0.447411E+03
 17.     0.452240E+03
 18.     0.457859E+03
 19.     0.505975E+03
 20.     0.506371E+03
 21.     0.525579E+03
 22.     0.557467E+03
 23.     0.567863E+03
 24.     0.571296E+03
 25.     0.589521E+03
 26.     0.589878E+03
 27.     0.629615E+03
 28.     0.633536E+03
 29.     0.638348E+03
 30.     0.654448E+03
 31.     0.654598E+03
 32.     0.663556E+03
 33.     0.670537E+03
 34.     0.681030E+03
 35.     0.682741E+03
 36.     0.690448E+03
 37.     0.698614E+03
 38.     0.706407E+03
 39.     0.726106E+03
 40.     0.740164E+03
 41.     0.745680E+03
 42.     0.761860E+03
 43.     0.788063E+03
 44.     0.789378E+03
 45.     0.816074E+03
 46.     0.823253E+03
 47.     0.824662E+03
 48.     0.844849E+03
 49.     0.851846E+03
 50.     0.862420E+03
 51.     0.869237E+03
 52.     0.893883E+03
 53.     0.911058E+03
 54.     0.911686E+03
 55.     0.919563E+03
 56.     0.923622E+03
 57.     0.941914E+03
 58.     0.967035E+03
 59.     0.980393E+03
 60.     0.984200E+03
 61.     0.990409E+03
 62.     0.994276E+03
 63.     0.101881E+04
 64.     0.103798E+04
 65.     0.103984E+04
 66.     0.105294E+04
 67.     0.105310E+04
 68.     0.107801E+04
 69.     0.109040E+04
 70.     0.109531E+04
 71.     0.110024E+04
 72.     0.111478E+04
 73.     0.112939E+04
 74.     0.114098E+04
 75.     0.114742E+04
 76.     0.115125E+04
 77.     0.117154E+04
 78.     0.117568E+04
 79.     0.118929E+04
 80.     0.119514E+04
