mode      f[Hz]           Lambda_FE    (ASYM=ODD parity; SHELL281 x90/y30; must agree with x60/y20 <0.3%)
  1.     0.000000E+00       0.000000
  1.     0.000000E+00       0.000000
  1.     0.270024E-02       0.000000
  1.     0.108632E+02       0.000000
  1.     0.229488E+02       0.000000
  1.     0.374154E+02       0.000000
  1.     0.553235E+02       0.000000
  1.     0.775087E+02       0.000000
  1.     0.104461E+03       0.000000
  1.     0.136116E+03       0.000000
  1.     0.152473E+03       0.000000
  1.     0.156456E+03       0.000000
  1.     0.165796E+03       0.000000
  1.     0.175925E+03       0.000000
  1.     0.184502E+03       0.000000
  1.     0.208034E+03       0.000000
  1.     0.217356E+03       0.000000
  1.     0.226616E+03       0.000000
  1.     0.236555E+03       0.000000
  1.     0.263981E+03       0.000000
  1.     0.270599E+03       0.000000
  1.     0.305692E+03       0.000000
  1.     0.319252E+03       0.000000
  1.     0.347659E+03       0.000000
  1.     0.377149E+03       0.000000
  1.     0.393759E+03       0.000000
  1.     0.440188E+03       0.000000
  1.     0.444180E+03       0.000000
  1.     0.464905E+03       0.000000
  1.     0.490172E+03       0.000000
  2.     0.000000E+00       0.000000
  2.     0.270024E-02       0.000000
  2.     0.108632E+02       0.000000
  2.     0.229488E+02       0.000000
  2.     0.374154E+02       0.000000
  2.     0.553235E+02       0.000000
  2.     0.775087E+02       0.000000
  2.     0.104461E+03       0.000000
  2.     0.136116E+03       0.000000
  2.     0.152473E+03       0.000000
  2.     0.156456E+03       0.000000
  2.     0.165796E+03       0.000000
  2.     0.175925E+03       0.000000
  2.     0.184502E+03       0.000000
  2.     0.208034E+03       0.000000
  2.     0.217356E+03       0.000000
  2.     0.226616E+03       0.000000
  2.     0.236555E+03       0.000000
  2.     0.263981E+03       0.000000
  2.     0.270599E+03       0.000000
  2.     0.305692E+03       0.000000
  2.     0.319252E+03       0.000000
  2.     0.347659E+03       0.000000
  2.     0.377149E+03       0.000000
  2.     0.393759E+03       0.000000
  2.     0.440188E+03       0.000000
  2.     0.444180E+03       0.000000
  2.     0.464905E+03       0.000000
  2.     0.490172E+03       0.000000
  3.     0.270024E-02       0.171902
  3.     0.108632E+02       0.171902
  3.     0.229488E+02       0.171902
  3.     0.374154E+02       0.171902
  3.     0.553235E+02       0.171902
  3.     0.775087E+02       0.171902
  3.     0.104461E+03       0.171902
  3.     0.136116E+03       0.171902
  3.     0.152473E+03       0.171902
  3.     0.156456E+03       0.171902
  3.     0.165796E+03       0.171902
  3.     0.175925E+03       0.171902
  3.     0.184502E+03       0.171902
  3.     0.208034E+03       0.171902
  3.     0.217356E+03       0.171902
  3.     0.226616E+03       0.171902
  3.     0.236555E+03       0.171902
  3.     0.263981E+03       0.171902
  3.     0.270599E+03       0.171902
  3.     0.305692E+03       0.171902
  3.     0.319252E+03       0.171902
  3.     0.347659E+03       0.171902
  3.     0.377149E+03       0.171902
  3.     0.393759E+03       0.171902
  3.     0.440188E+03       0.171902
  3.     0.444180E+03       0.171902
  3.     0.464905E+03       0.171902
  3.     0.490172E+03       0.171902
  4.     0.108632E+02     691.572496
  4.     0.229488E+02     691.572496
  4.     0.374154E+02     691.572496
  4.     0.553235E+02     691.572496
  4.     0.775087E+02     691.572496
  4.     0.104461E+03     691.572496
  4.     0.136116E+03     691.572496
  4.     0.152473E+03     691.572496
  4.     0.156456E+03     691.572496
  4.     0.165796E+03     691.572496
  4.     0.175925E+03     691.572496
  4.     0.184502E+03     691.572496
  4.     0.208034E+03     691.572496
  4.     0.217356E+03     691.572496
  4.     0.226616E+03     691.572496
  4.     0.236555E+03     691.572496
  4.     0.263981E+03     691.572496
  4.     0.270599E+03     691.572496
  4.     0.305692E+03     691.572496
  4.     0.319252E+03     691.572496
  4.     0.347659E+03     691.572496
  4.     0.377149E+03     691.572496
  4.     0.393759E+03     691.572496
  4.     0.440188E+03     691.572496
  4.     0.444180E+03     691.572496
  4.     0.464905E+03     691.572496
  4.     0.490172E+03     691.572496
  5.     0.229488E+02    1460.968544
  5.     0.374154E+02    1460.968544
  5.     0.553235E+02    1460.968544
  5.     0.775087E+02    1460.968544
  5.     0.104461E+03    1460.968544
  5.     0.136116E+03    1460.968544
  5.     0.152473E+03    1460.968544
  5.     0.156456E+03    1460.968544
  5.     0.165796E+03    1460.968544
  5.     0.175925E+03    1460.968544
  5.     0.184502E+03    1460.968544
  5.     0.208034E+03    1460.968544
  5.     0.217356E+03    1460.968544
  5.     0.226616E+03    1460.968544
  5.     0.236555E+03    1460.968544
  5.     0.263981E+03    1460.968544
  5.     0.270599E+03    1460.968544
  5.     0.305692E+03    1460.968544
  5.     0.319252E+03    1460.968544
  5.     0.347659E+03    1460.968544
  5.     0.377149E+03    1460.968544
  5.     0.393759E+03    1460.968544
  5.     0.440188E+03    1460.968544
  5.     0.444180E+03    1460.968544
  5.     0.464905E+03    1460.968544
  5.     0.490172E+03    1460.968544
  6.     0.374154E+02    2381.939918
  6.     0.553235E+02    2381.939918
  6.     0.775087E+02    2381.939918
  6.     0.104461E+03    2381.939918
  6.     0.136116E+03    2381.939918
  6.     0.152473E+03    2381.939918
  6.     0.156456E+03    2381.939918
  6.     0.165796E+03    2381.939918
  6.     0.175925E+03    2381.939918
  6.     0.184502E+03    2381.939918
  6.     0.208034E+03    2381.939918
  6.     0.217356E+03    2381.939918
  6.     0.226616E+03    2381.939918
  6.     0.236555E+03    2381.939918
  6.     0.263981E+03    2381.939918
  6.     0.270599E+03    2381.939918
  6.     0.305692E+03    2381.939918
  6.     0.319252E+03    2381.939918
  6.     0.347659E+03    2381.939918
  6.     0.377149E+03    2381.939918
  6.     0.393759E+03    2381.939918
  6.     0.440188E+03    2381.939918
  6.     0.444180E+03    2381.939918
  6.     0.464905E+03    2381.939918
  6.     0.490172E+03    2381.939918
  7.     0.553235E+02    3522.000713
  7.     0.775087E+02    3522.000713
  7.     0.104461E+03    3522.000713
  7.     0.136116E+03    3522.000713
  7.     0.152473E+03    3522.000713
  7.     0.156456E+03    3522.000713
  7.     0.165796E+03    3522.000713
  7.     0.175925E+03    3522.000713
  7.     0.184502E+03    3522.000713
  7.     0.208034E+03    3522.000713
  7.     0.217356E+03    3522.000713
  7.     0.226616E+03    3522.000713
  7.     0.236555E+03    3522.000713
  7.     0.263981E+03    3522.000713
  7.     0.270599E+03    3522.000713
  7.     0.305692E+03    3522.000713
  7.     0.319252E+03    3522.000713
  7.     0.347659E+03    3522.000713
  7.     0.377149E+03    3522.000713
  7.     0.393759E+03    3522.000713
  7.     0.440188E+03    3522.000713
  7.     0.444180E+03    3522.000713
  7.     0.464905E+03    3522.000713
  7.     0.490172E+03    3522.000713
  8.     0.775087E+02    4934.357297
  8.     0.104461E+03    4934.357297
  8.     0.136116E+03    4934.357297
  8.     0.152473E+03    4934.357297
  8.     0.156456E+03    4934.357297
  8.     0.165796E+03    4934.357297
  8.     0.175925E+03    4934.357297
  8.     0.184502E+03    4934.357297
  8.     0.208034E+03    4934.357297
  8.     0.217356E+03    4934.357297
  8.     0.226616E+03    4934.357297
  8.     0.236555E+03    4934.357297
  8.     0.263981E+03    4934.357297
  8.     0.270599E+03    4934.357297
  8.     0.305692E+03    4934.357297
  8.     0.319252E+03    4934.357297
  8.     0.347659E+03    4934.357297
  8.     0.377149E+03    4934.357297
  8.     0.393759E+03    4934.357297
  8.     0.440188E+03    4934.357297
  8.     0.444180E+03    4934.357297
  8.     0.464905E+03    4934.357297
  8.     0.490172E+03    4934.357297
  9.     0.104461E+03    6650.197267
  9.     0.136116E+03    6650.197267
  9.     0.152473E+03    6650.197267
  9.     0.156456E+03    6650.197267
  9.     0.165796E+03    6650.197267
  9.     0.175925E+03    6650.197267
  9.     0.184502E+03    6650.197267
  9.     0.208034E+03    6650.197267
  9.     0.217356E+03    6650.197267
  9.     0.226616E+03    6650.197267
  9.     0.236555E+03    6650.197267
  9.     0.263981E+03    6650.197267
  9.     0.270599E+03    6650.197267
  9.     0.305692E+03    6650.197267
  9.     0.319252E+03    6650.197267
  9.     0.347659E+03    6650.197267
  9.     0.377149E+03    6650.197267
  9.     0.393759E+03    6650.197267
  9.     0.440188E+03    6650.197267
  9.     0.444180E+03    6650.197267
  9.     0.464905E+03    6650.197267
  9.     0.490172E+03    6650.197267
 10.     0.136116E+03    8665.423333
 10.     0.152473E+03    8665.423333
 10.     0.156456E+03    8665.423333
 10.     0.165796E+03    8665.423333
 10.     0.175925E+03    8665.423333
 10.     0.184502E+03    8665.423333
 10.     0.208034E+03    8665.423333
 10.     0.217356E+03    8665.423333
 10.     0.226616E+03    8665.423333
 10.     0.236555E+03    8665.423333
 10.     0.263981E+03    8665.423333
 10.     0.270599E+03    8665.423333
 10.     0.305692E+03    8665.423333
 10.     0.319252E+03    8665.423333
 10.     0.347659E+03    8665.423333
 10.     0.377149E+03    8665.423333
 10.     0.393759E+03    8665.423333
 10.     0.440188E+03    8665.423333
 10.     0.444180E+03    8665.423333
 10.     0.464905E+03    8665.423333
 10.     0.490172E+03    8665.423333
 11.     0.152473E+03    9706.701277
 11.     0.156456E+03    9706.701277
 11.     0.165796E+03    9706.701277
 11.     0.175925E+03    9706.701277
 11.     0.184502E+03    9706.701277
 11.     0.208034E+03    9706.701277
 11.     0.217356E+03    9706.701277
 11.     0.226616E+03    9706.701277
 11.     0.236555E+03    9706.701277
 11.     0.263981E+03    9706.701277
 11.     0.270599E+03    9706.701277
 11.     0.305692E+03    9706.701277
 11.     0.319252E+03    9706.701277
 11.     0.347659E+03    9706.701277
 11.     0.377149E+03    9706.701277
 11.     0.393759E+03    9706.701277
 11.     0.440188E+03    9706.701277
 11.     0.444180E+03    9706.701277
 11.     0.464905E+03    9706.701277
 11.     0.490172E+03    9706.701277
 12.     0.156456E+03    9960.274960
 12.     0.165796E+03    9960.274960
 12.     0.175925E+03    9960.274960
 12.     0.184502E+03    9960.274960
 12.     0.208034E+03    9960.274960
 12.     0.217356E+03    9960.274960
 12.     0.226616E+03    9960.274960
 12.     0.236555E+03    9960.274960
 12.     0.263981E+03    9960.274960
 12.     0.270599E+03    9960.274960
 12.     0.305692E+03    9960.274960
 12.     0.319252E+03    9960.274960
 12.     0.347659E+03    9960.274960
 12.     0.377149E+03    9960.274960
 12.     0.393759E+03    9960.274960
 12.     0.440188E+03    9960.274960
 12.     0.444180E+03    9960.274960
 12.     0.464905E+03    9960.274960
 12.     0.490172E+03    9960.274960
 13.     0.165796E+03   10554.872003
 13.     0.175925E+03   10554.872003
 13.     0.184502E+03   10554.872003
 13.     0.208034E+03   10554.872003
 13.     0.217356E+03   10554.872003
 13.     0.226616E+03   10554.872003
 13.     0.236555E+03   10554.872003
 13.     0.263981E+03   10554.872003
 13.     0.270599E+03   10554.872003
 13.     0.305692E+03   10554.872003
 13.     0.319252E+03   10554.872003
 13.     0.347659E+03   10554.872003
 13.     0.377149E+03   10554.872003
 13.     0.393759E+03   10554.872003
 13.     0.440188E+03   10554.872003
 13.     0.444180E+03   10554.872003
 13.     0.464905E+03   10554.872003
 13.     0.490172E+03   10554.872003
 14.     0.175925E+03   11199.757434
 14.     0.184502E+03   11199.757434
 14.     0.208034E+03   11199.757434
 14.     0.217356E+03   11199.757434
 14.     0.226616E+03   11199.757434
 14.     0.236555E+03   11199.757434
 14.     0.263981E+03   11199.757434
 14.     0.270599E+03   11199.757434
 14.     0.305692E+03   11199.757434
 14.     0.319252E+03   11199.757434
 14.     0.347659E+03   11199.757434
 14.     0.377149E+03   11199.757434
 14.     0.393759E+03   11199.757434
 14.     0.440188E+03   11199.757434
 14.     0.444180E+03   11199.757434
 14.     0.464905E+03   11199.757434
 14.     0.490172E+03   11199.757434
 15.     0.184502E+03   11745.737904
 15.     0.208034E+03   11745.737904
 15.     0.217356E+03   11745.737904
 15.     0.226616E+03   11745.737904
 15.     0.236555E+03   11745.737904
 15.     0.263981E+03   11745.737904
 15.     0.270599E+03   11745.737904
 15.     0.305692E+03   11745.737904
 15.     0.319252E+03   11745.737904
 15.     0.347659E+03   11745.737904
 15.     0.377149E+03   11745.737904
 15.     0.393759E+03   11745.737904
 15.     0.440188E+03   11745.737904
 15.     0.444180E+03   11745.737904
 15.     0.464905E+03   11745.737904
 15.     0.490172E+03   11745.737904
 16.     0.208034E+03   13243.824432
 16.     0.217356E+03   13243.824432
 16.     0.226616E+03   13243.824432
 16.     0.236555E+03   13243.824432
 16.     0.263981E+03   13243.824432
 16.     0.270599E+03   13243.824432
 16.     0.305692E+03   13243.824432
 16.     0.319252E+03   13243.824432
 16.     0.347659E+03   13243.824432
 16.     0.377149E+03   13243.824432
 16.     0.393759E+03   13243.824432
 16.     0.440188E+03   13243.824432
 16.     0.444180E+03   13243.824432
 16.     0.464905E+03   13243.824432
 16.     0.490172E+03   13243.824432
 17.     0.217356E+03   13837.282844
 17.     0.226616E+03   13837.282844
 17.     0.236555E+03   13837.282844
 17.     0.263981E+03   13837.282844
 17.     0.270599E+03   13837.282844
 17.     0.305692E+03   13837.282844
 17.     0.319252E+03   13837.282844
 17.     0.347659E+03   13837.282844
 17.     0.377149E+03   13837.282844
 17.     0.393759E+03   13837.282844
 17.     0.440188E+03   13837.282844
 17.     0.444180E+03   13837.282844
 17.     0.464905E+03   13837.282844
 17.     0.490172E+03   13837.282844
 18.     0.226616E+03   14426.836404
 18.     0.236555E+03   14426.836404
 18.     0.263981E+03   14426.836404
 18.     0.270599E+03   14426.836404
 18.     0.305692E+03   14426.836404
 18.     0.319252E+03   14426.836404
 18.     0.347659E+03   14426.836404
 18.     0.377149E+03   14426.836404
 18.     0.393759E+03   14426.836404
 18.     0.440188E+03   14426.836404
 18.     0.444180E+03   14426.836404
 18.     0.464905E+03   14426.836404
 18.     0.490172E+03   14426.836404
 19.     0.236555E+03   15059.542679
 19.     0.263981E+03   15059.542679
 19.     0.270599E+03   15059.542679
 19.     0.305692E+03   15059.542679
 19.     0.319252E+03   15059.542679
 19.     0.347659E+03   15059.542679
 19.     0.377149E+03   15059.542679
 19.     0.393759E+03   15059.542679
 19.     0.440188E+03   15059.542679
 19.     0.444180E+03   15059.542679
 19.     0.464905E+03   15059.542679
 19.     0.490172E+03   15059.542679
 20.     0.263981E+03   16805.567040
 20.     0.270599E+03   16805.567040
 20.     0.305692E+03   16805.567040
 20.     0.319252E+03   16805.567040
 20.     0.347659E+03   16805.567040
 20.     0.377149E+03   16805.567040
 20.     0.393759E+03   16805.567040
 20.     0.440188E+03   16805.567040
 20.     0.444180E+03   16805.567040
 20.     0.464905E+03   16805.567040
 20.     0.490172E+03   16805.567040
 21.     0.270599E+03   17226.881719
 21.     0.305692E+03   17226.881719
 21.     0.319252E+03   17226.881719
 21.     0.347659E+03   17226.881719
 21.     0.377149E+03   17226.881719
 21.     0.393759E+03   17226.881719
 21.     0.440188E+03   17226.881719
 21.     0.444180E+03   17226.881719
 21.     0.464905E+03   17226.881719
 21.     0.490172E+03   17226.881719
 22.     0.305692E+03   19460.956603
 22.     0.319252E+03   19460.956603
 22.     0.347659E+03   19460.956603
 22.     0.377149E+03   19460.956603
 22.     0.393759E+03   19460.956603
 22.     0.440188E+03   19460.956603
 22.     0.444180E+03   19460.956603
 22.     0.464905E+03   19460.956603
 22.     0.490172E+03   19460.956603
 23.     0.319252E+03   20324.189418
 23.     0.347659E+03   20324.189418
 23.     0.377149E+03   20324.189418
 23.     0.393759E+03   20324.189418
 23.     0.440188E+03   20324.189418
 23.     0.444180E+03   20324.189418
 23.     0.464905E+03   20324.189418
 23.     0.490172E+03   20324.189418
 24.     0.347659E+03   22132.643577
 24.     0.377149E+03   22132.643577
 24.     0.393759E+03   22132.643577
 24.     0.440188E+03   22132.643577
 24.     0.444180E+03   22132.643577
 24.     0.464905E+03   22132.643577
 24.     0.490172E+03   22132.643577
 25.     0.377149E+03   24010.069035
 25.     0.393759E+03   24010.069035
 25.     0.440188E+03   24010.069035
 25.     0.444180E+03   24010.069035
 25.     0.464905E+03   24010.069035
 25.     0.490172E+03   24010.069035
 26.     0.393759E+03   25067.469548
 26.     0.440188E+03   25067.469548
 26.     0.444180E+03   25067.469548
 26.     0.464905E+03   25067.469548
 26.     0.490172E+03   25067.469548
 27.     0.440188E+03   28023.235118
 27.     0.444180E+03   28023.235118
 27.     0.464905E+03   28023.235118
 27.     0.490172E+03   28023.235118
 28.     0.444180E+03   28277.371429
 28.     0.464905E+03   28277.371429
 28.     0.490172E+03   28277.371429
 29.     0.464905E+03   29596.771159
 29.     0.490172E+03   29596.771159
 30.     0.490172E+03   31205.308868
