mode      f[Hz]           (PLANE183 ASYM mesh1 l/b=2.5 x100/y20; discard ~0 Hz rigid)
  1.     0.000000E+00
  2.     0.130905E-02
  3.     0.302367E+03
  4.     0.577421E+03
  5.     0.859850E+03
  6.     0.894972E+03
  7.     0.116043E+04
  8.     0.123192E+04
  9.     0.145054E+04
 10.     0.160297E+04
 11.     0.172758E+04
 12.     0.188955E+04
 13.     0.200938E+04
 14.     0.206611E+04
 15.     0.220271E+04
 16.     0.227542E+04
 17.     0.235237E+04
 18.     0.239481E+04
 19.     0.246597E+04
 20.     0.248649E+04
 21.     0.255980E+04
 22.     0.266481E+04
 23.     0.271730E+04
 24.     0.275938E+04
 25.     0.278229E+04
 26.     0.286357E+04
 27.     0.296855E+04
 28.     0.297516E+04
 29.     0.302794E+04
 30.     0.314913E+04
 31.     0.320168E+04
 32.     0.321579E+04
 33.     0.336413E+04
 34.     0.336952E+04
 35.     0.343652E+04
