mode      f[Hz]           (PLANE183 SYMM mesh1 l/b=3.0 x120/y20; discard ~0 Hz rigid)
  1.     0.482490E-03
  2.     0.430411E+03
  3.     0.841119E+03
  4.     0.113771E+04
  5.     0.114068E+04
  6.     0.114219E+04
  7.     0.128770E+04
  8.     0.133822E+04
  9.     0.134853E+04
 10.     0.145129E+04
 11.     0.147920E+04
 12.     0.161281E+04
 13.     0.173999E+04
 14.     0.177907E+04
 15.     0.183063E+04
 16.     0.196903E+04
 17.     0.197930E+04
 18.     0.219907E+04
 19.     0.220247E+04
 20.     0.224485E+04
 21.     0.241891E+04
 22.     0.243200E+04
 23.     0.260926E+04
 24.     0.264703E+04
 25.     0.266883E+04
 26.     0.279262E+04
 27.     0.290293E+04
 28.     0.297223E+04
 29.     0.298779E+04
 30.     0.309863E+04
 31.     0.320668E+04
 32.     0.322342E+04
 33.     0.324874E+04
 34.     0.326272E+04
 35.     0.326781E+04
