mode      f[Hz]           Lambda_FE    (ASYM=ODD parity; SHELL281 x60/y20; discard ~0Hz rigid + >30Hz likely-membrane)
  1.     0.000000E+00       0.000000
  1.     0.232826E-03       0.000000
  1.     0.142766E-02       0.000000
  1.     0.131033E+02       0.000000
  1.     0.281182E+02       0.000000
  1.     0.469591E+02       0.000000
  1.     0.713309E+02       0.000000
  1.     0.102348E+03       0.000000
  1.     0.139915E+03       0.000000
  1.     0.153404E+03       0.000000
  1.     0.156898E+03       0.000000
  1.     0.173355E+03       0.000000
  1.     0.186663E+03       0.000000
  1.     0.198880E+03       0.000000
  1.     0.228474E+03       0.000000
  1.     0.242529E+03       0.000000
  1.     0.267796E+03       0.000000
  1.     0.302369E+03       0.000000
  1.     0.302965E+03       0.000000
  1.     0.312814E+03       0.000000
  1.     0.363912E+03       0.000000
  1.     0.371388E+03       0.000000
  1.     0.421204E+03       0.000000
  1.     0.446930E+03       0.000000
  1.     0.483771E+03       0.000000
  1.     0.490309E+03       0.000000
  1.     0.495622E+03       0.000000
  1.     0.507070E+03       0.000000
  1.     0.530697E+03       0.000000
  1.     0.531808E+03       0.000000
  2.     0.232826E-03       0.014822
  2.     0.142766E-02       0.014822
  2.     0.131033E+02       0.014822
  2.     0.281182E+02       0.014822
  2.     0.469591E+02       0.014822
  2.     0.713309E+02       0.014822
  2.     0.102348E+03       0.014822
  2.     0.139915E+03       0.014822
  2.     0.153404E+03       0.014822
  2.     0.156898E+03       0.014822
  2.     0.173355E+03       0.014822
  2.     0.186663E+03       0.014822
  2.     0.198880E+03       0.014822
  2.     0.228474E+03       0.014822
  2.     0.242529E+03       0.014822
  2.     0.267796E+03       0.014822
  2.     0.302369E+03       0.014822
  2.     0.302965E+03       0.014822
  2.     0.312814E+03       0.014822
  2.     0.363912E+03       0.014822
  2.     0.371388E+03       0.014822
  2.     0.421204E+03       0.014822
  2.     0.446930E+03       0.014822
  2.     0.483771E+03       0.014822
  2.     0.490309E+03       0.014822
  2.     0.495622E+03       0.014822
  2.     0.507070E+03       0.014822
  2.     0.530697E+03       0.014822
  2.     0.531808E+03       0.014822
  3.     0.142766E-02       0.090888
  3.     0.131033E+02       0.090888
  3.     0.281182E+02       0.090888
  3.     0.469591E+02       0.090888
  3.     0.713309E+02       0.090888
  3.     0.102348E+03       0.090888
  3.     0.139915E+03       0.090888
  3.     0.153404E+03       0.090888
  3.     0.156898E+03       0.090888
  3.     0.173355E+03       0.090888
  3.     0.186663E+03       0.090888
  3.     0.198880E+03       0.090888
  3.     0.228474E+03       0.090888
  3.     0.242529E+03       0.090888
  3.     0.267796E+03       0.090888
  3.     0.302369E+03       0.090888
  3.     0.302965E+03       0.090888
  3.     0.312814E+03       0.090888
  3.     0.363912E+03       0.090888
  3.     0.371388E+03       0.090888
  3.     0.421204E+03       0.090888
  3.     0.446930E+03       0.090888
  3.     0.483771E+03       0.090888
  3.     0.490309E+03       0.090888
  3.     0.495622E+03       0.090888
  3.     0.507070E+03       0.090888
  3.     0.530697E+03       0.090888
  3.     0.531808E+03       0.090888
  4.     0.131033E+02     834.180463
  4.     0.281182E+02     834.180463
  4.     0.469591E+02     834.180463
  4.     0.713309E+02     834.180463
  4.     0.102348E+03     834.180463
  4.     0.139915E+03     834.180463
  4.     0.153404E+03     834.180463
  4.     0.156898E+03     834.180463
  4.     0.173355E+03     834.180463
  4.     0.186663E+03     834.180463
  4.     0.198880E+03     834.180463
  4.     0.228474E+03     834.180463
  4.     0.242529E+03     834.180463
  4.     0.267796E+03     834.180463
  4.     0.302369E+03     834.180463
  4.     0.302965E+03     834.180463
  4.     0.312814E+03     834.180463
  4.     0.363912E+03     834.180463
  4.     0.371388E+03     834.180463
  4.     0.421204E+03     834.180463
  4.     0.446930E+03     834.180463
  4.     0.483771E+03     834.180463
  4.     0.490309E+03     834.180463
  4.     0.495622E+03     834.180463
  4.     0.507070E+03     834.180463
  4.     0.530697E+03     834.180463
  4.     0.531808E+03     834.180463
  5.     0.281182E+02    1790.059148
  5.     0.469591E+02    1790.059148
  5.     0.713309E+02    1790.059148
  5.     0.102348E+03    1790.059148
  5.     0.139915E+03    1790.059148
  5.     0.153404E+03    1790.059148
  5.     0.156898E+03    1790.059148
  5.     0.173355E+03    1790.059148
  5.     0.186663E+03    1790.059148
  5.     0.198880E+03    1790.059148
  5.     0.228474E+03    1790.059148
  5.     0.242529E+03    1790.059148
  5.     0.267796E+03    1790.059148
  5.     0.302369E+03    1790.059148
  5.     0.302965E+03    1790.059148
  5.     0.312814E+03    1790.059148
  5.     0.363912E+03    1790.059148
  5.     0.371388E+03    1790.059148
  5.     0.421204E+03    1790.059148
  5.     0.446930E+03    1790.059148
  5.     0.483771E+03    1790.059148
  5.     0.490309E+03    1790.059148
  5.     0.495622E+03    1790.059148
  5.     0.507070E+03    1790.059148
  5.     0.530697E+03    1790.059148
  5.     0.531808E+03    1790.059148
  6.     0.469591E+02    2989.507426
  6.     0.713309E+02    2989.507426
  6.     0.102348E+03    2989.507426
  6.     0.139915E+03    2989.507426
  6.     0.153404E+03    2989.507426
  6.     0.156898E+03    2989.507426
  6.     0.173355E+03    2989.507426
  6.     0.186663E+03    2989.507426
  6.     0.198880E+03    2989.507426
  6.     0.228474E+03    2989.507426
  6.     0.242529E+03    2989.507426
  6.     0.267796E+03    2989.507426
  6.     0.302369E+03    2989.507426
  6.     0.302965E+03    2989.507426
  6.     0.312814E+03    2989.507426
  6.     0.363912E+03    2989.507426
  6.     0.371388E+03    2989.507426
  6.     0.421204E+03    2989.507426
  6.     0.446930E+03    2989.507426
  6.     0.483771E+03    2989.507426
  6.     0.490309E+03    2989.507426
  6.     0.495622E+03    2989.507426
  6.     0.507070E+03    2989.507426
  6.     0.530697E+03    2989.507426
  6.     0.531808E+03    2989.507426
  7.     0.713309E+02    4541.068843
  7.     0.102348E+03    4541.068843
  7.     0.139915E+03    4541.068843
  7.     0.153404E+03    4541.068843
  7.     0.156898E+03    4541.068843
  7.     0.173355E+03    4541.068843
  7.     0.186663E+03    4541.068843
  7.     0.198880E+03    4541.068843
  7.     0.228474E+03    4541.068843
  7.     0.242529E+03    4541.068843
  7.     0.267796E+03    4541.068843
  7.     0.302369E+03    4541.068843
  7.     0.302965E+03    4541.068843
  7.     0.312814E+03    4541.068843
  7.     0.363912E+03    4541.068843
  7.     0.371388E+03    4541.068843
  7.     0.421204E+03    4541.068843
  7.     0.446930E+03    4541.068843
  7.     0.483771E+03    4541.068843
  7.     0.490309E+03    4541.068843
  7.     0.495622E+03    4541.068843
  7.     0.507070E+03    4541.068843
  7.     0.530697E+03    4541.068843
  7.     0.531808E+03    4541.068843
  8.     0.102348E+03    6515.693426
  8.     0.139915E+03    6515.693426
  8.     0.153404E+03    6515.693426
  8.     0.156898E+03    6515.693426
  8.     0.173355E+03    6515.693426
  8.     0.186663E+03    6515.693426
  8.     0.198880E+03    6515.693426
  8.     0.228474E+03    6515.693426
  8.     0.242529E+03    6515.693426
  8.     0.267796E+03    6515.693426
  8.     0.302369E+03    6515.693426
  8.     0.302965E+03    6515.693426
  8.     0.312814E+03    6515.693426
  8.     0.363912E+03    6515.693426
  8.     0.371388E+03    6515.693426
  8.     0.421204E+03    6515.693426
  8.     0.446930E+03    6515.693426
  8.     0.483771E+03    6515.693426
  8.     0.490309E+03    6515.693426
  8.     0.495622E+03    6515.693426
  8.     0.507070E+03    6515.693426
  8.     0.530697E+03    6515.693426
  8.     0.531808E+03    6515.693426
  9.     0.139915E+03    8907.253053
  9.     0.153404E+03    8907.253053
  9.     0.156898E+03    8907.253053
  9.     0.173355E+03    8907.253053
  9.     0.186663E+03    8907.253053
  9.     0.198880E+03    8907.253053
  9.     0.228474E+03    8907.253053
  9.     0.242529E+03    8907.253053
  9.     0.267796E+03    8907.253053
  9.     0.302369E+03    8907.253053
  9.     0.302965E+03    8907.253053
  9.     0.312814E+03    8907.253053
  9.     0.363912E+03    8907.253053
  9.     0.371388E+03    8907.253053
  9.     0.421204E+03    8907.253053
  9.     0.446930E+03    8907.253053
  9.     0.483771E+03    8907.253053
  9.     0.490309E+03    8907.253053
  9.     0.495622E+03    8907.253053
  9.     0.507070E+03    8907.253053
  9.     0.530697E+03    8907.253053
  9.     0.531808E+03    8907.253053
 10.     0.153404E+03    9766.029751
 10.     0.156898E+03    9766.029751
 10.     0.173355E+03    9766.029751
 10.     0.186663E+03    9766.029751
 10.     0.198880E+03    9766.029751
 10.     0.228474E+03    9766.029751
 10.     0.242529E+03    9766.029751
 10.     0.267796E+03    9766.029751
 10.     0.302369E+03    9766.029751
 10.     0.302965E+03    9766.029751
 10.     0.312814E+03    9766.029751
 10.     0.363912E+03    9766.029751
 10.     0.371388E+03    9766.029751
 10.     0.421204E+03    9766.029751
 10.     0.446930E+03    9766.029751
 10.     0.483771E+03    9766.029751
 10.     0.490309E+03    9766.029751
 10.     0.495622E+03    9766.029751
 10.     0.507070E+03    9766.029751
 10.     0.530697E+03    9766.029751
 10.     0.531808E+03    9766.029751
 11.     0.156898E+03    9988.463505
 11.     0.173355E+03    9988.463505
 11.     0.186663E+03    9988.463505
 11.     0.198880E+03    9988.463505
 11.     0.228474E+03    9988.463505
 11.     0.242529E+03    9988.463505
 11.     0.267796E+03    9988.463505
 11.     0.302369E+03    9988.463505
 11.     0.302965E+03    9988.463505
 11.     0.312814E+03    9988.463505
 11.     0.363912E+03    9988.463505
 11.     0.371388E+03    9988.463505
 11.     0.421204E+03    9988.463505
 11.     0.446930E+03    9988.463505
 11.     0.483771E+03    9988.463505
 11.     0.490309E+03    9988.463505
 11.     0.495622E+03    9988.463505
 11.     0.507070E+03    9988.463505
 11.     0.530697E+03    9988.463505
 11.     0.531808E+03    9988.463505
 12.     0.173355E+03   11036.111655
 12.     0.186663E+03   11036.111655
 12.     0.198880E+03   11036.111655
 12.     0.228474E+03   11036.111655
 12.     0.242529E+03   11036.111655
 12.     0.267796E+03   11036.111655
 12.     0.302369E+03   11036.111655
 12.     0.302965E+03   11036.111655
 12.     0.312814E+03   11036.111655
 12.     0.363912E+03   11036.111655
 12.     0.371388E+03   11036.111655
 12.     0.421204E+03   11036.111655
 12.     0.446930E+03   11036.111655
 12.     0.483771E+03   11036.111655
 12.     0.490309E+03   11036.111655
 12.     0.495622E+03   11036.111655
 12.     0.507070E+03   11036.111655
 12.     0.530697E+03   11036.111655
 12.     0.531808E+03   11036.111655
 13.     0.186663E+03   11883.307949
 13.     0.198880E+03   11883.307949
 13.     0.228474E+03   11883.307949
 13.     0.242529E+03   11883.307949
 13.     0.267796E+03   11883.307949
 13.     0.302369E+03   11883.307949
 13.     0.302965E+03   11883.307949
 13.     0.312814E+03   11883.307949
 13.     0.363912E+03   11883.307949
 13.     0.371388E+03   11883.307949
 13.     0.421204E+03   11883.307949
 13.     0.446930E+03   11883.307949
 13.     0.483771E+03   11883.307949
 13.     0.490309E+03   11883.307949
 13.     0.495622E+03   11883.307949
 13.     0.507070E+03   11883.307949
 13.     0.530697E+03   11883.307949
 13.     0.531808E+03   11883.307949
 14.     0.198880E+03   12661.123540
 14.     0.228474E+03   12661.123540
 14.     0.242529E+03   12661.123540
 14.     0.267796E+03   12661.123540
 14.     0.302369E+03   12661.123540
 14.     0.302965E+03   12661.123540
 14.     0.312814E+03   12661.123540
 14.     0.363912E+03   12661.123540
 14.     0.371388E+03   12661.123540
 14.     0.421204E+03   12661.123540
 14.     0.446930E+03   12661.123540
 14.     0.483771E+03   12661.123540
 14.     0.490309E+03   12661.123540
 14.     0.495622E+03   12661.123540
 14.     0.507070E+03   12661.123540
 14.     0.530697E+03   12661.123540
 14.     0.531808E+03   12661.123540
 15.     0.228474E+03   14545.102806
 15.     0.242529E+03   14545.102806
 15.     0.267796E+03   14545.102806
 15.     0.302369E+03   14545.102806
 15.     0.302965E+03   14545.102806
 15.     0.312814E+03   14545.102806
 15.     0.363912E+03   14545.102806
 15.     0.371388E+03   14545.102806
 15.     0.421204E+03   14545.102806
 15.     0.446930E+03   14545.102806
 15.     0.483771E+03   14545.102806
 15.     0.490309E+03   14545.102806
 15.     0.495622E+03   14545.102806
 15.     0.507070E+03   14545.102806
 15.     0.530697E+03   14545.102806
 15.     0.531808E+03   14545.102806
 16.     0.242529E+03   15439.852917
 16.     0.267796E+03   15439.852917
 16.     0.302369E+03   15439.852917
 16.     0.302965E+03   15439.852917
 16.     0.312814E+03   15439.852917
 16.     0.363912E+03   15439.852917
 16.     0.371388E+03   15439.852917
 16.     0.421204E+03   15439.852917
 16.     0.446930E+03   15439.852917
 16.     0.483771E+03   15439.852917
 16.     0.490309E+03   15439.852917
 16.     0.495622E+03   15439.852917
 16.     0.507070E+03   15439.852917
 16.     0.530697E+03   15439.852917
 16.     0.531808E+03   15439.852917
 17.     0.267796E+03   17048.419567
 17.     0.302369E+03   17048.419567
 17.     0.302965E+03   17048.419567
 17.     0.312814E+03   17048.419567
 17.     0.363912E+03   17048.419567
 17.     0.371388E+03   17048.419567
 17.     0.421204E+03   17048.419567
 17.     0.446930E+03   17048.419567
 17.     0.483771E+03   17048.419567
 17.     0.490309E+03   17048.419567
 17.     0.495622E+03   17048.419567
 17.     0.507070E+03   17048.419567
 17.     0.530697E+03   17048.419567
 17.     0.531808E+03   17048.419567
 18.     0.302369E+03   19249.379282
 18.     0.302965E+03   19249.379282
 18.     0.312814E+03   19249.379282
 18.     0.363912E+03   19249.379282
 18.     0.371388E+03   19249.379282
 18.     0.421204E+03   19249.379282
 18.     0.446930E+03   19249.379282
 18.     0.483771E+03   19249.379282
 18.     0.490309E+03   19249.379282
 18.     0.495622E+03   19249.379282
 18.     0.507070E+03   19249.379282
 18.     0.530697E+03   19249.379282
 18.     0.531808E+03   19249.379282
 19.     0.302965E+03   19287.378272
 19.     0.312814E+03   19287.378272
 19.     0.363912E+03   19287.378272
 19.     0.371388E+03   19287.378272
 19.     0.421204E+03   19287.378272
 19.     0.446930E+03   19287.378272
 19.     0.483771E+03   19287.378272
 19.     0.490309E+03   19287.378272
 19.     0.495622E+03   19287.378272
 19.     0.507070E+03   19287.378272
 19.     0.530697E+03   19287.378272
 19.     0.531808E+03   19287.378272
 20.     0.312814E+03   19914.339102
 20.     0.363912E+03   19914.339102
 20.     0.371388E+03   19914.339102
 20.     0.421204E+03   19914.339102
 20.     0.446930E+03   19914.339102
 20.     0.483771E+03   19914.339102
 20.     0.490309E+03   19914.339102
 20.     0.495622E+03   19914.339102
 20.     0.507070E+03   19914.339102
 20.     0.530697E+03   19914.339102
 20.     0.531808E+03   19914.339102
 21.     0.363912E+03   23167.368488
 21.     0.371388E+03   23167.368488
 21.     0.421204E+03   23167.368488
 21.     0.446930E+03   23167.368488
 21.     0.483771E+03   23167.368488
 21.     0.490309E+03   23167.368488
 21.     0.495622E+03   23167.368488
 21.     0.507070E+03   23167.368488
 21.     0.530697E+03   23167.368488
 21.     0.531808E+03   23167.368488
 22.     0.371388E+03   23643.298047
 22.     0.421204E+03   23643.298047
 22.     0.446930E+03   23643.298047
 22.     0.483771E+03   23643.298047
 22.     0.490309E+03   23643.298047
 22.     0.495622E+03   23643.298047
 22.     0.507070E+03   23643.298047
 22.     0.530697E+03   23643.298047
 22.     0.531808E+03   23643.298047
 23.     0.421204E+03   26814.672125
 23.     0.446930E+03   26814.672125
 23.     0.483771E+03   26814.672125
 23.     0.490309E+03   26814.672125
 23.     0.495622E+03   26814.672125
 23.     0.507070E+03   26814.672125
 23.     0.530697E+03   26814.672125
 23.     0.531808E+03   26814.672125
 24.     0.446930E+03   28452.445592
 24.     0.483771E+03   28452.445592
 24.     0.490309E+03   28452.445592
 24.     0.495622E+03   28452.445592
 24.     0.507070E+03   28452.445592
 24.     0.530697E+03   28452.445592
 24.     0.531808E+03   28452.445592
 25.     0.483771E+03   30797.808864
 25.     0.490309E+03   30797.808864
 25.     0.495622E+03   30797.808864
 25.     0.507070E+03   30797.808864
 25.     0.530697E+03   30797.808864
 25.     0.531808E+03   30797.808864
 26.     0.490309E+03   31214.013009
 26.     0.495622E+03   31214.013009
 26.     0.507070E+03   31214.013009
 26.     0.530697E+03   31214.013009
 26.     0.531808E+03   31214.013009
 27.     0.495622E+03   31552.262657
 27.     0.507070E+03   31552.262657
 27.     0.530697E+03   31552.262657
 27.     0.531808E+03   31552.262657
 28.     0.507070E+03   32281.083222
 28.     0.530697E+03   32281.083222
 28.     0.531808E+03   32281.083222
 29.     0.530697E+03   33785.222948
 29.     0.531808E+03   33785.222948
 30.     0.531808E+03   33855.935222
