mode      f[Hz]           Lambda_FE    (SYMM=EVEN parity; SHELL281 x90/y30; must agree with x60/y20 <0.3%)
  1.     0.000000E+00       0.000000
  1.     0.504851E-03       0.000000
  1.     0.955467E-03       0.000000
  1.     0.134021E+02       0.000000
  1.     0.371780E+02       0.000000
  1.     0.548927E+02       0.000000
  1.     0.646640E+02       0.000000
  1.     0.739468E+02       0.000000
  1.     0.893410E+02       0.000000
  1.     0.120143E+03       0.000000
  1.     0.125510E+03       0.000000
  1.     0.165015E+03       0.000000
  1.     0.183695E+03       0.000000
  1.     0.216949E+03       0.000000
  1.     0.255648E+03       0.000000
  1.     0.278254E+03       0.000000
  1.     0.298362E+03       0.000000
  1.     0.304401E+03       0.000000
  1.     0.325905E+03       0.000000
  1.     0.341893E+03       0.000000
  1.     0.350836E+03       0.000000
  1.     0.364204E+03       0.000000
  1.     0.409641E+03       0.000000
  1.     0.436414E+03       0.000000
  1.     0.437013E+03       0.000000
  1.     0.468737E+03       0.000000
  1.     0.531571E+03       0.000000
  1.     0.535902E+03       0.000000
  1.     0.544961E+03       0.000000
  1.     0.615249E+03       0.000000
  2.     0.504851E-03       0.032140
  2.     0.955467E-03       0.032140
  2.     0.134021E+02       0.032140
  2.     0.371780E+02       0.032140
  2.     0.548927E+02       0.032140
  2.     0.646640E+02       0.032140
  2.     0.739468E+02       0.032140
  2.     0.893410E+02       0.032140
  2.     0.120143E+03       0.032140
  2.     0.125510E+03       0.032140
  2.     0.165015E+03       0.032140
  2.     0.183695E+03       0.032140
  2.     0.216949E+03       0.032140
  2.     0.255648E+03       0.032140
  2.     0.278254E+03       0.032140
  2.     0.298362E+03       0.032140
  2.     0.304401E+03       0.032140
  2.     0.325905E+03       0.032140
  2.     0.341893E+03       0.032140
  2.     0.350836E+03       0.032140
  2.     0.364204E+03       0.032140
  2.     0.409641E+03       0.032140
  2.     0.436414E+03       0.032140
  2.     0.437013E+03       0.032140
  2.     0.468737E+03       0.032140
  2.     0.531571E+03       0.032140
  2.     0.535902E+03       0.032140
  2.     0.544961E+03       0.032140
  2.     0.615249E+03       0.032140
  3.     0.955467E-03       0.060827
  3.     0.134021E+02       0.060827
  3.     0.371780E+02       0.060827
  3.     0.548927E+02       0.060827
  3.     0.646640E+02       0.060827
  3.     0.739468E+02       0.060827
  3.     0.893410E+02       0.060827
  3.     0.120143E+03       0.060827
  3.     0.125510E+03       0.060827
  3.     0.165015E+03       0.060827
  3.     0.183695E+03       0.060827
  3.     0.216949E+03       0.060827
  3.     0.255648E+03       0.060827
  3.     0.278254E+03       0.060827
  3.     0.298362E+03       0.060827
  3.     0.304401E+03       0.060827
  3.     0.325905E+03       0.060827
  3.     0.341893E+03       0.060827
  3.     0.350836E+03       0.060827
  3.     0.364204E+03       0.060827
  3.     0.409641E+03       0.060827
  3.     0.436414E+03       0.060827
  3.     0.437013E+03       0.060827
  3.     0.468737E+03       0.060827
  3.     0.531571E+03       0.060827
  3.     0.535902E+03       0.060827
  3.     0.544961E+03       0.060827
  3.     0.615249E+03       0.060827
  4.     0.134021E+02     853.201637
  4.     0.371780E+02     853.201637
  4.     0.548927E+02     853.201637
  4.     0.646640E+02     853.201637
  4.     0.739468E+02     853.201637
  4.     0.893410E+02     853.201637
  4.     0.120143E+03     853.201637
  4.     0.125510E+03     853.201637
  4.     0.165015E+03     853.201637
  4.     0.183695E+03     853.201637
  4.     0.216949E+03     853.201637
  4.     0.255648E+03     853.201637
  4.     0.278254E+03     853.201637
  4.     0.298362E+03     853.201637
  4.     0.304401E+03     853.201637
  4.     0.325905E+03     853.201637
  4.     0.341893E+03     853.201637
  4.     0.350836E+03     853.201637
  4.     0.364204E+03     853.201637
  4.     0.409641E+03     853.201637
  4.     0.436414E+03     853.201637
  4.     0.437013E+03     853.201637
  4.     0.468737E+03     853.201637
  4.     0.531571E+03     853.201637
  4.     0.535902E+03     853.201637
  4.     0.544961E+03     853.201637
  4.     0.615249E+03     853.201637
  5.     0.371780E+02    2366.826222
  5.     0.548927E+02    2366.826222
  5.     0.646640E+02    2366.826222
  5.     0.739468E+02    2366.826222
  5.     0.893410E+02    2366.826222
  5.     0.120143E+03    2366.826222
  5.     0.125510E+03    2366.826222
  5.     0.165015E+03    2366.826222
  5.     0.183695E+03    2366.826222
  5.     0.216949E+03    2366.826222
  5.     0.255648E+03    2366.826222
  5.     0.278254E+03    2366.826222
  5.     0.298362E+03    2366.826222
  5.     0.304401E+03    2366.826222
  5.     0.325905E+03    2366.826222
  5.     0.341893E+03    2366.826222
  5.     0.350836E+03    2366.826222
  5.     0.364204E+03    2366.826222
  5.     0.409641E+03    2366.826222
  5.     0.436414E+03    2366.826222
  5.     0.437013E+03    2366.826222
  5.     0.468737E+03    2366.826222
  5.     0.531571E+03    2366.826222
  5.     0.535902E+03    2366.826222
  5.     0.544961E+03    2366.826222
  5.     0.615249E+03    2366.826222
  6.     0.548927E+02    3494.580916
  6.     0.646640E+02    3494.580916
  6.     0.739468E+02    3494.580916
  6.     0.893410E+02    3494.580916
  6.     0.120143E+03    3494.580916
  6.     0.125510E+03    3494.580916
  6.     0.165015E+03    3494.580916
  6.     0.183695E+03    3494.580916
  6.     0.216949E+03    3494.580916
  6.     0.255648E+03    3494.580916
  6.     0.278254E+03    3494.580916
  6.     0.298362E+03    3494.580916
  6.     0.304401E+03    3494.580916
  6.     0.325905E+03    3494.580916
  6.     0.341893E+03    3494.580916
  6.     0.350836E+03    3494.580916
  6.     0.364204E+03    3494.580916
  6.     0.409641E+03    3494.580916
  6.     0.436414E+03    3494.580916
  6.     0.437013E+03    3494.580916
  6.     0.468737E+03    3494.580916
  6.     0.531571E+03    3494.580916
  6.     0.535902E+03    3494.580916
  6.     0.544961E+03    3494.580916
  6.     0.615249E+03    3494.580916
  7.     0.646640E+02    4116.637528
  7.     0.739468E+02    4116.637528
  7.     0.893410E+02    4116.637528
  7.     0.120143E+03    4116.637528
  7.     0.125510E+03    4116.637528
  7.     0.165015E+03    4116.637528
  7.     0.183695E+03    4116.637528
  7.     0.216949E+03    4116.637528
  7.     0.255648E+03    4116.637528
  7.     0.278254E+03    4116.637528
  7.     0.298362E+03    4116.637528
  7.     0.304401E+03    4116.637528
  7.     0.325905E+03    4116.637528
  7.     0.341893E+03    4116.637528
  7.     0.350836E+03    4116.637528
  7.     0.364204E+03    4116.637528
  7.     0.409641E+03    4116.637528
  7.     0.436414E+03    4116.637528
  7.     0.437013E+03    4116.637528
  7.     0.468737E+03    4116.637528
  7.     0.531571E+03    4116.637528
  7.     0.535902E+03    4116.637528
  7.     0.544961E+03    4116.637528
  7.     0.615249E+03    4116.637528
  8.     0.739468E+02    4707.601786
  8.     0.893410E+02    4707.601786
  8.     0.120143E+03    4707.601786
  8.     0.125510E+03    4707.601786
  8.     0.165015E+03    4707.601786
  8.     0.183695E+03    4707.601786
  8.     0.216949E+03    4707.601786
  8.     0.255648E+03    4707.601786
  8.     0.278254E+03    4707.601786
  8.     0.298362E+03    4707.601786
  8.     0.304401E+03    4707.601786
  8.     0.325905E+03    4707.601786
  8.     0.341893E+03    4707.601786
  8.     0.350836E+03    4707.601786
  8.     0.364204E+03    4707.601786
  8.     0.409641E+03    4707.601786
  8.     0.436414E+03    4707.601786
  8.     0.437013E+03    4707.601786
  8.     0.468737E+03    4707.601786
  8.     0.531571E+03    4707.601786
  8.     0.535902E+03    4707.601786
  8.     0.544961E+03    4707.601786
  8.     0.615249E+03    4707.601786
  9.     0.893410E+02    5687.625035
  9.     0.120143E+03    5687.625035
  9.     0.125510E+03    5687.625035
  9.     0.165015E+03    5687.625035
  9.     0.183695E+03    5687.625035
  9.     0.216949E+03    5687.625035
  9.     0.255648E+03    5687.625035
  9.     0.278254E+03    5687.625035
  9.     0.298362E+03    5687.625035
  9.     0.304401E+03    5687.625035
  9.     0.325905E+03    5687.625035
  9.     0.341893E+03    5687.625035
  9.     0.350836E+03    5687.625035
  9.     0.364204E+03    5687.625035
  9.     0.409641E+03    5687.625035
  9.     0.436414E+03    5687.625035
  9.     0.437013E+03    5687.625035
  9.     0.468737E+03    5687.625035
  9.     0.531571E+03    5687.625035
  9.     0.535902E+03    5687.625035
  9.     0.544961E+03    5687.625035
  9.     0.615249E+03    5687.625035
 10.     0.120143E+03    7648.549902
 10.     0.125510E+03    7648.549902
 10.     0.165015E+03    7648.549902
 10.     0.183695E+03    7648.549902
 10.     0.216949E+03    7648.549902
 10.     0.255648E+03    7648.549902
 10.     0.278254E+03    7648.549902
 10.     0.298362E+03    7648.549902
 10.     0.304401E+03    7648.549902
 10.     0.325905E+03    7648.549902
 10.     0.341893E+03    7648.549902
 10.     0.350836E+03    7648.549902
 10.     0.364204E+03    7648.549902
 10.     0.409641E+03    7648.549902
 10.     0.436414E+03    7648.549902
 10.     0.437013E+03    7648.549902
 10.     0.468737E+03    7648.549902
 10.     0.531571E+03    7648.549902
 10.     0.535902E+03    7648.549902
 10.     0.544961E+03    7648.549902
 10.     0.615249E+03    7648.549902
 11.     0.125510E+03    7990.235616
 11.     0.165015E+03    7990.235616
 11.     0.183695E+03    7990.235616
 11.     0.216949E+03    7990.235616
 11.     0.255648E+03    7990.235616
 11.     0.278254E+03    7990.235616
 11.     0.298362E+03    7990.235616
 11.     0.304401E+03    7990.235616
 11.     0.325905E+03    7990.235616
 11.     0.341893E+03    7990.235616
 11.     0.350836E+03    7990.235616
 11.     0.364204E+03    7990.235616
 11.     0.409641E+03    7990.235616
 11.     0.436414E+03    7990.235616
 11.     0.437013E+03    7990.235616
 11.     0.468737E+03    7990.235616
 11.     0.531571E+03    7990.235616
 11.     0.535902E+03    7990.235616
 11.     0.544961E+03    7990.235616
 11.     0.615249E+03    7990.235616
 12.     0.165015E+03   10505.211812
 12.     0.183695E+03   10505.211812
 12.     0.216949E+03   10505.211812
 12.     0.255648E+03   10505.211812
 12.     0.278254E+03   10505.211812
 12.     0.298362E+03   10505.211812
 12.     0.304401E+03   10505.211812
 12.     0.325905E+03   10505.211812
 12.     0.341893E+03   10505.211812
 12.     0.350836E+03   10505.211812
 12.     0.364204E+03   10505.211812
 12.     0.409641E+03   10505.211812
 12.     0.436414E+03   10505.211812
 12.     0.437013E+03   10505.211812
 12.     0.468737E+03   10505.211812
 12.     0.531571E+03   10505.211812
 12.     0.535902E+03   10505.211812
 12.     0.544961E+03   10505.211812
 12.     0.615249E+03   10505.211812
 13.     0.183695E+03   11694.391465
 13.     0.216949E+03   11694.391465
 13.     0.255648E+03   11694.391465
 13.     0.278254E+03   11694.391465
 13.     0.298362E+03   11694.391465
 13.     0.304401E+03   11694.391465
 13.     0.325905E+03   11694.391465
 13.     0.341893E+03   11694.391465
 13.     0.350836E+03   11694.391465
 13.     0.364204E+03   11694.391465
 13.     0.409641E+03   11694.391465
 13.     0.436414E+03   11694.391465
 13.     0.437013E+03   11694.391465
 13.     0.468737E+03   11694.391465
 13.     0.531571E+03   11694.391465
 13.     0.535902E+03   11694.391465
 13.     0.544961E+03   11694.391465
 13.     0.615249E+03   11694.391465
 14.     0.216949E+03   13811.373968
 14.     0.255648E+03   13811.373968
 14.     0.278254E+03   13811.373968
 14.     0.298362E+03   13811.373968
 14.     0.304401E+03   13811.373968
 14.     0.325905E+03   13811.373968
 14.     0.341893E+03   13811.373968
 14.     0.350836E+03   13811.373968
 14.     0.364204E+03   13811.373968
 14.     0.409641E+03   13811.373968
 14.     0.436414E+03   13811.373968
 14.     0.437013E+03   13811.373968
 14.     0.468737E+03   13811.373968
 14.     0.531571E+03   13811.373968
 14.     0.535902E+03   13811.373968
 14.     0.544961E+03   13811.373968
 14.     0.615249E+03   13811.373968
 15.     0.255648E+03   16275.076865
 15.     0.278254E+03   16275.076865
 15.     0.298362E+03   16275.076865
 15.     0.304401E+03   16275.076865
 15.     0.325905E+03   16275.076865
 15.     0.341893E+03   16275.076865
 15.     0.350836E+03   16275.076865
 15.     0.364204E+03   16275.076865
 15.     0.409641E+03   16275.076865
 15.     0.436414E+03   16275.076865
 15.     0.437013E+03   16275.076865
 15.     0.468737E+03   16275.076865
 15.     0.531571E+03   16275.076865
 15.     0.535902E+03   16275.076865
 15.     0.544961E+03   16275.076865
 15.     0.615249E+03   16275.076865
 16.     0.278254E+03   17714.195664
 16.     0.298362E+03   17714.195664
 16.     0.304401E+03   17714.195664
 16.     0.325905E+03   17714.195664
 16.     0.341893E+03   17714.195664
 16.     0.350836E+03   17714.195664
 16.     0.364204E+03   17714.195664
 16.     0.409641E+03   17714.195664
 16.     0.436414E+03   17714.195664
 16.     0.437013E+03   17714.195664
 16.     0.468737E+03   17714.195664
 16.     0.531571E+03   17714.195664
 16.     0.535902E+03   17714.195664
 16.     0.544961E+03   17714.195664
 16.     0.615249E+03   17714.195664
 17.     0.298362E+03   18994.333441
 17.     0.304401E+03   18994.333441
 17.     0.325905E+03   18994.333441
 17.     0.341893E+03   18994.333441
 17.     0.350836E+03   18994.333441
 17.     0.364204E+03   18994.333441
 17.     0.409641E+03   18994.333441
 17.     0.436414E+03   18994.333441
 17.     0.437013E+03   18994.333441
 17.     0.468737E+03   18994.333441
 17.     0.531571E+03   18994.333441
 17.     0.535902E+03   18994.333441
 17.     0.544961E+03   18994.333441
 17.     0.615249E+03   18994.333441
 18.     0.304401E+03   19378.740526
 18.     0.325905E+03   19378.740526
 18.     0.341893E+03   19378.740526
 18.     0.350836E+03   19378.740526
 18.     0.364204E+03   19378.740526
 18.     0.409641E+03   19378.740526
 18.     0.436414E+03   19378.740526
 18.     0.437013E+03   19378.740526
 18.     0.468737E+03   19378.740526
 18.     0.531571E+03   19378.740526
 18.     0.535902E+03   19378.740526
 18.     0.544961E+03   19378.740526
 18.     0.615249E+03   19378.740526
 19.     0.325905E+03   20747.755478
 19.     0.341893E+03   20747.755478
 19.     0.350836E+03   20747.755478
 19.     0.364204E+03   20747.755478
 19.     0.409641E+03   20747.755478
 19.     0.436414E+03   20747.755478
 19.     0.437013E+03   20747.755478
 19.     0.468737E+03   20747.755478
 19.     0.531571E+03   20747.755478
 19.     0.535902E+03   20747.755478
 19.     0.544961E+03   20747.755478
 19.     0.615249E+03   20747.755478
 20.     0.341893E+03   21765.570207
 20.     0.350836E+03   21765.570207
 20.     0.364204E+03   21765.570207
 20.     0.409641E+03   21765.570207
 20.     0.436414E+03   21765.570207
 20.     0.437013E+03   21765.570207
 20.     0.468737E+03   21765.570207
 20.     0.531571E+03   21765.570207
 20.     0.535902E+03   21765.570207
 20.     0.544961E+03   21765.570207
 20.     0.615249E+03   21765.570207
 21.     0.350836E+03   22334.909733
 21.     0.364204E+03   22334.909733
 21.     0.409641E+03   22334.909733
 21.     0.436414E+03   22334.909733
 21.     0.437013E+03   22334.909733
 21.     0.468737E+03   22334.909733
 21.     0.531571E+03   22334.909733
 21.     0.535902E+03   22334.909733
 21.     0.544961E+03   22334.909733
 21.     0.615249E+03   22334.909733
 22.     0.364204E+03   23185.957772
 22.     0.409641E+03   23185.957772
 22.     0.436414E+03   23185.957772
 22.     0.437013E+03   23185.957772
 22.     0.468737E+03   23185.957772
 22.     0.531571E+03   23185.957772
 22.     0.535902E+03   23185.957772
 22.     0.544961E+03   23185.957772
 22.     0.615249E+03   23185.957772
 23.     0.409641E+03   26078.544219
 23.     0.436414E+03   26078.544219
 23.     0.437013E+03   26078.544219
 23.     0.468737E+03   26078.544219
 23.     0.531571E+03   26078.544219
 23.     0.535902E+03   26078.544219
 23.     0.544961E+03   26078.544219
 23.     0.615249E+03   26078.544219
 24.     0.436414E+03   27782.981179
 24.     0.437013E+03   27782.981179
 24.     0.468737E+03   27782.981179
 24.     0.531571E+03   27782.981179
 24.     0.535902E+03   27782.981179
 24.     0.544961E+03   27782.981179
 24.     0.615249E+03   27782.981179
 25.     0.437013E+03   27821.097287
 25.     0.468737E+03   27821.097287
 25.     0.531571E+03   27821.097287
 25.     0.535902E+03   27821.097287
 25.     0.544961E+03   27821.097287
 25.     0.615249E+03   27821.097287
 26.     0.468737E+03   29840.755850
 26.     0.531571E+03   29840.755850
 26.     0.535902E+03   29840.755850
 26.     0.544961E+03   29840.755850
 26.     0.615249E+03   29840.755850
 27.     0.531571E+03   33840.865814
 27.     0.535902E+03   33840.865814
 27.     0.544961E+03   33840.865814
 27.     0.615249E+03   33840.865814
 28.     0.535902E+03   34116.554220
 28.     0.544961E+03   34116.554220
 28.     0.615249E+03   34116.554220
 29.     0.544961E+03   34693.301596
 29.     0.615249E+03   34693.301596
 30.     0.615249E+03   39167.956190
