mode      f[Hz]           (PLANE183 ASYM mesh1 l/b=2.0 x80/y20; discard ~0 Hz rigid)
  1.     0.000000E+00
  2.     0.138539E-02
  3.     0.422813E+03
  4.     0.707063E+03
  5.     0.102288E+04
  6.     0.103539E+04
  7.     0.139539E+04
  8.     0.148400E+04
  9.     0.171879E+04
 10.     0.193219E+04
 11.     0.196088E+04
 12.     0.213017E+04
 13.     0.227542E+04
 14.     0.228046E+04
 15.     0.239913E+04
 16.     0.253717E+04
 17.     0.255257E+04
 18.     0.257516E+04
 19.     0.273715E+04
 20.     0.274249E+04
 21.     0.290457E+04
 22.     0.295883E+04
 23.     0.297552E+04
 24.     0.298310E+04
 25.     0.320454E+04
 26.     0.326003E+04
 27.     0.329466E+04
 28.     0.340088E+04
 29.     0.345223E+04
 30.     0.360551E+04
 31.     0.360933E+04
 32.     0.366186E+04
 33.     0.387662E+04
 34.     0.389403E+04
 35.     0.394081E+04
