mode      f[Hz]           Lambda_FE    (SYMM=EVEN parity; SHELL281 x60/y20; discard ~0Hz rigid + >30Hz likely-membrane)
  1.     0.000000E+00       0.000000
  1.     0.157006E-03       0.000000
  1.     0.774365E-03       0.000000
  1.     0.857493E+01       0.000000
  1.     0.238156E+02       0.000000
  1.     0.464604E+02       0.000000
  1.     0.560027E+02       0.000000
  1.     0.608476E+02       0.000000
  1.     0.780322E+02       0.000000
  1.     0.788083E+02       0.000000
  1.     0.102066E+03       0.000000
  1.     0.117315E+03       0.000000
  1.     0.131910E+03       0.000000
  1.     0.163255E+03       0.000000
  1.     0.167900E+03       0.000000
  1.     0.208372E+03       0.000000
  1.     0.218367E+03       0.000000
  1.     0.256370E+03       0.000000
  1.     0.279367E+03       0.000000
  1.     0.297621E+03       0.000000
  1.     0.302910E+03       0.000000
  1.     0.310336E+03       0.000000
  1.     0.318390E+03       0.000000
  1.     0.340182E+03       0.000000
  1.     0.349661E+03       0.000000
  1.     0.372616E+03       0.000000
  1.     0.374014E+03       0.000000
  1.     0.411165E+03       0.000000
  1.     0.427066E+03       0.000000
  1.     0.442429E+03       0.000000
  2.     0.157006E-03       0.009995
  2.     0.774365E-03       0.009995
  2.     0.857493E+01       0.009995
  2.     0.238156E+02       0.009995
  2.     0.464604E+02       0.009995
  2.     0.560027E+02       0.009995
  2.     0.608476E+02       0.009995
  2.     0.780322E+02       0.009995
  2.     0.788083E+02       0.009995
  2.     0.102066E+03       0.009995
  2.     0.117315E+03       0.009995
  2.     0.131910E+03       0.009995
  2.     0.163255E+03       0.009995
  2.     0.167900E+03       0.009995
  2.     0.208372E+03       0.009995
  2.     0.218367E+03       0.009995
  2.     0.256370E+03       0.009995
  2.     0.279367E+03       0.009995
  2.     0.297621E+03       0.009995
  2.     0.302910E+03       0.009995
  2.     0.310336E+03       0.009995
  2.     0.318390E+03       0.009995
  2.     0.340182E+03       0.009995
  2.     0.349661E+03       0.009995
  2.     0.372616E+03       0.009995
  2.     0.374014E+03       0.009995
  2.     0.411165E+03       0.009995
  2.     0.427066E+03       0.009995
  2.     0.442429E+03       0.009995
  3.     0.774365E-03       0.049298
  3.     0.857493E+01       0.049298
  3.     0.238156E+02       0.049298
  3.     0.464604E+02       0.049298
  3.     0.560027E+02       0.049298
  3.     0.608476E+02       0.049298
  3.     0.780322E+02       0.049298
  3.     0.788083E+02       0.049298
  3.     0.102066E+03       0.049298
  3.     0.117315E+03       0.049298
  3.     0.131910E+03       0.049298
  3.     0.163255E+03       0.049298
  3.     0.167900E+03       0.049298
  3.     0.208372E+03       0.049298
  3.     0.218367E+03       0.049298
  3.     0.256370E+03       0.049298
  3.     0.279367E+03       0.049298
  3.     0.297621E+03       0.049298
  3.     0.302910E+03       0.049298
  3.     0.310336E+03       0.049298
  3.     0.318390E+03       0.049298
  3.     0.340182E+03       0.049298
  3.     0.349661E+03       0.049298
  3.     0.372616E+03       0.049298
  3.     0.374014E+03       0.049298
  3.     0.411165E+03       0.049298
  3.     0.427066E+03       0.049298
  3.     0.442429E+03       0.049298
  4.     0.857493E+01     545.896749
  4.     0.238156E+02     545.896749
  4.     0.464604E+02     545.896749
  4.     0.560027E+02     545.896749
  4.     0.608476E+02     545.896749
  4.     0.780322E+02     545.896749
  4.     0.788083E+02     545.896749
  4.     0.102066E+03     545.896749
  4.     0.117315E+03     545.896749
  4.     0.131910E+03     545.896749
  4.     0.163255E+03     545.896749
  4.     0.167900E+03     545.896749
  4.     0.208372E+03     545.896749
  4.     0.218367E+03     545.896749
  4.     0.256370E+03     545.896749
  4.     0.279367E+03     545.896749
  4.     0.297621E+03     545.896749
  4.     0.302910E+03     545.896749
  4.     0.310336E+03     545.896749
  4.     0.318390E+03     545.896749
  4.     0.340182E+03     545.896749
  4.     0.349661E+03     545.896749
  4.     0.372616E+03     545.896749
  4.     0.374014E+03     545.896749
  4.     0.411165E+03     545.896749
  4.     0.427066E+03     545.896749
  4.     0.442429E+03     545.896749
  5.     0.238156E+02    1516.149112
  5.     0.464604E+02    1516.149112
  5.     0.560027E+02    1516.149112
  5.     0.608476E+02    1516.149112
  5.     0.780322E+02    1516.149112
  5.     0.788083E+02    1516.149112
  5.     0.102066E+03    1516.149112
  5.     0.117315E+03    1516.149112
  5.     0.131910E+03    1516.149112
  5.     0.163255E+03    1516.149112
  5.     0.167900E+03    1516.149112
  5.     0.208372E+03    1516.149112
  5.     0.218367E+03    1516.149112
  5.     0.256370E+03    1516.149112
  5.     0.279367E+03    1516.149112
  5.     0.297621E+03    1516.149112
  5.     0.302910E+03    1516.149112
  5.     0.310336E+03    1516.149112
  5.     0.318390E+03    1516.149112
  5.     0.340182E+03    1516.149112
  5.     0.349661E+03    1516.149112
  5.     0.372616E+03    1516.149112
  5.     0.374014E+03    1516.149112
  5.     0.411165E+03    1516.149112
  5.     0.427066E+03    1516.149112
  5.     0.442429E+03    1516.149112
  6.     0.464604E+02    2957.761005
  6.     0.560027E+02    2957.761005
  6.     0.608476E+02    2957.761005
  6.     0.780322E+02    2957.761005
  6.     0.788083E+02    2957.761005
  6.     0.102066E+03    2957.761005
  6.     0.117315E+03    2957.761005
  6.     0.131910E+03    2957.761005
  6.     0.163255E+03    2957.761005
  6.     0.167900E+03    2957.761005
  6.     0.208372E+03    2957.761005
  6.     0.218367E+03    2957.761005
  6.     0.256370E+03    2957.761005
  6.     0.279367E+03    2957.761005
  6.     0.297621E+03    2957.761005
  6.     0.302910E+03    2957.761005
  6.     0.310336E+03    2957.761005
  6.     0.318390E+03    2957.761005
  6.     0.340182E+03    2957.761005
  6.     0.349661E+03    2957.761005
  6.     0.372616E+03    2957.761005
  6.     0.374014E+03    2957.761005
  6.     0.411165E+03    2957.761005
  6.     0.427066E+03    2957.761005
  6.     0.442429E+03    2957.761005
  7.     0.560027E+02    3565.244934
  7.     0.608476E+02    3565.244934
  7.     0.780322E+02    3565.244934
  7.     0.788083E+02    3565.244934
  7.     0.102066E+03    3565.244934
  7.     0.117315E+03    3565.244934
  7.     0.131910E+03    3565.244934
  7.     0.163255E+03    3565.244934
  7.     0.167900E+03    3565.244934
  7.     0.208372E+03    3565.244934
  7.     0.218367E+03    3565.244934
  7.     0.256370E+03    3565.244934
  7.     0.279367E+03    3565.244934
  7.     0.297621E+03    3565.244934
  7.     0.302910E+03    3565.244934
  7.     0.310336E+03    3565.244934
  7.     0.318390E+03    3565.244934
  7.     0.340182E+03    3565.244934
  7.     0.349661E+03    3565.244934
  7.     0.372616E+03    3565.244934
  7.     0.374014E+03    3565.244934
  7.     0.411165E+03    3565.244934
  7.     0.427066E+03    3565.244934
  7.     0.442429E+03    3565.244934
  8.     0.608476E+02    3873.676414
  8.     0.780322E+02    3873.676414
  8.     0.788083E+02    3873.676414
  8.     0.102066E+03    3873.676414
  8.     0.117315E+03    3873.676414
  8.     0.131910E+03    3873.676414
  8.     0.163255E+03    3873.676414
  8.     0.167900E+03    3873.676414
  8.     0.208372E+03    3873.676414
  8.     0.218367E+03    3873.676414
  8.     0.256370E+03    3873.676414
  8.     0.279367E+03    3873.676414
  8.     0.297621E+03    3873.676414
  8.     0.302910E+03    3873.676414
  8.     0.310336E+03    3873.676414
  8.     0.318390E+03    3873.676414
  8.     0.340182E+03    3873.676414
  8.     0.349661E+03    3873.676414
  8.     0.372616E+03    3873.676414
  8.     0.374014E+03    3873.676414
  8.     0.411165E+03    3873.676414
  8.     0.427066E+03    3873.676414
  8.     0.442429E+03    3873.676414
  9.     0.780322E+02    4967.681622
  9.     0.788083E+02    4967.681622
  9.     0.102066E+03    4967.681622
  9.     0.117315E+03    4967.681622
  9.     0.131910E+03    4967.681622
  9.     0.163255E+03    4967.681622
  9.     0.167900E+03    4967.681622
  9.     0.208372E+03    4967.681622
  9.     0.218367E+03    4967.681622
  9.     0.256370E+03    4967.681622
  9.     0.279367E+03    4967.681622
  9.     0.297621E+03    4967.681622
  9.     0.302910E+03    4967.681622
  9.     0.310336E+03    4967.681622
  9.     0.318390E+03    4967.681622
  9.     0.340182E+03    4967.681622
  9.     0.349661E+03    4967.681622
  9.     0.372616E+03    4967.681622
  9.     0.374014E+03    4967.681622
  9.     0.411165E+03    4967.681622
  9.     0.427066E+03    4967.681622
  9.     0.442429E+03    4967.681622
 10.     0.788083E+02    5017.095076
 10.     0.102066E+03    5017.095076
 10.     0.117315E+03    5017.095076
 10.     0.131910E+03    5017.095076
 10.     0.163255E+03    5017.095076
 10.     0.167900E+03    5017.095076
 10.     0.208372E+03    5017.095076
 10.     0.218367E+03    5017.095076
 10.     0.256370E+03    5017.095076
 10.     0.279367E+03    5017.095076
 10.     0.297621E+03    5017.095076
 10.     0.302910E+03    5017.095076
 10.     0.310336E+03    5017.095076
 10.     0.318390E+03    5017.095076
 10.     0.340182E+03    5017.095076
 10.     0.349661E+03    5017.095076
 10.     0.372616E+03    5017.095076
 10.     0.374014E+03    5017.095076
 10.     0.411165E+03    5017.095076
 10.     0.427066E+03    5017.095076
 10.     0.442429E+03    5017.095076
 11.     0.102066E+03    6497.699251
 11.     0.117315E+03    6497.699251
 11.     0.131910E+03    6497.699251
 11.     0.163255E+03    6497.699251
 11.     0.167900E+03    6497.699251
 11.     0.208372E+03    6497.699251
 11.     0.218367E+03    6497.699251
 11.     0.256370E+03    6497.699251
 11.     0.279367E+03    6497.699251
 11.     0.297621E+03    6497.699251
 11.     0.302910E+03    6497.699251
 11.     0.310336E+03    6497.699251
 11.     0.318390E+03    6497.699251
 11.     0.340182E+03    6497.699251
 11.     0.349661E+03    6497.699251
 11.     0.372616E+03    6497.699251
 11.     0.374014E+03    6497.699251
 11.     0.411165E+03    6497.699251
 11.     0.427066E+03    6497.699251
 11.     0.442429E+03    6497.699251
 12.     0.117315E+03    7468.527121
 12.     0.131910E+03    7468.527121
 12.     0.163255E+03    7468.527121
 12.     0.167900E+03    7468.527121
 12.     0.208372E+03    7468.527121
 12.     0.218367E+03    7468.527121
 12.     0.256370E+03    7468.527121
 12.     0.279367E+03    7468.527121
 12.     0.297621E+03    7468.527121
 12.     0.302910E+03    7468.527121
 12.     0.310336E+03    7468.527121
 12.     0.318390E+03    7468.527121
 12.     0.340182E+03    7468.527121
 12.     0.349661E+03    7468.527121
 12.     0.372616E+03    7468.527121
 12.     0.374014E+03    7468.527121
 12.     0.411165E+03    7468.527121
 12.     0.427066E+03    7468.527121
 12.     0.442429E+03    7468.527121
 13.     0.131910E+03    8397.680028
 13.     0.163255E+03    8397.680028
 13.     0.167900E+03    8397.680028
 13.     0.208372E+03    8397.680028
 13.     0.218367E+03    8397.680028
 13.     0.256370E+03    8397.680028
 13.     0.279367E+03    8397.680028
 13.     0.297621E+03    8397.680028
 13.     0.302910E+03    8397.680028
 13.     0.310336E+03    8397.680028
 13.     0.318390E+03    8397.680028
 13.     0.340182E+03    8397.680028
 13.     0.349661E+03    8397.680028
 13.     0.372616E+03    8397.680028
 13.     0.374014E+03    8397.680028
 13.     0.411165E+03    8397.680028
 13.     0.427066E+03    8397.680028
 13.     0.442429E+03    8397.680028
 14.     0.163255E+03   10393.147122
 14.     0.167900E+03   10393.147122
 14.     0.208372E+03   10393.147122
 14.     0.218367E+03   10393.147122
 14.     0.256370E+03   10393.147122
 14.     0.279367E+03   10393.147122
 14.     0.297621E+03   10393.147122
 14.     0.302910E+03   10393.147122
 14.     0.310336E+03   10393.147122
 14.     0.318390E+03   10393.147122
 14.     0.340182E+03   10393.147122
 14.     0.349661E+03   10393.147122
 14.     0.372616E+03   10393.147122
 14.     0.374014E+03   10393.147122
 14.     0.411165E+03   10393.147122
 14.     0.427066E+03   10393.147122
 14.     0.442429E+03   10393.147122
 15.     0.167900E+03   10688.834957
 15.     0.208372E+03   10688.834957
 15.     0.218367E+03   10688.834957
 15.     0.256370E+03   10688.834957
 15.     0.279367E+03   10688.834957
 15.     0.297621E+03   10688.834957
 15.     0.302910E+03   10688.834957
 15.     0.310336E+03   10688.834957
 15.     0.318390E+03   10688.834957
 15.     0.340182E+03   10688.834957
 15.     0.349661E+03   10688.834957
 15.     0.372616E+03   10688.834957
 15.     0.374014E+03   10688.834957
 15.     0.411165E+03   10688.834957
 15.     0.427066E+03   10688.834957
 15.     0.442429E+03   10688.834957
 16.     0.208372E+03   13265.399136
 16.     0.218367E+03   13265.399136
 16.     0.256370E+03   13265.399136
 16.     0.279367E+03   13265.399136
 16.     0.297621E+03   13265.399136
 16.     0.302910E+03   13265.399136
 16.     0.310336E+03   13265.399136
 16.     0.318390E+03   13265.399136
 16.     0.340182E+03   13265.399136
 16.     0.349661E+03   13265.399136
 16.     0.372616E+03   13265.399136
 16.     0.374014E+03   13265.399136
 16.     0.411165E+03   13265.399136
 16.     0.427066E+03   13265.399136
 16.     0.442429E+03   13265.399136
 17.     0.218367E+03   13901.656467
 17.     0.256370E+03   13901.656467
 17.     0.279367E+03   13901.656467
 17.     0.297621E+03   13901.656467
 17.     0.302910E+03   13901.656467
 17.     0.310336E+03   13901.656467
 17.     0.318390E+03   13901.656467
 17.     0.340182E+03   13901.656467
 17.     0.349661E+03   13901.656467
 17.     0.372616E+03   13901.656467
 17.     0.374014E+03   13901.656467
 17.     0.411165E+03   13901.656467
 17.     0.427066E+03   13901.656467
 17.     0.442429E+03   13901.656467
 18.     0.256370E+03   16321.035832
 18.     0.279367E+03   16321.035832
 18.     0.297621E+03   16321.035832
 18.     0.302910E+03   16321.035832
 18.     0.310336E+03   16321.035832
 18.     0.318390E+03   16321.035832
 18.     0.340182E+03   16321.035832
 18.     0.349661E+03   16321.035832
 18.     0.372616E+03   16321.035832
 18.     0.374014E+03   16321.035832
 18.     0.411165E+03   16321.035832
 18.     0.427066E+03   16321.035832
 18.     0.442429E+03   16321.035832
 19.     0.279367E+03   17785.035563
 19.     0.297621E+03   17785.035563
 19.     0.302910E+03   17785.035563
 19.     0.310336E+03   17785.035563
 19.     0.318390E+03   17785.035563
 19.     0.340182E+03   17785.035563
 19.     0.349661E+03   17785.035563
 19.     0.372616E+03   17785.035563
 19.     0.374014E+03   17785.035563
 19.     0.411165E+03   17785.035563
 19.     0.427066E+03   17785.035563
 19.     0.442429E+03   17785.035563
 20.     0.297621E+03   18947.148783
 20.     0.302910E+03   18947.148783
 20.     0.310336E+03   18947.148783
 20.     0.318390E+03   18947.148783
 20.     0.340182E+03   18947.148783
 20.     0.349661E+03   18947.148783
 20.     0.372616E+03   18947.148783
 20.     0.374014E+03   18947.148783
 20.     0.411165E+03   18947.148783
 20.     0.427066E+03   18947.148783
 20.     0.442429E+03   18947.148783
 21.     0.302910E+03   19283.825445
 21.     0.310336E+03   19283.825445
 21.     0.318390E+03   19283.825445
 21.     0.340182E+03   19283.825445
 21.     0.349661E+03   19283.825445
 21.     0.372616E+03   19283.825445
 21.     0.374014E+03   19283.825445
 21.     0.411165E+03   19283.825445
 21.     0.427066E+03   19283.825445
 21.     0.442429E+03   19283.825445
 22.     0.310336E+03   19756.601719
 22.     0.318390E+03   19756.601719
 22.     0.340182E+03   19756.601719
 22.     0.349661E+03   19756.601719
 22.     0.372616E+03   19756.601719
 22.     0.374014E+03   19756.601719
 22.     0.411165E+03   19756.601719
 22.     0.427066E+03   19756.601719
 22.     0.442429E+03   19756.601719
 23.     0.318390E+03   20269.365463
 23.     0.340182E+03   20269.365463
 23.     0.349661E+03   20269.365463
 23.     0.372616E+03   20269.365463
 23.     0.374014E+03   20269.365463
 23.     0.411165E+03   20269.365463
 23.     0.427066E+03   20269.365463
 23.     0.442429E+03   20269.365463
 24.     0.340182E+03   21656.685345
 24.     0.349661E+03   21656.685345
 24.     0.372616E+03   21656.685345
 24.     0.374014E+03   21656.685345
 24.     0.411165E+03   21656.685345
 24.     0.427066E+03   21656.685345
 24.     0.442429E+03   21656.685345
 25.     0.349661E+03   22260.137109
 25.     0.372616E+03   22260.137109
 25.     0.374014E+03   22260.137109
 25.     0.411165E+03   22260.137109
 25.     0.427066E+03   22260.137109
 25.     0.442429E+03   22260.137109
 26.     0.372616E+03   23721.477930
 26.     0.374014E+03   23721.477930
 26.     0.411165E+03   23721.477930
 26.     0.427066E+03   23721.477930
 26.     0.442429E+03   23721.477930
 27.     0.374014E+03   23810.465901
 27.     0.411165E+03   23810.465901
 27.     0.427066E+03   23810.465901
 27.     0.442429E+03   23810.465901
 28.     0.411165E+03   26175.582415
 28.     0.427066E+03   26175.582415
 28.     0.442429E+03   26175.582415
 29.     0.427066E+03   27187.851299
 29.     0.442429E+03   27187.851299
 30.     0.442429E+03   28165.881648
