mode      f[Hz]           (PLANE183 SYMM mesh1 l/b=2.0 x80/y20; discard ~0 Hz rigid)
  1.     0.648641E-03
  2.     0.640787E+03
  3.     0.112636E+04
  4.     0.113771E+04
  5.     0.116113E+04
  6.     0.133025E+04
  7.     0.142707E+04
  8.     0.146066E+04
  9.     0.161250E+04
 10.     0.184915E+04
 11.     0.187528E+04
 12.     0.203409E+04
 13.     0.219132E+04
 14.     0.219530E+04
 15.     0.248344E+04
 16.     0.253912E+04
 17.     0.264535E+04
 18.     0.273393E+04
 19.     0.287944E+04
 20.     0.299727E+04
 21.     0.308037E+04
 22.     0.314713E+04
 23.     0.323785E+04
 24.     0.334894E+04
 25.     0.338056E+04
 26.     0.341312E+04
 27.     0.345261E+04
 28.     0.364041E+04
 29.     0.366919E+04
 30.     0.369387E+04
 31.     0.392669E+04
 32.     0.395360E+04
 33.     0.403227E+04
 34.     0.406162E+04
 35.     0.406933E+04
