mode       f_Hz              Lambda_FE   (ASYM=ANTI parity, l/b=1, SHELL281 mesh2)
      1.     0.00000000E+00       0.000000
      2.     0.00000000E+00       0.000000
      3.     0.22520601E-02       0.143371
      4.     0.33367979E+02    2124.271493
      5.     0.86140451E+02    5483.871416
      6.     0.15193872E+03    9672.719449
      7.     0.17115294E+03   10895.934628
      8.     0.19105710E+03   12163.072635
      9.     0.25927427E+03   16505.912854
     10.     0.32433336E+03   20647.703177
     11.     0.37420656E+03   23822.729550
     12.     0.48803138E+03   31069.042437
     13.     0.50102258E+03   31896.088047
     14.     0.52540271E+03   33448.175463
     15.     0.52540622E+03   33448.398669
     16.     0.59325300E+03   37767.659074
     17.     0.70805731E+03   45076.328574
     18.     0.72509232E+03   46160.810457
     19.     0.74847216E+03   47649.217498
     20.     0.87834302E+03   55917.053538
