mode      f[Hz]           (PLANE183 SYMM mesh2 l/b=1.0 x60/y30; convergence pass; must agree with mesh1 <0.3%)
  1.     0.929575E-03
  2.     0.106983E+04
  3.     0.113771E+04
  4.     0.129307E+04
  5.     0.149428E+04
  6.     0.161153E+04
  7.     0.215064E+04
  8.     0.218391E+04
  9.     0.261576E+04
 10.     0.264011E+04
 11.     0.281973E+04
 12.     0.301512E+04
 13.     0.323399E+04
 14.     0.341312E+04
 15.     0.341366E+04
 16.     0.381132E+04
 17.     0.390184E+04
 18.     0.402290E+04
 19.     0.407908E+04
 20.     0.409997E+04
 21.     0.424321E+04
 22.     0.433386E+04
 23.     0.441216E+04
 24.     0.448901E+04
 25.     0.478250E+04
 26.     0.488326E+04
 27.     0.497284E+04
 28.     0.502889E+04
 29.     0.509272E+04
 30.     0.528146E+04
 31.     0.532616E+04
 32.     0.547758E+04
 33.     0.560707E+04
 34.     0.568854E+04
 35.     0.573829E+04
