mode      f[Hz]           Lambda_FE    (ASYM=ODD parity; SHELL281 x60/y20; discard ~0Hz rigid + >30Hz likely-membrane)
  1.     0.000000E+00       0.000000
  1.     0.197715E-03       0.000000
  1.     0.147353E-02       0.000000
  1.     0.164902E+02       0.000000
  1.     0.362738E+02       0.000000
  1.     0.629386E+02       0.000000
  1.     0.993021E+02       0.000000
  1.     0.145554E+03       0.000000
  1.     0.152394E+03       0.000000
  1.     0.161851E+03       0.000000
  1.     0.182871E+03       0.000000
  1.     0.208707E+03       0.000000
  1.     0.219882E+03       0.000000
  1.     0.266800E+03       0.000000
  1.     0.279669E+03       0.000000
  1.     0.323179E+03       0.000000
  1.     0.362717E+03       0.000000
  1.     0.389032E+03       0.000000
  1.     0.422816E+03       0.000000
  1.     0.456517E+03       0.000000
  1.     0.464332E+03       0.000000
  1.     0.490089E+03       0.000000
  1.     0.497391E+03       0.000000
  1.     0.516445E+03       0.000000
  1.     0.550098E+03       0.000000
  1.     0.552075E+03       0.000000
  1.     0.565756E+03       0.000000
  1.     0.600116E+03       0.000000
  1.     0.645481E+03       0.000000
  1.     0.657895E+03       0.000000
  2.     0.197715E-03       0.012587
  2.     0.147353E-02       0.012587
  2.     0.164902E+02       0.012587
  2.     0.362738E+02       0.012587
  2.     0.629386E+02       0.012587
  2.     0.993021E+02       0.012587
  2.     0.145554E+03       0.012587
  2.     0.152394E+03       0.012587
  2.     0.161851E+03       0.012587
  2.     0.182871E+03       0.012587
  2.     0.208707E+03       0.012587
  2.     0.219882E+03       0.012587
  2.     0.266800E+03       0.012587
  2.     0.279669E+03       0.012587
  2.     0.323179E+03       0.012587
  2.     0.362717E+03       0.012587
  2.     0.389032E+03       0.012587
  2.     0.422816E+03       0.012587
  2.     0.456517E+03       0.012587
  2.     0.464332E+03       0.012587
  2.     0.490089E+03       0.012587
  2.     0.497391E+03       0.012587
  2.     0.516445E+03       0.012587
  2.     0.550098E+03       0.012587
  2.     0.552075E+03       0.012587
  2.     0.565756E+03       0.012587
  2.     0.600116E+03       0.012587
  2.     0.645481E+03       0.012587
  2.     0.657895E+03       0.012587
  3.     0.147353E-02       0.093808
  3.     0.164902E+02       0.093808
  3.     0.362738E+02       0.093808
  3.     0.629386E+02       0.093808
  3.     0.993021E+02       0.093808
  3.     0.145554E+03       0.093808
  3.     0.152394E+03       0.093808
  3.     0.161851E+03       0.093808
  3.     0.182871E+03       0.093808
  3.     0.208707E+03       0.093808
  3.     0.219882E+03       0.093808
  3.     0.266800E+03       0.093808
  3.     0.279669E+03       0.093808
  3.     0.323179E+03       0.093808
  3.     0.362717E+03       0.093808
  3.     0.389032E+03       0.093808
  3.     0.422816E+03       0.093808
  3.     0.456517E+03       0.093808
  3.     0.464332E+03       0.093808
  3.     0.490089E+03       0.093808
  3.     0.497391E+03       0.093808
  3.     0.516445E+03       0.093808
  3.     0.550098E+03       0.093808
  3.     0.552075E+03       0.093808
  3.     0.565756E+03       0.093808
  3.     0.600116E+03       0.093808
  3.     0.645481E+03       0.093808
  3.     0.657895E+03       0.093808
  4.     0.164902E+02    1049.799967
  4.     0.362738E+02    1049.799967
  4.     0.629386E+02    1049.799967
  4.     0.993021E+02    1049.799967
  4.     0.145554E+03    1049.799967
  4.     0.152394E+03    1049.799967
  4.     0.161851E+03    1049.799967
  4.     0.182871E+03    1049.799967
  4.     0.208707E+03    1049.799967
  4.     0.219882E+03    1049.799967
  4.     0.266800E+03    1049.799967
  4.     0.279669E+03    1049.799967
  4.     0.323179E+03    1049.799967
  4.     0.362717E+03    1049.799967
  4.     0.389032E+03    1049.799967
  4.     0.422816E+03    1049.799967
  4.     0.456517E+03    1049.799967
  4.     0.464332E+03    1049.799967
  4.     0.490089E+03    1049.799967
  4.     0.497391E+03    1049.799967
  4.     0.516445E+03    1049.799967
  4.     0.550098E+03    1049.799967
  4.     0.552075E+03    1049.799967
  4.     0.565756E+03    1049.799967
  4.     0.600116E+03    1049.799967
  4.     0.645481E+03    1049.799967
  4.     0.657895E+03    1049.799967
  5.     0.362738E+02    2309.263390
  5.     0.629386E+02    2309.263390
  5.     0.993021E+02    2309.263390
  5.     0.145554E+03    2309.263390
  5.     0.152394E+03    2309.263390
  5.     0.161851E+03    2309.263390
  5.     0.182871E+03    2309.263390
  5.     0.208707E+03    2309.263390
  5.     0.219882E+03    2309.263390
  5.     0.266800E+03    2309.263390
  5.     0.279669E+03    2309.263390
  5.     0.323179E+03    2309.263390
  5.     0.362717E+03    2309.263390
  5.     0.389032E+03    2309.263390
  5.     0.422816E+03    2309.263390
  5.     0.456517E+03    2309.263390
  5.     0.464332E+03    2309.263390
  5.     0.490089E+03    2309.263390
  5.     0.497391E+03    2309.263390
  5.     0.516445E+03    2309.263390
  5.     0.550098E+03    2309.263390
  5.     0.552075E+03    2309.263390
  5.     0.565756E+03    2309.263390
  5.     0.600116E+03    2309.263390
  5.     0.645481E+03    2309.263390
  5.     0.657895E+03    2309.263390
  6.     0.629386E+02    4006.793662
  6.     0.993021E+02    4006.793662
  6.     0.145554E+03    4006.793662
  6.     0.152394E+03    4006.793662
  6.     0.161851E+03    4006.793662
  6.     0.182871E+03    4006.793662
  6.     0.208707E+03    4006.793662
  6.     0.219882E+03    4006.793662
  6.     0.266800E+03    4006.793662
  6.     0.279669E+03    4006.793662
  6.     0.323179E+03    4006.793662
  6.     0.362717E+03    4006.793662
  6.     0.389032E+03    4006.793662
  6.     0.422816E+03    4006.793662
  6.     0.456517E+03    4006.793662
  6.     0.464332E+03    4006.793662
  6.     0.490089E+03    4006.793662
  6.     0.497391E+03    4006.793662
  6.     0.516445E+03    4006.793662
  6.     0.550098E+03    4006.793662
  6.     0.552075E+03    4006.793662
  6.     0.565756E+03    4006.793662
  6.     0.600116E+03    4006.793662
  6.     0.645481E+03    4006.793662
  6.     0.657895E+03    4006.793662
  7.     0.993021E+02    6321.769757
  7.     0.145554E+03    6321.769757
  7.     0.152394E+03    6321.769757
  7.     0.161851E+03    6321.769757
  7.     0.182871E+03    6321.769757
  7.     0.208707E+03    6321.769757
  7.     0.219882E+03    6321.769757
  7.     0.266800E+03    6321.769757
  7.     0.279669E+03    6321.769757
  7.     0.323179E+03    6321.769757
  7.     0.362717E+03    6321.769757
  7.     0.389032E+03    6321.769757
  7.     0.422816E+03    6321.769757
  7.     0.456517E+03    6321.769757
  7.     0.464332E+03    6321.769757
  7.     0.490089E+03    6321.769757
  7.     0.497391E+03    6321.769757
  7.     0.516445E+03    6321.769757
  7.     0.550098E+03    6321.769757
  7.     0.552075E+03    6321.769757
  7.     0.565756E+03    6321.769757
  7.     0.600116E+03    6321.769757
  7.     0.645481E+03    6321.769757
  7.     0.657895E+03    6321.769757
  8.     0.145554E+03    9266.271475
  8.     0.152394E+03    9266.271475
  8.     0.161851E+03    9266.271475
  8.     0.182871E+03    9266.271475
  8.     0.208707E+03    9266.271475
  8.     0.219882E+03    9266.271475
  8.     0.266800E+03    9266.271475
  8.     0.279669E+03    9266.271475
  8.     0.323179E+03    9266.271475
  8.     0.362717E+03    9266.271475
  8.     0.389032E+03    9266.271475
  8.     0.422816E+03    9266.271475
  8.     0.456517E+03    9266.271475
  8.     0.464332E+03    9266.271475
  8.     0.490089E+03    9266.271475
  8.     0.497391E+03    9266.271475
  8.     0.516445E+03    9266.271475
  8.     0.550098E+03    9266.271475
  8.     0.552075E+03    9266.271475
  8.     0.565756E+03    9266.271475
  8.     0.600116E+03    9266.271475
  8.     0.645481E+03    9266.271475
  8.     0.657895E+03    9266.271475
  9.     0.152394E+03    9701.684967
  9.     0.161851E+03    9701.684967
  9.     0.182871E+03    9701.684967
  9.     0.208707E+03    9701.684967
  9.     0.219882E+03    9701.684967
  9.     0.266800E+03    9701.684967
  9.     0.279669E+03    9701.684967
  9.     0.323179E+03    9701.684967
  9.     0.362717E+03    9701.684967
  9.     0.389032E+03    9701.684967
  9.     0.422816E+03    9701.684967
  9.     0.456517E+03    9701.684967
  9.     0.464332E+03    9701.684967
  9.     0.490089E+03    9701.684967
  9.     0.497391E+03    9701.684967
  9.     0.516445E+03    9701.684967
  9.     0.550098E+03    9701.684967
  9.     0.552075E+03    9701.684967
  9.     0.565756E+03    9701.684967
  9.     0.600116E+03    9701.684967
  9.     0.645481E+03    9701.684967
  9.     0.657895E+03    9701.684967
 10.     0.161851E+03   10303.761648
 10.     0.182871E+03   10303.761648
 10.     0.208707E+03   10303.761648
 10.     0.219882E+03   10303.761648
 10.     0.266800E+03   10303.761648
 10.     0.279669E+03   10303.761648
 10.     0.323179E+03   10303.761648
 10.     0.362717E+03   10303.761648
 10.     0.389032E+03   10303.761648
 10.     0.422816E+03   10303.761648
 10.     0.456517E+03   10303.761648
 10.     0.464332E+03   10303.761648
 10.     0.490089E+03   10303.761648
 10.     0.497391E+03   10303.761648
 10.     0.516445E+03   10303.761648
 10.     0.550098E+03   10303.761648
 10.     0.552075E+03   10303.761648
 10.     0.565756E+03   10303.761648
 10.     0.600116E+03   10303.761648
 10.     0.645481E+03   10303.761648
 10.     0.657895E+03   10303.761648
 11.     0.182871E+03   11641.943233
 11.     0.208707E+03   11641.943233
 11.     0.219882E+03   11641.943233
 11.     0.266800E+03   11641.943233
 11.     0.279669E+03   11641.943233
 11.     0.323179E+03   11641.943233
 11.     0.362717E+03   11641.943233
 11.     0.389032E+03   11641.943233
 11.     0.422816E+03   11641.943233
 11.     0.456517E+03   11641.943233
 11.     0.464332E+03   11641.943233
 11.     0.490089E+03   11641.943233
 11.     0.497391E+03   11641.943233
 11.     0.516445E+03   11641.943233
 11.     0.550098E+03   11641.943233
 11.     0.552075E+03   11641.943233
 11.     0.565756E+03   11641.943233
 11.     0.600116E+03   11641.943233
 11.     0.645481E+03   11641.943233
 11.     0.657895E+03   11641.943233
 12.     0.208707E+03   13286.689866
 12.     0.219882E+03   13286.689866
 12.     0.266800E+03   13286.689866
 12.     0.279669E+03   13286.689866
 12.     0.323179E+03   13286.689866
 12.     0.362717E+03   13286.689866
 12.     0.389032E+03   13286.689866
 12.     0.422816E+03   13286.689866
 12.     0.456517E+03   13286.689866
 12.     0.464332E+03   13286.689866
 12.     0.490089E+03   13286.689866
 12.     0.497391E+03   13286.689866
 12.     0.516445E+03   13286.689866
 12.     0.550098E+03   13286.689866
 12.     0.552075E+03   13286.689866
 12.     0.565756E+03   13286.689866
 12.     0.600116E+03   13286.689866
 12.     0.645481E+03   13286.689866
 12.     0.657895E+03   13286.689866
 13.     0.219882E+03   13998.110025
 13.     0.266800E+03   13998.110025
 13.     0.279669E+03   13998.110025
 13.     0.323179E+03   13998.110025
 13.     0.362717E+03   13998.110025
 13.     0.389032E+03   13998.110025
 13.     0.422816E+03   13998.110025
 13.     0.456517E+03   13998.110025
 13.     0.464332E+03   13998.110025
 13.     0.490089E+03   13998.110025
 13.     0.497391E+03   13998.110025
 13.     0.516445E+03   13998.110025
 13.     0.550098E+03   13998.110025
 13.     0.552075E+03   13998.110025
 13.     0.565756E+03   13998.110025
 13.     0.600116E+03   13998.110025
 13.     0.645481E+03   13998.110025
 13.     0.657895E+03   13998.110025
 14.     0.266800E+03   16985.005017
 14.     0.279669E+03   16985.005017
 14.     0.323179E+03   16985.005017
 14.     0.362717E+03   16985.005017
 14.     0.389032E+03   16985.005017
 14.     0.422816E+03   16985.005017
 14.     0.456517E+03   16985.005017
 14.     0.464332E+03   16985.005017
 14.     0.490089E+03   16985.005017
 14.     0.497391E+03   16985.005017
 14.     0.516445E+03   16985.005017
 14.     0.550098E+03   16985.005017
 14.     0.552075E+03   16985.005017
 14.     0.565756E+03   16985.005017
 14.     0.600116E+03   16985.005017
 14.     0.645481E+03   16985.005017
 14.     0.657895E+03   16985.005017
 15.     0.279669E+03   17804.270157
 15.     0.323179E+03   17804.270157
 15.     0.362717E+03   17804.270157
 15.     0.389032E+03   17804.270157
 15.     0.422816E+03   17804.270157
 15.     0.456517E+03   17804.270157
 15.     0.464332E+03   17804.270157
 15.     0.490089E+03   17804.270157
 15.     0.497391E+03   17804.270157
 15.     0.516445E+03   17804.270157
 15.     0.550098E+03   17804.270157
 15.     0.552075E+03   17804.270157
 15.     0.565756E+03   17804.270157
 15.     0.600116E+03   17804.270157
 15.     0.645481E+03   17804.270157
 15.     0.657895E+03   17804.270157
 16.     0.323179E+03   20574.187725
 16.     0.362717E+03   20574.187725
 16.     0.389032E+03   20574.187725
 16.     0.422816E+03   20574.187725
 16.     0.456517E+03   20574.187725
 16.     0.464332E+03   20574.187725
 16.     0.490089E+03   20574.187725
 16.     0.497391E+03   20574.187725
 16.     0.516445E+03   20574.187725
 16.     0.550098E+03   20574.187725
 16.     0.552075E+03   20574.187725
 16.     0.565756E+03   20574.187725
 16.     0.600116E+03   20574.187725
 16.     0.645481E+03   20574.187725
 16.     0.657895E+03   20574.187725
 17.     0.362717E+03   23091.253972
 17.     0.389032E+03   23091.253972
 17.     0.422816E+03   23091.253972
 17.     0.456517E+03   23091.253972
 17.     0.464332E+03   23091.253972
 17.     0.490089E+03   23091.253972
 17.     0.497391E+03   23091.253972
 17.     0.516445E+03   23091.253972
 17.     0.550098E+03   23091.253972
 17.     0.552075E+03   23091.253972
 17.     0.565756E+03   23091.253972
 17.     0.600116E+03   23091.253972
 17.     0.645481E+03   23091.253972
 17.     0.657895E+03   23091.253972
 18.     0.389032E+03   24766.520795
 18.     0.422816E+03   24766.520795
 18.     0.456517E+03   24766.520795
 18.     0.464332E+03   24766.520795
 18.     0.490089E+03   24766.520795
 18.     0.497391E+03   24766.520795
 18.     0.516445E+03   24766.520795
 18.     0.550098E+03   24766.520795
 18.     0.552075E+03   24766.520795
 18.     0.565756E+03   24766.520795
 18.     0.600116E+03   24766.520795
 18.     0.645481E+03   24766.520795
 18.     0.657895E+03   24766.520795
 19.     0.422816E+03   26917.284271
 19.     0.456517E+03   26917.284271
 19.     0.464332E+03   26917.284271
 19.     0.490089E+03   26917.284271
 19.     0.497391E+03   26917.284271
 19.     0.516445E+03   26917.284271
 19.     0.550098E+03   26917.284271
 19.     0.552075E+03   26917.284271
 19.     0.565756E+03   26917.284271
 19.     0.600116E+03   26917.284271
 19.     0.645481E+03   26917.284271
 19.     0.657895E+03   26917.284271
 20.     0.456517E+03   29062.759659
 20.     0.464332E+03   29062.759659
 20.     0.490089E+03   29062.759659
 20.     0.497391E+03   29062.759659
 20.     0.516445E+03   29062.759659
 20.     0.550098E+03   29062.759659
 20.     0.552075E+03   29062.759659
 20.     0.565756E+03   29062.759659
 20.     0.600116E+03   29062.759659
 20.     0.645481E+03   29062.759659
 20.     0.657895E+03   29062.759659
 21.     0.464332E+03   29560.276249
 21.     0.490089E+03   29560.276249
 21.     0.497391E+03   29560.276249
 21.     0.516445E+03   29560.276249
 21.     0.550098E+03   29560.276249
 21.     0.552075E+03   29560.276249
 21.     0.565756E+03   29560.276249
 21.     0.600116E+03   29560.276249
 21.     0.645481E+03   29560.276249
 21.     0.657895E+03   29560.276249
 22.     0.490089E+03   31200.054557
 22.     0.497391E+03   31200.054557
 22.     0.516445E+03   31200.054557
 22.     0.550098E+03   31200.054557
 22.     0.552075E+03   31200.054557
 22.     0.565756E+03   31200.054557
 22.     0.600116E+03   31200.054557
 22.     0.645481E+03   31200.054557
 22.     0.657895E+03   31200.054557
 23.     0.497391E+03   31664.875335
 23.     0.516445E+03   31664.875335
 23.     0.550098E+03   31664.875335
 23.     0.552075E+03   31664.875335
 23.     0.565756E+03   31664.875335
 23.     0.600116E+03   31664.875335
 23.     0.645481E+03   31664.875335
 23.     0.657895E+03   31664.875335
 24.     0.516445E+03   32877.934194
 24.     0.550098E+03   32877.934194
 24.     0.552075E+03   32877.934194
 24.     0.565756E+03   32877.934194
 24.     0.600116E+03   32877.934194
 24.     0.645481E+03   32877.934194
 24.     0.657895E+03   32877.934194
 25.     0.550098E+03   35020.294998
 25.     0.552075E+03   35020.294998
 25.     0.565756E+03   35020.294998
 25.     0.600116E+03   35020.294998
 25.     0.645481E+03   35020.294998
 25.     0.657895E+03   35020.294998
 26.     0.552075E+03   35146.169752
 26.     0.565756E+03   35146.169752
 26.     0.600116E+03   35146.169752
 26.     0.645481E+03   35146.169752
 26.     0.657895E+03   35146.169752
 27.     0.565756E+03   36017.128994
 27.     0.600116E+03   36017.128994
 27.     0.645481E+03   36017.128994
 27.     0.657895E+03   36017.128994
 28.     0.600116E+03   38204.588474
 28.     0.645481E+03   38204.588474
 28.     0.657895E+03   38204.588474
 29.     0.645481E+03   41092.567416
 29.     0.657895E+03   41092.567416
 30.     0.657895E+03   41882.908730
