mode       f_Hz              Lambda_FE   (SYMM=SYM parity, l/b=3, SHELL281 mesh2)
      1.     0.00000000E+00       0.000000
      2.     0.65344639E-03       0.041600
      3.     0.76657816E-03       0.048802
      4.     0.59508274E+01     378.841439
      5.     0.16521213E+02    1051.773078
      6.     0.32504100E+02    2069.275268
      7.     0.53131210E+02    3382.437904
      8.     0.55455552E+02    3530.410107
      9.     0.60658428E+02    3861.635485
     10.     0.71207031E+02    4533.180411
     11.     0.82016059E+02    5221.304459
     12.     0.89400366E+02    5691.404064
     13.     0.11173546E+03    7113.300272
     14.     0.11401193E+03    7258.224910
     15.     0.13805794E+03    8789.041122
     16.     0.15162335E+03    9652.642417
     17.     0.16845027E+03   10723.877484
     18.     0.19454889E+03   12385.367048
     19.     0.20314578E+03   12932.661937
     20.     0.24144451E+03   15370.835199
