mode       f_Hz              Lambda_FE   (SYMM=SYM parity, l/b=2.5, SHELL281 mesh2)
      1.     0.00000000E+00       0.000000
      2.     0.11316116E-03       0.007204
      3.     0.75904636E-03       0.048322
      4.     0.85749260E+01     545.896743
      5.     0.23815613E+02    1516.148989
      6.     0.46460387E+02    2957.760081
      7.     0.56002712E+02    3565.243373
      8.     0.60847541E+02    3873.674764
      9.     0.78032127E+02    4967.679484
     10.     0.78808276E+02    5017.090694
     11.     0.10206557E+03    6497.696101
     12.     0.11731512E+03    7468.512694
     13.     0.13191036E+03    8397.674380
     14.     0.16325463E+03   10393.112819
     15.     0.16789957E+03   10688.818291
     16.     0.20837201E+03   13265.373977
     17.     0.21836524E+03   13901.563215
     18.     0.25636939E+03   16320.982197
     19.     0.27936358E+03   17784.837733
     20.     0.29761751E+03   18946.918847
