mode       f_Hz              Lambda_FE   (SYMM=SYM parity, l/b=1, SHELL281 mesh2)
      1.     0.00000000E+00       0.000000
      2.     0.86327247E-03       0.054958
      3.     0.11881803E-02       0.075642
      4.     0.48896991E+02    3112.879110
      5.     0.60536019E+02    3853.842678
      6.     0.86140451E+02    5483.871416
      7.     0.15193872E+03    9672.719449
      8.     0.15700214E+03    9995.066588
      9.     0.25927427E+03   16505.912854
     10.     0.28993111E+03   18457.587614
     11.     0.30321055E+03   19302.983171
     12.     0.32433336E+03   20647.703177
     13.     0.39570816E+03   25191.564000
     14.     0.41344678E+03   26320.839594
     15.     0.48803138E+03   31069.042437
     16.     0.52540622E+03   33448.398668
     17.     0.59325300E+03   37767.659074
     18.     0.68200781E+03   43417.965468
     19.     0.71801865E+03   45710.486826
     20.     0.73345216E+03   46693.014418
