mode      f[Hz]           Lambda_FE    (SYMM=EVEN parity; SHELL281 x60/y20; discard ~0Hz rigid + >30Hz likely-membrane)
  1.     0.000000E+00       0.000000
  1.     0.500035E-03       0.000000
  1.     0.829333E-03       0.000000
  1.     0.134021E+02       0.000000
  1.     0.371780E+02       0.000000
  1.     0.548928E+02       0.000000
  1.     0.646640E+02       0.000000
  1.     0.739469E+02       0.000000
  1.     0.893410E+02       0.000000
  1.     0.120143E+03       0.000000
  1.     0.125511E+03       0.000000
  1.     0.165016E+03       0.000000
  1.     0.183696E+03       0.000000
  1.     0.216949E+03       0.000000
  1.     0.255651E+03       0.000000
  1.     0.278255E+03       0.000000
  1.     0.298366E+03       0.000000
  1.     0.304404E+03       0.000000
  1.     0.325909E+03       0.000000
  1.     0.341898E+03       0.000000
  1.     0.350839E+03       0.000000
  1.     0.364208E+03       0.000000
  1.     0.409645E+03       0.000000
  1.     0.436426E+03       0.000000
  1.     0.437019E+03       0.000000
  1.     0.468743E+03       0.000000
  1.     0.531584E+03       0.000000
  1.     0.535910E+03       0.000000
  1.     0.544982E+03       0.000000
  1.     0.615257E+03       0.000000
  2.     0.500035E-03       0.031833
  2.     0.829333E-03       0.031833
  2.     0.134021E+02       0.031833
  2.     0.371780E+02       0.031833
  2.     0.548928E+02       0.031833
  2.     0.646640E+02       0.031833
  2.     0.739469E+02       0.031833
  2.     0.893410E+02       0.031833
  2.     0.120143E+03       0.031833
  2.     0.125511E+03       0.031833
  2.     0.165016E+03       0.031833
  2.     0.183696E+03       0.031833
  2.     0.216949E+03       0.031833
  2.     0.255651E+03       0.031833
  2.     0.278255E+03       0.031833
  2.     0.298366E+03       0.031833
  2.     0.304404E+03       0.031833
  2.     0.325909E+03       0.031833
  2.     0.341898E+03       0.031833
  2.     0.350839E+03       0.031833
  2.     0.364208E+03       0.031833
  2.     0.409645E+03       0.031833
  2.     0.436426E+03       0.031833
  2.     0.437019E+03       0.031833
  2.     0.468743E+03       0.031833
  2.     0.531584E+03       0.031833
  2.     0.535910E+03       0.031833
  2.     0.544982E+03       0.031833
  2.     0.615257E+03       0.031833
  3.     0.829333E-03       0.052797
  3.     0.134021E+02       0.052797
  3.     0.371780E+02       0.052797
  3.     0.548928E+02       0.052797
  3.     0.646640E+02       0.052797
  3.     0.739469E+02       0.052797
  3.     0.893410E+02       0.052797
  3.     0.120143E+03       0.052797
  3.     0.125511E+03       0.052797
  3.     0.165016E+03       0.052797
  3.     0.183696E+03       0.052797
  3.     0.216949E+03       0.052797
  3.     0.255651E+03       0.052797
  3.     0.278255E+03       0.052797
  3.     0.298366E+03       0.052797
  3.     0.304404E+03       0.052797
  3.     0.325909E+03       0.052797
  3.     0.341898E+03       0.052797
  3.     0.350839E+03       0.052797
  3.     0.364208E+03       0.052797
  3.     0.409645E+03       0.052797
  3.     0.436426E+03       0.052797
  3.     0.437019E+03       0.052797
  3.     0.468743E+03       0.052797
  3.     0.531584E+03       0.052797
  3.     0.535910E+03       0.052797
  3.     0.544982E+03       0.052797
  3.     0.615257E+03       0.052797
  4.     0.134021E+02     853.201659
  4.     0.371780E+02     853.201659
  4.     0.548928E+02     853.201659
  4.     0.646640E+02     853.201659
  4.     0.739469E+02     853.201659
  4.     0.893410E+02     853.201659
  4.     0.120143E+03     853.201659
  4.     0.125511E+03     853.201659
  4.     0.165016E+03     853.201659
  4.     0.183696E+03     853.201659
  4.     0.216949E+03     853.201659
  4.     0.255651E+03     853.201659
  4.     0.278255E+03     853.201659
  4.     0.298366E+03     853.201659
  4.     0.304404E+03     853.201659
  4.     0.325909E+03     853.201659
  4.     0.341898E+03     853.201659
  4.     0.350839E+03     853.201659
  4.     0.364208E+03     853.201659
  4.     0.409645E+03     853.201659
  4.     0.436426E+03     853.201659
  4.     0.437019E+03     853.201659
  4.     0.468743E+03     853.201659
  4.     0.531584E+03     853.201659
  4.     0.535910E+03     853.201659
  4.     0.544982E+03     853.201659
  4.     0.615257E+03     853.201659
  5.     0.371780E+02    2366.826692
  5.     0.548928E+02    2366.826692
  5.     0.646640E+02    2366.826692
  5.     0.739469E+02    2366.826692
  5.     0.893410E+02    2366.826692
  5.     0.120143E+03    2366.826692
  5.     0.125511E+03    2366.826692
  5.     0.165016E+03    2366.826692
  5.     0.183696E+03    2366.826692
  5.     0.216949E+03    2366.826692
  5.     0.255651E+03    2366.826692
  5.     0.278255E+03    2366.826692
  5.     0.298366E+03    2366.826692
  5.     0.304404E+03    2366.826692
  5.     0.325909E+03    2366.826692
  5.     0.341898E+03    2366.826692
  5.     0.350839E+03    2366.826692
  5.     0.364208E+03    2366.826692
  5.     0.409645E+03    2366.826692
  5.     0.436426E+03    2366.826692
  5.     0.437019E+03    2366.826692
  5.     0.468743E+03    2366.826692
  5.     0.531584E+03    2366.826692
  5.     0.535910E+03    2366.826692
  5.     0.544982E+03    2366.826692
  5.     0.615257E+03    2366.826692
  6.     0.548928E+02    3494.582418
  6.     0.646640E+02    3494.582418
  6.     0.739469E+02    3494.582418
  6.     0.893410E+02    3494.582418
  6.     0.120143E+03    3494.582418
  6.     0.125511E+03    3494.582418
  6.     0.165016E+03    3494.582418
  6.     0.183696E+03    3494.582418
  6.     0.216949E+03    3494.582418
  6.     0.255651E+03    3494.582418
  6.     0.278255E+03    3494.582418
  6.     0.298366E+03    3494.582418
  6.     0.304404E+03    3494.582418
  6.     0.325909E+03    3494.582418
  6.     0.341898E+03    3494.582418
  6.     0.350839E+03    3494.582418
  6.     0.364208E+03    3494.582418
  6.     0.409645E+03    3494.582418
  6.     0.436426E+03    3494.582418
  6.     0.437019E+03    3494.582418
  6.     0.468743E+03    3494.582418
  6.     0.531584E+03    3494.582418
  6.     0.535910E+03    3494.582418
  6.     0.544982E+03    3494.582418
  6.     0.615257E+03    3494.582418
  7.     0.646640E+02    4116.639305
  7.     0.739469E+02    4116.639305
  7.     0.893410E+02    4116.639305
  7.     0.120143E+03    4116.639305
  7.     0.125511E+03    4116.639305
  7.     0.165016E+03    4116.639305
  7.     0.183696E+03    4116.639305
  7.     0.216949E+03    4116.639305
  7.     0.255651E+03    4116.639305
  7.     0.278255E+03    4116.639305
  7.     0.298366E+03    4116.639305
  7.     0.304404E+03    4116.639305
  7.     0.325909E+03    4116.639305
  7.     0.341898E+03    4116.639305
  7.     0.350839E+03    4116.639305
  7.     0.364208E+03    4116.639305
  7.     0.409645E+03    4116.639305
  7.     0.436426E+03    4116.639305
  7.     0.437019E+03    4116.639305
  7.     0.468743E+03    4116.639305
  7.     0.531584E+03    4116.639305
  7.     0.535910E+03    4116.639305
  7.     0.544982E+03    4116.639305
  7.     0.615257E+03    4116.639305
  8.     0.739469E+02    4707.605353
  8.     0.893410E+02    4707.605353
  8.     0.120143E+03    4707.605353
  8.     0.125511E+03    4707.605353
  8.     0.165016E+03    4707.605353
  8.     0.183696E+03    4707.605353
  8.     0.216949E+03    4707.605353
  8.     0.255651E+03    4707.605353
  8.     0.278255E+03    4707.605353
  8.     0.298366E+03    4707.605353
  8.     0.304404E+03    4707.605353
  8.     0.325909E+03    4707.605353
  8.     0.341898E+03    4707.605353
  8.     0.350839E+03    4707.605353
  8.     0.364208E+03    4707.605353
  8.     0.409645E+03    4707.605353
  8.     0.436426E+03    4707.605353
  8.     0.437019E+03    4707.605353
  8.     0.468743E+03    4707.605353
  8.     0.531584E+03    4707.605353
  8.     0.535910E+03    4707.605353
  8.     0.544982E+03    4707.605353
  8.     0.615257E+03    4707.605353
  9.     0.893410E+02    5687.627782
  9.     0.120143E+03    5687.627782
  9.     0.125511E+03    5687.627782
  9.     0.165016E+03    5687.627782
  9.     0.183696E+03    5687.627782
  9.     0.216949E+03    5687.627782
  9.     0.255651E+03    5687.627782
  9.     0.278255E+03    5687.627782
  9.     0.298366E+03    5687.627782
  9.     0.304404E+03    5687.627782
  9.     0.325909E+03    5687.627782
  9.     0.341898E+03    5687.627782
  9.     0.350839E+03    5687.627782
  9.     0.364208E+03    5687.627782
  9.     0.409645E+03    5687.627782
  9.     0.436426E+03    5687.627782
  9.     0.437019E+03    5687.627782
  9.     0.468743E+03    5687.627782
  9.     0.531584E+03    5687.627782
  9.     0.535910E+03    5687.627782
  9.     0.544982E+03    5687.627782
  9.     0.615257E+03    5687.627782
 10.     0.120143E+03    7648.559558
 10.     0.125511E+03    7648.559558
 10.     0.165016E+03    7648.559558
 10.     0.183696E+03    7648.559558
 10.     0.216949E+03    7648.559558
 10.     0.255651E+03    7648.559558
 10.     0.278255E+03    7648.559558
 10.     0.298366E+03    7648.559558
 10.     0.304404E+03    7648.559558
 10.     0.325909E+03    7648.559558
 10.     0.341898E+03    7648.559558
 10.     0.350839E+03    7648.559558
 10.     0.364208E+03    7648.559558
 10.     0.409645E+03    7648.559558
 10.     0.436426E+03    7648.559558
 10.     0.437019E+03    7648.559558
 10.     0.468743E+03    7648.559558
 10.     0.531584E+03    7648.559558
 10.     0.535910E+03    7648.559558
 10.     0.544982E+03    7648.559558
 10.     0.615257E+03    7648.559558
 11.     0.125511E+03    7990.247421
 11.     0.165016E+03    7990.247421
 11.     0.183696E+03    7990.247421
 11.     0.216949E+03    7990.247421
 11.     0.255651E+03    7990.247421
 11.     0.278255E+03    7990.247421
 11.     0.298366E+03    7990.247421
 11.     0.304404E+03    7990.247421
 11.     0.325909E+03    7990.247421
 11.     0.341898E+03    7990.247421
 11.     0.350839E+03    7990.247421
 11.     0.364208E+03    7990.247421
 11.     0.409645E+03    7990.247421
 11.     0.436426E+03    7990.247421
 11.     0.437019E+03    7990.247421
 11.     0.468743E+03    7990.247421
 11.     0.531584E+03    7990.247421
 11.     0.535910E+03    7990.247421
 11.     0.544982E+03    7990.247421
 11.     0.615257E+03    7990.247421
 12.     0.165016E+03   10505.222667
 12.     0.183696E+03   10505.222667
 12.     0.216949E+03   10505.222667
 12.     0.255651E+03   10505.222667
 12.     0.278255E+03   10505.222667
 12.     0.298366E+03   10505.222667
 12.     0.304404E+03   10505.222667
 12.     0.325909E+03   10505.222667
 12.     0.341898E+03   10505.222667
 12.     0.350839E+03   10505.222667
 12.     0.364208E+03   10505.222667
 12.     0.409645E+03   10505.222667
 12.     0.436426E+03   10505.222667
 12.     0.437019E+03   10505.222667
 12.     0.468743E+03   10505.222667
 12.     0.531584E+03   10505.222667
 12.     0.535910E+03   10505.222667
 12.     0.544982E+03   10505.222667
 12.     0.615257E+03   10505.222667
 13.     0.183696E+03   11694.447255
 13.     0.216949E+03   11694.447255
 13.     0.255651E+03   11694.447255
 13.     0.278255E+03   11694.447255
 13.     0.298366E+03   11694.447255
 13.     0.304404E+03   11694.447255
 13.     0.325909E+03   11694.447255
 13.     0.341898E+03   11694.447255
 13.     0.350839E+03   11694.447255
 13.     0.364208E+03   11694.447255
 13.     0.409645E+03   11694.447255
 13.     0.436426E+03   11694.447255
 13.     0.437019E+03   11694.447255
 13.     0.468743E+03   11694.447255
 13.     0.531584E+03   11694.447255
 13.     0.535910E+03   11694.447255
 13.     0.544982E+03   11694.447255
 13.     0.615257E+03   11694.447255
 14.     0.216949E+03   13811.401991
 14.     0.255651E+03   13811.401991
 14.     0.278255E+03   13811.401991
 14.     0.298366E+03   13811.401991
 14.     0.304404E+03   13811.401991
 14.     0.325909E+03   13811.401991
 14.     0.341898E+03   13811.401991
 14.     0.350839E+03   13811.401991
 14.     0.364208E+03   13811.401991
 14.     0.409645E+03   13811.401991
 14.     0.436426E+03   13811.401991
 14.     0.437019E+03   13811.401991
 14.     0.468743E+03   13811.401991
 14.     0.531584E+03   13811.401991
 14.     0.535910E+03   13811.401991
 14.     0.544982E+03   13811.401991
 14.     0.615257E+03   13811.401991
 15.     0.255651E+03   16275.228486
 15.     0.278255E+03   16275.228486
 15.     0.298366E+03   16275.228486
 15.     0.304404E+03   16275.228486
 15.     0.325909E+03   16275.228486
 15.     0.341898E+03   16275.228486
 15.     0.350839E+03   16275.228486
 15.     0.364208E+03   16275.228486
 15.     0.409645E+03   16275.228486
 15.     0.436426E+03   16275.228486
 15.     0.437019E+03   16275.228486
 15.     0.468743E+03   16275.228486
 15.     0.531584E+03   16275.228486
 15.     0.535910E+03   16275.228486
 15.     0.544982E+03   16275.228486
 15.     0.615257E+03   16275.228486
 16.     0.278255E+03   17714.271920
 16.     0.298366E+03   17714.271920
 16.     0.304404E+03   17714.271920
 16.     0.325909E+03   17714.271920
 16.     0.341898E+03   17714.271920
 16.     0.350839E+03   17714.271920
 16.     0.364208E+03   17714.271920
 16.     0.409645E+03   17714.271920
 16.     0.436426E+03   17714.271920
 16.     0.437019E+03   17714.271920
 16.     0.468743E+03   17714.271920
 16.     0.531584E+03   17714.271920
 16.     0.535910E+03   17714.271920
 16.     0.544982E+03   17714.271920
 16.     0.615257E+03   17714.271920
 17.     0.298366E+03   18994.568288
 17.     0.304404E+03   18994.568288
 17.     0.325909E+03   18994.568288
 17.     0.341898E+03   18994.568288
 17.     0.350839E+03   18994.568288
 17.     0.364208E+03   18994.568288
 17.     0.409645E+03   18994.568288
 17.     0.436426E+03   18994.568288
 17.     0.437019E+03   18994.568288
 17.     0.468743E+03   18994.568288
 17.     0.531584E+03   18994.568288
 17.     0.535910E+03   18994.568288
 17.     0.544982E+03   18994.568288
 17.     0.615257E+03   18994.568288
 18.     0.304404E+03   19378.979136
 18.     0.325909E+03   19378.979136
 18.     0.341898E+03   19378.979136
 18.     0.350839E+03   19378.979136
 18.     0.364208E+03   19378.979136
 18.     0.409645E+03   19378.979136
 18.     0.436426E+03   19378.979136
 18.     0.437019E+03   19378.979136
 18.     0.468743E+03   19378.979136
 18.     0.531584E+03   19378.979136
 18.     0.535910E+03   19378.979136
 18.     0.544982E+03   19378.979136
 18.     0.615257E+03   19378.979136
 19.     0.325909E+03   20748.007477
 19.     0.341898E+03   20748.007477
 19.     0.350839E+03   20748.007477
 19.     0.364208E+03   20748.007477
 19.     0.409645E+03   20748.007477
 19.     0.436426E+03   20748.007477
 19.     0.437019E+03   20748.007477
 19.     0.468743E+03   20748.007477
 19.     0.531584E+03   20748.007477
 19.     0.535910E+03   20748.007477
 19.     0.544982E+03   20748.007477
 19.     0.615257E+03   20748.007477
 20.     0.341898E+03   21765.924879
 20.     0.350839E+03   21765.924879
 20.     0.364208E+03   21765.924879
 20.     0.409645E+03   21765.924879
 20.     0.436426E+03   21765.924879
 20.     0.437019E+03   21765.924879
 20.     0.468743E+03   21765.924879
 20.     0.531584E+03   21765.924879
 20.     0.535910E+03   21765.924879
 20.     0.544982E+03   21765.924879
 20.     0.615257E+03   21765.924879
 21.     0.350839E+03   22335.093899
 21.     0.364208E+03   22335.093899
 21.     0.409645E+03   22335.093899
 21.     0.436426E+03   22335.093899
 21.     0.437019E+03   22335.093899
 21.     0.468743E+03   22335.093899
 21.     0.531584E+03   22335.093899
 21.     0.535910E+03   22335.093899
 21.     0.544982E+03   22335.093899
 21.     0.615257E+03   22335.093899
 22.     0.364208E+03   23186.218333
 22.     0.409645E+03   23186.218333
 22.     0.436426E+03   23186.218333
 22.     0.437019E+03   23186.218333
 22.     0.468743E+03   23186.218333
 22.     0.531584E+03   23186.218333
 22.     0.535910E+03   23186.218333
 22.     0.544982E+03   23186.218333
 22.     0.615257E+03   23186.218333
 23.     0.409645E+03   26078.832036
 23.     0.436426E+03   26078.832036
 23.     0.437019E+03   26078.832036
 23.     0.468743E+03   26078.832036
 23.     0.531584E+03   26078.832036
 23.     0.535910E+03   26078.832036
 23.     0.544982E+03   26078.832036
 23.     0.615257E+03   26078.832036
 24.     0.436426E+03   27783.728744
 24.     0.437019E+03   27783.728744
 24.     0.468743E+03   27783.728744
 24.     0.531584E+03   27783.728744
 24.     0.535910E+03   27783.728744
 24.     0.544982E+03   27783.728744
 24.     0.615257E+03   27783.728744
 25.     0.437019E+03   27821.492348
 25.     0.468743E+03   27821.492348
 25.     0.531584E+03   27821.492348
 25.     0.535910E+03   27821.492348
 25.     0.544982E+03   27821.492348
 25.     0.615257E+03   27821.492348
 26.     0.468743E+03   29841.092150
 26.     0.531584E+03   29841.092150
 26.     0.535910E+03   29841.092150
 26.     0.544982E+03   29841.092150
 26.     0.615257E+03   29841.092150
 27.     0.531584E+03   33841.665189
 27.     0.535910E+03   33841.665189
 27.     0.544982E+03   33841.665189
 27.     0.615257E+03   33841.665189
 28.     0.535910E+03   34117.080098
 28.     0.544982E+03   34117.080098
 28.     0.615257E+03   34117.080098
 29.     0.544982E+03   34694.639439
 29.     0.615257E+03   34694.639439
 30.     0.615257E+03   39168.506246
