mode       f_Hz              Lambda_FE   (ASYM=ANTI parity, l/b=3, SHELL281 mesh2)
      1.     0.00000000E+00       0.000000
      2.     0.00000000E+00       0.000000
      3.     0.25100359E-02       0.159794
      4.     0.10863195E+02     691.572496
      5.     0.22948840E+02    1460.968544
      6.     0.37415425E+02    2381.939918
      7.     0.55323458E+02    3522.000713
      8.     0.77508703E+02    4934.357296
      9.     0.10446105E+03    6650.197267
     10.     0.13611615E+03    8665.423333
     11.     0.15247251E+03    9706.701277
     12.     0.15645563E+03    9960.274960
     13.     0.16579554E+03   10554.872003
     14.     0.17592538E+03   11199.757434
     15.     0.18450162E+03   11745.737904
     16.     0.20803351E+03   13243.824432
     17.     0.21735553E+03   13837.282844
     18.     0.22661622E+03   14426.836404
     19.     0.23655474E+03   15059.542679
     20.     0.26398123E+03   16805.567040
