mode      f[Hz]              Omega   (TARGET mesh 64x64: BC=0,ISO=1,BREF=0,PHI=90; compare to plate_solver Omega_lit=[12.6596,15.1389,24.3442,33.3391,37.9182,39.5575,54.0755,63.2524] and to the NRAD=NCIRC=48 baseline)
  1.     0.00000000E+00         0.000000
  1.     0.00000000E+00         0.000000
  1.     0.00000000E+00         0.000000
  1.     0.23138026E-04         0.000000
  1.     0.60400974E-04         0.000000
  1.     0.88833541E-04         0.000000
  1.     0.47257041E+01         0.000000
  1.     0.75563145E+01         0.000000
  1.     0.11813443E+02         0.000000
  1.     0.16814656E+02         0.000000
  1.     0.21506405E+02         0.000000
  1.     0.28567611E+02         0.000000
  1.     0.29219052E+02         0.000000
  1.     0.31905079E+02         0.000000
  1.     0.34818634E+02         0.000000
  1.     0.43327655E+02         0.000000
  1.     0.45672973E+02         0.000000
  1.     0.49907613E+02         0.000000
  1.     0.58507242E+02         0.000000
  1.     0.64130134E+02         0.000000
  1.     0.69528442E+02         0.000000
  1.     0.76556205E+02         0.000000
  1.     0.78262893E+02         0.000000
  1.     0.80602893E+02         0.000000
  2.     0.00000000E+00         0.000000
  2.     0.00000000E+00         0.000000
  2.     0.23138026E-04         0.000000
  2.     0.60400974E-04         0.000000
  2.     0.88833541E-04         0.000000
  2.     0.47257041E+01         0.000000
  2.     0.75563145E+01         0.000000
  2.     0.11813443E+02         0.000000
  2.     0.16814656E+02         0.000000
  2.     0.21506405E+02         0.000000
  2.     0.28567611E+02         0.000000
  2.     0.29219052E+02         0.000000
  2.     0.31905079E+02         0.000000
  2.     0.34818634E+02         0.000000
  2.     0.43327655E+02         0.000000
  2.     0.45672973E+02         0.000000
  2.     0.49907613E+02         0.000000
  2.     0.58507242E+02         0.000000
  2.     0.64130134E+02         0.000000
  2.     0.69528442E+02         0.000000
  2.     0.76556205E+02         0.000000
  2.     0.78262893E+02         0.000000
  2.     0.80602893E+02         0.000000
  3.     0.00000000E+00         0.000000
  3.     0.23138026E-04         0.000000
  3.     0.60400974E-04         0.000000
  3.     0.88833541E-04         0.000000
  3.     0.47257041E+01         0.000000
  3.     0.75563145E+01         0.000000
  3.     0.11813443E+02         0.000000
  3.     0.16814656E+02         0.000000
  3.     0.21506405E+02         0.000000
  3.     0.28567611E+02         0.000000
  3.     0.29219052E+02         0.000000
  3.     0.31905079E+02         0.000000
  3.     0.34818634E+02         0.000000
  3.     0.43327655E+02         0.000000
  3.     0.45672973E+02         0.000000
  3.     0.49907613E+02         0.000000
  3.     0.58507242E+02         0.000000
  3.     0.64130134E+02         0.000000
  3.     0.69528442E+02         0.000000
  3.     0.76556205E+02         0.000000
  3.     0.78262893E+02         0.000000
  3.     0.80602893E+02         0.000000
  4.     0.23138026E-04         0.000074
  4.     0.60400974E-04         0.000074
  4.     0.88833541E-04         0.000074
  4.     0.47257041E+01         0.000074
  4.     0.75563145E+01         0.000074
  4.     0.11813443E+02         0.000074
  4.     0.16814656E+02         0.000074
  4.     0.21506405E+02         0.000074
  4.     0.28567611E+02         0.000074
  4.     0.29219052E+02         0.000074
  4.     0.31905079E+02         0.000074
  4.     0.34818634E+02         0.000074
  4.     0.43327655E+02         0.000074
  4.     0.45672973E+02         0.000074
  4.     0.49907613E+02         0.000074
  4.     0.58507242E+02         0.000074
  4.     0.64130134E+02         0.000074
  4.     0.69528442E+02         0.000074
  4.     0.76556205E+02         0.000074
  4.     0.78262893E+02         0.000074
  4.     0.80602893E+02         0.000074
  5.     0.60400974E-04         0.000193
  5.     0.88833541E-04         0.000193
  5.     0.47257041E+01         0.000193
  5.     0.75563145E+01         0.000193
  5.     0.11813443E+02         0.000193
  5.     0.16814656E+02         0.000193
  5.     0.21506405E+02         0.000193
  5.     0.28567611E+02         0.000193
  5.     0.29219052E+02         0.000193
  5.     0.31905079E+02         0.000193
  5.     0.34818634E+02         0.000193
  5.     0.43327655E+02         0.000193
  5.     0.45672973E+02         0.000193
  5.     0.49907613E+02         0.000193
  5.     0.58507242E+02         0.000193
  5.     0.64130134E+02         0.000193
  5.     0.69528442E+02         0.000193
  5.     0.76556205E+02         0.000193
  5.     0.78262893E+02         0.000193
  5.     0.80602893E+02         0.000193
  6.     0.88833541E-04         0.000284
  6.     0.47257041E+01         0.000284
  6.     0.75563145E+01         0.000284
  6.     0.11813443E+02         0.000284
  6.     0.16814656E+02         0.000284
  6.     0.21506405E+02         0.000284
  6.     0.28567611E+02         0.000284
  6.     0.29219052E+02         0.000284
  6.     0.31905079E+02         0.000284
  6.     0.34818634E+02         0.000284
  6.     0.43327655E+02         0.000284
  6.     0.45672973E+02         0.000284
  6.     0.49907613E+02         0.000284
  6.     0.58507242E+02         0.000284
  6.     0.64130134E+02         0.000284
  6.     0.69528442E+02         0.000284
  6.     0.76556205E+02         0.000284
  6.     0.78262893E+02         0.000284
  6.     0.80602893E+02         0.000284
  7.     0.47257041E+01        15.128134
  7.     0.75563145E+01        15.128134
  7.     0.11813443E+02        15.128134
  7.     0.16814656E+02        15.128134
  7.     0.21506405E+02        15.128134
  7.     0.28567611E+02        15.128134
  7.     0.29219052E+02        15.128134
  7.     0.31905079E+02        15.128134
  7.     0.34818634E+02        15.128134
  7.     0.43327655E+02        15.128134
  7.     0.45672973E+02        15.128134
  7.     0.49907613E+02        15.128134
  7.     0.58507242E+02        15.128134
  7.     0.64130134E+02        15.128134
  7.     0.69528442E+02        15.128134
  7.     0.76556205E+02        15.128134
  7.     0.78262893E+02        15.128134
  7.     0.80602893E+02        15.128134
  8.     0.75563145E+01        24.189609
  8.     0.11813443E+02        24.189609
  8.     0.16814656E+02        24.189609
  8.     0.21506405E+02        24.189609
  8.     0.28567611E+02        24.189609
  8.     0.29219052E+02        24.189609
  8.     0.31905079E+02        24.189609
  8.     0.34818634E+02        24.189609
  8.     0.43327655E+02        24.189609
  8.     0.45672973E+02        24.189609
  8.     0.49907613E+02        24.189609
  8.     0.58507242E+02        24.189609
  8.     0.64130134E+02        24.189609
  8.     0.69528442E+02        24.189609
  8.     0.76556205E+02        24.189609
  8.     0.78262893E+02        24.189609
  8.     0.80602893E+02        24.189609
  9.     0.11813443E+02        37.817719
  9.     0.16814656E+02        37.817719
  9.     0.21506405E+02        37.817719
  9.     0.28567611E+02        37.817719
  9.     0.29219052E+02        37.817719
  9.     0.31905079E+02        37.817719
  9.     0.34818634E+02        37.817719
  9.     0.43327655E+02        37.817719
  9.     0.45672973E+02        37.817719
  9.     0.49907613E+02        37.817719
  9.     0.58507242E+02        37.817719
  9.     0.64130134E+02        37.817719
  9.     0.69528442E+02        37.817719
  9.     0.76556205E+02        37.817719
  9.     0.78262893E+02        37.817719
  9.     0.80602893E+02        37.817719
 10.     0.16814656E+02        53.827823
 10.     0.21506405E+02        53.827823
 10.     0.28567611E+02        53.827823
 10.     0.29219052E+02        53.827823
 10.     0.31905079E+02        53.827823
 10.     0.34818634E+02        53.827823
 10.     0.43327655E+02        53.827823
 10.     0.45672973E+02        53.827823
 10.     0.49907613E+02        53.827823
 10.     0.58507242E+02        53.827823
 10.     0.64130134E+02        53.827823
 10.     0.69528442E+02        53.827823
 10.     0.76556205E+02        53.827823
 10.     0.78262893E+02        53.827823
 10.     0.80602893E+02        53.827823
 11.     0.21506405E+02        68.847258
 11.     0.28567611E+02        68.847258
 11.     0.29219052E+02        68.847258
 11.     0.31905079E+02        68.847258
 11.     0.34818634E+02        68.847258
 11.     0.43327655E+02        68.847258
 11.     0.45672973E+02        68.847258
 11.     0.49907613E+02        68.847258
 11.     0.58507242E+02        68.847258
 11.     0.64130134E+02        68.847258
 11.     0.69528442E+02        68.847258
 11.     0.76556205E+02        68.847258
 11.     0.78262893E+02        68.847258
 11.     0.80602893E+02        68.847258
 12.     0.28567611E+02        91.451903
 12.     0.29219052E+02        91.451903
 12.     0.31905079E+02        91.451903
 12.     0.34818634E+02        91.451903
 12.     0.43327655E+02        91.451903
 12.     0.45672973E+02        91.451903
 12.     0.49907613E+02        91.451903
 12.     0.58507242E+02        91.451903
 12.     0.64130134E+02        91.451903
 12.     0.69528442E+02        91.451903
 12.     0.76556205E+02        91.451903
 12.     0.78262893E+02        91.451903
 12.     0.80602893E+02        91.451903
 13.     0.29219052E+02        93.537327
 13.     0.31905079E+02        93.537327
 13.     0.34818634E+02        93.537327
 13.     0.43327655E+02        93.537327
 13.     0.45672973E+02        93.537327
 13.     0.49907613E+02        93.537327
 13.     0.58507242E+02        93.537327
 13.     0.64130134E+02        93.537327
 13.     0.69528442E+02        93.537327
 13.     0.76556205E+02        93.537327
 13.     0.78262893E+02        93.537327
 13.     0.80602893E+02        93.537327
 14.     0.31905079E+02       102.135955
 14.     0.34818634E+02       102.135955
 14.     0.43327655E+02       102.135955
 14.     0.45672973E+02       102.135955
 14.     0.49907613E+02       102.135955
 14.     0.58507242E+02       102.135955
 14.     0.64130134E+02       102.135955
 14.     0.69528442E+02       102.135955
 14.     0.76556205E+02       102.135955
 14.     0.78262893E+02       102.135955
 14.     0.80602893E+02       102.135955
 15.     0.34818634E+02       111.462956
 15.     0.43327655E+02       111.462956
 15.     0.45672973E+02       111.462956
 15.     0.49907613E+02       111.462956
 15.     0.58507242E+02       111.462956
 15.     0.64130134E+02       111.462956
 15.     0.69528442E+02       111.462956
 15.     0.76556205E+02       111.462956
 15.     0.78262893E+02       111.462956
 15.     0.80602893E+02       111.462956
 16.     0.43327655E+02       138.702411
 16.     0.45672973E+02       138.702411
 16.     0.49907613E+02       138.702411
 16.     0.58507242E+02       138.702411
 16.     0.64130134E+02       138.702411
 16.     0.69528442E+02       138.702411
 16.     0.76556205E+02       138.702411
 16.     0.78262893E+02       138.702411
 16.     0.80602893E+02       138.702411
 17.     0.45672973E+02       146.210348
 17.     0.49907613E+02       146.210348
 17.     0.58507242E+02       146.210348
 17.     0.64130134E+02       146.210348
 17.     0.69528442E+02       146.210348
 17.     0.76556205E+02       146.210348
 17.     0.78262893E+02       146.210348
 17.     0.80602893E+02       146.210348
 18.     0.49907613E+02       159.766465
 18.     0.58507242E+02       159.766465
 18.     0.64130134E+02       159.766465
 18.     0.69528442E+02       159.766465
 18.     0.76556205E+02       159.766465
 18.     0.78262893E+02       159.766465
 18.     0.80602893E+02       159.766465
 19.     0.58507242E+02       187.295978
 19.     0.64130134E+02       187.295978
 19.     0.69528442E+02       187.295978
 19.     0.76556205E+02       187.295978
 19.     0.78262893E+02       187.295978
 19.     0.80602893E+02       187.295978
 20.     0.64130134E+02       205.296232
 20.     0.69528442E+02       205.296232
 20.     0.76556205E+02       205.296232
 20.     0.78262893E+02       205.296232
 20.     0.80602893E+02       205.296232
 21.     0.69528442E+02       222.577534
 21.     0.76556205E+02       222.577534
 21.     0.78262893E+02       222.577534
 21.     0.80602893E+02       222.577534
 22.     0.76556205E+02       245.075120
 22.     0.78262893E+02       245.075120
 22.     0.80602893E+02       245.075120
 23.     0.78262893E+02       250.538646
 23.     0.80602893E+02       250.538646
 24.     0.80602893E+02       258.029558
