i  r_top  QtopRe  QtopIm  r_bot  QbotRe  QbotIm   [mm, mC]
    1.   0.600000000000E+03  -0.643278093276E-07   0.000000000000E+00   0.100000000000E+03  -0.268791344370E-07   0.000000000000E+00
    2.   0.100000000000E+03  -0.268791344370E-07   0.000000000000E+00   0.600000000000E+03  -0.643278093278E-07   0.000000000000E+00
    3.   0.598437500000E+03  -0.132102789530E-07   0.000000000000E+00   0.101562500000E+03  -0.587227684844E-08   0.000000000000E+00
    4.   0.596875000000E+03   0.303246971133E-08   0.000000000000E+00   0.103125000000E+03   0.100482062343E-08   0.000000000000E+00
    5.   0.595312500000E+03   0.102579644751E-07   0.000000000000E+00   0.104687500000E+03   0.390280487773E-08   0.000000000000E+00
    6.   0.593750000000E+03   0.683162321783E-08   0.000000000000E+00   0.106250000000E+03   0.272209205115E-08   0.000000000000E+00
    7.   0.592187500000E+03   0.126216613687E-07   0.000000000000E+00   0.107812500000E+03   0.513095714323E-08   0.000000000000E+00
    8.   0.590625000000E+03   0.657520460598E-08   0.000000000000E+00   0.109375000000E+03   0.274877443323E-08   0.000000000000E+00
    9.   0.589062500000E+03   0.107286617975E-07   0.000000000000E+00   0.110937500000E+03   0.453480483214E-08   0.000000000000E+00
   10.   0.587500000000E+03   0.433203958882E-08   0.000000000000E+00   0.112500000000E+03   0.186086032571E-08   0.000000000000E+00
   11.   0.585937500000E+03   0.683146541320E-08   0.000000000000E+00   0.114062500000E+03   0.296134214868E-08   0.000000000000E+00
   12.   0.584375000000E+03   0.257405637765E-08   0.000000000000E+00   0.115625000000E+03   0.113258518605E-08   0.000000000000E+00
   13.   0.582812500000E+03   0.386510295117E-08   0.000000000000E+00   0.117187500000E+03   0.171102299045E-08   0.000000000000E+00
   14.   0.581250000000E+03   0.132963268863E-08   0.000000000000E+00   0.118750000000E+03   0.595039914384E-09   0.000000000000E+00
   15.   0.579687500000E+03   0.202423892446E-08   0.000000000000E+00   0.120312500000E+03   0.910352131910E-09   0.000000000000E+00
   16.   0.578125000000E+03   0.695746865183E-09   0.000000000000E+00   0.121875000000E+03   0.315400984926E-09   0.000000000000E+00
   17.   0.576562500000E+03   0.108778272403E-08   0.000000000000E+00   0.123437500000E+03   0.495520496442E-09   0.000000000000E+00
   18.   0.575000000000E+03   0.386209829164E-09   0.000000000000E+00   0.125000000000E+03   0.176918700818E-09   0.000000000000E+00
   19.   0.573437500000E+03   0.625455092789E-09   0.000000000000E+00   0.126562500000E+03   0.288455117068E-09   0.000000000000E+00
   20.   0.571875000000E+03   0.234011727698E-09   0.000000000000E+00   0.128125000000E+03   0.108515133356E-09   0.000000000000E+00
   21.   0.570312500000E+03   0.382059432958E-09   0.000000000000E+00   0.129687500000E+03   0.178734801465E-09   0.000000000000E+00
   22.   0.568750000000E+03   0.146112679788E-09   0.000000000000E+00   0.131250000000E+03   0.687012897512E-10   0.000000000000E+00
   23.   0.567187500000E+03   0.237272915909E-09   0.000000000000E+00   0.132812500000E+03   0.112779457144E-09   0.000000000000E+00
   24.   0.565625000000E+03   0.907286234339E-10   0.000000000000E+00   0.134375000000E+03   0.432699740897E-10   0.000000000000E+00
   25.   0.564062500000E+03   0.145699774991E-09   0.000000000000E+00   0.135937500000E+03   0.704153510311E-10   0.000000000000E+00
   26.   0.562500000000E+03   0.550703716473E-10   0.000000000000E+00   0.137500000000E+03   0.266012676910E-10   0.000000000000E+00
   27.   0.560937500000E+03   0.878097083086E-10   0.000000000000E+00   0.139062500000E+03   0.431601000300E-10   0.000000000000E+00
   28.   0.559375000000E+03   0.328876847434E-10   0.000000000000E+00   0.140625000000E+03   0.160486560442E-10   0.000000000000E+00
   29.   0.557812500000E+03   0.523253948023E-10   0.000000000000E+00   0.142187500000E+03   0.261695281071E-10   0.000000000000E+00
   30.   0.556250000000E+03   0.195650067381E-10   0.000000000000E+00   0.143750000000E+03   0.960949948516E-11   0.000000000000E+00
   31.   0.554687500000E+03   0.311940365899E-10   0.000000000000E+00   0.145312500000E+03   0.158952037730E-10   0.000000000000E+00
   32.   0.553125000000E+03   0.117482626743E-10   0.000000000000E+00   0.146875000000E+03   0.577897448008E-11   0.000000000000E+00
   33.   0.551562500000E+03   0.188028824126E-10   0.000000000000E+00   0.148437500000E+03   0.978689644292E-11   0.000000000000E+00
   34.   0.550000000000E+03   0.718517200360E-11   0.000000000000E+00   0.150000000000E+03   0.351552355251E-11   0.000000000000E+00
   35.   0.548437500000E+03   0.115487128271E-10   0.000000000000E+00   0.151562500000E+03   0.616529210313E-11   0.000000000000E+00
   36.   0.546875000000E+03   0.450811054152E-11   0.000000000000E+00   0.153125000000E+03   0.217311727275E-11   0.000000000000E+00
   37.   0.545312500000E+03   0.728154712978E-11   0.000000000000E+00   0.154687500000E+03   0.400939378424E-11   0.000000000000E+00
   38.   0.543750000000E+03   0.292800313260E-11   0.000000000000E+00   0.156250000000E+03   0.137323853281E-11   0.000000000000E+00
   39.   0.542187500000E+03   0.476416821550E-11   0.000000000000E+00   0.157812500000E+03   0.272341576460E-11   0.000000000000E+00
   40.   0.540625000000E+03   0.199600696204E-11   0.000000000000E+00   0.159375000000E+03   0.898101103568E-12   0.000000000000E+00
   41.   0.539062500000E+03   0.328602186587E-11   0.000000000000E+00   0.160937500000E+03   0.196124253395E-11   0.000000000000E+00
   42.   0.537500000000E+03   0.145212347200E-11   0.000000000000E+00   0.162500000000E+03   0.620179601563E-12   0.000000000000E+00
   43.   0.535937500000E+03   0.243132195350E-11   0.000000000000E+00   0.164062500000E+03   0.151800400202E-11   0.000000000000E+00
   44.   0.534375000000E+03   0.114202248327E-11   0.000000000000E+00   0.165625000000E+03   0.462862675507E-12   0.000000000000E+00
   45.   0.532812500000E+03   0.195185971844E-11   0.000000000000E+00   0.167187500000E+03   0.126983253705E-11   0.000000000000E+00
   46.   0.531250000000E+03   0.972639621504E-12   0.000000000000E+00   0.168750000000E+03   0.379321977931E-12   0.000000000000E+00
   47.   0.529687500000E+03   0.169796604402E-11   0.000000000000E+00   0.170312500000E+03   0.114099774807E-11   0.000000000000E+00
   48.   0.528125000000E+03   0.887721197238E-12   0.000000000000E+00   0.171875000000E+03   0.340849135537E-12   0.000000000000E+00
   49.   0.526562500000E+03   0.157940887769E-11   0.000000000000E+00   0.173437500000E+03   0.108519842774E-11   0.000000000000E+00
   50.   0.525000000000E+03   0.853435858346E-12   0.000000000000E+00   0.175000000000E+03   0.329939232337E-12   0.000000000000E+00
   51.   0.523437500000E+03   0.154205800887E-11   0.000000000000E+00   0.176562500000E+03   0.107427848141E-11   0.000000000000E+00
   52.   0.521875000000E+03   0.849558624124E-12   0.000000000000E+00   0.178125000000E+03   0.335990998489E-12   0.000000000000E+00
   53.   0.520312500000E+03   0.155358313103E-11   0.000000000000E+00   0.179687500000E+03   0.109120344880E-11   0.000000000000E+00
   54.   0.518750000000E+03   0.864032313610E-12   0.000000000000E+00   0.181250000000E+03   0.352607782330E-12   0.000000000000E+00
   55.   0.517187500000E+03   0.159469635541E-11   0.000000000000E+00   0.182812500000E+03   0.112568617082E-11   0.000000000000E+00
   56.   0.515625000000E+03   0.889660807551E-12   0.000000000000E+00   0.184375000000E+03   0.375928706219E-12   0.000000000000E+00
   57.   0.514062500000E+03   0.165386336714E-11   0.000000000000E+00   0.185937500000E+03   0.117150274267E-11   0.000000000000E+00
   58.   0.512500000000E+03   0.922130172370E-12   0.000000000000E+00   0.187500000000E+03   0.403614717513E-12   0.000000000000E+00
   59.   0.510937500000E+03   0.172415251154E-11   0.000000000000E+00   0.189062500000E+03   0.122487049655E-11   0.000000000000E+00
   60.   0.509375000000E+03   0.958838711306E-12   0.000000000000E+00   0.190625000000E+03   0.434241091877E-12   0.000000000000E+00
   61.   0.507812500000E+03   0.180136864131E-11   0.000000000000E+00   0.192187500000E+03   0.128347483200E-11   0.000000000000E+00
   62.   0.506250000000E+03   0.998203797259E-12   0.000000000000E+00   0.193750000000E+03   0.466933573661E-12   0.000000000000E+00
   63.   0.504687500000E+03   0.188294782742E-11   0.000000000000E+00   0.195312500000E+03   0.134588576343E-11   0.000000000000E+00
   64.   0.503125000000E+03   0.103925180685E-11   0.000000000000E+00   0.196875000000E+03   0.501149914569E-12   0.000000000000E+00
   65.   0.501562500000E+03   0.196730031427E-11   0.000000000000E+00   0.198437500000E+03   0.141120721966E-11   0.000000000000E+00
   66.   0.500000000000E+03   0.108137216486E-11   0.000000000000E+00   0.200000000000E+03   0.536548152503E-12   0.000000000000E+00
   67.   0.498437500000E+03   0.205341901029E-11   0.000000000000E+00   0.201562500000E+03   0.147886442197E-11   0.000000000000E+00
   68.   0.496875000000E+03   0.112417300848E-11   0.000000000000E+00   0.203125000000E+03   0.572906283781E-12   0.000000000000E+00
   69.   0.495312500000E+03   0.214064507989E-11   0.000000000000E+00   0.204687500000E+03   0.154847641082E-11   0.000000000000E+00
   70.   0.493750000000E+03   0.116739168109E-11   0.000000000000E+00   0.206250000000E+03   0.610074933126E-12   0.000000000000E+00
   71.   0.492187500000E+03   0.222852800734E-11   0.000000000000E+00   0.207812500000E+03   0.161977783454E-11   0.000000000000E+00
   72.   0.490625000000E+03   0.121084427801E-11   0.000000000000E+00   0.209375000000E+03   0.647947770454E-12   0.000000000000E+00
   73.   0.489062500000E+03   0.231674249731E-11   0.000000000000E+00   0.210937500000E+03   0.169257250579E-11   0.000000000000E+00
   74.   0.487500000000E+03   0.125439219673E-11   0.000000000000E+00   0.212500000000E+03   0.686443987939E-12   0.000000000000E+00
   75.   0.485937500000E+03   0.240503795660E-11   0.000000000000E+00   0.214062500000E+03   0.176670483745E-11   0.000000000000E+00
   76.   0.484375000000E+03   0.129792710046E-11   0.000000000000E+00   0.215625000000E+03   0.725497182142E-12   0.000000000000E+00
   77.   0.482812500000E+03   0.249320994545E-11   0.000000000000E+00   0.217187500000E+03   0.184204307768E-11   0.000000000000E+00
   78.   0.481250000000E+03   0.134135626223E-11   0.000000000000E+00   0.218750000000E+03   0.765049451109E-12   0.000000000000E+00
   79.   0.479687500000E+03   0.258108155904E-11   0.000000000000E+00   0.220312500000E+03   0.191846888235E-11   0.000000000000E+00
   80.   0.478125000000E+03   0.138459864644E-11   0.000000000000E+00   0.221875000000E+03   0.805048097901E-12   0.000000000000E+00
   81.   0.476562500000E+03   0.266849291688E-11   0.000000000000E+00   0.223437500000E+03   0.199587142651E-11   0.000000000000E+00
   82.   0.475000000000E+03   0.142757833136E-11   0.000000000000E+00   0.225000000000E+03   0.845442742567E-12   0.000000000000E+00
   83.   0.473437500000E+03   0.275529522136E-11   0.000000000000E+00   0.226562500000E+03   0.207414310714E-11   0.000000000000E+00
   84.   0.471875000000E+03   0.147022541911E-11   0.000000000000E+00   0.228125000000E+03   0.886183560095E-12   0.000000000000E+00
   85.   0.470312500000E+03   0.284134721554E-11   0.000000000000E+00   0.229687500000E+03   0.215317770870E-11   0.000000000000E+00
   86.   0.468750000000E+03   0.151247177113E-11   0.000000000000E+00   0.231250000000E+03   0.927220403138E-12   0.000000000000E+00
   87.   0.467187500000E+03   0.292651210441E-11   0.000000000000E+00   0.232812500000E+03   0.223286908007E-11   0.000000000000E+00
   88.   0.465625000000E+03   0.155425139460E-11   0.000000000000E+00   0.234375000000E+03   0.968504123973E-12   0.000000000000E+00
   89.   0.464062500000E+03   0.301065649132E-11   0.000000000000E+00   0.235937500000E+03   0.231310967846E-11   0.000000000000E+00
   90.   0.462500000000E+03   0.159550044282E-11   0.000000000000E+00   0.237500000000E+03   0.100998293691E-11   0.000000000000E+00
   91.   0.460937500000E+03   0.309364846269E-11   0.000000000000E+00   0.239062500000E+03   0.239378978956E-11   0.000000000000E+00
   92.   0.459375000000E+03   0.163615399929E-11   0.000000000000E+00   0.240625000000E+03   0.105160463608E-11   0.000000000000E+00
   93.   0.457812500000E+03   0.317535721753E-11   0.000000000000E+00   0.242187500000E+03   0.247479732736E-11   0.000000000000E+00
   94.   0.456250000000E+03   0.167614819393E-11   0.000000000000E+00   0.243750000000E+03   0.109331536996E-11   0.000000000000E+00
   95.   0.454687500000E+03   0.325565072189E-11   0.000000000000E+00   0.245312500000E+03   0.255601606583E-11   0.000000000000E+00
   96.   0.453125000000E+03   0.171541829805E-11   0.000000000000E+00   0.246875000000E+03   0.113505889731E-11   0.000000000000E+00
   97.   0.451562500000E+03   0.333439408779E-11   0.000000000000E+00   0.248437500000E+03   0.263732380051E-11   0.000000000000E+00
   98.   0.450000000000E+03   0.175389727202E-11   0.000000000000E+00   0.250000000000E+03   0.117677477424E-11   0.000000000000E+00
   99.   0.448437500000E+03   0.341144550339E-11   0.000000000000E+00   0.251562500000E+03   0.271858975450E-11   0.000000000000E+00
  100.   0.446875000000E+03   0.179151310909E-11   0.000000000000E+00   0.253125000000E+03   0.121839818730E-11   0.000000000000E+00
  101.   0.445312500000E+03   0.348665017152E-11   0.000000000000E+00   0.254687500000E+03   0.279966955879E-11   0.000000000000E+00
  102.   0.443750000000E+03   0.182818587300E-11   0.000000000000E+00   0.256250000000E+03   0.125985566691E-11   0.000000000000E+00
  103.   0.442187500000E+03   0.355983091874E-11   0.000000000000E+00   0.257812500000E+03   0.288039720379E-11   0.000000000000E+00
  104.   0.440625000000E+03   0.186382144133E-11   0.000000000000E+00   0.259375000000E+03   0.130105927805E-11   0.000000000000E+00
  105.   0.439062500000E+03   0.363077030673E-11   0.000000000000E+00   0.260937500000E+03   0.296057105400E-11   0.000000000000E+00
  106.   0.437500000000E+03   0.189829981316E-11   0.000000000000E+00   0.262500000000E+03   0.134190023922E-11   0.000000000000E+00
  107.   0.435937500000E+03   0.369918450924E-11   0.000000000000E+00   0.264062500000E+03   0.303993113214E-11   0.000000000000E+00
  108.   0.434375000000E+03   0.193145971084E-11   0.000000000000E+00   0.265625000000E+03   0.138223329872E-11   0.000000000000E+00
  109.   0.432812500000E+03   0.376467627365E-11   0.000000000000E+00   0.267187500000E+03   0.311812043375E-11   0.000000000000E+00
  110.   0.431250000000E+03   0.196306802153E-11   0.000000000000E+00   0.268750000000E+03   0.142185185823E-11   0.000000000000E+00
  111.   0.429687500000E+03   0.382665829549E-11   0.000000000000E+00   0.270312500000E+03   0.319461940697E-11   0.000000000000E+00
  112.   0.428125000000E+03   0.199277498181E-11   0.000000000000E+00   0.271875000000E+03   0.146044806954E-11   0.000000000000E+00
  113.   0.426562500000E+03   0.388422513176E-11   0.000000000000E+00   0.273437500000E+03   0.326863520927E-11   0.000000000000E+00
  114.   0.425000000000E+03   0.202002896119E-11   0.000000000000E+00   0.275000000000E+03   0.149754398013E-11   0.000000000000E+00
  115.   0.423437500000E+03   0.393593524923E-11   0.000000000000E+00   0.276562500000E+03   0.333891436901E-11   0.000000000000E+00
  116.   0.421875000000E+03   0.204394455870E-11   0.000000000000E+00   0.278125000000E+03   0.153237015135E-11   0.000000000000E+00
  117.   0.420312500000E+03   0.397945241813E-11   0.000000000000E+00   0.279687500000E+03   0.340342915583E-11   0.000000000000E+00
  118.   0.418750000000E+03   0.206307750018E-11   0.000000000000E+00   0.281250000000E+03   0.156367430483E-11   0.000000000000E+00
  119.   0.417187500000E+03   0.401095966726E-11   0.000000000000E+00   0.282812500000E+03   0.345886041010E-11   0.000000000000E+00
  120.   0.415625000000E+03   0.207506161463E-11   0.000000000000E+00   0.284375000000E+03   0.158939878787E-11   0.000000000000E+00
  121.   0.414062500000E+03   0.402420951140E-11   0.000000000000E+00   0.285937500000E+03   0.349974883502E-11   0.000000000000E+00
  122.   0.412500000000E+03   0.207602903625E-11   0.000000000000E+00   0.287500000000E+03   0.160615671391E-11   0.000000000000E+00
  123.   0.410937500000E+03   0.400897623718E-11   0.000000000000E+00   0.289062500000E+03   0.351710288179E-11   0.000000000000E+00
  124.   0.409375000000E+03   0.205965211741E-11   0.000000000000E+00   0.290625000000E+03   0.160837069089E-11   0.000000000000E+00
  125.   0.407812500000E+03   0.394843593455E-11   0.000000000000E+00   0.292187500000E+03   0.349602095045E-11   0.000000000000E+00
  126.   0.406250000000E+03   0.201549466508E-11   0.000000000000E+00   0.293750000000E+03   0.158677210236E-11   0.000000000000E+00
  127.   0.404687500000E+03   0.381446906478E-11   0.000000000000E+00   0.295312500000E+03   0.341141530659E-11   0.000000000000E+00
  128.   0.403125000000E+03   0.192596665224E-11   0.000000000000E+00   0.296875000000E+03   0.152562733580E-11   0.000000000000E+00
  129.   0.401562500000E+03   0.355902714690E-11   0.000000000000E+00   0.298437500000E+03   0.322011578757E-11   0.000000000000E+00
  130.   0.400000000000E+03   0.176068400741E-11   0.000000000000E+00   0.300000000000E+03   0.139757087569E-11   0.000000000000E+00
  131.   0.398437500000E+03   0.309882973197E-11   0.000000000000E+00   0.301562500000E+03   0.284674801683E-11   0.000000000000E+00
  132.   0.396875000000E+03   0.146661437629E-11   0.000000000000E+00   0.303125000000E+03   0.115448196275E-11   0.000000000000E+00
  133.   0.395312500000E+03   0.229153283595E-11   0.000000000000E+00   0.304687500000E+03   0.216137650937E-11   0.000000000000E+00
  134.   0.393750000000E+03   0.953886234257E-12   0.000000000000E+00   0.306250000000E+03   0.714059970981E-12   0.000000000000E+00
  135.   0.392187500000E+03   0.905457345779E-12   0.000000000000E+00   0.307812500000E+03   0.950271468413E-12   0.000000000000E+00
  136.   0.390625000000E+03   0.798692617937E-13   0.000000000000E+00   0.309375000000E+03  -0.558537633993E-13   0.000000000000E+00
  137.   0.389062500000E+03  -0.140586654090E-11   0.000000000000E+00   0.310937500000E+03  -0.111053200919E-11   0.000000000000E+00
  138.   0.387500000000E+03  -0.135796129808E-11   0.000000000000E+00   0.312500000000E+03  -0.134584582628E-11   0.000000000000E+00
  139.   0.385937500000E+03  -0.512695084005E-11   0.000000000000E+00   0.314062500000E+03  -0.448100315933E-11   0.000000000000E+00
  140.   0.384375000000E+03  -0.363258991062E-11   0.000000000000E+00   0.315625000000E+03  -0.341706198310E-11   0.000000000000E+00
  141.   0.382812500000E+03  -0.109546840106E-10   0.000000000000E+00   0.317187500000E+03  -0.983068682030E-11   0.000000000000E+00
  142.   0.381250000000E+03  -0.714252370975E-11   0.000000000000E+00   0.318750000000E+03  -0.665417297701E-11   0.000000000000E+00
  143.   0.379687500000E+03  -0.202629631954E-10   0.000000000000E+00   0.320312500000E+03  -0.184748062782E-10   0.000000000000E+00
  144.   0.378125000000E+03  -0.128263942105E-10   0.000000000000E+00   0.321875000000E+03  -0.119536107028E-10   0.000000000000E+00
  145.   0.376562500000E+03  -0.363961731474E-10   0.000000000000E+00   0.323437500000E+03  -0.336020566254E-10   0.000000000000E+00
  146.   0.375000000000E+03  -0.231179111588E-10   0.000000000000E+00   0.325000000000E+03  -0.216315697026E-10   0.000000000000E+00
  147.   0.373437500000E+03  -0.679866961691E-10   0.000000000000E+00   0.326562500000E+03  -0.634622171741E-10   0.000000000000E+00
  148.   0.371875000000E+03  -0.444184802816E-10   0.000000000000E+00   0.328125000000E+03  -0.418185187465E-10   0.000000000000E+00
  149.   0.370312500000E+03  -0.131052540114E-09   0.000000000000E+00   0.329687500000E+03  -0.123566615795E-09   0.000000000000E+00
  150.   0.368750000000E+03  -0.872744999721E-10   0.000000000000E+00   0.331250000000E+03  -0.827674032304E-10   0.000000000000E+00
  151.   0.367187500000E+03  -0.248940550121E-09   0.000000000000E+00   0.332812500000E+03  -0.236965006526E-09   0.000000000000E+00
  152.   0.365625000000E+03  -0.163620375865E-09   0.000000000000E+00   0.334375000000E+03  -0.156510780305E-09   0.000000000000E+00
  153.   0.364062500000E+03  -0.417305542510E-09   0.000000000000E+00   0.335937500000E+03  -0.400845744227E-09   0.000000000000E+00
  154.   0.362500000000E+03  -0.262214258140E-09   0.000000000000E+00   0.337500000000E+03  -0.252908021096E-09   0.000000000000E+00
  155.   0.360937500000E+03  -0.598569368050E-09   0.000000000000E+00   0.339062500000E+03  -0.580244002133E-09   0.000000000000E+00
  156.   0.359375000000E+03  -0.331575151336E-09   0.000000000000E+00   0.340625000000E+03  -0.323105737712E-09   0.000000000000E+00
  157.   0.357812500000E+03  -0.564706049290E-09   0.000000000000E+00   0.342187500000E+03  -0.551870180851E-09   0.000000000000E+00
  158.   0.356250000000E+03  -0.323483835689E-09   0.000000000000E+00   0.343750000000E+03  -0.316802814611E-09   0.000000000000E+00
  159.   0.354687500000E+03  -0.203943325225E-09   0.000000000000E+00   0.345312500000E+03  -0.202627140315E-09   0.000000000000E+00
  160.   0.353125000000E+03   0.386763409980E-09   0.000000000000E+00   0.346875000000E+03   0.380916682976E-09   0.000000000000E+00
  161.   0.351562500000E+03   0.130937920935E-08   0.000000000000E+00   0.348437500000E+03   0.130853604642E-08   0.000000000000E+00
  162.   0.350000000000E+03   0.692845320449E-08   0.000000000000E+00   0.350000000000E+03   0.692845320429E-08   0.000000000000E+00
  163.   0.348437500000E+03   0.130853604713E-08   0.000000000000E+00   0.351562500000E+03   0.130937920866E-08   0.000000000000E+00
  164.   0.346875000000E+03   0.380916683516E-09   0.000000000000E+00   0.353125000000E+03   0.386763409944E-09   0.000000000000E+00
  165.   0.345312500000E+03  -0.202627139833E-09   0.000000000000E+00   0.354687500000E+03  -0.203943325304E-09   0.000000000000E+00
  166.   0.343750000000E+03  -0.316802814611E-09   0.000000000000E+00   0.356250000000E+03  -0.323483836156E-09   0.000000000000E+00
  167.   0.342187500000E+03  -0.551870181046E-09   0.000000000000E+00   0.357812500000E+03  -0.564706049370E-09   0.000000000000E+00
  168.   0.340625000000E+03  -0.323105737390E-09   0.000000000000E+00   0.359375000000E+03  -0.331575151148E-09   0.000000000000E+00
  169.   0.339062500000E+03  -0.580244002145E-09   0.000000000000E+00   0.360937500000E+03  -0.598569367738E-09   0.000000000000E+00
  170.   0.337500000000E+03  -0.252908021340E-09   0.000000000000E+00   0.362500000000E+03  -0.262214257810E-09   0.000000000000E+00
  171.   0.335937500000E+03  -0.400845744350E-09   0.000000000000E+00   0.364062500000E+03  -0.417305542417E-09   0.000000000000E+00
  172.   0.334375000000E+03  -0.156510780626E-09   0.000000000000E+00   0.365625000000E+03  -0.163620376551E-09   0.000000000000E+00
  173.   0.332812500000E+03  -0.236965006509E-09   0.000000000000E+00   0.367187500000E+03  -0.248940550299E-09   0.000000000000E+00
  174.   0.331250000000E+03  -0.827674033195E-10   0.000000000000E+00   0.368750000000E+03  -0.872745001120E-10   0.000000000000E+00
  175.   0.329687500000E+03  -0.123566615241E-09   0.000000000000E+00   0.370312500000E+03  -0.131052540307E-09   0.000000000000E+00
  176.   0.328125000000E+03  -0.418185188609E-10   0.000000000000E+00   0.371875000000E+03  -0.444184799590E-10   0.000000000000E+00
  177.   0.326562500000E+03  -0.634622163024E-10   0.000000000000E+00   0.373437500000E+03  -0.679866961270E-10   0.000000000000E+00
  178.   0.325000000000E+03  -0.216315693235E-10   0.000000000000E+00   0.375000000000E+03  -0.231179110064E-10   0.000000000000E+00
  179.   0.323437500000E+03  -0.336020549437E-10   0.000000000000E+00   0.376562500000E+03  -0.363961733269E-10   0.000000000000E+00
  180.   0.321875000000E+03  -0.119536093861E-10   0.000000000000E+00   0.378125000000E+03  -0.128263940178E-10   0.000000000000E+00
  181.   0.320312500000E+03  -0.184748043566E-10   0.000000000000E+00   0.379687500000E+03  -0.202629629423E-10   0.000000000000E+00
  182.   0.318750000000E+03  -0.665417232882E-11   0.000000000000E+00   0.381250000000E+03  -0.714252361652E-11   0.000000000000E+00
  183.   0.317187500000E+03  -0.983068501929E-11   0.000000000000E+00   0.382812500000E+03  -0.109546835909E-10   0.000000000000E+00
  184.   0.315625000000E+03  -0.341706159083E-11   0.000000000000E+00   0.384375000000E+03  -0.363258995292E-11   0.000000000000E+00
  185.   0.314062500000E+03  -0.448100154481E-11   0.000000000000E+00   0.385937500000E+03  -0.512695039824E-11   0.000000000000E+00
  186.   0.312500000000E+03  -0.134584494000E-11   0.000000000000E+00   0.387500000000E+03  -0.135796127597E-11   0.000000000000E+00
  187.   0.310937500000E+03  -0.111053022593E-11   0.000000000000E+00   0.389062500000E+03  -0.140586588762E-11   0.000000000000E+00
  188.   0.309375000000E+03  -0.558533314455E-13   0.000000000000E+00   0.390625000000E+03   0.798698498397E-13   0.000000000000E+00
  189.   0.307812500000E+03   0.950272997043E-12   0.000000000000E+00   0.392187500000E+03   0.905457697351E-12   0.000000000000E+00
  190.   0.306250000000E+03   0.714060516364E-12   0.000000000000E+00   0.393750000000E+03   0.953885656362E-12   0.000000000000E+00
  191.   0.304687500000E+03   0.216137741394E-11   0.000000000000E+00   0.395312500000E+03   0.229153237900E-11   0.000000000000E+00
  192.   0.303125000000E+03   0.115448172120E-11   0.000000000000E+00   0.396875000000E+03   0.146661351904E-11   0.000000000000E+00
  193.   0.301562500000E+03   0.284674900032E-11   0.000000000000E+00   0.398437500000E+03   0.309882911157E-11   0.000000000000E+00
  194.   0.300000000000E+03   0.139757123720E-11   0.000000000000E+00   0.400000000000E+03   0.176068355950E-11   0.000000000000E+00
  195.   0.298437500000E+03   0.322011697475E-11   0.000000000000E+00   0.401562500000E+03   0.355902661458E-11   0.000000000000E+00
  196.   0.296875000000E+03   0.152562766500E-11   0.000000000000E+00   0.403125000000E+03   0.192596655423E-11   0.000000000000E+00
  197.   0.295312500000E+03   0.341141600451E-11   0.000000000000E+00   0.404687500000E+03   0.381446878258E-11   0.000000000000E+00
  198.   0.293750000000E+03   0.158677245644E-11   0.000000000000E+00   0.406250000000E+03   0.201549474912E-11   0.000000000000E+00
  199.   0.292187500000E+03   0.349602177766E-11   0.000000000000E+00   0.407812500000E+03   0.394843640812E-11   0.000000000000E+00
  200.   0.290625000000E+03   0.160837136495E-11   0.000000000000E+00   0.409375000000E+03   0.205965238429E-11   0.000000000000E+00
  201.   0.289062500000E+03   0.351710387487E-11   0.000000000000E+00   0.410937500000E+03   0.400897689355E-11   0.000000000000E+00
  202.   0.287500000000E+03   0.160615732817E-11   0.000000000000E+00   0.412500000000E+03   0.207602955658E-11   0.000000000000E+00
  203.   0.285937500000E+03   0.349975012633E-11   0.000000000000E+00   0.414062500000E+03   0.402421017995E-11   0.000000000000E+00
  204.   0.284375000000E+03   0.158939954329E-11   0.000000000000E+00   0.415625000000E+03   0.207506215433E-11   0.000000000000E+00
  205.   0.282812500000E+03   0.345886176340E-11   0.000000000000E+00   0.417187500000E+03   0.401096044926E-11   0.000000000000E+00
  206.   0.281250000000E+03   0.156367519241E-11   0.000000000000E+00   0.418750000000E+03   0.206307772703E-11   0.000000000000E+00
  207.   0.279687500000E+03   0.340343052182E-11   0.000000000000E+00   0.420312500000E+03   0.397945303177E-11   0.000000000000E+00
  208.   0.278125000000E+03   0.153237058185E-11   0.000000000000E+00   0.421875000000E+03   0.204394501347E-11   0.000000000000E+00
  209.   0.276562500000E+03   0.333891564345E-11   0.000000000000E+00   0.423437500000E+03   0.393593592836E-11   0.000000000000E+00
  210.   0.275000000000E+03   0.149754441127E-11   0.000000000000E+00   0.425000000000E+03   0.202002913194E-11   0.000000000000E+00
  211.   0.273437500000E+03   0.326863656828E-11   0.000000000000E+00   0.426562500000E+03   0.388422591412E-11   0.000000000000E+00
  212.   0.271875000000E+03   0.146044909303E-11   0.000000000000E+00   0.428125000000E+03   0.199277517274E-11   0.000000000000E+00
  213.   0.270312500000E+03   0.319462062173E-11   0.000000000000E+00   0.429687500000E+03   0.382665912419E-11   0.000000000000E+00
  214.   0.268750000000E+03   0.142185243218E-11   0.000000000000E+00   0.431250000000E+03   0.196306840690E-11   0.000000000000E+00
  215.   0.267187500000E+03   0.311812149266E-11   0.000000000000E+00   0.432812500000E+03   0.376467674826E-11   0.000000000000E+00
  216.   0.265625000000E+03   0.138223375893E-11   0.000000000000E+00   0.434375000000E+03   0.193145973971E-11   0.000000000000E+00
  217.   0.264062500000E+03   0.303993202640E-11   0.000000000000E+00   0.435937500000E+03   0.369918497508E-11   0.000000000000E+00
  218.   0.262500000000E+03   0.134190081823E-11   0.000000000000E+00   0.437500000000E+03   0.189829996650E-11   0.000000000000E+00
  219.   0.260937500000E+03   0.296057196320E-11   0.000000000000E+00   0.439062500000E+03   0.363077107778E-11   0.000000000000E+00
  220.   0.259375000000E+03   0.130105973468E-11   0.000000000000E+00   0.440625000000E+03   0.186382199752E-11   0.000000000000E+00
  221.   0.257812500000E+03   0.288039827977E-11   0.000000000000E+00   0.442187500000E+03   0.355983180303E-11   0.000000000000E+00
  222.   0.256250000000E+03   0.125985600807E-11   0.000000000000E+00   0.443750000000E+03   0.182818674558E-11   0.000000000000E+00
  223.   0.254687500000E+03   0.279967060160E-11   0.000000000000E+00   0.445312500000E+03   0.348665114260E-11   0.000000000000E+00
  224.   0.253125000000E+03   0.121839864827E-11   0.000000000000E+00   0.446875000000E+03   0.179151353727E-11   0.000000000000E+00
  225.   0.251562500000E+03   0.271859064083E-11   0.000000000000E+00   0.448437500000E+03   0.341144642635E-11   0.000000000000E+00
  226.   0.250000000000E+03   0.117677530909E-11   0.000000000000E+00   0.450000000000E+03   0.175389788742E-11   0.000000000000E+00
  227.   0.248437500000E+03   0.263732475960E-11   0.000000000000E+00   0.451562500000E+03   0.333439523105E-11   0.000000000000E+00
  228.   0.246875000000E+03   0.113505954652E-11   0.000000000000E+00   0.453125000000E+03   0.171541928609E-11   0.000000000000E+00
  229.   0.245312500000E+03   0.255601715446E-11   0.000000000000E+00   0.454687500000E+03   0.325565183073E-11   0.000000000000E+00
  230.   0.243750000000E+03   0.109331596543E-11   0.000000000000E+00   0.456250000000E+03   0.167614872042E-11   0.000000000000E+00
  231.   0.242187500000E+03   0.247479844114E-11   0.000000000000E+00   0.457812500000E+03   0.317535810178E-11   0.000000000000E+00
  232.   0.240625000000E+03   0.105160515942E-11   0.000000000000E+00   0.459375000000E+03   0.163615440292E-11   0.000000000000E+00
  233.   0.239062500000E+03   0.239379076901E-11   0.000000000000E+00   0.460937500000E+03   0.309364941294E-11   0.000000000000E+00
  234.   0.237500000000E+03   0.100998320649E-11   0.000000000000E+00   0.462500000000E+03   0.159550085404E-11   0.000000000000E+00
  235.   0.235937500000E+03   0.231311064983E-11   0.000000000000E+00   0.464062500000E+03   0.301065755433E-11   0.000000000000E+00
  236.   0.234375000000E+03   0.968504588075E-12   0.000000000000E+00   0.465625000000E+03   0.155425220515E-11   0.000000000000E+00
  237.   0.232812500000E+03   0.223287008114E-11   0.000000000000E+00   0.467187500000E+03   0.292651331362E-11   0.000000000000E+00
  238.   0.231250000000E+03   0.927220845701E-12   0.000000000000E+00   0.468750000000E+03   0.151247214572E-11   0.000000000000E+00
  239.   0.229687500000E+03   0.215317860293E-11   0.000000000000E+00   0.470312500000E+03   0.284134830493E-11   0.000000000000E+00
  240.   0.228125000000E+03   0.886184031921E-12   0.000000000000E+00   0.471875000000E+03   0.147022576508E-11   0.000000000000E+00
  241.   0.226562500000E+03   0.207414403413E-11   0.000000000000E+00   0.473437500000E+03   0.275529628700E-11   0.000000000000E+00
  242.   0.225000000000E+03   0.845443316670E-12   0.000000000000E+00   0.475000000000E+03   0.142757874481E-11   0.000000000000E+00
  243.   0.223437500000E+03   0.199587240139E-11   0.000000000000E+00   0.476562500000E+03   0.266849373313E-11   0.000000000000E+00
  244.   0.221875000000E+03   0.805048687351E-12   0.000000000000E+00   0.478125000000E+03   0.138459909384E-11   0.000000000000E+00
  245.   0.220312500000E+03   0.191846982169E-11   0.000000000000E+00   0.479687500000E+03   0.258108238783E-11   0.000000000000E+00
  246.   0.218750000000E+03   0.765049749466E-12   0.000000000000E+00   0.481250000000E+03   0.134135691526E-11   0.000000000000E+00
  247.   0.217187500000E+03   0.184204389155E-11   0.000000000000E+00   0.482812500000E+03   0.249321088908E-11   0.000000000000E+00
  248.   0.215625000000E+03   0.725497407858E-12   0.000000000000E+00   0.484375000000E+03   0.129792744855E-11   0.000000000000E+00
  249.   0.214062500000E+03   0.176670560701E-11   0.000000000000E+00   0.485937500000E+03   0.240503884393E-11   0.000000000000E+00
  250.   0.212500000000E+03   0.686444290522E-12   0.000000000000E+00   0.487500000000E+03   0.125439275767E-11   0.000000000000E+00
  251.   0.210937500000E+03   0.169257327573E-11   0.000000000000E+00   0.489062500000E+03   0.231674317382E-11   0.000000000000E+00
  252.   0.209375000000E+03   0.647948324300E-12   0.000000000000E+00   0.490625000000E+03   0.121084439808E-11   0.000000000000E+00
  253.   0.207812500000E+03   0.161977873929E-11   0.000000000000E+00   0.492187500000E+03   0.222852868249E-11   0.000000000000E+00
  254.   0.206250000000E+03   0.610075383232E-12   0.000000000000E+00   0.493750000000E+03   0.116739205663E-11   0.000000000000E+00
  255.   0.204687500000E+03   0.154847727072E-11   0.000000000000E+00   0.495312500000E+03   0.214064578342E-11   0.000000000000E+00
  256.   0.203125000000E+03   0.572906752149E-12   0.000000000000E+00   0.496875000000E+03   0.112417359877E-11   0.000000000000E+00
  257.   0.201562500000E+03   0.147886521209E-11   0.000000000000E+00   0.498437500000E+03   0.205341972554E-11   0.000000000000E+00
  258.   0.200000000000E+03   0.536548502806E-12   0.000000000000E+00   0.500000000000E+03   0.108137258624E-11   0.000000000000E+00
  259.   0.198437500000E+03   0.141120787062E-11   0.000000000000E+00   0.501562500000E+03   0.196730114962E-11   0.000000000000E+00
  260.   0.196875000000E+03   0.501150372230E-12   0.000000000000E+00   0.503125000000E+03   0.103925219707E-11   0.000000000000E+00
  261.   0.195312500000E+03   0.134588641540E-11   0.000000000000E+00   0.504687500000E+03   0.188294873695E-11   0.000000000000E+00
  262.   0.193750000000E+03   0.466933938122E-12   0.000000000000E+00   0.506250000000E+03   0.998204540316E-12   0.000000000000E+00
  263.   0.192187500000E+03   0.128347546194E-11   0.000000000000E+00   0.507812500000E+03   0.180136991867E-11   0.000000000000E+00
  264.   0.190625000000E+03   0.434241417186E-12   0.000000000000E+00   0.509375000000E+03   0.958839495583E-12   0.000000000000E+00
  265.   0.189062500000E+03   0.122487111258E-11   0.000000000000E+00   0.510937500000E+03   0.172415408307E-11   0.000000000000E+00
  266.   0.187500000000E+03   0.403615034330E-12   0.000000000000E+00   0.512500000000E+03   0.922130991067E-12   0.000000000000E+00
  267.   0.185937500000E+03   0.117150330038E-11   0.000000000000E+00   0.514062500000E+03   0.165386490737E-11   0.000000000000E+00
  268.   0.184375000000E+03   0.375929019022E-12   0.000000000000E+00   0.515625000000E+03   0.889661654124E-12   0.000000000000E+00
  269.   0.182812500000E+03   0.112568667995E-11   0.000000000000E+00   0.517187500000E+03   0.159469773641E-11   0.000000000000E+00
  270.   0.181250000000E+03   0.352608040394E-12   0.000000000000E+00   0.518750000000E+03   0.864033039527E-12   0.000000000000E+00
  271.   0.179687500000E+03   0.109120400414E-11   0.000000000000E+00   0.520312500000E+03   0.155358459085E-11   0.000000000000E+00
  272.   0.178125000000E+03   0.335991259667E-12   0.000000000000E+00   0.521875000000E+03   0.849559312415E-12   0.000000000000E+00
  273.   0.176562500000E+03   0.107427903085E-11   0.000000000000E+00   0.523437500000E+03   0.154205933962E-11   0.000000000000E+00
  274.   0.175000000000E+03   0.329939516090E-12   0.000000000000E+00   0.525000000000E+03   0.853436593306E-12   0.000000000000E+00
  275.   0.173437500000E+03   0.108519898457E-11   0.000000000000E+00   0.526562500000E+03   0.157941024920E-11   0.000000000000E+00
  276.   0.171875000000E+03   0.340849429755E-12   0.000000000000E+00   0.528125000000E+03   0.887721914761E-12   0.000000000000E+00
  277.   0.170312500000E+03   0.114099827553E-11   0.000000000000E+00   0.529687500000E+03   0.169796745169E-11   0.000000000000E+00
  278.   0.168750000000E+03   0.379322280355E-12   0.000000000000E+00   0.531250000000E+03   0.972640261086E-12   0.000000000000E+00
  279.   0.167187500000E+03   0.126983304210E-11   0.000000000000E+00   0.532812500000E+03   0.195186098768E-11   0.000000000000E+00
  280.   0.165625000000E+03   0.462862986229E-12   0.000000000000E+00   0.534375000000E+03   0.114202321212E-11   0.000000000000E+00
  281.   0.164062500000E+03   0.151800461593E-11   0.000000000000E+00   0.535937500000E+03   0.243132316228E-11   0.000000000000E+00
  282.   0.162500000000E+03   0.620179995361E-12   0.000000000000E+00   0.537500000000E+03   0.145212401719E-11   0.000000000000E+00
  283.   0.160937500000E+03   0.196124315004E-11   0.000000000000E+00   0.539062500000E+03   0.328602306106E-11   0.000000000000E+00
  284.   0.159375000000E+03   0.898101419042E-12   0.000000000000E+00   0.540625000000E+03   0.199600761485E-11   0.000000000000E+00
  285.   0.157812500000E+03   0.272341628500E-11   0.000000000000E+00   0.542187500000E+03   0.476416944671E-11   0.000000000000E+00
  286.   0.156250000000E+03   0.137323885235E-11   0.000000000000E+00   0.543750000000E+03   0.292800376486E-11   0.000000000000E+00
  287.   0.154687500000E+03   0.400939425062E-11   0.000000000000E+00   0.545312500000E+03   0.728154841775E-11   0.000000000000E+00
  288.   0.153125000000E+03   0.217311749150E-11   0.000000000000E+00   0.546875000000E+03   0.450811114917E-11   0.000000000000E+00
  289.   0.151562500000E+03   0.616529255495E-11   0.000000000000E+00   0.548437500000E+03   0.115487141106E-10   0.000000000000E+00
  290.   0.150000000000E+03   0.351552381631E-11   0.000000000000E+00   0.550000000000E+03   0.718517258791E-11   0.000000000000E+00
  291.   0.148437500000E+03   0.978689691260E-11   0.000000000000E+00   0.551562500000E+03   0.188028837125E-10   0.000000000000E+00
  292.   0.146875000000E+03   0.577897472917E-11   0.000000000000E+00   0.553125000000E+03   0.117482633104E-10   0.000000000000E+00
  293.   0.145312500000E+03   0.158952042401E-10   0.000000000000E+00   0.554687500000E+03   0.311940379378E-10   0.000000000000E+00
  294.   0.143750000000E+03   0.960949971766E-11   0.000000000000E+00   0.556250000000E+03   0.195650074102E-10   0.000000000000E+00
  295.   0.142187500000E+03   0.261695285657E-10   0.000000000000E+00   0.557812500000E+03   0.523253960756E-10   0.000000000000E+00
  296.   0.140625000000E+03   0.160486562137E-10   0.000000000000E+00   0.559375000000E+03   0.328876853534E-10   0.000000000000E+00
  297.   0.139062500000E+03   0.431601004785E-10   0.000000000000E+00   0.560937500000E+03   0.878097096310E-10   0.000000000000E+00
  298.   0.137500000000E+03   0.266012679090E-10   0.000000000000E+00   0.562500000000E+03   0.550703723037E-10   0.000000000000E+00
  299.   0.135937500000E+03   0.704153514840E-10   0.000000000000E+00   0.564062500000E+03   0.145699776313E-09   0.000000000000E+00
  300.   0.134375000000E+03   0.432699743144E-10   0.000000000000E+00   0.565625000000E+03   0.907286241595E-10   0.000000000000E+00
  301.   0.132812500000E+03   0.112779457581E-09   0.000000000000E+00   0.567187500000E+03   0.237272917223E-09   0.000000000000E+00
  302.   0.131250000000E+03   0.687012899698E-10   0.000000000000E+00   0.568750000000E+03   0.146112680455E-09   0.000000000000E+00
  303.   0.129687500000E+03   0.178734801898E-09   0.000000000000E+00   0.570312500000E+03   0.382059434275E-09   0.000000000000E+00
  304.   0.128125000000E+03   0.108515133576E-09   0.000000000000E+00   0.571875000000E+03   0.234011728343E-09   0.000000000000E+00
  305.   0.126562500000E+03   0.288455117492E-09   0.000000000000E+00   0.573437500000E+03   0.625455094099E-09   0.000000000000E+00
  306.   0.125000000000E+03   0.176918701023E-09   0.000000000000E+00   0.575000000000E+03   0.386209829829E-09   0.000000000000E+00
  307.   0.123437500000E+03   0.495520496859E-09   0.000000000000E+00   0.576562500000E+03   0.108778272535E-08   0.000000000000E+00
  308.   0.121875000000E+03   0.315400985134E-09   0.000000000000E+00   0.578125000000E+03   0.695746865857E-09   0.000000000000E+00
  309.   0.120312500000E+03   0.910352132318E-09   0.000000000000E+00   0.579687500000E+03   0.202423892579E-08   0.000000000000E+00
  310.   0.118750000000E+03   0.595039914585E-09   0.000000000000E+00   0.581250000000E+03   0.132963268928E-08   0.000000000000E+00
  311.   0.117187500000E+03   0.171102299084E-08   0.000000000000E+00   0.582812500000E+03   0.386510295251E-08   0.000000000000E+00
  312.   0.115625000000E+03   0.113258518624E-08   0.000000000000E+00   0.584375000000E+03   0.257405637831E-08   0.000000000000E+00
  313.   0.114062500000E+03   0.296134214905E-08   0.000000000000E+00   0.585937500000E+03   0.683146541450E-08   0.000000000000E+00
  314.   0.112500000000E+03   0.186086032589E-08   0.000000000000E+00   0.587500000000E+03   0.433203958946E-08   0.000000000000E+00
  315.   0.110937500000E+03   0.453480483248E-08   0.000000000000E+00   0.589062500000E+03   0.107286617987E-07   0.000000000000E+00
  316.   0.109375000000E+03   0.274877443340E-08   0.000000000000E+00   0.590625000000E+03   0.657520460658E-08   0.000000000000E+00
  317.   0.107812500000E+03   0.513095714354E-08   0.000000000000E+00   0.592187500000E+03   0.126216613699E-07   0.000000000000E+00
  318.   0.106250000000E+03   0.272209205130E-08   0.000000000000E+00   0.593750000000E+03   0.683162321838E-08   0.000000000000E+00
  319.   0.104687500000E+03   0.390280487800E-08   0.000000000000E+00   0.595312500000E+03   0.102579644761E-07   0.000000000000E+00
  320.   0.103125000000E+03   0.100482062355E-08   0.000000000000E+00   0.596875000000E+03   0.303246971181E-08   0.000000000000E+00
  321.   0.101562500000E+03  -0.587227684824E-08   0.000000000000E+00   0.598437500000E+03  -0.132102789522E-07   0.000000000000E+00
