i  r_top  QtopRe  QtopIm  r_bot  QbotRe  QbotIm   [mm, mC]
    1.   0.600000000000E+03  -0.313115071641E-09   0.000000000000E+00   0.100000000000E+03  -0.117013100332E-07   0.000000000000E+00
    2.   0.100000000000E+03  -0.117013100326E-07   0.000000000000E+00   0.600000000000E+03  -0.313115073778E-09   0.000000000000E+00
    3.   0.598437500000E+03  -0.124448253792E-08   0.000000000000E+00   0.101562500000E+03  -0.711498941080E-08   0.000000000000E+00
    4.   0.596875000000E+03  -0.622469437642E-09   0.000000000000E+00   0.103125000000E+03  -0.297590108534E-08   0.000000000000E+00
    5.   0.595312500000E+03  -0.124187027448E-08   0.000000000000E+00   0.104687500000E+03  -0.363607625038E-08   0.000000000000E+00
    6.   0.593750000000E+03  -0.615472970174E-09   0.000000000000E+00   0.106250000000E+03  -0.155683890598E-08   0.000000000000E+00
    7.   0.592187500000E+03  -0.122835543262E-08   0.000000000000E+00   0.107812500000E+03  -0.212998808431E-08   0.000000000000E+00
    8.   0.590625000000E+03  -0.609822696669E-09   0.000000000000E+00   0.109375000000E+03  -0.851714555608E-09   0.000000000000E+00
    9.   0.589062500000E+03  -0.121288694899E-08   0.000000000000E+00   0.110937500000E+03  -0.132013927701E-08   0.000000000000E+00
   10.   0.587500000000E+03  -0.601694655095E-09   0.000000000000E+00   0.112500000000E+03  -0.546399218383E-09   0.000000000000E+00
   11.   0.585937500000E+03  -0.119582542621E-08   0.000000000000E+00   0.114062500000E+03  -0.848967521383E-09   0.000000000000E+00
   12.   0.584375000000E+03  -0.593023129571E-09   0.000000000000E+00   0.115625000000E+03  -0.337452141653E-09   0.000000000000E+00
   13.   0.582812500000E+03  -0.117788650675E-08   0.000000000000E+00   0.117187500000E+03  -0.545281935108E-09   0.000000000000E+00
   14.   0.581250000000E+03  -0.583875961232E-09   0.000000000000E+00   0.118750000000E+03  -0.217618259282E-09   0.000000000000E+00
   15.   0.579687500000E+03  -0.115936176830E-08   0.000000000000E+00   0.120312500000E+03  -0.352198965726E-09   0.000000000000E+00
   16.   0.578125000000E+03  -0.574513231793E-09   0.000000000000E+00   0.121875000000E+03  -0.139034896677E-09   0.000000000000E+00
   17.   0.576562500000E+03  -0.114050219089E-08   0.000000000000E+00   0.123437500000E+03  -0.226901186674E-09   0.000000000000E+00
   18.   0.575000000000E+03  -0.565024992406E-09   0.000000000000E+00   0.125000000000E+03  -0.895126330534E-10   0.000000000000E+00
   19.   0.573437500000E+03  -0.112146271804E-08   0.000000000000E+00   0.126562500000E+03  -0.146072689743E-09   0.000000000000E+00
   20.   0.571875000000E+03  -0.555480630136E-09   0.000000000000E+00   0.128125000000E+03  -0.574644322736E-10   0.000000000000E+00
   21.   0.570312500000E+03  -0.110234959102E-08   0.000000000000E+00   0.129687500000E+03  -0.937292722887E-10   0.000000000000E+00
   22.   0.568750000000E+03  -0.545920711671E-09   0.000000000000E+00   0.131250000000E+03  -0.368408167883E-10   0.000000000000E+00
   23.   0.567187500000E+03  -0.108323132104E-08   0.000000000000E+00   0.132812500000E+03  -0.598644673658E-10   0.000000000000E+00
   24.   0.565625000000E+03  -0.536372132960E-09   0.000000000000E+00   0.134375000000E+03  -0.234975516507E-10   0.000000000000E+00
   25.   0.564062500000E+03  -0.106415260688E-08   0.000000000000E+00   0.135937500000E+03  -0.379219715830E-10   0.000000000000E+00
   26.   0.562500000000E+03  -0.526852198145E-09   0.000000000000E+00   0.137500000000E+03  -0.148577897047E-10   0.000000000000E+00
   27.   0.560937500000E+03  -0.104514236914E-08   0.000000000000E+00   0.139062500000E+03  -0.236864729429E-10   0.000000000000E+00
   28.   0.559375000000E+03  -0.517372222661E-09   0.000000000000E+00   0.140625000000E+03  -0.924657035077E-11   0.000000000000E+00
   29.   0.557812500000E+03  -0.102621947523E-08   0.000000000000E+00   0.142187500000E+03  -0.144266865090E-10   0.000000000000E+00
   30.   0.556250000000E+03  -0.507939644167E-09   0.000000000000E+00   0.143750000000E+03  -0.558953854784E-11   0.000000000000E+00
   31.   0.554687500000E+03  -0.100739638071E-08   0.000000000000E+00   0.145312500000E+03  -0.837985315868E-11   0.000000000000E+00
   32.   0.553125000000E+03  -0.498559432567E-09   0.000000000000E+00   0.146875000000E+03  -0.319321713515E-11   0.000000000000E+00
   33.   0.551562500000E+03  -0.988681498360E-09   0.000000000000E+00   0.148437500000E+03  -0.440743589265E-11   0.000000000000E+00
   34.   0.550000000000E+03  -0.489235005672E-09   0.000000000000E+00   0.150000000000E+03  -0.161082173393E-11   0.000000000000E+00
   35.   0.548437500000E+03  -0.970080680866E-09   0.000000000000E+00   0.151562500000E+03  -0.177508808566E-11   0.000000000000E+00
   36.   0.546875000000E+03  -0.479968797818E-09   0.000000000000E+00   0.153125000000E+03  -0.554424537083E-12   0.000000000000E+00
   37.   0.545312500000E+03  -0.951598183121E-09   0.000000000000E+00   0.154687500000E+03  -0.953204460111E-14   0.000000000000E+00
   38.   0.543750000000E+03  -0.470762625560E-09   0.000000000000E+00   0.156250000000E+03   0.161316364647E-12   0.000000000000E+00
   39.   0.542187500000E+03  -0.933237264985E-09   0.000000000000E+00   0.157812500000E+03   0.119380224314E-11   0.000000000000E+00
   40.   0.540625000000E+03  -0.461617931303E-09   0.000000000000E+00   0.159375000000E+03   0.655537823808E-12   0.000000000000E+00
   41.   0.539062500000E+03  -0.915000580920E-09   0.000000000000E+00   0.160937500000E+03   0.203053520130E-11   0.000000000000E+00
   42.   0.537500000000E+03  -0.452535929310E-09   0.000000000000E+00   0.162500000000E+03   0.100463754050E-11   0.000000000000E+00
   43.   0.535937500000E+03  -0.896890409587E-09   0.000000000000E+00   0.164062500000E+03   0.262593610779E-11   0.000000000000E+00
   44.   0.534375000000E+03  -0.443517665745E-09   0.000000000000E+00   0.165625000000E+03   0.125742618709E-11   0.000000000000E+00
   45.   0.532812500000E+03  -0.878908819609E-09   0.000000000000E+00   0.167187500000E+03   0.305985692963E-11   0.000000000000E+00
   46.   0.531250000000E+03  -0.434564153545E-09   0.000000000000E+00   0.168750000000E+03   0.144490702906E-11   0.000000000000E+00
   47.   0.529687500000E+03  -0.861057760126E-09   0.000000000000E+00   0.170312500000E+03   0.338282981547E-11   0.000000000000E+00
   48.   0.528125000000E+03  -0.425676352978E-09   0.000000000000E+00   0.171875000000E+03   0.158658798155E-11   0.000000000000E+00
   49.   0.526562500000E+03  -0.843339118238E-09   0.000000000000E+00   0.173437500000E+03   0.362645734953E-11   0.000000000000E+00
   50.   0.525000000000E+03  -0.416855184526E-09   0.000000000000E+00   0.175000000000E+03   0.169455425001E-11   0.000000000000E+00
   51.   0.523437500000E+03  -0.825754766937E-09   0.000000000000E+00   0.176562500000E+03   0.381011679130E-11   0.000000000000E+00
   52.   0.521875000000E+03  -0.408101600196E-09   0.000000000000E+00   0.178125000000E+03   0.177609599136E-11   0.000000000000E+00
   53.   0.520312500000E+03  -0.808306584049E-09   0.000000000000E+00   0.179687500000E+03   0.394528494331E-11   0.000000000000E+00
   54.   0.518750000000E+03  -0.399416515523E-09   0.000000000000E+00   0.181250000000E+03   0.183540268082E-11   0.000000000000E+00
   55.   0.517187500000E+03  -0.790996454885E-09   0.000000000000E+00   0.182812500000E+03   0.403832737284E-11   0.000000000000E+00
   56.   0.515625000000E+03  -0.390800897759E-09   0.000000000000E+00   0.184375000000E+03   0.187465605657E-11   0.000000000000E+00
   57.   0.514062500000E+03  -0.773826298167E-09   0.000000000000E+00   0.185937500000E+03   0.409229708313E-11   0.000000000000E+00
   58.   0.512500000000E+03  -0.382255704547E-09   0.000000000000E+00   0.187500000000E+03   0.189473473846E-11   0.000000000000E+00
   59.   0.510937500000E+03  -0.756798061375E-09   0.000000000000E+00   0.189062500000E+03   0.410809416725E-11   0.000000000000E+00
   60.   0.509375000000E+03  -0.373781920047E-09   0.000000000000E+00   0.190625000000E+03   0.189566845213E-11   0.000000000000E+00
   61.   0.507812500000E+03  -0.739913714092E-09   0.000000000000E+00   0.192187500000E+03   0.408521343888E-11   0.000000000000E+00
   62.   0.506250000000E+03  -0.365380528515E-09   0.000000000000E+00   0.193750000000E+03   0.187693100182E-11   0.000000000000E+00
   63.   0.504687500000E+03  -0.723175261625E-09   0.000000000000E+00   0.195312500000E+03   0.402222655600E-11   0.000000000000E+00
   64.   0.503125000000E+03  -0.357052546960E-09   0.000000000000E+00   0.196875000000E+03   0.183762901870E-11   0.000000000000E+00
   65.   0.501562500000E+03  -0.706584740400E-09   0.000000000000E+00   0.198437500000E+03   0.391709278838E-11   0.000000000000E+00
   66.   0.500000000000E+03  -0.348799001495E-09   0.000000000000E+00   0.200000000000E+03   0.177662391445E-11   0.000000000000E+00
   67.   0.498437500000E+03  -0.690144213882E-09   0.000000000000E+00   0.201562500000E+03   0.376735958775E-11   0.000000000000E+00
   68.   0.496875000000E+03  -0.340620919332E-09   0.000000000000E+00   0.203125000000E+03   0.169261034323E-11   0.000000000000E+00
   69.   0.495312500000E+03  -0.673855780093E-09   0.000000000000E+00   0.204687500000E+03   0.357029214706E-11   0.000000000000E+00
   70.   0.493750000000E+03  -0.332519365057E-09   0.000000000000E+00   0.206250000000E+03   0.158416719085E-11   0.000000000000E+00
   71.   0.492187500000E+03  -0.657721555011E-09   0.000000000000E+00   0.207812500000E+03   0.332295700789E-11   0.000000000000E+00
   72.   0.490625000000E+03  -0.324495394582E-09   0.000000000000E+00   0.209375000000E+03   0.144979023791E-11   0.000000000000E+00
   73.   0.489062500000E+03  -0.641743675156E-09   0.000000000000E+00   0.210937500000E+03   0.302227640274E-11   0.000000000000E+00
   74.   0.487500000000E+03  -0.316550082249E-09   0.000000000000E+00   0.212500000000E+03   0.128791378451E-11   0.000000000000E+00
   75.   0.485937500000E+03  -0.625924301959E-09   0.000000000000E+00   0.214062500000E+03   0.266506358351E-11   0.000000000000E+00
   76.   0.484375000000E+03  -0.308684517148E-09   0.000000000000E+00   0.215625000000E+03   0.109692442780E-11   0.000000000000E+00
   77.   0.482812500000E+03  -0.610265616102E-09   0.000000000000E+00   0.217187500000E+03   0.224804603308E-11   0.000000000000E+00
   78.   0.481250000000E+03  -0.300899793966E-09   0.000000000000E+00   0.218750000000E+03   0.875170401798E-12   0.000000000000E+00
   79.   0.479687500000E+03  -0.594769814051E-09   0.000000000000E+00   0.220312500000E+03   0.176788101684E-11   0.000000000000E+00
   80.   0.478125000000E+03  -0.293197006035E-09   0.000000000000E+00   0.221875000000E+03   0.620967829093E-12   0.000000000000E+00
   81.   0.476562500000E+03  -0.579439096995E-09   0.000000000000E+00   0.223437500000E+03   0.122116625888E-11   0.000000000000E+00
   82.   0.475000000000E+03  -0.285577252590E-09   0.000000000000E+00   0.225000000000E+03   0.332605209997E-12   0.000000000000E+00
   83.   0.473437500000E+03  -0.564275676756E-09   0.000000000000E+00   0.226562500000E+03   0.604447956002E-12   0.000000000000E+00
   84.   0.471875000000E+03  -0.278041653718E-09   0.000000000000E+00   0.228125000000E+03   0.834686079185E-14   0.000000000000E+00
   85.   0.470312500000E+03  -0.549281773258E-09   0.000000000000E+00   0.229687500000E+03  -0.857727209905E-13   0.000000000000E+00
   86.   0.468750000000E+03  -0.270591310395E-09   0.000000000000E+00   0.231250000000E+03  -0.353563892815E-12   0.000000000000E+00
   87.   0.467187500000E+03  -0.534459602673E-09   0.000000000000E+00   0.232812500000E+03  -0.853033145349E-12   0.000000000000E+00
   88.   0.465625000000E+03  -0.263227326401E-09   0.000000000000E+00   0.234375000000E+03  -0.754901488559E-12   0.000000000000E+00
   89.   0.464062500000E+03  -0.519811365278E-09   0.000000000000E+00   0.235937500000E+03  -0.170090181716E-11   0.000000000000E+00
   90.   0.462500000000E+03  -0.255950793462E-09   0.000000000000E+00   0.237500000000E+03  -0.119745392771E-11   0.000000000000E+00
   91.   0.460937500000E+03  -0.505339236766E-09   0.000000000000E+00   0.239062500000E+03  -0.263296846401E-11   0.000000000000E+00
   92.   0.459375000000E+03  -0.248762795669E-09   0.000000000000E+00   0.240625000000E+03  -0.168301706500E-11   0.000000000000E+00
   93.   0.457812500000E+03  -0.491045349727E-09   0.000000000000E+00   0.242187500000E+03  -0.365282985390E-11   0.000000000000E+00
   94.   0.456250000000E+03  -0.241664386908E-09   0.000000000000E+00   0.243750000000E+03  -0.221338608855E-11   0.000000000000E+00
   95.   0.454687500000E+03  -0.476931764878E-09   0.000000000000E+00   0.245312500000E+03  -0.476406819201E-11   0.000000000000E+00
   96.   0.453125000000E+03  -0.234656565754E-09   0.000000000000E+00   0.246875000000E+03  -0.279034254387E-11   0.000000000000E+00
   97.   0.451562500000E+03  -0.463000429621E-09   0.000000000000E+00   0.248437500000E+03  -0.597021798493E-11   0.000000000000E+00
   98.   0.450000000000E+03  -0.227740277918E-09   0.000000000000E+00   0.250000000000E+03  -0.341563408026E-11   0.000000000000E+00
   99.   0.448437500000E+03  -0.449253113646E-09   0.000000000000E+00   0.251562500000E+03  -0.727471418771E-11   0.000000000000E+00
  100.   0.446875000000E+03  -0.220916346573E-09   0.000000000000E+00   0.253125000000E+03  -0.409094291175E-11   0.000000000000E+00
  101.   0.445312500000E+03  -0.435691305805E-09   0.000000000000E+00   0.254687500000E+03  -0.868081110320E-11   0.000000000000E+00
  102.   0.443750000000E+03  -0.214185435525E-09   0.000000000000E+00   0.256250000000E+03  -0.481783634831E-11   0.000000000000E+00
  103.   0.442187500000E+03  -0.422316064110E-09   0.000000000000E+00   0.257812500000E+03  -0.101914547405E-10   0.000000000000E+00
  104.   0.440625000000E+03  -0.207547939999E-09   0.000000000000E+00   0.259375000000E+03  -0.559768866101E-11   0.000000000000E+00
  105.   0.439062500000E+03  -0.409127770165E-09   0.000000000000E+00   0.260937500000E+03  -0.118090815952E-10   0.000000000000E+00
  106.   0.437500000000E+03  -0.201003842239E-09   0.000000000000E+00   0.262500000000E+03  -0.643155820848E-11   0.000000000000E+00
  107.   0.435937500000E+03  -0.396125752885E-09   0.000000000000E+00   0.264062500000E+03  -0.135353022205E-10   0.000000000000E+00
  108.   0.434375000000E+03  -0.194552487870E-09   0.000000000000E+00   0.265625000000E+03  -0.731999400007E-11   0.000000000000E+00
  109.   0.432812500000E+03  -0.383307704550E-09   0.000000000000E+00   0.267187500000E+03  -0.153704022438E-10   0.000000000000E+00
  110.   0.431250000000E+03  -0.188192226167E-09   0.000000000000E+00   0.268750000000E+03  -0.826273087224E-11   0.000000000000E+00
  111.   0.429687500000E+03  -0.370668765048E-09   0.000000000000E+00   0.270312500000E+03  -0.173125557957E-10   0.000000000000E+00
  112.   0.428125000000E+03  -0.181919850363E-09   0.000000000000E+00   0.271875000000E+03  -0.925820781928E-11   0.000000000000E+00
  113.   0.426562500000E+03  -0.358200093317E-09   0.000000000000E+00   0.273437500000E+03  -0.193565855966E-10   0.000000000000E+00
  114.   0.425000000000E+03  -0.175729730607E-09   0.000000000000E+00   0.275000000000E+03  -0.103028111164E-10   0.000000000000E+00
  115.   0.423437500000E+03  -0.345886633730E-09   0.000000000000E+00   0.276562500000E+03  -0.214920083099E-10   0.000000000000E+00
  116.   0.421875000000E+03  -0.169612451883E-09   0.000000000000E+00   0.278125000000E+03  -0.113896780543E-10   0.000000000000E+00
  117.   0.420312500000E+03  -0.333703632802E-09   0.000000000000E+00   0.279687500000E+03  -0.236999532379E-10   0.000000000000E+00
  118.   0.418750000000E+03  -0.163552695075E-09   0.000000000000E+00   0.281250000000E+03  -0.125068139317E-10   0.000000000000E+00
  119.   0.417187500000E+03  -0.321611200900E-09   0.000000000000E+00   0.282812500000E+03  -0.259483050203E-10   0.000000000000E+00
  120.   0.415625000000E+03  -0.157525913990E-09   0.000000000000E+00   0.284375000000E+03  -0.136341220636E-10   0.000000000000E+00
  121.   0.414062500000E+03  -0.309545807169E-09   0.000000000000E+00   0.285937500000E+03  -0.281840466240E-10   0.000000000000E+00
  122.   0.412500000000E+03  -0.151493171483E-09   0.000000000000E+00   0.287500000000E+03  -0.147387221745E-10   0.000000000000E+00
  123.   0.410937500000E+03  -0.297407000750E-09   0.000000000000E+00   0.289062500000E+03  -0.303211899775E-10   0.000000000000E+00
  124.   0.409375000000E+03  -0.145393028195E-09   0.000000000000E+00   0.290625000000E+03  -0.157675713664E-10   0.000000000000E+00
  125.   0.407812500000E+03  -0.285036670301E-09   0.000000000000E+00   0.292187500000E+03  -0.322217533985E-10   0.000000000000E+00
  126.   0.406250000000E+03  -0.139128921332E-09   0.000000000000E+00   0.293750000000E+03  -0.166358342856E-10   0.000000000000E+00
  127.   0.404687500000E+03  -0.272186645968E-09   0.000000000000E+00   0.295312500000E+03  -0.336657784344E-10   0.000000000000E+00
  128.   0.403125000000E+03  -0.132549416623E-09   0.000000000000E+00   0.296875000000E+03  -0.172085491840E-10   0.000000000000E+00
  129.   0.401562500000E+03  -0.258468093065E-09   0.000000000000E+00   0.298437500000E+03  -0.343040763759E-10   0.000000000000E+00
  130.   0.400000000000E+03  -0.125417369863E-09   0.000000000000E+00   0.300000000000E+03  -0.172717323605E-10   0.000000000000E+00
  131.   0.398437500000E+03  -0.243272481569E-09   0.000000000000E+00   0.301562500000E+03  -0.335837633769E-10   0.000000000000E+00
  132.   0.396875000000E+03  -0.117361748101E-09   0.000000000000E+00   0.303125000000E+03  -0.164868304427E-10   0.000000000000E+00
  133.   0.395312500000E+03  -0.225648139549E-09   0.000000000000E+00   0.304687500000E+03  -0.306309052269E-10   0.000000000000E+00
  134.   0.393750000000E+03  -0.107802344219E-09   0.000000000000E+00   0.306250000000E+03  -0.143188996122E-10   0.000000000000E+00
  135.   0.392187500000E+03  -0.204107529394E-09   0.000000000000E+00   0.307812500000E+03  -0.240656479357E-10   0.000000000000E+00
  136.   0.390625000000E+03  -0.958322049892E-10   0.000000000000E+00   0.309375000000E+03  -0.992345455849E-11   0.000000000000E+00
  137.   0.389062500000E+03  -0.176326104313E-09   0.000000000000E+00   0.310937500000E+03  -0.117107786222E-10   0.000000000000E+00
  138.   0.387500000000E+03  -0.800333081672E-10   0.000000000000E+00   0.312500000000E+03  -0.196751014620E-11   0.000000000000E+00
  139.   0.385937500000E+03  -0.138672834077E-09   0.000000000000E+00   0.314062500000E+03   0.986676610096E-11   0.000000000000E+00
  140.   0.384375000000E+03  -0.581902837205E-10   0.000000000000E+00   0.315625000000E+03   0.116509587453E-10   0.000000000000E+00
  141.   0.382812500000E+03  -0.854747744804E-10   0.000000000000E+00   0.317187500000E+03   0.460803589960E-10   0.000000000000E+00
  142.   0.381250000000E+03  -0.268327017941E-10   0.000000000000E+00   0.318750000000E+03   0.342548976146E-10   0.000000000000E+00
  143.   0.379687500000E+03  -0.787828483869E-11   0.000000000000E+00   0.320312500000E+03   0.105456282251E-09   0.000000000000E+00
  144.   0.378125000000E+03   0.194486403696E-10   0.000000000000E+00   0.321875000000E+03   0.710714020122E-10   0.000000000000E+00
  145.   0.376562500000E+03   0.107959452266E-09   0.000000000000E+00   0.323437500000E+03   0.201445791953E-09   0.000000000000E+00
  146.   0.375000000000E+03   0.892248643669E-10   0.000000000000E+00   0.325000000000E+03   0.130454123188E-09   0.000000000000E+00
  147.   0.373437500000E+03   0.283589716892E-09   0.000000000000E+00   0.326562500000E+03   0.355182917473E-09   0.000000000000E+00
  148.   0.371875000000E+03   0.195665355736E-09   0.000000000000E+00   0.328125000000E+03   0.225362694146E-09   0.000000000000E+00
  149.   0.370312500000E+03   0.552871829873E-09   0.000000000000E+00   0.329687500000E+03   0.600158238343E-09   0.000000000000E+00
  150.   0.368750000000E+03   0.360844816640E-09   0.000000000000E+00   0.331250000000E+03   0.377664463853E-09   0.000000000000E+00
  151.   0.367187500000E+03   0.968315254072E-09   0.000000000000E+00   0.332812500000E+03   0.988795631860E-09   0.000000000000E+00
  152.   0.365625000000E+03   0.616719213392E-09   0.000000000000E+00   0.334375000000E+03   0.619384309509E-09   0.000000000000E+00
  153.   0.364062500000E+03   0.161420999616E-08   0.000000000000E+00   0.335937500000E+03   0.160587659570E-08   0.000000000000E+00
  154.   0.362500000000E+03   0.102814111333E-08   0.000000000000E+00   0.337500000000E+03   0.101562823946E-08   0.000000000000E+00
  155.   0.360937500000E+03   0.262768586209E-08   0.000000000000E+00   0.339062500000E+03   0.259035896347E-08   0.000000000000E+00
  156.   0.359375000000E+03   0.168991437451E-08   0.000000000000E+00   0.340625000000E+03   0.166220232073E-08   0.000000000000E+00
  157.   0.357812500000E+03   0.424116039622E-08   0.000000000000E+00   0.342187500000E+03   0.417924758413E-08   0.000000000000E+00
  158.   0.356250000000E+03   0.279319780098E-08   0.000000000000E+00   0.343750000000E+03   0.275578830403E-08   0.000000000000E+00
  159.   0.354687500000E+03   0.709966751937E-08   0.000000000000E+00   0.345312500000E+03   0.702426898154E-08   0.000000000000E+00
  160.   0.353125000000E+03   0.545718704857E-08   0.000000000000E+00   0.346875000000E+03   0.540851365375E-08   0.000000000000E+00
  161.   0.351562500000E+03   0.121834126755E-07   0.000000000000E+00   0.348437500000E+03   0.121469503013E-07   0.000000000000E+00
  162.   0.350000000000E+03   0.225892687562E-07   0.000000000000E+00   0.350000000000E+03   0.225892687603E-07   0.000000000000E+00
  163.   0.348437500000E+03   0.121469502946E-07   0.000000000000E+00   0.351562500000E+03   0.121834126817E-07   0.000000000000E+00
  164.   0.346875000000E+03   0.540851364964E-08   0.000000000000E+00   0.353125000000E+03   0.545718705222E-08   0.000000000000E+00
  165.   0.345312500000E+03   0.702426897443E-08   0.000000000000E+00   0.354687500000E+03   0.709966752581E-08   0.000000000000E+00
  166.   0.343750000000E+03   0.275578830139E-08   0.000000000000E+00   0.356250000000E+03   0.279319780441E-08   0.000000000000E+00
  167.   0.342187500000E+03   0.417924757724E-08   0.000000000000E+00   0.357812500000E+03   0.424116040319E-08   0.000000000000E+00
  168.   0.340625000000E+03   0.166220231784E-08   0.000000000000E+00   0.359375000000E+03   0.168991437829E-08   0.000000000000E+00
  169.   0.339062500000E+03   0.259035895718E-08   0.000000000000E+00   0.360937500000E+03   0.262768586916E-08   0.000000000000E+00
  170.   0.337500000000E+03   0.101562823630E-08   0.000000000000E+00   0.362500000000E+03   0.102814111805E-08   0.000000000000E+00
  171.   0.335937500000E+03   0.160587658946E-08   0.000000000000E+00   0.364062500000E+03   0.161421000319E-08   0.000000000000E+00
  172.   0.334375000000E+03   0.619384306644E-09   0.000000000000E+00   0.365625000000E+03   0.616719219189E-09   0.000000000000E+00
  173.   0.332812500000E+03   0.988795625240E-09   0.000000000000E+00   0.367187500000E+03   0.968315261103E-09   0.000000000000E+00
  174.   0.331250000000E+03   0.377664461005E-09   0.000000000000E+00   0.368750000000E+03   0.360844822030E-09   0.000000000000E+00
  175.   0.329687500000E+03   0.600158231692E-09   0.000000000000E+00   0.370312500000E+03   0.552871837055E-09   0.000000000000E+00
  176.   0.328125000000E+03   0.225362691096E-09   0.000000000000E+00   0.371875000000E+03   0.195665360648E-09   0.000000000000E+00
  177.   0.326562500000E+03   0.355182910894E-09   0.000000000000E+00   0.373437500000E+03   0.283589724224E-09   0.000000000000E+00
  178.   0.325000000000E+03   0.130454119663E-09   0.000000000000E+00   0.375000000000E+03   0.892248679590E-10   0.000000000000E+00
  179.   0.323437500000E+03   0.201445785644E-09   0.000000000000E+00   0.376562500000E+03   0.107959459199E-09   0.000000000000E+00
  180.   0.321875000000E+03   0.710713986068E-10   0.000000000000E+00   0.378125000000E+03   0.194486429388E-10   0.000000000000E+00
  181.   0.320312500000E+03   0.105456276205E-09   0.000000000000E+00   0.379687500000E+03  -0.787827837843E-11   0.000000000000E+00
  182.   0.318750000000E+03   0.342548946298E-10   0.000000000000E+00   0.381250000000E+03  -0.268326981326E-10   0.000000000000E+00
  183.   0.317187500000E+03   0.460803528333E-10   0.000000000000E+00   0.382812500000E+03  -0.854747675305E-10   0.000000000000E+00
  184.   0.315625000000E+03   0.116509559041E-10   0.000000000000E+00   0.384375000000E+03  -0.581902791506E-10   0.000000000000E+00
  185.   0.314062500000E+03   0.986675966351E-11   0.000000000000E+00   0.385937500000E+03  -0.138672825961E-09   0.000000000000E+00
  186.   0.312500000000E+03  -0.196751303188E-11   0.000000000000E+00   0.387500000000E+03  -0.800333042684E-10   0.000000000000E+00
  187.   0.310937500000E+03  -0.117107851431E-10   0.000000000000E+00   0.389062500000E+03  -0.176326095815E-09   0.000000000000E+00
  188.   0.309375000000E+03  -0.992345764712E-11   0.000000000000E+00   0.390625000000E+03  -0.958322015227E-10   0.000000000000E+00
  189.   0.307812500000E+03  -0.240656542585E-10   0.000000000000E+00   0.392187500000E+03  -0.204107521172E-09   0.000000000000E+00
  190.   0.306250000000E+03  -0.143189022196E-10   0.000000000000E+00   0.393750000000E+03  -0.107802340176E-09   0.000000000000E+00
  191.   0.304687500000E+03  -0.306309113264E-10   0.000000000000E+00   0.395312500000E+03  -0.225648131392E-09   0.000000000000E+00
  192.   0.303125000000E+03  -0.164868336973E-10   0.000000000000E+00   0.396875000000E+03  -0.117361744689E-09   0.000000000000E+00
  193.   0.301562500000E+03  -0.335837694867E-10   0.000000000000E+00   0.398437500000E+03  -0.243272472461E-09   0.000000000000E+00
  194.   0.300000000000E+03  -0.172717353875E-10   0.000000000000E+00   0.400000000000E+03  -0.125417364815E-09   0.000000000000E+00
  195.   0.298437500000E+03  -0.343040825895E-10   0.000000000000E+00   0.401562500000E+03  -0.258468084783E-09   0.000000000000E+00
  196.   0.296875000000E+03  -0.172085523350E-10   0.000000000000E+00   0.403125000000E+03  -0.132549412777E-09   0.000000000000E+00
  197.   0.295312500000E+03  -0.336657844167E-10   0.000000000000E+00   0.404687500000E+03  -0.272186637639E-09   0.000000000000E+00
  198.   0.293750000000E+03  -0.166358370410E-10   0.000000000000E+00   0.406250000000E+03  -0.139128916982E-09   0.000000000000E+00
  199.   0.292187500000E+03  -0.322217591066E-10   0.000000000000E+00   0.407812500000E+03  -0.285036661592E-09   0.000000000000E+00
  200.   0.290625000000E+03  -0.157675741438E-10   0.000000000000E+00   0.409375000000E+03  -0.145393023520E-09   0.000000000000E+00
  201.   0.289062500000E+03  -0.303211955363E-10   0.000000000000E+00   0.410937500000E+03  -0.297406990762E-09   0.000000000000E+00
  202.   0.287500000000E+03  -0.147387248550E-10   0.000000000000E+00   0.412500000000E+03  -0.151493165738E-09   0.000000000000E+00
  203.   0.285937500000E+03  -0.281840521169E-10   0.000000000000E+00   0.414062500000E+03  -0.309545797149E-09   0.000000000000E+00
  204.   0.284375000000E+03  -0.136341246485E-10   0.000000000000E+00   0.415625000000E+03  -0.157525910751E-09   0.000000000000E+00
  205.   0.282812500000E+03  -0.259483106483E-10   0.000000000000E+00   0.417187500000E+03  -0.321611192001E-09   0.000000000000E+00
  206.   0.281250000000E+03  -0.125068167293E-10   0.000000000000E+00   0.418750000000E+03  -0.163552690393E-09   0.000000000000E+00
  207.   0.279687500000E+03  -0.236999588591E-10   0.000000000000E+00   0.420312500000E+03  -0.333703624668E-09   0.000000000000E+00
  208.   0.278125000000E+03  -0.113896808781E-10   0.000000000000E+00   0.421875000000E+03  -0.169612449593E-09   0.000000000000E+00
  209.   0.276562500000E+03  -0.214920138493E-10   0.000000000000E+00   0.423437500000E+03  -0.345886625385E-09   0.000000000000E+00
  210.   0.275000000000E+03  -0.103028138732E-10   0.000000000000E+00   0.425000000000E+03  -0.175729726883E-09   0.000000000000E+00
  211.   0.273437500000E+03  -0.193565910449E-10   0.000000000000E+00   0.426562500000E+03  -0.358200084634E-09   0.000000000000E+00
  212.   0.271875000000E+03  -0.925821064925E-11   0.000000000000E+00   0.428125000000E+03  -0.181919845662E-09   0.000000000000E+00
  213.   0.270312500000E+03  -0.173125611845E-10   0.000000000000E+00   0.429687500000E+03  -0.370668755631E-09   0.000000000000E+00
  214.   0.268750000000E+03  -0.826273348995E-11   0.000000000000E+00   0.431250000000E+03  -0.188192221197E-09   0.000000000000E+00
  215.   0.267187500000E+03  -0.153704075513E-10   0.000000000000E+00   0.432812500000E+03  -0.383307695276E-09   0.000000000000E+00
  216.   0.265625000000E+03  -0.731999672826E-11   0.000000000000E+00   0.434375000000E+03  -0.194552481118E-09   0.000000000000E+00
  217.   0.264062500000E+03  -0.135353074721E-10   0.000000000000E+00   0.435937500000E+03  -0.396125743874E-09   0.000000000000E+00
  218.   0.262500000000E+03  -0.643156084559E-11   0.000000000000E+00   0.437500000000E+03  -0.201003834243E-09   0.000000000000E+00
  219.   0.260937500000E+03  -0.118090868279E-10   0.000000000000E+00   0.439062500000E+03  -0.409127762024E-09   0.000000000000E+00
  220.   0.259375000000E+03  -0.559769123348E-11   0.000000000000E+00   0.440625000000E+03  -0.207547933774E-09   0.000000000000E+00
  221.   0.257812500000E+03  -0.101914599476E-10   0.000000000000E+00   0.442187500000E+03  -0.422316056575E-09   0.000000000000E+00
  222.   0.256250000000E+03  -0.481783901713E-11   0.000000000000E+00   0.443750000000E+03  -0.214185433158E-09   0.000000000000E+00
  223.   0.254687500000E+03  -0.868081627696E-11   0.000000000000E+00   0.445312500000E+03  -0.435691298191E-09   0.000000000000E+00
  224.   0.253125000000E+03  -0.409094550111E-11   0.000000000000E+00   0.446875000000E+03  -0.220916342774E-09   0.000000000000E+00
  225.   0.251562500000E+03  -0.727471923719E-11   0.000000000000E+00   0.448437500000E+03  -0.449253106417E-09   0.000000000000E+00
  226.   0.250000000000E+03  -0.341563659634E-11   0.000000000000E+00   0.450000000000E+03  -0.227740273025E-09   0.000000000000E+00
  227.   0.248437500000E+03  -0.597022294372E-11   0.000000000000E+00   0.451562500000E+03  -0.463000421910E-09   0.000000000000E+00
  228.   0.246875000000E+03  -0.279034502615E-11   0.000000000000E+00   0.453125000000E+03  -0.234656559798E-09   0.000000000000E+00
  229.   0.245312500000E+03  -0.476407310058E-11   0.000000000000E+00   0.454687500000E+03  -0.476931754254E-09   0.000000000000E+00
  230.   0.243750000000E+03  -0.221338852601E-11   0.000000000000E+00   0.456250000000E+03  -0.241664380016E-09   0.000000000000E+00
  231.   0.242187500000E+03  -0.365283469941E-11   0.000000000000E+00   0.457812500000E+03  -0.491045339161E-09   0.000000000000E+00
  232.   0.240625000000E+03  -0.168301947288E-11   0.000000000000E+00   0.459375000000E+03  -0.248762792810E-09   0.000000000000E+00
  233.   0.239062500000E+03  -0.263297325449E-11   0.000000000000E+00   0.460937500000E+03  -0.505339227872E-09   0.000000000000E+00
  234.   0.237500000000E+03  -0.119745630368E-11   0.000000000000E+00   0.462500000000E+03  -0.255950787535E-09   0.000000000000E+00
  235.   0.235937500000E+03  -0.170090654113E-11   0.000000000000E+00   0.464062500000E+03  -0.519811355939E-09   0.000000000000E+00
  236.   0.234375000000E+03  -0.754903824576E-12   0.000000000000E+00   0.465625000000E+03  -0.263227319942E-09   0.000000000000E+00
  237.   0.232812500000E+03  -0.853037808478E-12   0.000000000000E+00   0.467187500000E+03  -0.534459591911E-09   0.000000000000E+00
  238.   0.231250000000E+03  -0.353566205794E-12   0.000000000000E+00   0.468750000000E+03  -0.270591304492E-09   0.000000000000E+00
  239.   0.229687500000E+03  -0.857773208029E-13   0.000000000000E+00   0.470312500000E+03  -0.549281764609E-09   0.000000000000E+00
  240.   0.228125000000E+03   0.834458079092E-14   0.000000000000E+00   0.471875000000E+03  -0.278041652569E-09   0.000000000000E+00
  241.   0.226562500000E+03   0.604443419982E-12   0.000000000000E+00   0.473437500000E+03  -0.564275667022E-09   0.000000000000E+00
  242.   0.225000000000E+03   0.332602957101E-12   0.000000000000E+00   0.475000000000E+03  -0.285577251787E-09   0.000000000000E+00
  243.   0.223437500000E+03   0.122116179697E-11   0.000000000000E+00   0.476562500000E+03  -0.579439083255E-09   0.000000000000E+00
  244.   0.221875000000E+03   0.620965616404E-12   0.000000000000E+00   0.478125000000E+03  -0.293196998759E-09   0.000000000000E+00
  245.   0.220312500000E+03   0.176787661151E-11   0.000000000000E+00   0.479687500000E+03  -0.594769803016E-09   0.000000000000E+00
  246.   0.218750000000E+03   0.875168225549E-12   0.000000000000E+00   0.481250000000E+03  -0.300899789691E-09   0.000000000000E+00
  247.   0.217187500000E+03   0.224804169329E-11   0.000000000000E+00   0.482812500000E+03  -0.610265607200E-09   0.000000000000E+00
  248.   0.215625000000E+03   0.109692229825E-11   0.000000000000E+00   0.484375000000E+03  -0.308684516570E-09   0.000000000000E+00
  249.   0.214062500000E+03   0.266505929694E-11   0.000000000000E+00   0.485937500000E+03  -0.625924294177E-09   0.000000000000E+00
  250.   0.212500000000E+03   0.128791167000E-11   0.000000000000E+00   0.487500000000E+03  -0.316550083578E-09   0.000000000000E+00
  251.   0.210937500000E+03   0.302227218633E-11   0.000000000000E+00   0.489062500000E+03  -0.641743667668E-09   0.000000000000E+00
  252.   0.209375000000E+03   0.144978812524E-11   0.000000000000E+00   0.490625000000E+03  -0.324495390237E-09   0.000000000000E+00
  253.   0.207812500000E+03   0.332295286177E-11   0.000000000000E+00   0.492187500000E+03  -0.657721547680E-09   0.000000000000E+00
  254.   0.206250000000E+03   0.158416512098E-11   0.000000000000E+00   0.493750000000E+03  -0.332519361281E-09   0.000000000000E+00
  255.   0.204687500000E+03   0.357028807214E-11   0.000000000000E+00   0.495312500000E+03  -0.673855775203E-09   0.000000000000E+00
  256.   0.203125000000E+03   0.169260832567E-11   0.000000000000E+00   0.496875000000E+03  -0.340620916657E-09   0.000000000000E+00
  257.   0.201562500000E+03   0.376735556193E-11   0.000000000000E+00   0.498437500000E+03  -0.690144209441E-09   0.000000000000E+00
  258.   0.200000000000E+03   0.177662192795E-11   0.000000000000E+00   0.500000000000E+03  -0.348798996231E-09   0.000000000000E+00
  259.   0.198437500000E+03   0.391708879951E-11   0.000000000000E+00   0.501562500000E+03  -0.706584732928E-09   0.000000000000E+00
  260.   0.196875000000E+03   0.183762707549E-11   0.000000000000E+00   0.503125000000E+03  -0.357052546275E-09   0.000000000000E+00
  261.   0.195312500000E+03   0.402222262783E-11   0.000000000000E+00   0.504687500000E+03  -0.723175252300E-09   0.000000000000E+00
  262.   0.193750000000E+03   0.187692907583E-11   0.000000000000E+00   0.506250000000E+03  -0.365380523037E-09   0.000000000000E+00
  263.   0.192187500000E+03   0.408520958048E-11   0.000000000000E+00   0.507812500000E+03  -0.739913702675E-09   0.000000000000E+00
  264.   0.190625000000E+03   0.189566656931E-11   0.000000000000E+00   0.509375000000E+03  -0.373781914342E-09   0.000000000000E+00
  265.   0.189062500000E+03   0.410809035472E-11   0.000000000000E+00   0.510937500000E+03  -0.756798050221E-09   0.000000000000E+00
  266.   0.187500000000E+03   0.189473285685E-11   0.000000000000E+00   0.512500000000E+03  -0.382255699865E-09   0.000000000000E+00
  267.   0.185937500000E+03   0.409229334008E-11   0.000000000000E+00   0.514062500000E+03  -0.773826289892E-09   0.000000000000E+00
  268.   0.184375000000E+03   0.187465419594E-11   0.000000000000E+00   0.515625000000E+03  -0.390800891929E-09   0.000000000000E+00
  269.   0.182812500000E+03   0.403832369657E-11   0.000000000000E+00   0.517187500000E+03  -0.790996444900E-09   0.000000000000E+00
  270.   0.181250000000E+03   0.183540084737E-11   0.000000000000E+00   0.518750000000E+03  -0.399416509274E-09   0.000000000000E+00
  271.   0.179687500000E+03   0.394528133335E-11   0.000000000000E+00   0.520312500000E+03  -0.808306574508E-09   0.000000000000E+00
  272.   0.178125000000E+03   0.177609420214E-11   0.000000000000E+00   0.521875000000E+03  -0.408101586606E-09   0.000000000000E+00
  273.   0.176562500000E+03   0.381011324896E-11   0.000000000000E+00   0.523437500000E+03  -0.825754757546E-09   0.000000000000E+00
  274.   0.175000000000E+03   0.169455247129E-11   0.000000000000E+00   0.525000000000E+03  -0.416855180258E-09   0.000000000000E+00
  275.   0.173437500000E+03   0.362645386474E-11   0.000000000000E+00   0.526562500000E+03  -0.843339108378E-09   0.000000000000E+00
  276.   0.171875000000E+03   0.158658619802E-11   0.000000000000E+00   0.528125000000E+03  -0.425676347463E-09   0.000000000000E+00
  277.   0.170312500000E+03   0.338282639330E-11   0.000000000000E+00   0.529687500000E+03  -0.861057748970E-09   0.000000000000E+00
  278.   0.168750000000E+03   0.144490532619E-11   0.000000000000E+00   0.531250000000E+03  -0.434564147316E-09   0.000000000000E+00
  279.   0.167187500000E+03   0.305985356614E-11   0.000000000000E+00   0.532812500000E+03  -0.878908807845E-09   0.000000000000E+00
  280.   0.165625000000E+03   0.125742453299E-11   0.000000000000E+00   0.534375000000E+03  -0.443517657699E-09   0.000000000000E+00
  281.   0.164062500000E+03   0.262593279714E-11   0.000000000000E+00   0.535937500000E+03  -0.896890397438E-09   0.000000000000E+00
  282.   0.162500000000E+03   0.100463594356E-11   0.000000000000E+00   0.537500000000E+03  -0.452535912745E-09   0.000000000000E+00
  283.   0.160937500000E+03   0.203053194798E-11   0.000000000000E+00   0.539062500000E+03  -0.915000570570E-09   0.000000000000E+00
  284.   0.159375000000E+03   0.655536235388E-12   0.000000000000E+00   0.540625000000E+03  -0.461617926147E-09   0.000000000000E+00
  285.   0.157812500000E+03   0.119379906326E-11   0.000000000000E+00   0.542187500000E+03  -0.933237256877E-09   0.000000000000E+00
  286.   0.156250000000E+03   0.161314808498E-12   0.000000000000E+00   0.543750000000E+03  -0.470762629457E-09   0.000000000000E+00
  287.   0.154687500000E+03  -0.953514615121E-14   0.000000000000E+00   0.545312500000E+03  -0.951598173842E-09   0.000000000000E+00
  288.   0.153125000000E+03  -0.554426103510E-12   0.000000000000E+00   0.546875000000E+03  -0.479968794947E-09   0.000000000000E+00
  289.   0.151562500000E+03  -0.177509111699E-11   0.000000000000E+00   0.548437500000E+03  -0.970080671894E-09   0.000000000000E+00
  290.   0.150000000000E+03  -0.161082323395E-11   0.000000000000E+00   0.550000000000E+03  -0.489235008509E-09   0.000000000000E+00
  291.   0.148437500000E+03  -0.440743886300E-11   0.000000000000E+00   0.551562500000E+03  -0.988681488286E-09   0.000000000000E+00
  292.   0.146875000000E+03  -0.319321860965E-11   0.000000000000E+00   0.553125000000E+03  -0.498559431298E-09   0.000000000000E+00
  293.   0.145312500000E+03  -0.837985607181E-11   0.000000000000E+00   0.554687500000E+03  -0.100739637095E-08   0.000000000000E+00
  294.   0.143750000000E+03  -0.558953998680E-11   0.000000000000E+00   0.556250000000E+03  -0.507939644121E-09   0.000000000000E+00
  295.   0.142187500000E+03  -0.144266893551E-10   0.000000000000E+00   0.557812500000E+03  -0.102621946677E-08   0.000000000000E+00
  296.   0.140625000000E+03  -0.924657174509E-11   0.000000000000E+00   0.559375000000E+03  -0.517372223145E-09   0.000000000000E+00
  297.   0.139062500000E+03  -0.236864757244E-10   0.000000000000E+00   0.560937500000E+03  -0.104514236409E-08   0.000000000000E+00
  298.   0.137500000000E+03  -0.148577910871E-10   0.000000000000E+00   0.562500000000E+03  -0.526852200172E-09   0.000000000000E+00
  299.   0.135937500000E+03  -0.379219743034E-10   0.000000000000E+00   0.564062500000E+03  -0.106415260276E-08   0.000000000000E+00
  300.   0.134375000000E+03  -0.234975530011E-10   0.000000000000E+00   0.565625000000E+03  -0.536372125395E-09   0.000000000000E+00
  301.   0.132812500000E+03  -0.598644700220E-10   0.000000000000E+00   0.567187500000E+03  -0.108323131798E-08   0.000000000000E+00
  302.   0.131250000000E+03  -0.368408181129E-10   0.000000000000E+00   0.568750000000E+03  -0.545920697653E-09   0.000000000000E+00
  303.   0.129687500000E+03  -0.937292748833E-10   0.000000000000E+00   0.570312500000E+03  -0.110234958917E-08   0.000000000000E+00
  304.   0.128125000000E+03  -0.574644335656E-10   0.000000000000E+00   0.571875000000E+03  -0.555480630864E-09   0.000000000000E+00
  305.   0.126562500000E+03  -0.146072692275E-09   0.000000000000E+00   0.573437500000E+03  -0.112146271912E-08   0.000000000000E+00
  306.   0.125000000000E+03  -0.895126343050E-10   0.000000000000E+00   0.575000000000E+03  -0.565024999921E-09   0.000000000000E+00
  307.   0.123437500000E+03  -0.226901189145E-09   0.000000000000E+00   0.576562500000E+03  -0.114050219306E-08   0.000000000000E+00
  308.   0.121875000000E+03  -0.139034897898E-09   0.000000000000E+00   0.578125000000E+03  -0.574513240696E-09   0.000000000000E+00
  309.   0.120312500000E+03  -0.352198968135E-09   0.000000000000E+00   0.579687500000E+03  -0.115936176584E-08   0.000000000000E+00
  310.   0.118750000000E+03  -0.217618260472E-09   0.000000000000E+00   0.581250000000E+03  -0.583875957747E-09   0.000000000000E+00
  311.   0.117187500000E+03  -0.545281937452E-09   0.000000000000E+00   0.582812500000E+03  -0.117788650099E-08   0.000000000000E+00
  312.   0.115625000000E+03  -0.337452142806E-09   0.000000000000E+00   0.584375000000E+03  -0.593023131784E-09   0.000000000000E+00
  313.   0.114062500000E+03  -0.848967523655E-09   0.000000000000E+00   0.585937500000E+03  -0.119582542051E-08   0.000000000000E+00
  314.   0.112500000000E+03  -0.546399219499E-09   0.000000000000E+00   0.587500000000E+03  -0.601694659470E-09   0.000000000000E+00
  315.   0.110937500000E+03  -0.132013927920E-08   0.000000000000E+00   0.589062500000E+03  -0.121288695182E-08   0.000000000000E+00
  316.   0.109375000000E+03  -0.851714556677E-09   0.000000000000E+00   0.590625000000E+03  -0.609822695774E-09   0.000000000000E+00
  317.   0.107812500000E+03  -0.212998808638E-08   0.000000000000E+00   0.592187500000E+03  -0.122835543316E-08   0.000000000000E+00
  318.   0.106250000000E+03  -0.155683890696E-08   0.000000000000E+00   0.593750000000E+03  -0.615472967545E-09   0.000000000000E+00
  319.   0.104687500000E+03  -0.363607625224E-08   0.000000000000E+00   0.595312500000E+03  -0.124187027088E-08   0.000000000000E+00
  320.   0.103125000000E+03  -0.297590108614E-08   0.000000000000E+00   0.596875000000E+03  -0.622469440718E-09   0.000000000000E+00
  321.   0.101562500000E+03  -0.711498941217E-08   0.000000000000E+00   0.598437500000E+03  -0.124448253298E-08   0.000000000000E+00
