mode   UX_top        UY_top        UX_bot        UY_bot      (bending: UY_top~UY_bot, UX_top~-UX_bot)
  1.     0.1639E-09     0.1000E+01    -0.1639E-09     0.1000E+01
  2.     0.1161E-02    -0.2287E-01    -0.1161E-02    -0.2287E-01
  3.    -0.6377E-03     0.5983E-02     0.6377E-03     0.5983E-02
  4.    -0.4113E-03     0.2485E-02     0.4113E-03     0.2485E-02
  5.     0.3274E-01    -0.1720E-03     0.3274E-01     0.1720E-03
  6.     0.2601E-03    -0.1160E-02    -0.2601E-03    -0.1160E-02
  7.    -0.1842E-03     0.6525E-03     0.1842E-03     0.6525E-03
  8.     0.1388E-03    -0.4093E-03    -0.1388E-03    -0.4093E-03
  9.     0.1567E-01    -0.1001E-03     0.1567E-01     0.1001E-03
 10.    -0.1100E-03     0.2784E-03     0.1100E-03     0.2784E-03
 11.     0.8929E-04    -0.1987E-03    -0.8929E-04    -0.1987E-03
 12.    -0.3961E-02     0.3512E-04    -0.3961E-02    -0.3512E-04
 13.    -0.7427E-04     0.1477E-03     0.7427E-04     0.1477E-03
 14.     0.6384E-04    -0.1149E-03    -0.6384E-04    -0.1149E-03
 15.    -0.1769E-02     0.2311E-04    -0.1769E-02    -0.2311E-04
 16.    -0.5519E-04     0.9079E-04     0.5519E-04     0.9079E-04
 17.     0.4759E-04    -0.7209E-04    -0.4759E-04    -0.7209E-04
 18.     0.1026E-02    -0.1956E-04     0.1026E-02     0.1956E-04
 19.    -0.4204E-04     0.5898E-04     0.4204E-04     0.5898E-04
 20.     0.6875E-03    -0.1854E-04     0.6875E-03     0.1854E-04
