mode  f_Hz  UX_top  UY_top  UX_bot  UY_bot  UX_mid   [r = RO; extensional: UX_top ~ +UX_bot]
  1.   0.256733750299E-02  -0.56811E-10   0.10000E+01   0.57717E-10   0.10000E+01   0.46888E-12
  2.   0.826400931139E+02   0.18284E-04  -0.37309E-03  -0.18284E-04  -0.37309E-03   0.34223E-16
  3.   0.380041255248E+03  -0.11167E-04   0.10773E-03   0.11167E-04   0.10773E-03  -0.24270E-15
  4.   0.921204200500E+03  -0.65421E-05   0.40017E-04   0.65421E-05   0.40017E-04   0.36494E-15
  5.   0.166956710431E+04   0.14109E+00  -0.10635E-02   0.14109E+00   0.10635E-02   0.14113E+00
  6.   0.171955277664E+04   0.42691E-05  -0.19053E-04  -0.42691E-05  -0.19053E-04   0.65138E-13
  7.   0.276342230384E+04  -0.31360E-05   0.10994E-04   0.31360E-05   0.10994E-04  -0.50470E-14
  8.   0.403732171950E+04   0.24717E-05  -0.71326E-05  -0.24717E-05  -0.71326E-05  -0.27382E-13
  9.   0.429222729967E+04  -0.73525E-02   0.55595E-04  -0.73525E-02  -0.55595E-04  -0.73674E-02
 10.   0.552366341331E+04  -0.20410E-05   0.50045E-05   0.20410E-05   0.50045E-05  -0.24027E-14
 11.   0.720418230787E+04   0.17435E-05  -0.37167E-05  -0.17435E-05  -0.37167E-05   0.42293E-12
 12.   0.722832157544E+04   0.21031E-02  -0.16007E-04   0.21031E-02   0.16007E-04   0.21153E-02
 13.   0.906072854670E+04  -0.15255E-05   0.28763E-05   0.15255E-05   0.28763E-05  -0.12331E-13
 14.   0.104182327019E+05  -0.61026E-03   0.46941E-05  -0.61026E-03  -0.46941E-05  -0.61774E-03
 15.   0.110758316965E+05   0.13599E-05  -0.22981E-05  -0.13599E-05  -0.22981E-05  -0.15930E-14
 16.   0.132330725612E+05  -0.12314E-05   0.18846E-05   0.12314E-05   0.18846E-05   0.20801E-13
 17.   0.136812960425E+05   0.24604E-03  -0.19193E-05   0.24604E-03   0.19193E-05   0.25134E-03
 18.   0.155172983858E+05   0.11296E-05  -0.15788E-05  -0.11296E-05  -0.15788E-05  -0.11390E-13
 19.   0.169569583093E+05   0.12092E-03  -0.95926E-06   0.12092E-03   0.95926E-06   0.12503E-03
 20.   0.179147161387E+05  -0.10465E-05   0.13448E-05   0.10465E-05   0.13448E-05  -0.43057E-14
 21.   0.202204627719E+05  -0.66734E-04   0.53946E-06  -0.66734E-04  -0.53947E-06  -0.70068E-04
 22.   0.204128997736E+05   0.98082E-06  -0.11651E-05  -0.98082E-06  -0.11651E-05   0.39915E-13
 23.   0.230007387567E+05  -0.92457E-06   0.10197E-05   0.92457E-06   0.10197E-05  -0.94098E-13
 24.   0.234574081587E+05   0.40288E-04  -0.33228E-06   0.40288E-04   0.33229E-06   0.43105E-04
 25.   0.256683513895E+05   0.87326E-06  -0.89734E-06  -0.87326E-06  -0.89734E-06   0.18207E-13
 26.   0.266567584641E+05  -0.25902E-04   0.21818E-06  -0.25902E-04  -0.21818E-06  -0.28352E-04
 27.   0.284069801752E+05  -0.83663E-06   0.80312E-06   0.83663E-06   0.80312E-06  -0.38765E-13
 28.   0.298085139539E+05   0.17535E-04  -0.15108E-06   0.17535E-04   0.15108E-06   0.19723E-04
 29.   0.312088780344E+05   0.79701E-06  -0.71616E-06  -0.79701E-06  -0.71616E-06   0.17307E-12
 30.   0.329027940736E+05  -0.12068E-04   0.10677E-06  -0.12068E-04  -0.10678E-06  -0.14020E-04
