mode   UX_top        UY_top        UX_bot        UY_bot      (bending: UY_top~UY_bot, UX_top~-UX_bot)
  1.     0.2262E-09     0.1000E+01    -0.2260E-09     0.1000E+01
  2.    -0.7173E-04     0.1449E-02     0.7173E-04     0.1449E-02
  3.    -0.4750E-04     0.4561E-03     0.4750E-04     0.4561E-03
  4.    -0.8972E-04     0.5473E-03     0.8972E-04     0.5473E-03
  5.    -0.3274E-01     0.1720E-03    -0.3274E-01    -0.1720E-03
  6.    -0.4451E-04     0.2014E-03     0.4451E-04     0.2014E-03
  7.    -0.8350E-04     0.2975E-03     0.8350E-04     0.2975E-03
  8.    -0.4374E-04     0.1303E-03     0.4374E-04     0.1303E-03
  9.     0.1567E-01    -0.1001E-03     0.1567E-01     0.1001E-03
 10.    -0.6694E-04     0.1702E-03     0.6694E-04     0.1702E-03
 11.    -0.4144E-04     0.9295E-04     0.4144E-04     0.9295E-04
 12.     0.3961E-02    -0.3512E-04     0.3961E-02     0.3512E-04
 13.    -0.5371E-04     0.1072E-03     0.5371E-04     0.1072E-03
 14.    -0.3657E-04     0.6626E-04     0.3657E-04     0.6626E-04
 15.    -0.1769E-02     0.2311E-04    -0.1769E-02    -0.2311E-04
 16.    -0.4258E-04     0.7025E-04     0.4258E-04     0.7025E-04
 17.    -0.3242E-04     0.4941E-04     0.3242E-04     0.4941E-04
 18.     0.1026E-02    -0.1956E-04     0.1026E-02     0.1956E-04
 19.    -0.3454E-04     0.4857E-04     0.3454E-04     0.4857E-04
 20.     0.6875E-03    -0.1854E-04     0.6875E-03     0.1855E-04
