i  r_top  QtopRe  QtopIm  r_bot  QbotRe  QbotIm   [mm, mC]
    1.   0.600000000000E+03  -0.511878445334E-09   0.000000000000E+00   0.100000000000E+03  -0.516122489284E-07   0.000000000000E+00
    2.   0.100000000000E+03  -0.516122489280E-07   0.000000000000E+00   0.600000000000E+03  -0.511878446751E-09   0.000000000000E+00
    3.   0.598437500000E+03  -0.203677551155E-08   0.000000000000E+00   0.101562500000E+03  -0.134498261571E-07   0.000000000000E+00
    4.   0.596875000000E+03  -0.101968645237E-08   0.000000000000E+00   0.103125000000E+03  -0.663863316594E-08   0.000000000000E+00
    5.   0.595312500000E+03  -0.203145253735E-08   0.000000000000E+00   0.104687500000E+03  -0.421503747466E-08   0.000000000000E+00
    6.   0.593750000000E+03  -0.100525848991E-08   0.000000000000E+00   0.106250000000E+03  -0.221377755120E-08   0.000000000000E+00
    7.   0.592187500000E+03  -0.200082216850E-08   0.000000000000E+00   0.107812500000E+03  -0.166818000188E-08   0.000000000000E+00
    8.   0.590625000000E+03  -0.990503604497E-09   0.000000000000E+00   0.109375000000E+03  -0.770561469757E-09   0.000000000000E+00
    9.   0.589062500000E+03  -0.196280246582E-08   0.000000000000E+00   0.110937500000E+03  -0.809265512414E-09   0.000000000000E+00
   10.   0.587500000000E+03  -0.970065985140E-09   0.000000000000E+00   0.112500000000E+03  -0.451425131354E-09   0.000000000000E+00
   11.   0.585937500000E+03  -0.191963303966E-08   0.000000000000E+00   0.114062500000E+03  -0.498582586525E-09   0.000000000000E+00
   12.   0.584375000000E+03  -0.947781595928E-09   0.000000000000E+00   0.115625000000E+03  -0.220230509678E-09   0.000000000000E+00
   13.   0.582812500000E+03  -0.187349222103E-08   0.000000000000E+00   0.117187500000E+03  -0.303343467105E-09   0.000000000000E+00
   14.   0.581250000000E+03  -0.924138825679E-09   0.000000000000E+00   0.118750000000E+03  -0.135849463248E-09   0.000000000000E+00
   15.   0.579687500000E+03  -0.182548116552E-08   0.000000000000E+00   0.120312500000E+03  -0.191343248300E-09   0.000000000000E+00
   16.   0.578125000000E+03  -0.899809407853E-09   0.000000000000E+00   0.121875000000E+03  -0.781698043915E-10   0.000000000000E+00
   17.   0.576562500000E+03  -0.177640741954E-08   0.000000000000E+00   0.123437500000E+03  -0.115967553487E-09   0.000000000000E+00
   18.   0.575000000000E+03  -0.875094318297E-09   0.000000000000E+00   0.125000000000E+03  -0.460310658069E-10   0.000000000000E+00
   19.   0.573437500000E+03  -0.172677712616E-08   0.000000000000E+00   0.126562500000E+03  -0.668314882287E-10   0.000000000000E+00
   20.   0.571875000000E+03  -0.850205783643E-09   0.000000000000E+00   0.128125000000E+03  -0.247071304716E-10   0.000000000000E+00
   21.   0.570312500000E+03  -0.167692610995E-08   0.000000000000E+00   0.129687500000E+03  -0.333198566950E-10   0.000000000000E+00
   22.   0.568750000000E+03  -0.825273449132E-09   0.000000000000E+00   0.131250000000E+03  -0.106693262686E-10   0.000000000000E+00
   23.   0.567187500000E+03  -0.162707084570E-08   0.000000000000E+00   0.132812500000E+03  -0.100688090228E-10   0.000000000000E+00
   24.   0.565625000000E+03  -0.800382324146E-09   0.000000000000E+00   0.134375000000E+03  -0.820892961618E-12   0.000000000000E+00
   25.   0.564062500000E+03  -0.157735234551E-08   0.000000000000E+00   0.135937500000E+03   0.675249437345E-11   0.000000000000E+00
   26.   0.562500000000E+03  -0.775587529591E-09   0.000000000000E+00   0.137500000000E+03   0.640501338616E-11   0.000000000000E+00
   27.   0.560937500000E+03  -0.152786267254E-08   0.000000000000E+00   0.139062500000E+03   0.195171053882E-10   0.000000000000E+00
   28.   0.559375000000E+03  -0.750925446845E-09   0.000000000000E+00   0.140625000000E+03   0.120416261340E-10   0.000000000000E+00
   29.   0.557812500000E+03  -0.147866282631E-08   0.000000000000E+00   0.142187500000E+03   0.297892971315E-10   0.000000000000E+00
   30.   0.556250000000E+03  -0.726420462110E-09   0.000000000000E+00   0.143750000000E+03   0.167217193429E-10   0.000000000000E+00
   31.   0.554687500000E+03  -0.142979409858E-08   0.000000000000E+00   0.145312500000E+03   0.385726900235E-10   0.000000000000E+00
   32.   0.553125000000E+03  -0.702089390593E-09   0.000000000000E+00   0.146875000000E+03   0.208499510821E-10   0.000000000000E+00
   33.   0.551562500000E+03  -0.138128536259E-08   0.000000000000E+00   0.148437500000E+03   0.465163616585E-10   0.000000000000E+00
   34.   0.550000000000E+03  -0.677944258548E-09   0.000000000000E+00   0.150000000000E+03   0.246832455283E-10   0.000000000000E+00
   35.   0.548437500000E+03  -0.133315769999E-08   0.000000000000E+00   0.151562500000E+03   0.540366933985E-10   0.000000000000E+00
   36.   0.546875000000E+03  -0.653994097835E-09   0.000000000000E+00   0.153125000000E+03   0.283853218273E-10   0.000000000000E+00
   37.   0.545312500000E+03  -0.128542734426E-08   0.000000000000E+00   0.154687500000E+03   0.613997470077E-10   0.000000000000E+00
   38.   0.543750000000E+03  -0.630246097553E-09   0.000000000000E+00   0.156250000000E+03   0.320599229258E-10   0.000000000000E+00
   39.   0.542187500000E+03  -0.123810753813E-08   0.000000000000E+00   0.157812500000E+03   0.687739228999E-10   0.000000000000E+00
   40.   0.540625000000E+03  -0.606706303791E-09   0.000000000000E+00   0.159375000000E+03   0.357721640694E-10   0.000000000000E+00
   41.   0.539062500000E+03  -0.119120970797E-08   0.000000000000E+00   0.160937500000E+03   0.762643252402E-10   0.000000000000E+00
   42.   0.537500000000E+03  -0.583380089182E-09   0.000000000000E+00   0.162500000000E+03   0.395621769772E-10   0.000000000000E+00
   43.   0.535937500000E+03  -0.114474420825E-08   0.000000000000E+00   0.164062500000E+03   0.839349627358E-10   0.000000000000E+00
   44.   0.534375000000E+03  -0.560272426513E-09   0.000000000000E+00   0.165625000000E+03   0.434538936691E-10   0.000000000000E+00
   45.   0.532812500000E+03  -0.109872078541E-08   0.000000000000E+00   0.167187500000E+03   0.918231282729E-10   0.000000000000E+00
   46.   0.531250000000E+03  -0.537388077698E-09   0.000000000000E+00   0.168750000000E+03   0.474607057704E-10   0.000000000000E+00
   47.   0.529687500000E+03  -0.105314886625E-08   0.000000000000E+00   0.170312500000E+03   0.999486921857E-10   0.000000000000E+00
   48.   0.528125000000E+03  -0.514731704312E-09   0.000000000000E+00   0.171875000000E+03   0.515891187983E-10   0.000000000000E+00
   49.   0.526562500000E+03  -0.100803773592E-08   0.000000000000E+00   0.173437500000E+03   0.108320110359E-09   0.000000000000E+00
   50.   0.525000000000E+03  -0.492307922295E-09   0.000000000000E+00   0.175000000000E+03   0.558411112565E-10   0.000000000000E+00
   51.   0.523437500000E+03  -0.963396646002E-09   0.000000000000E+00   0.176562500000E+03   0.116938307163E-09   0.000000000000E+00
   52.   0.521875000000E+03  -0.470121358701E-09   0.000000000000E+00   0.178125000000E+03   0.602156588863E-10   0.000000000000E+00
   53.   0.520312500000E+03  -0.919234877560E-09   0.000000000000E+00   0.179687500000E+03   0.125799186302E-09   0.000000000000E+00
   54.   0.518750000000E+03  -0.448176660723E-09   0.000000000000E+00   0.181250000000E+03   0.647097199362E-10   0.000000000000E+00
   55.   0.517187500000E+03  -0.875561766966E-09   0.000000000000E+00   0.182812500000E+03   0.134895255079E-09   0.000000000000E+00
   56.   0.515625000000E+03  -0.426478510038E-09   0.000000000000E+00   0.184375000000E+03   0.693188745144E-10   0.000000000000E+00
   57.   0.514062500000E+03  -0.832386731194E-09   0.000000000000E+00   0.185937500000E+03   0.144216677788E-09   0.000000000000E+00
   58.   0.512500000000E+03  -0.405031632799E-09   0.000000000000E+00   0.187500000000E+03   0.740377375773E-10   0.000000000000E+00
   59.   0.510937500000E+03  -0.789719265200E-09   0.000000000000E+00   0.189062500000E+03   0.153751958730E-09   0.000000000000E+00
   60.   0.509375000000E+03  -0.383840791064E-09   0.000000000000E+00   0.190625000000E+03   0.788602291275E-10   0.000000000000E+00
   61.   0.507812500000E+03  -0.747568939546E-09   0.000000000000E+00   0.192187500000E+03   0.163488388864E-09   0.000000000000E+00
   62.   0.506250000000E+03  -0.362910785049E-09   0.000000000000E+00   0.193750000000E+03   0.837797498108E-10   0.000000000000E+00
   63.   0.504687500000E+03  -0.705945395273E-09   0.000000000000E+00   0.195312500000E+03   0.173412337397E-09   0.000000000000E+00
   64.   0.503125000000E+03  -0.342246448340E-09   0.000000000000E+00   0.196875000000E+03   0.887892971887E-10   0.000000000000E+00
   65.   0.501562500000E+03  -0.664858331899E-09   0.000000000000E+00   0.198437500000E+03   0.183509445318E-09   0.000000000000E+00
   66.   0.500000000000E+03  -0.321852637667E-09   0.000000000000E+00   0.200000000000E+03   0.938815429180E-10   0.000000000000E+00
   67.   0.498437500000E+03  -0.624317493965E-09   0.000000000000E+00   0.201562500000E+03   0.193764753717E-09   0.000000000000E+00
   68.   0.496875000000E+03  -0.301734233665E-09   0.000000000000E+00   0.203125000000E+03   0.990488843493E-10   0.000000000000E+00
   69.   0.495312500000E+03  -0.584332660542E-09   0.000000000000E+00   0.204687500000E+03   0.204162792574E-09   0.000000000000E+00
   70.   0.493750000000E+03  -0.281896127229E-09   0.000000000000E+00   0.206250000000E+03   0.104283480570E-09   0.000000000000E+00
   71.   0.492187500000E+03  -0.544913628941E-09   0.000000000000E+00   0.207812500000E+03   0.214687641426E-09   0.000000000000E+00
   72.   0.490625000000E+03  -0.262343214825E-09   0.000000000000E+00   0.209375000000E+03   0.109577279201E-09   0.000000000000E+00
   73.   0.489062500000E+03  -0.506070201090E-09   0.000000000000E+00   0.210937500000E+03   0.225322973332E-09   0.000000000000E+00
   74.   0.487500000000E+03  -0.243080392129E-09   0.000000000000E+00   0.212500000000E+03   0.114922031318E-09   0.000000000000E+00
   75.   0.485937500000E+03  -0.467812170168E-09   0.000000000000E+00   0.214062500000E+03   0.236052087380E-09   0.000000000000E+00
   76.   0.484375000000E+03  -0.224112550744E-09   0.000000000000E+00   0.215625000000E+03   0.120309309366E-09   0.000000000000E+00
   77.   0.482812500000E+03  -0.430149306433E-09   0.000000000000E+00   0.217187500000E+03   0.246857935059E-09   0.000000000000E+00
   78.   0.481250000000E+03  -0.205444561814E-09   0.000000000000E+00   0.218750000000E+03   0.125730517170E-09   0.000000000000E+00
   79.   0.479687500000E+03  -0.393091342697E-09   0.000000000000E+00   0.220312500000E+03   0.257723140539E-09   0.000000000000E+00
   80.   0.478125000000E+03  -0.187081276150E-09   0.000000000000E+00   0.221875000000E+03   0.131176898895E-09   0.000000000000E+00
   81.   0.476562500000E+03  -0.356647957723E-09   0.000000000000E+00   0.223437500000E+03   0.268630019548E-09   0.000000000000E+00
   82.   0.475000000000E+03  -0.169027513543E-09   0.000000000000E+00   0.225000000000E+03   0.136639549291E-09   0.000000000000E+00
   83.   0.473437500000E+03  -0.320828763097E-09   0.000000000000E+00   0.226562500000E+03   0.279560594362E-09   0.000000000000E+00
   84.   0.471875000000E+03  -0.151288058092E-09   0.000000000000E+00   0.228125000000E+03   0.142109419821E-09   0.000000000000E+00
   85.   0.470312500000E+03  -0.285643286154E-09   0.000000000000E+00   0.229687500000E+03   0.290496611495E-09   0.000000000000E+00
   86.   0.468750000000E+03  -0.133867644886E-09   0.000000000000E+00   0.231250000000E+03   0.147577327914E-09   0.000000000000E+00
   87.   0.467187500000E+03  -0.251100953271E-09   0.000000000000E+00   0.232812500000E+03   0.301419557465E-09   0.000000000000E+00
   88.   0.465625000000E+03  -0.116770955775E-09   0.000000000000E+00   0.234375000000E+03   0.153033965076E-09   0.000000000000E+00
   89.   0.464062500000E+03  -0.217211070068E-09   0.000000000000E+00   0.235937500000E+03   0.312310675154E-09   0.000000000000E+00
   90.   0.462500000000E+03  -0.100002605920E-09   0.000000000000E+00   0.237500000000E+03   0.158469904045E-09   0.000000000000E+00
   91.   0.460937500000E+03  -0.183982798246E-09   0.000000000000E+00   0.239062500000E+03   0.323150983941E-09   0.000000000000E+00
   92.   0.459375000000E+03  -0.835671340336E-10   0.000000000000E+00   0.240625000000E+03   0.163875613123E-09   0.000000000000E+00
   93.   0.457812500000E+03  -0.151425128119E-09   0.000000000000E+00   0.242187500000E+03   0.333921305466E-09   0.000000000000E+00
   94.   0.456250000000E+03  -0.674689839196E-10   0.000000000000E+00   0.243750000000E+03   0.169241466711E-09   0.000000000000E+00
   95.   0.454687500000E+03  -0.119546839686E-09   0.000000000000E+00   0.245312500000E+03   0.344602293382E-09   0.000000000000E+00
   96.   0.453125000000E+03  -0.517124830016E-10   0.000000000000E+00   0.246875000000E+03   0.174557765388E-09   0.000000000000E+00
   97.   0.451562500000E+03  -0.883564507017E-10   0.000000000000E+00   0.248437500000E+03   0.355174475814E-09   0.000000000000E+00
   98.   0.450000000000E+03  -0.363018132780E-10   0.000000000000E+00   0.250000000000E+03   0.179814756901E-09   0.000000000000E+00
   99.   0.448437500000E+03  -0.578621433431E-10   0.000000000000E+00   0.251562500000E+03   0.365618318091E-09   0.000000000000E+00
  100.   0.446875000000E+03  -0.212409672774E-10   0.000000000000E+00   0.253125000000E+03   0.185002678844E-09   0.000000000000E+00
  101.   0.445312500000E+03  -0.280716544081E-10   0.000000000000E+00   0.254687500000E+03   0.375914313765E-09   0.000000000000E+00
  102.   0.443750000000E+03  -0.653368189786E-11   0.000000000000E+00   0.256250000000E+03   0.190111808097E-09   0.000000000000E+00
  103.   0.442187500000E+03   0.100788844132E-11   0.000000000000E+00   0.257812500000E+03   0.386043121346E-09   0.000000000000E+00
  104.   0.440625000000E+03   0.781665951726E-11   0.000000000000E+00   0.259375000000E+03   0.195132544689E-09   0.000000000000E+00
  105.   0.439062500000E+03   0.293702168578E-10   0.000000000000E+00   0.260937500000E+03   0.395985772560E-09   0.000000000000E+00
  106.   0.437500000000E+03   0.218071785617E-10   0.000000000000E+00   0.262500000000E+03   0.200055539220E-09   0.000000000000E+00
  107.   0.435937500000E+03   0.570103062063E-10   0.000000000000E+00   0.264062500000E+03   0.405724001616E-09   0.000000000000E+00
  108.   0.434375000000E+03   0.354357346525E-10   0.000000000000E+00   0.265625000000E+03   0.204871890524E-09   0.000000000000E+00
  109.   0.432812500000E+03   0.839249700122E-10   0.000000000000E+00   0.267187500000E+03   0.415240750955E-09   0.000000000000E+00
  110.   0.431250000000E+03   0.487012862775E-10   0.000000000000E+00   0.268750000000E+03   0.209573461272E-09   0.000000000000E+00
  111.   0.429687500000E+03   0.110113782899E-09   0.000000000000E+00   0.270312500000E+03   0.424520967111E-09   0.000000000000E+00
  112.   0.428125000000E+03   0.616044519902E-10   0.000000000000E+00   0.271875000000E+03   0.214153351293E-09   0.000000000000E+00
  113.   0.426562500000E+03   0.135580516745E-09   0.000000000000E+00   0.273437500000E+03   0.433552849328E-09   0.000000000000E+00
  114.   0.425000000000E+03   0.741483847340E-10   0.000000000000E+00   0.275000000000E+03   0.218606668429E-09   0.000000000000E+00
  115.   0.423437500000E+03   0.160335379246E-09   0.000000000000E+00   0.276562500000E+03   0.442329811088E-09   0.000000000000E+00
  116.   0.421875000000E+03   0.863401342146E-10   0.000000000000E+00   0.278125000000E+03   0.222931726781E-09   0.000000000000E+00
  117.   0.420312500000E+03   0.184398505033E-09   0.000000000000E+00   0.279687500000E+03   0.450853572971E-09   0.000000000000E+00
  118.   0.418750000000E+03   0.981927725990E-10   0.000000000000E+00   0.281250000000E+03   0.227131934698E-09   0.000000000000E+00
  119.   0.417187500000E+03   0.207805404578E-09   0.000000000000E+00   0.282812500000E+03   0.459139026711E-09   0.000000000000E+00
  120.   0.415625000000E+03   0.109728713836E-09   0.000000000000E+00   0.284375000000E+03   0.231218765292E-09   0.000000000000E+00
  121.   0.414062500000E+03   0.230615472245E-09   0.000000000000E+00   0.285937500000E+03   0.467221898176E-09   0.000000000000E+00
  122.   0.412500000000E+03   0.120984897226E-09   0.000000000000E+00   0.287500000000E+03   0.235216444324E-09   0.000000000000E+00
  123.   0.410937500000E+03   0.252925270955E-09   0.000000000000E+00   0.289062500000E+03   0.475170827488E-09   0.000000000000E+00
  124.   0.409375000000E+03   0.132020878994E-09   0.000000000000E+00   0.290625000000E+03   0.239169334792E-09   0.000000000000E+00
  125.   0.407812500000E+03   0.274889280037E-09   0.000000000000E+00   0.292187500000E+03   0.483106396766E-09   0.000000000000E+00
  126.   0.406250000000E+03   0.142931473055E-09   0.000000000000E+00   0.293750000000E+03   0.243153566635E-09   0.000000000000E+00
  127.   0.404687500000E+03   0.296752298586E-09   0.000000000000E+00   0.295312500000E+03   0.491231122653E-09   0.000000000000E+00
  128.   0.403125000000E+03   0.153866497229E-09   0.000000000000E+00   0.296875000000E+03   0.247295378627E-09   0.000000000000E+00
  129.   0.401562500000E+03   0.318900055288E-09   0.000000000000E+00   0.298437500000E+03   0.499876715577E-09   0.000000000000E+00
  130.   0.400000000000E+03   0.165061612385E-09   0.000000000000E+00   0.300000000000E+03   0.251800014370E-09   0.000000000000E+00
  131.   0.398437500000E+03   0.341938246767E-09   0.000000000000E+00   0.301562500000E+03   0.509578551591E-09   0.000000000000E+00
  132.   0.396875000000E+03   0.176886501040E-09   0.000000000000E+00   0.303125000000E+03   0.256997271407E-09   0.000000000000E+00
  133.   0.395312500000E+03   0.366815985009E-09   0.000000000000E+00   0.304687500000E+03   0.521193034768E-09   0.000000000000E+00
  134.   0.393750000000E+03   0.189920166082E-09   0.000000000000E+00   0.306250000000E+03   0.263413332391E-09   0.000000000000E+00
  135.   0.392187500000E+03   0.395018529267E-09   0.000000000000E+00   0.307812500000E+03   0.536082470071E-09   0.000000000000E+00
  136.   0.390625000000E+03   0.205068488834E-09   0.000000000000E+00   0.309375000000E+03   0.271883907780E-09   0.000000000000E+00
  137.   0.389062500000E+03   0.428868427460E-09   0.000000000000E+00   0.310937500000E+03   0.556406510531E-09   0.000000000000E+00
  138.   0.387500000000E+03   0.223748568964E-09   0.000000000000E+00   0.312500000000E+03   0.283733211600E-09   0.000000000000E+00
  139.   0.385937500000E+03   0.471994995762E-09   0.000000000000E+00   0.314062500000E+03   0.585580652755E-09   0.000000000000E+00
  140.   0.384375000000E+03   0.248174988968E-09   0.000000000000E+00   0.315625000000E+03   0.301054487243E-09   0.000000000000E+00
  141.   0.382812500000E+03   0.530069750156E-09   0.000000000000E+00   0.317187500000E+03   0.629000695930E-09   0.000000000000E+00
  142.   0.381250000000E+03   0.281817537439E-09   0.000000000000E+00   0.318750000000E+03   0.327161898896E-09   0.000000000000E+00
  143.   0.379687500000E+03   0.611945187124E-09   0.000000000000E+00   0.320312500000E+03   0.695175345130E-09   0.000000000000E+00
  144.   0.378125000000E+03   0.330084915928E-09   0.000000000000E+00   0.321875000000E+03   0.367273759348E-09   0.000000000000E+00
  145.   0.376562500000E+03   0.731463259646E-09   0.000000000000E+00   0.323437500000E+03   0.797538274140E-09   0.000000000000E+00
  146.   0.375000000000E+03   0.401547889277E-09   0.000000000000E+00   0.325000000000E+03   0.429734936238E-09   0.000000000000E+00
  147.   0.373437500000E+03   0.910174655432E-09   0.000000000000E+00   0.326562500000E+03   0.957205919747E-09   0.000000000000E+00
  148.   0.371875000000E+03   0.509375610119E-09   0.000000000000E+00   0.328125000000E+03   0.527496265356E-09   0.000000000000E+00
  149.   0.370312500000E+03   0.118193836578E-08   0.000000000000E+00   0.329687500000E+03   0.120765124932E-08   0.000000000000E+00
  150.   0.368750000000E+03   0.675642682366E-09   0.000000000000E+00   0.331250000000E+03   0.682416292116E-09   0.000000000000E+00
  151.   0.367187500000E+03   0.159926376579E-08   0.000000000000E+00   0.332812500000E+03   0.160128048784E-08   0.000000000000E+00
  152.   0.365625000000E+03   0.932305086521E-09   0.000000000000E+00   0.334375000000E+03   0.926511059112E-09   0.000000000000E+00
  153.   0.364062500000E+03   0.224644099042E-08   0.000000000000E+00   0.335937500000E+03   0.222285741879E-08   0.000000000000E+00
  154.   0.362500000000E+03   0.134421551189E-08   0.000000000000E+00   0.337500000000E+03   0.132487771302E-08   0.000000000000E+00
  155.   0.360937500000E+03   0.326060013357E-08   0.000000000000E+00   0.339062500000E+03   0.321132203828E-08   0.000000000000E+00
  156.   0.359375000000E+03   0.200617798039E-08   0.000000000000E+00   0.340625000000E+03   0.197331335659E-08   0.000000000000E+00
  157.   0.357812500000E+03   0.487415909852E-08   0.000000000000E+00   0.342187500000E+03   0.480366114617E-08   0.000000000000E+00
  158.   0.356250000000E+03   0.310935158367E-08   0.000000000000E+00   0.343750000000E+03   0.306849075536E-08   0.000000000000E+00
  159.   0.354687500000E+03   0.773215183574E-08   0.000000000000E+00   0.345312500000E+03   0.765158260080E-08   0.000000000000E+00
  160.   0.353125000000E+03   0.577293164960E-08   0.000000000000E+00   0.346875000000E+03   0.572252763192E-08   0.000000000000E+00
  161.   0.351562500000E+03   0.128147825993E-07   0.000000000000E+00   0.348437500000E+03   0.127765933483E-07   0.000000000000E+00
  162.   0.350000000000E+03   0.229043025763E-07   0.000000000000E+00   0.350000000000E+03   0.229043025789E-07   0.000000000000E+00
  163.   0.348437500000E+03   0.127765933442E-07   0.000000000000E+00   0.351562500000E+03   0.128147826033E-07   0.000000000000E+00
  164.   0.346875000000E+03   0.572252762859E-08   0.000000000000E+00   0.353125000000E+03   0.577293165108E-08   0.000000000000E+00
  165.   0.345312500000E+03   0.765158259695E-08   0.000000000000E+00   0.354687500000E+03   0.773215183975E-08   0.000000000000E+00
  166.   0.343750000000E+03   0.306849075280E-08   0.000000000000E+00   0.356250000000E+03   0.310935158585E-08   0.000000000000E+00
  167.   0.342187500000E+03   0.480366114283E-08   0.000000000000E+00   0.357812500000E+03   0.487415910191E-08   0.000000000000E+00
  168.   0.340625000000E+03   0.197331335507E-08   0.000000000000E+00   0.359375000000E+03   0.200617798291E-08   0.000000000000E+00
  169.   0.339062500000E+03   0.321132203500E-08   0.000000000000E+00   0.360937500000E+03   0.326060013731E-08   0.000000000000E+00
  170.   0.337500000000E+03   0.132487771148E-08   0.000000000000E+00   0.362500000000E+03   0.134421551415E-08   0.000000000000E+00
  171.   0.335937500000E+03   0.222285741564E-08   0.000000000000E+00   0.364062500000E+03   0.224644099440E-08   0.000000000000E+00
  172.   0.334375000000E+03   0.926511057269E-09   0.000000000000E+00   0.365625000000E+03   0.932305087814E-09   0.000000000000E+00
  173.   0.332812500000E+03   0.160128048501E-08   0.000000000000E+00   0.367187500000E+03   0.159926376983E-08   0.000000000000E+00
  174.   0.331250000000E+03   0.682416289831E-09   0.000000000000E+00   0.368750000000E+03   0.675642684306E-09   0.000000000000E+00
  175.   0.329687500000E+03   0.120765124630E-08   0.000000000000E+00   0.370312500000E+03   0.118193836981E-08   0.000000000000E+00
  176.   0.328125000000E+03   0.527496263666E-09   0.000000000000E+00   0.371875000000E+03   0.509375612068E-09   0.000000000000E+00
  177.   0.326562500000E+03   0.957205916520E-09   0.000000000000E+00   0.373437500000E+03   0.910174659244E-09   0.000000000000E+00
  178.   0.325000000000E+03   0.429734933888E-09   0.000000000000E+00   0.375000000000E+03   0.401547891015E-09   0.000000000000E+00
  179.   0.323437500000E+03   0.797538270542E-09   0.000000000000E+00   0.376562500000E+03   0.731463263099E-09   0.000000000000E+00
  180.   0.321875000000E+03   0.367273758209E-09   0.000000000000E+00   0.378125000000E+03   0.330084918010E-09   0.000000000000E+00
  181.   0.320312500000E+03   0.695175341386E-09   0.000000000000E+00   0.379687500000E+03   0.611945190811E-09   0.000000000000E+00
  182.   0.318750000000E+03   0.327161897018E-09   0.000000000000E+00   0.381250000000E+03   0.281817539365E-09   0.000000000000E+00
  183.   0.317187500000E+03   0.629000692152E-09   0.000000000000E+00   0.382812500000E+03   0.530069753781E-09   0.000000000000E+00
  184.   0.315625000000E+03   0.301054484641E-09   0.000000000000E+00   0.384375000000E+03   0.248174990412E-09   0.000000000000E+00
  185.   0.314062500000E+03   0.585580649116E-09   0.000000000000E+00   0.385937500000E+03   0.471994999357E-09   0.000000000000E+00
  186.   0.312500000000E+03   0.283733209864E-09   0.000000000000E+00   0.387500000000E+03   0.223748571052E-09   0.000000000000E+00
  187.   0.310937500000E+03   0.556406507403E-09   0.000000000000E+00   0.389062500000E+03   0.428868430709E-09   0.000000000000E+00
  188.   0.309375000000E+03   0.271883906767E-09   0.000000000000E+00   0.390625000000E+03   0.205068490452E-09   0.000000000000E+00
  189.   0.307812500000E+03   0.536082466765E-09   0.000000000000E+00   0.392187500000E+03   0.395018532375E-09   0.000000000000E+00
  190.   0.306250000000E+03   0.263413330047E-09   0.000000000000E+00   0.393750000000E+03   0.189920167589E-09   0.000000000000E+00
  191.   0.304687500000E+03   0.521193031571E-09   0.000000000000E+00   0.395312500000E+03   0.366815988058E-09   0.000000000000E+00
  192.   0.303125000000E+03   0.256997269890E-09   0.000000000000E+00   0.396875000000E+03   0.176886502862E-09   0.000000000000E+00
  193.   0.301562500000E+03   0.509578548449E-09   0.000000000000E+00   0.398437500000E+03   0.341938250228E-09   0.000000000000E+00
  194.   0.300000000000E+03   0.251800012461E-09   0.000000000000E+00   0.400000000000E+03   0.165061613665E-09   0.000000000000E+00
  195.   0.298437500000E+03   0.499876712178E-09   0.000000000000E+00   0.401562500000E+03   0.318900059156E-09   0.000000000000E+00
  196.   0.296875000000E+03   0.247295377494E-09   0.000000000000E+00   0.403125000000E+03   0.153866499324E-09   0.000000000000E+00
  197.   0.295312500000E+03   0.491231119350E-09   0.000000000000E+00   0.404687500000E+03   0.296752302401E-09   0.000000000000E+00
  198.   0.293750000000E+03   0.243153565196E-09   0.000000000000E+00   0.406250000000E+03   0.142931475068E-09   0.000000000000E+00
  199.   0.292187500000E+03   0.483106393754E-09   0.000000000000E+00   0.407812500000E+03   0.274889283976E-09   0.000000000000E+00
  200.   0.290625000000E+03   0.239169333252E-09   0.000000000000E+00   0.409375000000E+03   0.132020880646E-09   0.000000000000E+00
  201.   0.289062500000E+03   0.475170824564E-09   0.000000000000E+00   0.410937500000E+03   0.252925275118E-09   0.000000000000E+00
  202.   0.287500000000E+03   0.235216442285E-09   0.000000000000E+00   0.412500000000E+03   0.120984899394E-09   0.000000000000E+00
  203.   0.285937500000E+03   0.467221895487E-09   0.000000000000E+00   0.414062500000E+03   0.230615476295E-09   0.000000000000E+00
  204.   0.284375000000E+03   0.231218762886E-09   0.000000000000E+00   0.415625000000E+03   0.109728715754E-09   0.000000000000E+00
  205.   0.282812500000E+03   0.459139024073E-09   0.000000000000E+00   0.417187500000E+03   0.207805408669E-09   0.000000000000E+00
  206.   0.281250000000E+03   0.227131932965E-09   0.000000000000E+00   0.418750000000E+03   0.981927745395E-10   0.000000000000E+00
  207.   0.279687500000E+03   0.450853570503E-09   0.000000000000E+00   0.420312500000E+03   0.184398509118E-09   0.000000000000E+00
  208.   0.278125000000E+03   0.222931725699E-09   0.000000000000E+00   0.421875000000E+03   0.863401361701E-10   0.000000000000E+00
  209.   0.276562500000E+03   0.442329807973E-09   0.000000000000E+00   0.423437500000E+03   0.160335383393E-09   0.000000000000E+00
  210.   0.275000000000E+03   0.218606666976E-09   0.000000000000E+00   0.425000000000E+03   0.741483869349E-10   0.000000000000E+00
  211.   0.273437500000E+03   0.433552846108E-09   0.000000000000E+00   0.426562500000E+03   0.135580520710E-09   0.000000000000E+00
  212.   0.271875000000E+03   0.214153350041E-09   0.000000000000E+00   0.428125000000E+03   0.616044541841E-10   0.000000000000E+00
  213.   0.270312500000E+03   0.424520964794E-09   0.000000000000E+00   0.429687500000E+03   0.110113786781E-09   0.000000000000E+00
  214.   0.268750000000E+03   0.209573460474E-09   0.000000000000E+00   0.431250000000E+03   0.487012882737E-10   0.000000000000E+00
  215.   0.267187500000E+03   0.415240748765E-09   0.000000000000E+00   0.432812500000E+03   0.839249740131E-10   0.000000000000E+00
  216.   0.265625000000E+03   0.204871890217E-09   0.000000000000E+00   0.434375000000E+03   0.354357365924E-10   0.000000000000E+00
  217.   0.264062500000E+03   0.405723999038E-09   0.000000000000E+00   0.435937500000E+03   0.570103102930E-10   0.000000000000E+00
  218.   0.262500000000E+03   0.200055537300E-09   0.000000000000E+00   0.437500000000E+03   0.218071804943E-10   0.000000000000E+00
  219.   0.260937500000E+03   0.395985769628E-09   0.000000000000E+00   0.439062500000E+03   0.293702209618E-10   0.000000000000E+00
  220.   0.259375000000E+03   0.195132543401E-09   0.000000000000E+00   0.440625000000E+03   0.781666153907E-11   0.000000000000E+00
  221.   0.257812500000E+03   0.386043118269E-09   0.000000000000E+00   0.442187500000E+03   0.100789254027E-11   0.000000000000E+00
  222.   0.256250000000E+03   0.190111807880E-09   0.000000000000E+00   0.443750000000E+03  -0.653367978083E-11   0.000000000000E+00
  223.   0.254687500000E+03   0.375914311230E-09   0.000000000000E+00   0.445312500000E+03  -0.280716503104E-10   0.000000000000E+00
  224.   0.253125000000E+03   0.185002678310E-09   0.000000000000E+00   0.446875000000E+03  -0.212409651061E-10   0.000000000000E+00
  225.   0.251562500000E+03   0.365618315543E-09   0.000000000000E+00   0.448437500000E+03  -0.578621392488E-10   0.000000000000E+00
  226.   0.250000000000E+03   0.179814755728E-09   0.000000000000E+00   0.450000000000E+03  -0.363018111273E-10   0.000000000000E+00
  227.   0.248437500000E+03   0.355174472931E-09   0.000000000000E+00   0.451562500000E+03  -0.883564465685E-10   0.000000000000E+00
  228.   0.246875000000E+03   0.174557763640E-09   0.000000000000E+00   0.453125000000E+03  -0.517124806900E-10   0.000000000000E+00
  229.   0.245312500000E+03   0.344602290359E-09   0.000000000000E+00   0.454687500000E+03  -0.119546835473E-09   0.000000000000E+00
  230.   0.243750000000E+03   0.169241465132E-09   0.000000000000E+00   0.456250000000E+03  -0.674689817693E-10   0.000000000000E+00
  231.   0.242187500000E+03   0.333921302692E-09   0.000000000000E+00   0.457812500000E+03  -0.151425123799E-09   0.000000000000E+00
  232.   0.240625000000E+03   0.163875611775E-09   0.000000000000E+00   0.459375000000E+03  -0.835671321916E-10   0.000000000000E+00
  233.   0.239062500000E+03   0.323150981017E-09   0.000000000000E+00   0.460937500000E+03  -0.183982793911E-09   0.000000000000E+00
  234.   0.237500000000E+03   0.158469902205E-09   0.000000000000E+00   0.462500000000E+03  -0.100002603882E-09   0.000000000000E+00
  235.   0.235937500000E+03   0.312310671990E-09   0.000000000000E+00   0.464062500000E+03  -0.217211065421E-09   0.000000000000E+00
  236.   0.234375000000E+03   0.153033962191E-09   0.000000000000E+00   0.465625000000E+03  -0.116770953193E-09   0.000000000000E+00
  237.   0.232812500000E+03   0.301419554504E-09   0.000000000000E+00   0.467187500000E+03  -0.251100948377E-09   0.000000000000E+00
  238.   0.231250000000E+03   0.147577326261E-09   0.000000000000E+00   0.468750000000E+03  -0.133867642490E-09   0.000000000000E+00
  239.   0.229687500000E+03   0.290496608731E-09   0.000000000000E+00   0.470312500000E+03  -0.285643281730E-09   0.000000000000E+00
  240.   0.228125000000E+03   0.142109418376E-09   0.000000000000E+00   0.471875000000E+03  -0.151288055537E-09   0.000000000000E+00
  241.   0.226562500000E+03   0.279560591447E-09   0.000000000000E+00   0.473437500000E+03  -0.320828758804E-09   0.000000000000E+00
  242.   0.225000000000E+03   0.136639547498E-09   0.000000000000E+00   0.475000000000E+03  -0.169027511072E-09   0.000000000000E+00
  243.   0.223437500000E+03   0.268630016779E-09   0.000000000000E+00   0.476562500000E+03  -0.356647953353E-09   0.000000000000E+00
  244.   0.221875000000E+03   0.131176897271E-09   0.000000000000E+00   0.478125000000E+03  -0.187081274233E-09   0.000000000000E+00
  245.   0.220312500000E+03   0.257723138275E-09   0.000000000000E+00   0.479687500000E+03  -0.393091338875E-09   0.000000000000E+00
  246.   0.218750000000E+03   0.125730515780E-09   0.000000000000E+00   0.481250000000E+03  -0.205444560153E-09   0.000000000000E+00
  247.   0.217187500000E+03   0.246857932680E-09   0.000000000000E+00   0.482812500000E+03  -0.430149302309E-09   0.000000000000E+00
  248.   0.215625000000E+03   0.120309307877E-09   0.000000000000E+00   0.484375000000E+03  -0.224112549177E-09   0.000000000000E+00
  249.   0.214062500000E+03   0.236052084882E-09   0.000000000000E+00   0.485937500000E+03  -0.467812165692E-09   0.000000000000E+00
  250.   0.212500000000E+03   0.114922030236E-09   0.000000000000E+00   0.487500000000E+03  -0.243080390900E-09   0.000000000000E+00
  251.   0.210937500000E+03   0.225322970781E-09   0.000000000000E+00   0.489062500000E+03  -0.506070196683E-09   0.000000000000E+00
  252.   0.209375000000E+03   0.109577278424E-09   0.000000000000E+00   0.490625000000E+03  -0.262343211762E-09   0.000000000000E+00
  253.   0.207812500000E+03   0.214687638929E-09   0.000000000000E+00   0.492187500000E+03  -0.544913624544E-09   0.000000000000E+00
  254.   0.206250000000E+03   0.104283479538E-09   0.000000000000E+00   0.493750000000E+03  -0.281896124961E-09   0.000000000000E+00
  255.   0.204687500000E+03   0.204162790212E-09   0.000000000000E+00   0.495312500000E+03  -0.584332656767E-09   0.000000000000E+00
  256.   0.203125000000E+03   0.990488829547E-10   0.000000000000E+00   0.496875000000E+03  -0.301734232476E-09   0.000000000000E+00
  257.   0.201562500000E+03   0.193764751369E-09   0.000000000000E+00   0.498437500000E+03  -0.624317489836E-09   0.000000000000E+00
  258.   0.200000000000E+03   0.938815417125E-10   0.000000000000E+00   0.500000000000E+03  -0.321852636588E-09   0.000000000000E+00
  259.   0.198437500000E+03   0.183509443105E-09   0.000000000000E+00   0.501562500000E+03  -0.664858327151E-09   0.000000000000E+00
  260.   0.196875000000E+03   0.887892961164E-10   0.000000000000E+00   0.503125000000E+03  -0.342246446255E-09   0.000000000000E+00
  261.   0.195312500000E+03   0.173412335358E-09   0.000000000000E+00   0.504687500000E+03  -0.705945390734E-09   0.000000000000E+00
  262.   0.193750000000E+03   0.837797486177E-10   0.000000000000E+00   0.506250000000E+03  -0.362910783279E-09   0.000000000000E+00
  263.   0.192187500000E+03   0.163488386705E-09   0.000000000000E+00   0.507812500000E+03  -0.747568934919E-09   0.000000000000E+00
  264.   0.190625000000E+03   0.788602281623E-10   0.000000000000E+00   0.509375000000E+03  -0.383840788953E-09   0.000000000000E+00
  265.   0.189062500000E+03   0.153751956447E-09   0.000000000000E+00   0.510937500000E+03  -0.789719260667E-09   0.000000000000E+00
  266.   0.187500000000E+03   0.740377364402E-10   0.000000000000E+00   0.512500000000E+03  -0.405031630452E-09   0.000000000000E+00
  267.   0.185937500000E+03   0.144216675515E-09   0.000000000000E+00   0.514062500000E+03  -0.832386727419E-09   0.000000000000E+00
  268.   0.184375000000E+03   0.693188732800E-10   0.000000000000E+00   0.515625000000E+03  -0.426478507326E-09   0.000000000000E+00
  269.   0.182812500000E+03   0.134895252920E-09   0.000000000000E+00   0.517187500000E+03  -0.875561762018E-09   0.000000000000E+00
  270.   0.181250000000E+03   0.647097187245E-10   0.000000000000E+00   0.518750000000E+03  -0.448176658303E-09   0.000000000000E+00
  271.   0.179687500000E+03   0.125799184121E-09   0.000000000000E+00   0.520312500000E+03  -0.919234872146E-09   0.000000000000E+00
  272.   0.178125000000E+03   0.602156577725E-10   0.000000000000E+00   0.521875000000E+03  -0.470121356192E-09   0.000000000000E+00
  273.   0.176562500000E+03   0.116938304995E-09   0.000000000000E+00   0.523437500000E+03  -0.963396641637E-09   0.000000000000E+00
  274.   0.175000000000E+03   0.558411100855E-10   0.000000000000E+00   0.525000000000E+03  -0.492307920329E-09   0.000000000000E+00
  275.   0.173437500000E+03   0.108320108169E-09   0.000000000000E+00   0.526562500000E+03  -0.100803773196E-08   0.000000000000E+00
  276.   0.171875000000E+03   0.515891176911E-10   0.000000000000E+00   0.528125000000E+03  -0.514731701645E-09   0.000000000000E+00
  277.   0.170312500000E+03   0.999486901148E-10   0.000000000000E+00   0.529687500000E+03  -0.105314886190E-08   0.000000000000E+00
  278.   0.168750000000E+03   0.474607048242E-10   0.000000000000E+00   0.531250000000E+03  -0.537388075381E-09   0.000000000000E+00
  279.   0.167187500000E+03   0.918231262814E-10   0.000000000000E+00   0.532812500000E+03  -0.109872078090E-08   0.000000000000E+00
  280.   0.165625000000E+03   0.434538929366E-10   0.000000000000E+00   0.534375000000E+03  -0.560272425621E-09   0.000000000000E+00
  281.   0.164062500000E+03   0.839349607502E-10   0.000000000000E+00   0.535937500000E+03  -0.114474420500E-08   0.000000000000E+00
  282.   0.162500000000E+03   0.395621763436E-10   0.000000000000E+00   0.537500000000E+03  -0.583380088951E-09   0.000000000000E+00
  283.   0.160937500000E+03   0.762643232978E-10   0.000000000000E+00   0.539062500000E+03  -0.119120970646E-08   0.000000000000E+00
  284.   0.159375000000E+03   0.357721630951E-10   0.000000000000E+00   0.540625000000E+03  -0.606706304424E-09   0.000000000000E+00
  285.   0.157812500000E+03   0.687739210844E-10   0.000000000000E+00   0.542187500000E+03  -0.123810753647E-08   0.000000000000E+00
  286.   0.156250000000E+03   0.320599220036E-10   0.000000000000E+00   0.543750000000E+03  -0.630246097540E-09   0.000000000000E+00
  287.   0.154687500000E+03   0.613997452595E-10   0.000000000000E+00   0.545312500000E+03  -0.128542734221E-08   0.000000000000E+00
  288.   0.153125000000E+03   0.283853210263E-10   0.000000000000E+00   0.546875000000E+03  -0.653994098578E-09   0.000000000000E+00
  289.   0.151562500000E+03   0.540366916580E-10   0.000000000000E+00   0.548437500000E+03  -0.133315769632E-08   0.000000000000E+00
  290.   0.150000000000E+03   0.246832446256E-10   0.000000000000E+00   0.550000000000E+03  -0.677944256084E-09   0.000000000000E+00
  291.   0.148437500000E+03   0.465163599463E-10   0.000000000000E+00   0.551562500000E+03  -0.138128535735E-08   0.000000000000E+00
  292.   0.146875000000E+03   0.208499502161E-10   0.000000000000E+00   0.553125000000E+03  -0.702089390735E-09   0.000000000000E+00
  293.   0.145312500000E+03   0.385726882908E-10   0.000000000000E+00   0.554687500000E+03  -0.142979409334E-08   0.000000000000E+00
  294.   0.143750000000E+03   0.167217185407E-10   0.000000000000E+00   0.556250000000E+03  -0.726420460958E-09   0.000000000000E+00
  295.   0.142187500000E+03   0.297892954448E-10   0.000000000000E+00   0.557812500000E+03  -0.147866282349E-08   0.000000000000E+00
  296.   0.140625000000E+03   0.120416252900E-10   0.000000000000E+00   0.559375000000E+03  -0.750925443854E-09   0.000000000000E+00
  297.   0.139062500000E+03   0.195171037423E-10   0.000000000000E+00   0.560937500000E+03  -0.152786267078E-08   0.000000000000E+00
  298.   0.137500000000E+03   0.640501251740E-11   0.000000000000E+00   0.562500000000E+03  -0.775587529749E-09   0.000000000000E+00
  299.   0.135937500000E+03   0.675249275213E-11   0.000000000000E+00   0.564062500000E+03  -0.157735234296E-08   0.000000000000E+00
  300.   0.134375000000E+03  -0.820893773261E-12   0.000000000000E+00   0.565625000000E+03  -0.800382324501E-09   0.000000000000E+00
  301.   0.132812500000E+03  -0.100688105860E-10   0.000000000000E+00   0.567187500000E+03  -0.162707084122E-08   0.000000000000E+00
  302.   0.131250000000E+03  -0.106693270462E-10   0.000000000000E+00   0.568750000000E+03  -0.825273448061E-09   0.000000000000E+00
  303.   0.129687500000E+03  -0.333198582216E-10   0.000000000000E+00   0.570312500000E+03  -0.167692610587E-08   0.000000000000E+00
  304.   0.128125000000E+03  -0.247071312361E-10   0.000000000000E+00   0.571875000000E+03  -0.850205785452E-09   0.000000000000E+00
  305.   0.126562500000E+03  -0.668314897105E-10   0.000000000000E+00   0.573437500000E+03  -0.172677712344E-08   0.000000000000E+00
  306.   0.125000000000E+03  -0.460310665353E-10   0.000000000000E+00   0.575000000000E+03  -0.875094319984E-09   0.000000000000E+00
  307.   0.123437500000E+03  -0.115967554928E-09   0.000000000000E+00   0.576562500000E+03  -0.177640741802E-08   0.000000000000E+00
  308.   0.121875000000E+03  -0.781698050999E-10   0.000000000000E+00   0.578125000000E+03  -0.899809408460E-09   0.000000000000E+00
  309.   0.120312500000E+03  -0.191343249709E-09   0.000000000000E+00   0.579687500000E+03  -0.182548116418E-08   0.000000000000E+00
  310.   0.118750000000E+03  -0.135849463959E-09   0.000000000000E+00   0.581250000000E+03  -0.924138823395E-09   0.000000000000E+00
  311.   0.117187500000E+03  -0.303343468481E-09   0.000000000000E+00   0.582812500000E+03  -0.187349222073E-08   0.000000000000E+00
  312.   0.115625000000E+03  -0.220230510361E-09   0.000000000000E+00   0.584375000000E+03  -0.947781598242E-09   0.000000000000E+00
  313.   0.114062500000E+03  -0.498582587855E-09   0.000000000000E+00   0.585937500000E+03  -0.191963303850E-08   0.000000000000E+00
  314.   0.112500000000E+03  -0.451425132010E-09   0.000000000000E+00   0.587500000000E+03  -0.970065987714E-09   0.000000000000E+00
  315.   0.110937500000E+03  -0.809265513697E-09   0.000000000000E+00   0.589062500000E+03  -0.196280246493E-08   0.000000000000E+00
  316.   0.109375000000E+03  -0.770561470386E-09   0.000000000000E+00   0.590625000000E+03  -0.990503607112E-09   0.000000000000E+00
  317.   0.107812500000E+03  -0.166818000310E-08   0.000000000000E+00   0.592187500000E+03  -0.200082216826E-08   0.000000000000E+00
  318.   0.106250000000E+03  -0.221377755178E-08   0.000000000000E+00   0.593750000000E+03  -0.100525849214E-08   0.000000000000E+00
  319.   0.104687500000E+03  -0.421503747575E-08   0.000000000000E+00   0.595312500000E+03  -0.203145253518E-08   0.000000000000E+00
  320.   0.103125000000E+03  -0.663863316640E-08   0.000000000000E+00   0.596875000000E+03  -0.101968645566E-08   0.000000000000E+00
  321.   0.101562500000E+03  -0.134498261579E-07   0.000000000000E+00   0.598437500000E+03  -0.203677550914E-08   0.000000000000E+00
