i  r_top  QtopRe  QtopIm  r_bot  QbotRe  QbotIm   [mm, mC]
    1.   0.600000000000E+03  -0.917105772758E-07   0.000000000000E+00   0.100000000000E+03  -0.415034725586E-07   0.000000000000E+00
    2.   0.100000000000E+03  -0.415034725587E-07   0.000000000000E+00   0.600000000000E+03  -0.917105772759E-07   0.000000000000E+00
    3.   0.596875000000E+03  -0.717640720449E-08   0.000000000000E+00   0.103125000000E+03  -0.113092674590E-07   0.000000000000E+00
    4.   0.593750000000E+03   0.601284305205E-08   0.000000000000E+00   0.106250000000E+03   0.118726661278E-09   0.000000000000E+00
    5.   0.590625000000E+03   0.695047083170E-08   0.000000000000E+00   0.109375000000E+03  -0.720946279135E-09   0.000000000000E+00
    6.   0.587500000000E+03   0.822770809250E-09   0.000000000000E+00   0.112500000000E+03  -0.666737149356E-09   0.000000000000E+00
    7.   0.584375000000E+03   0.422618316258E-08   0.000000000000E+00   0.115625000000E+03   0.339465630728E-09   0.000000000000E+00
    8.   0.581250000000E+03  -0.145385704831E-09   0.000000000000E+00   0.118750000000E+03  -0.482365423606E-09   0.000000000000E+00
    9.   0.578125000000E+03   0.213963477449E-08   0.000000000000E+00   0.121875000000E+03   0.336569886763E-09   0.000000000000E+00
   10.   0.575000000000E+03  -0.295015738313E-09   0.000000000000E+00   0.125000000000E+03  -0.313689417384E-09   0.000000000000E+00
   11.   0.571875000000E+03   0.104168841232E-08   0.000000000000E+00   0.128125000000E+03   0.223345326884E-09   0.000000000000E+00
   12.   0.568750000000E+03  -0.226553912585E-09   0.000000000000E+00   0.131250000000E+03  -0.180146174087E-09   0.000000000000E+00
   13.   0.565625000000E+03   0.530643193571E-09   0.000000000000E+00   0.134375000000E+03   0.145867512493E-09   0.000000000000E+00
   14.   0.562500000000E+03  -0.148523434141E-09   0.000000000000E+00   0.137500000000E+03  -0.102918299287E-09   0.000000000000E+00
   15.   0.559375000000E+03   0.286893305980E-09   0.000000000000E+00   0.140625000000E+03   0.970405330834E-10   0.000000000000E+00
   16.   0.556250000000E+03  -0.839486180376E-10   0.000000000000E+00   0.143750000000E+03  -0.545158180588E-10   0.000000000000E+00
   17.   0.553125000000E+03   0.173656670240E-09   0.000000000000E+00   0.146875000000E+03   0.703993894477E-10   0.000000000000E+00
   18.   0.550000000000E+03  -0.393014897506E-10   0.000000000000E+00   0.150000000000E+03  -0.252855006196E-10   0.000000000000E+00
   19.   0.546875000000E+03   0.121905581065E-09   0.000000000000E+00   0.153125000000E+03   0.571394930466E-10   0.000000000000E+00
   20.   0.543750000000E+03  -0.875624323206E-11   0.000000000000E+00   0.156250000000E+03  -0.652897037894E-11   0.000000000000E+00
   21.   0.540625000000E+03   0.100943432339E-09   0.000000000000E+00   0.159375000000E+03   0.524461327359E-10   0.000000000000E+00
   22.   0.537500000000E+03   0.122491103813E-10   0.000000000000E+00   0.162500000000E+03   0.608343207135E-11   0.000000000000E+00
   23.   0.534375000000E+03   0.956288536519E-10   0.000000000000E+00   0.165625000000E+03   0.530610961943E-10   0.000000000000E+00
   24.   0.531250000000E+03   0.274141791698E-10   0.000000000000E+00   0.168750000000E+03   0.152975199130E-10   0.000000000000E+00
   25.   0.528125000000E+03   0.986562039688E-10   0.000000000000E+00   0.171875000000E+03   0.570970356069E-10   0.000000000000E+00
   26.   0.525000000000E+03   0.390853193204E-10   0.000000000000E+00   0.175000000000E+03   0.226350306582E-10   0.000000000000E+00
   27.   0.521875000000E+03   0.106272787653E-09   0.000000000000E+00   0.178125000000E+03   0.633913211959E-10   0.000000000000E+00
   28.   0.518750000000E+03   0.487347000250E-10   0.000000000000E+00   0.181250000000E+03   0.289922238033E-10   0.000000000000E+00
   29.   0.515625000000E+03   0.116511332903E-09   0.000000000000E+00   0.184375000000E+03   0.712460518151E-10   0.000000000000E+00
   30.   0.512500000000E+03   0.572340002882E-10   0.000000000000E+00   0.187500000000E+03   0.348786475004E-10   0.000000000000E+00
   31.   0.509375000000E+03   0.128287108281E-09   0.000000000000E+00   0.190625000000E+03   0.802285017231E-10   0.000000000000E+00
   32.   0.506250000000E+03   0.650878614488E-10   0.000000000000E+00   0.193750000000E+03   0.405851890410E-10   0.000000000000E+00
   33.   0.503125000000E+03   0.140975380075E-09   0.000000000000E+00   0.196875000000E+03   0.900643489053E-10   0.000000000000E+00
   34.   0.500000000000E+03   0.725771513298E-10   0.000000000000E+00   0.200000000000E+03   0.462728239422E-10   0.000000000000E+00
   35.   0.496875000000E+03   0.154194275976E-09   0.000000000000E+00   0.203125000000E+03   0.100570956768E-09   0.000000000000E+00
   36.   0.493750000000E+03   0.798501595205E-10   0.000000000000E+00   0.206250000000E+03   0.520264412057E-10   0.000000000000E+00
   37.   0.490625000000E+03   0.167694257275E-09   0.000000000000E+00   0.209375000000E+03   0.111618993547E-09   0.000000000000E+00
   38.   0.487500000000E+03   0.869772826535E-10   0.000000000000E+00   0.212500000000E+03   0.578856319344E-10   0.000000000000E+00
   39.   0.484375000000E+03   0.181299276589E-09   0.000000000000E+00   0.215625000000E+03   0.123109494212E-09   0.000000000000E+00
   40.   0.481250000000E+03   0.939837927019E-10   0.000000000000E+00   0.218750000000E+03   0.638629510562E-10   0.000000000000E+00
   41.   0.478125000000E+03   0.194875059309E-09   0.000000000000E+00   0.221875000000E+03   0.134960382067E-09   0.000000000000E+00
   42.   0.475000000000E+03   0.100869283980E-09   0.000000000000E+00   0.225000000000E+03   0.699547149004E-10   0.000000000000E+00
   43.   0.471875000000E+03   0.208311545021E-09   0.000000000000E+00   0.228125000000E+03   0.147098433464E-09   0.000000000000E+00
   44.   0.468750000000E+03   0.107619311317E-09   0.000000000000E+00   0.231250000000E+03   0.761475821923E-10   0.000000000000E+00
   45.   0.465625000000E+03   0.221512970368E-09   0.000000000000E+00   0.234375000000E+03   0.159454440845E-09   0.000000000000E+00
   46.   0.462500000000E+03   0.114212610553E-09   0.000000000000E+00   0.237500000000E+03   0.824227808859E-10   0.000000000000E+00
   47.   0.459375000000E+03   0.234392102156E-09   0.000000000000E+00   0.240625000000E+03   0.171960222220E-09   0.000000000000E+00
   48.   0.456250000000E+03   0.120626055801E-09   0.000000000000E+00   0.243750000000E+03   0.887592438670E-10   0.000000000000E+00
   49.   0.453125000000E+03   0.246866836925E-09   0.000000000000E+00   0.246875000000E+03   0.184546740341E-09   0.000000000000E+00
   50.   0.450000000000E+03   0.126838923968E-09   0.000000000000E+00   0.250000000000E+03   0.951366403570E-10   0.000000000000E+00
   51.   0.446875000000E+03   0.258858489297E-09   0.000000000000E+00   0.253125000000E+03   0.197143120088E-09   0.000000000000E+00
   52.   0.443750000000E+03   0.132838073325E-09   0.000000000000E+00   0.256250000000E+03   0.101539453499E-09   0.000000000000E+00
   53.   0.440625000000E+03   0.270292241523E-09   0.000000000000E+00   0.259375000000E+03   0.209677133936E-09   0.000000000000E+00
   54.   0.437500000000E+03   0.138626244600E-09   0.000000000000E+00   0.262500000000E+03   0.107963960721E-09   0.000000000000E+00
   55.   0.434375000000E+03   0.281102487747E-09   0.000000000000E+00   0.265625000000E+03   0.222079528638E-09   0.000000000000E+00
   56.   0.431250000000E+03   0.144237988603E-09   0.000000000000E+00   0.268750000000E+03   0.114432008871E-09   0.000000000000E+00
   57.   0.428125000000E+03   0.291250703253E-09   0.000000000000E+00   0.271875000000E+03   0.234298775642E-09   0.000000000000E+00
   58.   0.425000000000E+03   0.149771750674E-09   0.000000000000E+00   0.275000000000E+03   0.121019246482E-09   0.000000000000E+00
   59.   0.421875000000E+03   0.300777204484E-09   0.000000000000E+00   0.278125000000E+03   0.246344930660E-09   0.000000000000E+00
   60.   0.418750000000E+03   0.155461179496E-09   0.000000000000E+00   0.281250000000E+03   0.127918488643E-09   0.000000000000E+00
   61.   0.415625000000E+03   0.309936551135E-09   0.000000000000E+00   0.284375000000E+03   0.258407518642E-09   0.000000000000E+00
   62.   0.412500000000E+03   0.161824287095E-09   0.000000000000E+00   0.287500000000E+03   0.135574944368E-09   0.000000000000E+00
   63.   0.409375000000E+03   0.319558797493E-09   0.000000000000E+00   0.290625000000E+03   0.271176344027E-09   0.000000000000E+00
   64.   0.406250000000E+03   0.170033456991E-09   0.000000000000E+00   0.293750000000E+03   0.145022665862E-09   0.000000000000E+00
   65.   0.403125000000E+03   0.331925654975E-09   0.000000000000E+00   0.296875000000E+03   0.286639449338E-09   0.000000000000E+00
   66.   0.400000000000E+03   0.182648228122E-09   0.000000000000E+00   0.300000000000E+03   0.158572578475E-09   0.000000000000E+00
   67.   0.396875000000E+03   0.353120020254E-09   0.000000000000E+00   0.303125000000E+03   0.310252451315E-09   0.000000000000E+00
   68.   0.393750000000E+03   0.205777419099E-09   0.000000000000E+00   0.306250000000E+03   0.181823355093E-09   0.000000000000E+00
   69.   0.390625000000E+03   0.398299991131E-09   0.000000000000E+00   0.309375000000E+03   0.355950541052E-09   0.000000000000E+00
   70.   0.387500000000E+03   0.252436857367E-09   0.000000000000E+00   0.312500000000E+03   0.226983752984E-09   0.000000000000E+00
   71.   0.384375000000E+03   0.506957550666E-09   0.000000000000E+00   0.315625000000E+03   0.460715527384E-09   0.000000000000E+00
   72.   0.381250000000E+03   0.357135177848E-09   0.000000000000E+00   0.318750000000E+03   0.326693484301E-09   0.000000000000E+00
   73.   0.378125000000E+03   0.772530287946E-09   0.000000000000E+00   0.321875000000E+03   0.714026302021E-09   0.000000000000E+00
   74.   0.375000000000E+03   0.584194039477E-09   0.000000000000E+00   0.325000000000E+03   0.543828030748E-09   0.000000000000E+00
   75.   0.371875000000E+03   0.144864706613E-08   0.000000000000E+00   0.328125000000E+03   0.136198050029E-08   0.000000000000E+00
   76.   0.368750000000E+03   0.114724419182E-08   0.000000000000E+00   0.331250000000E+03   0.108642959602E-08   0.000000000000E+00
   77.   0.365625000000E+03   0.310559761162E-08   0.000000000000E+00   0.334375000000E+03   0.297135052766E-08   0.000000000000E+00
   78.   0.362500000000E+03   0.227637542880E-08   0.000000000000E+00   0.337500000000E+03   0.219631508413E-08   0.000000000000E+00
   79.   0.359375000000E+03   0.761359508237E-08   0.000000000000E+00   0.340625000000E+03   0.741029442099E-08   0.000000000000E+00
   80.   0.356250000000E+03   0.544168131327E-08   0.000000000000E+00   0.343750000000E+03   0.533600699779E-08   0.000000000000E+00
   81.   0.353125000000E+03   0.201434807387E-07   0.000000000000E+00   0.346875000000E+03   0.199939660998E-07   0.000000000000E+00
   82.   0.350000000000E+03   0.309528793082E-07   0.000000000000E+00   0.350000000000E+03   0.309528793096E-07   0.000000000000E+00
   83.   0.346875000000E+03   0.199939660989E-07   0.000000000000E+00   0.353125000000E+03   0.201434807400E-07   0.000000000000E+00
   84.   0.343750000000E+03   0.533600699999E-08   0.000000000000E+00   0.356250000000E+03   0.544168131371E-08   0.000000000000E+00
   85.   0.340625000000E+03   0.741029442054E-08   0.000000000000E+00   0.359375000000E+03   0.761359508340E-08   0.000000000000E+00
   86.   0.337500000000E+03   0.219631508447E-08   0.000000000000E+00   0.362500000000E+03   0.227637542831E-08   0.000000000000E+00
   87.   0.334375000000E+03   0.297135052742E-08   0.000000000000E+00   0.365625000000E+03   0.310559761347E-08   0.000000000000E+00
   88.   0.331250000000E+03   0.108642959522E-08   0.000000000000E+00   0.368750000000E+03   0.114724419181E-08   0.000000000000E+00
   89.   0.328125000000E+03   0.136198049950E-08   0.000000000000E+00   0.371875000000E+03   0.144864706786E-08   0.000000000000E+00
   90.   0.325000000000E+03   0.543828030160E-09   0.000000000000E+00   0.375000000000E+03   0.584194041268E-09   0.000000000000E+00
   91.   0.321875000000E+03   0.714026301319E-09   0.000000000000E+00   0.378125000000E+03   0.772530288958E-09   0.000000000000E+00
   92.   0.318750000000E+03   0.326693485930E-09   0.000000000000E+00   0.381250000000E+03   0.357135181753E-09   0.000000000000E+00
   93.   0.315625000000E+03   0.460715527367E-09   0.000000000000E+00   0.384375000000E+03   0.506957551312E-09   0.000000000000E+00
   94.   0.312500000000E+03   0.226983754112E-09   0.000000000000E+00   0.387500000000E+03   0.252436856966E-09   0.000000000000E+00
   95.   0.309375000000E+03   0.355950541635E-09   0.000000000000E+00   0.390625000000E+03   0.398299991877E-09   0.000000000000E+00
   96.   0.306250000000E+03   0.181823354604E-09   0.000000000000E+00   0.393750000000E+03   0.205777418226E-09   0.000000000000E+00
   97.   0.303125000000E+03   0.310252453415E-09   0.000000000000E+00   0.396875000000E+03   0.353120019993E-09   0.000000000000E+00
   98.   0.300000000000E+03   0.158572580017E-09   0.000000000000E+00   0.400000000000E+03   0.182648226597E-09   0.000000000000E+00
   99.   0.296875000000E+03   0.286639451291E-09   0.000000000000E+00   0.403125000000E+03   0.331925655082E-09   0.000000000000E+00
  100.   0.293750000000E+03   0.145022668457E-09   0.000000000000E+00   0.406250000000E+03   0.170033458102E-09   0.000000000000E+00
  101.   0.290625000000E+03   0.271176345222E-09   0.000000000000E+00   0.409375000000E+03   0.319558797877E-09   0.000000000000E+00
  102.   0.287500000000E+03   0.135574942310E-09   0.000000000000E+00   0.412500000000E+03   0.161824286732E-09   0.000000000000E+00
  103.   0.284375000000E+03   0.258407519021E-09   0.000000000000E+00   0.415625000000E+03   0.309936552240E-09   0.000000000000E+00
  104.   0.281250000000E+03   0.127918488265E-09   0.000000000000E+00   0.418750000000E+03   0.155461179765E-09   0.000000000000E+00
  105.   0.278125000000E+03   0.246344930145E-09   0.000000000000E+00   0.421875000000E+03   0.300777206756E-09   0.000000000000E+00
  106.   0.275000000000E+03   0.121019245817E-09   0.000000000000E+00   0.425000000000E+03   0.149771752263E-09   0.000000000000E+00
  107.   0.271875000000E+03   0.234298776012E-09   0.000000000000E+00   0.428125000000E+03   0.291250705421E-09   0.000000000000E+00
  108.   0.268750000000E+03   0.114432009011E-09   0.000000000000E+00   0.431250000000E+03   0.144237990775E-09   0.000000000000E+00
  109.   0.265625000000E+03   0.222079529443E-09   0.000000000000E+00   0.434375000000E+03   0.281102489829E-09   0.000000000000E+00
  110.   0.262500000000E+03   0.107963960954E-09   0.000000000000E+00   0.437500000000E+03   0.138626244776E-09   0.000000000000E+00
  111.   0.259375000000E+03   0.209677134331E-09   0.000000000000E+00   0.440625000000E+03   0.270292242840E-09   0.000000000000E+00
  112.   0.256250000000E+03   0.101539451333E-09   0.000000000000E+00   0.443750000000E+03   0.132838073929E-09   0.000000000000E+00
  113.   0.253125000000E+03   0.197143119755E-09   0.000000000000E+00   0.446875000000E+03   0.258858489419E-09   0.000000000000E+00
  114.   0.250000000000E+03   0.951366402758E-10   0.000000000000E+00   0.450000000000E+03   0.126838924097E-09   0.000000000000E+00
  115.   0.246875000000E+03   0.184546740600E-09   0.000000000000E+00   0.453125000000E+03   0.246866836383E-09   0.000000000000E+00
  116.   0.243750000000E+03   0.887592458654E-10   0.000000000000E+00   0.456250000000E+03   0.120626058423E-09   0.000000000000E+00
  117.   0.240625000000E+03   0.171960223015E-09   0.000000000000E+00   0.459375000000E+03   0.234392102229E-09   0.000000000000E+00
  118.   0.237500000000E+03   0.824227815907E-10   0.000000000000E+00   0.462500000000E+03   0.114212612480E-09   0.000000000000E+00
  119.   0.234375000000E+03   0.159454441325E-09   0.000000000000E+00   0.465625000000E+03   0.221512971119E-09   0.000000000000E+00
  120.   0.231250000000E+03   0.761475817085E-10   0.000000000000E+00   0.468750000000E+03   0.107619312838E-09   0.000000000000E+00
  121.   0.228125000000E+03   0.147098434227E-09   0.000000000000E+00   0.471875000000E+03   0.208311545709E-09   0.000000000000E+00
  122.   0.225000000000E+03   0.699547155127E-10   0.000000000000E+00   0.475000000000E+03   0.100869285625E-09   0.000000000000E+00
  123.   0.221875000000E+03   0.134960383035E-09   0.000000000000E+00   0.478125000000E+03   0.194875059362E-09   0.000000000000E+00
  124.   0.218750000000E+03   0.638629511460E-10   0.000000000000E+00   0.481250000000E+03   0.939837931936E-10   0.000000000000E+00
  125.   0.215625000000E+03   0.123109494862E-09   0.000000000000E+00   0.484375000000E+03   0.181299276642E-09   0.000000000000E+00
  126.   0.212500000000E+03   0.578856319533E-10   0.000000000000E+00   0.487500000000E+03   0.869772825648E-10   0.000000000000E+00
  127.   0.209375000000E+03   0.111618994070E-09   0.000000000000E+00   0.490625000000E+03   0.167694257331E-09   0.000000000000E+00
  128.   0.206250000000E+03   0.520264409183E-10   0.000000000000E+00   0.493750000000E+03   0.798501601333E-10   0.000000000000E+00
  129.   0.203125000000E+03   0.100570957510E-09   0.000000000000E+00   0.496875000000E+03   0.154194276206E-09   0.000000000000E+00
  130.   0.200000000000E+03   0.462728236050E-10   0.000000000000E+00   0.500000000000E+03   0.725771515156E-10   0.000000000000E+00
  131.   0.196875000000E+03   0.900643497358E-10   0.000000000000E+00   0.503125000000E+03   0.140975380238E-09   0.000000000000E+00
  132.   0.193750000000E+03   0.405851891824E-10   0.000000000000E+00   0.506250000000E+03   0.650878612458E-10   0.000000000000E+00
  133.   0.190625000000E+03   0.802285024621E-10   0.000000000000E+00   0.509375000000E+03   0.128287108904E-09   0.000000000000E+00
  134.   0.187500000000E+03   0.348786479558E-10   0.000000000000E+00   0.512500000000E+03   0.572340018308E-10   0.000000000000E+00
  135.   0.184375000000E+03   0.712460522159E-10   0.000000000000E+00   0.515625000000E+03   0.116511333761E-09   0.000000000000E+00
  136.   0.181250000000E+03   0.289922238367E-10   0.000000000000E+00   0.518750000000E+03   0.487347007340E-10   0.000000000000E+00
  137.   0.178125000000E+03   0.633913216325E-10   0.000000000000E+00   0.521875000000E+03   0.106272787706E-09   0.000000000000E+00
  138.   0.175000000000E+03   0.226350308991E-10   0.000000000000E+00   0.525000000000E+03   0.390853189991E-10   0.000000000000E+00
  139.   0.171875000000E+03   0.570970360406E-10   0.000000000000E+00   0.528125000000E+03   0.986562036176E-10   0.000000000000E+00
  140.   0.168750000000E+03   0.152975200105E-10   0.000000000000E+00   0.531250000000E+03   0.274141787062E-10   0.000000000000E+00
  141.   0.165625000000E+03   0.530610965420E-10   0.000000000000E+00   0.534375000000E+03   0.956288532643E-10   0.000000000000E+00
  142.   0.162500000000E+03   0.608343247198E-11   0.000000000000E+00   0.537500000000E+03   0.122491095582E-10   0.000000000000E+00
  143.   0.159375000000E+03   0.524461329780E-10   0.000000000000E+00   0.540625000000E+03   0.100943432306E-09   0.000000000000E+00
  144.   0.156250000000E+03  -0.652897027344E-11   0.000000000000E+00   0.543750000000E+03  -0.875624338020E-11   0.000000000000E+00
  145.   0.153125000000E+03   0.571394933705E-10   0.000000000000E+00   0.546875000000E+03   0.121905581420E-09   0.000000000000E+00
  146.   0.150000000000E+03  -0.252855003912E-10   0.000000000000E+00   0.550000000000E+03  -0.393014893507E-10   0.000000000000E+00
  147.   0.146875000000E+03   0.703993898275E-10   0.000000000000E+00   0.553125000000E+03   0.173656670418E-09   0.000000000000E+00
  148.   0.143750000000E+03  -0.545158176815E-10   0.000000000000E+00   0.556250000000E+03  -0.839486180070E-10   0.000000000000E+00
  149.   0.140625000000E+03   0.970405333847E-10   0.000000000000E+00   0.559375000000E+03   0.286893306187E-09   0.000000000000E+00
  150.   0.137500000000E+03  -0.102918299169E-09   0.000000000000E+00   0.562500000000E+03  -0.148523433995E-09   0.000000000000E+00
  151.   0.134375000000E+03   0.145867512767E-09   0.000000000000E+00   0.565625000000E+03   0.530643193691E-09   0.000000000000E+00
  152.   0.131250000000E+03  -0.180146173894E-09   0.000000000000E+00   0.568750000000E+03  -0.226553912799E-09   0.000000000000E+00
  153.   0.128125000000E+03   0.223345327182E-09   0.000000000000E+00   0.571875000000E+03   0.104168841244E-08   0.000000000000E+00
  154.   0.125000000000E+03  -0.313689417207E-09   0.000000000000E+00   0.575000000000E+03  -0.295015738175E-09   0.000000000000E+00
  155.   0.121875000000E+03   0.336569887065E-09   0.000000000000E+00   0.578125000000E+03   0.213963477474E-08   0.000000000000E+00
  156.   0.118750000000E+03  -0.482365423463E-09   0.000000000000E+00   0.581250000000E+03  -0.145385704638E-09   0.000000000000E+00
  157.   0.115625000000E+03   0.339465631021E-09   0.000000000000E+00   0.584375000000E+03   0.422618316283E-08   0.000000000000E+00
  158.   0.112500000000E+03  -0.666737149221E-09   0.000000000000E+00   0.587500000000E+03   0.822770809393E-09   0.000000000000E+00
  159.   0.109375000000E+03  -0.720946278874E-09   0.000000000000E+00   0.590625000000E+03   0.695047083195E-08   0.000000000000E+00
  160.   0.106250000000E+03   0.118726661404E-09   0.000000000000E+00   0.593750000000E+03   0.601284305217E-08   0.000000000000E+00
  161.   0.103125000000E+03  -0.113092674588E-07   0.000000000000E+00   0.596875000000E+03  -0.717640720427E-08   0.000000000000E+00
