i  r_top  QtopRe  QtopIm  r_bot  QbotRe  QbotIm   [mm, mC]
    1.   0.600000000000E+03  -0.853284269630E-11   0.000000000000E+00   0.100000000000E+03  -0.927476828047E-12   0.000000000000E+00
    2.   0.100000000000E+03  -0.927481853609E-12   0.000000000000E+00   0.600000000000E+03  -0.853283494897E-11   0.000000000000E+00
    3.   0.598437500000E+03  -0.299355857993E-10   0.000000000000E+00   0.101562500000E+03  -0.326657510281E-11   0.000000000000E+00
    4.   0.596875000000E+03  -0.125307431260E-10   0.000000000000E+00   0.103125000000E+03  -0.137475866503E-11   0.000000000000E+00
    5.   0.595312500000E+03  -0.244826530233E-10   0.000000000000E+00   0.104687500000E+03  -0.268277650762E-11   0.000000000000E+00
    6.   0.593750000000E+03  -0.113240686828E-10   0.000000000000E+00   0.106250000000E+03  -0.124780176986E-11   0.000000000000E+00
    7.   0.592187500000E+03  -0.241820982789E-10   0.000000000000E+00   0.107812500000E+03  -0.265601787496E-11   0.000000000000E+00
    8.   0.590625000000E+03  -0.120761480737E-10   0.000000000000E+00   0.109375000000E+03  -0.133437164004E-11   0.000000000000E+00
    9.   0.589062500000E+03  -0.254789740879E-10   0.000000000000E+00   0.110937500000E+03  -0.282923602758E-11   0.000000000000E+00
   10.   0.587500000000E+03  -0.127280889214E-10   0.000000000000E+00   0.112500000000E+03  -0.143075818373E-11   0.000000000000E+00
   11.   0.585937500000E+03  -0.263328773255E-10   0.000000000000E+00   0.114062500000E+03  -0.299015850933E-11   0.000000000000E+00
   12.   0.584375000000E+03  -0.129828732299E-10   0.000000000000E+00   0.115625000000E+03  -0.149972634328E-11   0.000000000000E+00
   13.   0.582812500000E+03  -0.265233250952E-10   0.000000000000E+00   0.117187500000E+03  -0.310321954834E-11   0.000000000000E+00
   14.   0.581250000000E+03  -0.129455760707E-10   0.000000000000E+00   0.118750000000E+03  -0.154581168802E-11   0.000000000000E+00
   15.   0.579687500000E+03  -0.263470657613E-10   0.000000000000E+00   0.120312500000E+03  -0.318903627769E-11   0.000000000000E+00
   16.   0.578125000000E+03  -0.128098297631E-10   0.000000000000E+00   0.121875000000E+03  -0.158519259767E-11   0.000000000000E+00
   17.   0.576562500000E+03  -0.260708422034E-10   0.000000000000E+00   0.123437500000E+03  -0.326988649452E-11   0.000000000000E+00
   18.   0.575000000000E+03  -0.126675351273E-10   0.000000000000E+00   0.125000000000E+03  -0.162577101489E-11   0.000000000000E+00
   19.   0.573437500000E+03  -0.258030737052E-10   0.000000000000E+00   0.126562500000E+03  -0.335474660671E-11   0.000000000000E+00
   20.   0.571875000000E+03  -0.125410359272E-10   0.000000000000E+00   0.128125000000E+03  -0.166919438113E-11   0.000000000000E+00
   21.   0.570312500000E+03  -0.255603051359E-10   0.000000000000E+00   0.129687500000E+03  -0.344431681702E-11   0.000000000000E+00
   22.   0.568750000000E+03  -0.124255908396E-10   0.000000000000E+00   0.131250000000E+03  -0.171463538304E-11   0.000000000000E+00
   23.   0.567187500000E+03  -0.253320792706E-10   0.000000000000E+00   0.132812500000E+03  -0.353691937299E-11   0.000000000000E+00
   24.   0.565625000000E+03  -0.123144609757E-10   0.000000000000E+00   0.134375000000E+03  -0.176114697790E-11   0.000000000000E+00
   25.   0.564062500000E+03  -0.251089206765E-10   0.000000000000E+00   0.135937500000E+03  -0.363117115450E-11   0.000000000000E+00
   26.   0.562500000000E+03  -0.122042472534E-10   0.000000000000E+00   0.137500000000E+03  -0.180822344989E-11   0.000000000000E+00
   27.   0.560937500000E+03  -0.248868751727E-10   0.000000000000E+00   0.139062500000E+03  -0.372639693637E-11   0.000000000000E+00
   28.   0.559375000000E+03  -0.120941471152E-10   0.000000000000E+00   0.140625000000E+03  -0.185567819597E-11   0.000000000000E+00
   29.   0.557812500000E+03  -0.246652147551E-10   0.000000000000E+00   0.142187500000E+03  -0.382236261764E-11   0.000000000000E+00
   30.   0.556250000000E+03  -0.119842499698E-10   0.000000000000E+00   0.143750000000E+03  -0.190345979472E-11   0.000000000000E+00
   31.   0.554687500000E+03  -0.244441372541E-10   0.000000000000E+00   0.145312500000E+03  -0.391900081477E-11   0.000000000000E+00
   32.   0.553125000000E+03  -0.118747029485E-10   0.000000000000E+00   0.146875000000E+03  -0.195155596140E-11   0.000000000000E+00
   33.   0.551562500000E+03  -0.242238517977E-10   0.000000000000E+00   0.148437500000E+03  -0.401628294125E-11   0.000000000000E+00
   34.   0.550000000000E+03  -0.117655359388E-10   0.000000000000E+00   0.150000000000E+03  -0.199995749279E-11   0.000000000000E+00
   35.   0.548437500000E+03  -0.240044135657E-10   0.000000000000E+00   0.151562500000E+03  -0.411418207397E-11   0.000000000000E+00
   36.   0.546875000000E+03  -0.116568029082E-10   0.000000000000E+00   0.153125000000E+03  -0.204864983979E-11   0.000000000000E+00
   37.   0.545312500000E+03  -0.237858429215E-10   0.000000000000E+00   0.154687500000E+03  -0.421268425066E-11   0.000000000000E+00
   38.   0.543750000000E+03  -0.115485007501E-10   0.000000000000E+00   0.156250000000E+03  -0.209763174506E-11   0.000000000000E+00
   39.   0.542187500000E+03  -0.235680939924E-10   0.000000000000E+00   0.157812500000E+03  -0.431178193013E-11   0.000000000000E+00
   40.   0.540625000000E+03  -0.114405534924E-10   0.000000000000E+00   0.159375000000E+03  -0.214689500998E-11   0.000000000000E+00
   41.   0.539062500000E+03  -0.233511622421E-10   0.000000000000E+00   0.160937500000E+03  -0.441146771161E-11   0.000000000000E+00
   42.   0.537500000000E+03  -0.113330385833E-10   0.000000000000E+00   0.162500000000E+03  -0.219644172135E-11   0.000000000000E+00
   43.   0.535937500000E+03  -0.231350281588E-10   0.000000000000E+00   0.164062500000E+03  -0.451174386812E-11   0.000000000000E+00
   44.   0.534375000000E+03  -0.112258705391E-10   0.000000000000E+00   0.165625000000E+03  -0.224627870942E-11   0.000000000000E+00
   45.   0.532812500000E+03  -0.229196911628E-10   0.000000000000E+00   0.167187500000E+03  -0.461261470434E-11   0.000000000000E+00
   46.   0.531250000000E+03  -0.111191048682E-10   0.000000000000E+00   0.168750000000E+03  -0.229639720843E-11   0.000000000000E+00
   47.   0.529687500000E+03  -0.227051604376E-10   0.000000000000E+00   0.170312500000E+03  -0.471408403919E-11   0.000000000000E+00
   48.   0.528125000000E+03  -0.110127093323E-10   0.000000000000E+00   0.171875000000E+03  -0.234681042055E-11   0.000000000000E+00
   49.   0.526562500000E+03  -0.224914400496E-10   0.000000000000E+00   0.173437500000E+03  -0.481615742821E-11   0.000000000000E+00
   50.   0.525000000000E+03  -0.109067479453E-10   0.000000000000E+00   0.175000000000E+03  -0.239751408679E-11   0.000000000000E+00
   51.   0.523437500000E+03  -0.222785461183E-10   0.000000000000E+00   0.176562500000E+03  -0.491884052912E-11   0.000000000000E+00
   52.   0.521875000000E+03  -0.108011631790E-10   0.000000000000E+00   0.178125000000E+03  -0.244851736489E-11   0.000000000000E+00
   53.   0.520312500000E+03  -0.220664775449E-10   0.000000000000E+00   0.179687500000E+03  -0.502214368619E-11   0.000000000000E+00
   54.   0.518750000000E+03  -0.106959838195E-10   0.000000000000E+00   0.181250000000E+03  -0.249983062100E-11   0.000000000000E+00
   55.   0.517187500000E+03  -0.218552466046E-10   0.000000000000E+00   0.182812500000E+03  -0.512607383173E-11   0.000000000000E+00
   56.   0.515625000000E+03  -0.105912007133E-10   0.000000000000E+00   0.184375000000E+03  -0.255144127502E-11   0.000000000000E+00
   57.   0.514062500000E+03  -0.216448599042E-10   0.000000000000E+00   0.185937500000E+03  -0.523064007674E-11   0.000000000000E+00
   58.   0.512500000000E+03  -0.104868386791E-10   0.000000000000E+00   0.187500000000E+03  -0.260336403154E-11   0.000000000000E+00
   59.   0.510937500000E+03  -0.214353318925E-10   0.000000000000E+00   0.189062500000E+03  -0.533584877542E-11   0.000000000000E+00
   60.   0.509375000000E+03  -0.103828766909E-10   0.000000000000E+00   0.190625000000E+03  -0.265560486264E-11   0.000000000000E+00
   61.   0.507812500000E+03  -0.212266551213E-10   0.000000000000E+00   0.192187500000E+03  -0.544170517034E-11   0.000000000000E+00
   62.   0.506250000000E+03  -0.102793461846E-10   0.000000000000E+00   0.193750000000E+03  -0.270815603788E-11   0.000000000000E+00
   63.   0.504687500000E+03  -0.210188489957E-10   0.000000000000E+00   0.195312500000E+03  -0.554822172539E-11   0.000000000000E+00
   64.   0.503125000000E+03  -0.101762102473E-10   0.000000000000E+00   0.196875000000E+03  -0.276103775357E-11   0.000000000000E+00
   65.   0.501562500000E+03  -0.208119042834E-10   0.000000000000E+00   0.198437500000E+03  -0.565540721015E-11   0.000000000000E+00
   66.   0.500000000000E+03  -0.100735047218E-10   0.000000000000E+00   0.200000000000E+03  -0.281424215780E-11   0.000000000000E+00
   67.   0.498437500000E+03  -0.206058352655E-10   0.000000000000E+00   0.201562500000E+03  -0.576326774453E-11   0.000000000000E+00
   68.   0.496875000000E+03  -0.997121521659E-11   0.000000000000E+00   0.203125000000E+03  -0.286778196033E-11   0.000000000000E+00
   69.   0.495312500000E+03  -0.204006610097E-10   0.000000000000E+00   0.204687500000E+03  -0.587181484231E-11   0.000000000000E+00
   70.   0.493750000000E+03  -0.986935964225E-11   0.000000000000E+00   0.206250000000E+03  -0.292165490970E-11   0.000000000000E+00
   71.   0.492187500000E+03  -0.201963793139E-10   0.000000000000E+00   0.207812500000E+03  -0.598105514856E-11   0.000000000000E+00
   72.   0.490625000000E+03  -0.976794197663E-11   0.000000000000E+00   0.209375000000E+03  -0.297587298938E-11   0.000000000000E+00
   73.   0.489062500000E+03  -0.199930162073E-10   0.000000000000E+00   0.210937500000E+03  -0.609100125072E-11   0.000000000000E+00
   74.   0.487500000000E+03  -0.966695170443E-11   0.000000000000E+00   0.212500000000E+03  -0.303043715498E-11   0.000000000000E+00
   75.   0.485937500000E+03  -0.197905699867E-10   0.000000000000E+00   0.214062500000E+03  -0.620166343424E-11   0.000000000000E+00
   76.   0.484375000000E+03  -0.956641151656E-11   0.000000000000E+00   0.215625000000E+03  -0.308535481026E-11   0.000000000000E+00
   77.   0.482812500000E+03  -0.195890429342E-10   0.000000000000E+00   0.217187500000E+03  -0.631304814207E-11   0.000000000000E+00
   78.   0.481250000000E+03  -0.946633220421E-11   0.000000000000E+00   0.218750000000E+03  -0.314062214565E-11   0.000000000000E+00
   79.   0.479687500000E+03  -0.193884547392E-10   0.000000000000E+00   0.220312500000E+03  -0.642516426612E-11   0.000000000000E+00
   80.   0.478125000000E+03  -0.936669407962E-11   0.000000000000E+00   0.221875000000E+03  -0.319624554156E-11   0.000000000000E+00
   81.   0.476562500000E+03  -0.191888168512E-10   0.000000000000E+00   0.223437500000E+03  -0.653802805691E-11   0.000000000000E+00
   82.   0.475000000000E+03  -0.926751130560E-11   0.000000000000E+00   0.225000000000E+03  -0.325224474140E-11   0.000000000000E+00
   83.   0.473437500000E+03  -0.189901288807E-10   0.000000000000E+00   0.226562500000E+03  -0.665164589278E-11   0.000000000000E+00
   84.   0.471875000000E+03  -0.916878282044E-11   0.000000000000E+00   0.228125000000E+03  -0.330861936098E-11   0.000000000000E+00
   85.   0.470312500000E+03  -0.187924055251E-10   0.000000000000E+00   0.229687500000E+03  -0.676603574104E-11   0.000000000000E+00
   86.   0.468750000000E+03  -0.907052484828E-11   0.000000000000E+00   0.231250000000E+03  -0.336536915065E-11   0.000000000000E+00
   87.   0.467187500000E+03  -0.185956592006E-10   0.000000000000E+00   0.232812500000E+03  -0.688119824451E-11   0.000000000000E+00
   88.   0.465625000000E+03  -0.897273293799E-11   0.000000000000E+00   0.234375000000E+03  -0.342250090103E-11   0.000000000000E+00
   89.   0.464062500000E+03  -0.183999019444E-10   0.000000000000E+00   0.235937500000E+03  -0.699715276872E-11   0.000000000000E+00
   90.   0.462500000000E+03  -0.887541731680E-11   0.000000000000E+00   0.237500000000E+03  -0.348002556358E-11   0.000000000000E+00
   91.   0.460937500000E+03  -0.182051407799E-10   0.000000000000E+00   0.239062500000E+03  -0.711390917490E-11   0.000000000000E+00
   92.   0.459375000000E+03  -0.877859445236E-11   0.000000000000E+00   0.240625000000E+03  -0.353794243414E-11   0.000000000000E+00
   93.   0.457812500000E+03  -0.180113972982E-10   0.000000000000E+00   0.242187500000E+03  -0.723148499733E-11   0.000000000000E+00
   94.   0.456250000000E+03  -0.868225518227E-11   0.000000000000E+00   0.243750000000E+03  -0.359626655354E-11   0.000000000000E+00
   95.   0.454687500000E+03  -0.178186932108E-10   0.000000000000E+00   0.245312500000E+03  -0.734989447537E-11   0.000000000000E+00
   96.   0.453125000000E+03  -0.858640865994E-11   0.000000000000E+00   0.246875000000E+03  -0.365499873953E-11   0.000000000000E+00
   97.   0.451562500000E+03  -0.176270429665E-10   0.000000000000E+00   0.248437500000E+03  -0.746916904018E-11   0.000000000000E+00
   98.   0.450000000000E+03  -0.849108108530E-11   0.000000000000E+00   0.250000000000E+03  -0.371416920625E-11   0.000000000000E+00
   99.   0.448437500000E+03  -0.174364850227E-10   0.000000000000E+00   0.251562500000E+03  -0.758933369406E-11   0.000000000000E+00
  100.   0.446875000000E+03  -0.839628858107E-11   0.000000000000E+00   0.253125000000E+03  -0.377379270799E-11   0.000000000000E+00
  101.   0.445312500000E+03  -0.172470689988E-10   0.000000000000E+00   0.254687500000E+03  -0.771042655443E-11   0.000000000000E+00
  102.   0.443750000000E+03  -0.830205637521E-11   0.000000000000E+00   0.256250000000E+03  -0.383386518624E-11   0.000000000000E+00
  103.   0.442187500000E+03  -0.170588623024E-10   0.000000000000E+00   0.257812500000E+03  -0.783251544396E-11   0.000000000000E+00
  104.   0.440625000000E+03  -0.820842701955E-11   0.000000000000E+00   0.259375000000E+03  -0.389445602609E-11   0.000000000000E+00
  105.   0.439062500000E+03  -0.168719793858E-10   0.000000000000E+00   0.260937500000E+03  -0.795569770147E-11   0.000000000000E+00
  106.   0.437500000000E+03  -0.811546817565E-11   0.000000000000E+00   0.262500000000E+03  -0.395561384208E-11   0.000000000000E+00
  107.   0.435937500000E+03  -0.166866108722E-10   0.000000000000E+00   0.264062500000E+03  -0.808011452365E-11   0.000000000000E+00
  108.   0.434375000000E+03  -0.802331263807E-11   0.000000000000E+00   0.265625000000E+03  -0.401741788420E-11   0.000000000000E+00
  109.   0.432812500000E+03  -0.165030527775E-10   0.000000000000E+00   0.267187500000E+03  -0.820601722475E-11   0.000000000000E+00
  110.   0.431250000000E+03  -0.793209866883E-11   0.000000000000E+00   0.268750000000E+03  -0.408004082309E-11   0.000000000000E+00
  111.   0.429687500000E+03  -0.163217981862E-10   0.000000000000E+00   0.270312500000E+03  -0.833382683907E-11   0.000000000000E+00
  112.   0.428125000000E+03  -0.784217354088E-11   0.000000000000E+00   0.271875000000E+03  -0.414373812966E-11   0.000000000000E+00
  113.   0.426562500000E+03  -0.161436526406E-10   0.000000000000E+00   0.273437500000E+03  -0.846422139689E-11   0.000000000000E+00
  114.   0.425000000000E+03  -0.775404233805E-11   0.000000000000E+00   0.275000000000E+03  -0.420891536693E-11   0.000000000000E+00
  115.   0.423437500000E+03  -0.159699685022E-10   0.000000000000E+00   0.276562500000E+03  -0.859834275242E-11   0.000000000000E+00
  116.   0.421875000000E+03  -0.766852056858E-11   0.000000000000E+00   0.278125000000E+03  -0.427631983376E-11   0.000000000000E+00
  117.   0.420312500000E+03  -0.158029935517E-10   0.000000000000E+00   0.279687500000E+03  -0.873810468558E-11   0.000000000000E+00
  118.   0.418750000000E+03  -0.758702934737E-11   0.000000000000E+00   0.281250000000E+03  -0.434711970248E-11   0.000000000000E+00
  119.   0.417187500000E+03  -0.156464526621E-10   0.000000000000E+00   0.282812500000E+03  -0.888671518136E-11   0.000000000000E+00
  120.   0.415625000000E+03  -0.751187002078E-11   0.000000000000E+00   0.284375000000E+03  -0.442333718751E-11   0.000000000000E+00
  121.   0.414062500000E+03  -0.155065268667E-10   0.000000000000E+00   0.285937500000E+03  -0.904952322578E-11   0.000000000000E+00
  122.   0.412500000000E+03  -0.744689958172E-11   0.000000000000E+00   0.287500000000E+03  -0.450830264299E-11   0.000000000000E+00
  123.   0.410937500000E+03  -0.153933378162E-10   0.000000000000E+00   0.289062500000E+03  -0.923540405088E-11   0.000000000000E+00
  124.   0.409375000000E+03  -0.739839535101E-11   0.000000000000E+00   0.290625000000E+03  -0.460752184654E-11   0.000000000000E+00
  125.   0.407812500000E+03  -0.153236327068E-10   0.000000000000E+00   0.292187500000E+03  -0.945913342784E-11   0.000000000000E+00
  126.   0.406250000000E+03  -0.737674018933E-11   0.000000000000E+00   0.293750000000E+03  -0.473022330919E-11   0.000000000000E+00
  127.   0.404687500000E+03  -0.153254537916E-10   0.000000000000E+00   0.295312500000E+03  -0.974569059362E-11   0.000000000000E+00
  128.   0.403125000000E+03  -0.739949405194E-11   0.000000000000E+00   0.296875000000E+03  -0.489207914452E-11   0.000000000000E+00
  129.   0.401562500000E+03  -0.154467856713E-10   0.000000000000E+00   0.298437500000E+03  -0.101381239973E-10   0.000000000000E+00
  130.   0.400000000000E+03  -0.749700851080E-11   0.000000000000E+00   0.300000000000E+03  -0.512038651109E-11   0.000000000000E+00
  131.   0.398437500000E+03  -0.157708203297E-10   0.000000000000E+00   0.301562500000E+03  -0.107116919744E-10   0.000000000000E+00
  132.   0.396875000000E+03  -0.772228425647E-11   0.000000000000E+00   0.303125000000E+03  -0.546322337727E-11   0.000000000000E+00
  133.   0.395312500000E+03  -0.164398384111E-10   0.000000000000E+00   0.304687500000E+03  -0.115962065981E-10   0.000000000000E+00
  134.   0.393750000000E+03  -0.816514248873E-11   0.000000000000E+00   0.306250000000E+03  -0.600282940351E-11   0.000000000000E+00
  135.   0.392187500000E+03  -0.176854483581E-10   0.000000000000E+00   0.307812500000E+03  -0.130052738034E-10   0.000000000000E+00
  136.   0.390625000000E+03  -0.896819287857E-11   0.000000000000E+00   0.309375000000E+03  -0.687129244022E-11   0.000000000000E+00
  137.   0.389062500000E+03  -0.198540609229E-10   0.000000000000E+00   0.310937500000E+03  -0.152627448394E-10   0.000000000000E+00
  138.   0.387500000000E+03  -0.103339355129E-10   0.000000000000E+00   0.312500000000E+03  -0.825915364853E-11   0.000000000000E+00
  139.   0.385937500000E+03  -0.234301121908E-10   0.000000000000E+00   0.314062500000E+03  -0.188284716978E-10   0.000000000000E+00
  140.   0.384375000000E+03  -0.125353047441E-10   0.000000000000E+00   0.315625000000E+03  -0.104275002557E-10   0.000000000000E+00
  141.   0.382812500000E+03  -0.291104448104E-10   0.000000000000E+00   0.317187500000E+03  -0.243718751573E-10   0.000000000000E+00
  142.   0.381250000000E+03  -0.159707998642E-10   0.000000000000E+00   0.318750000000E+03  -0.137609399014E-10   0.000000000000E+00
  143.   0.379687500000E+03  -0.382688942657E-10   0.000000000000E+00   0.320312500000E+03  -0.332080605238E-10   0.000000000000E+00
  144.   0.378125000000E+03  -0.215790200293E-10   0.000000000000E+00   0.321875000000E+03  -0.191558577171E-10   0.000000000000E+00
  145.   0.376562500000E+03  -0.542497964295E-10   0.000000000000E+00   0.323437500000E+03  -0.485256081704E-10   0.000000000000E+00
  146.   0.375000000000E+03  -0.317936403131E-10   0.000000000000E+00   0.325000000000E+03  -0.289283750743E-10   0.000000000000E+00
  147.   0.373437500000E+03  -0.856854876125E-10   0.000000000000E+00   0.326562500000E+03  -0.785741724684E-10   0.000000000000E+00
  148.   0.371875000000E+03  -0.530160558520E-10   0.000000000000E+00   0.328125000000E+03  -0.492089163898E-10   0.000000000000E+00
  149.   0.370312500000E+03  -0.148593937935E-09   0.000000000000E+00   0.329687500000E+03  -0.138864973950E-09   0.000000000000E+00
  150.   0.368750000000E+03  -0.957926482650E-10   0.000000000000E+00   0.331250000000E+03  -0.902503720661E-10   0.000000000000E+00
  151.   0.367187500000E+03  -0.266321974179E-09   0.000000000000E+00   0.332812500000E+03  -0.252447672105E-09   0.000000000000E+00
  152.   0.365625000000E+03  -0.172057815508E-09   0.000000000000E+00   0.334375000000E+03  -0.164085259213E-09   0.000000000000E+00
  153.   0.364062500000E+03  -0.434524473807E-09   0.000000000000E+00   0.335937500000E+03  -0.416510612850E-09   0.000000000000E+00
  154.   0.362500000000E+03  -0.270569783276E-09   0.000000000000E+00   0.337500000000E+03  -0.260572971322E-09   0.000000000000E+00
  155.   0.360937500000E+03  -0.615623472016E-09   0.000000000000E+00   0.339062500000E+03  -0.596089058162E-09   0.000000000000E+00
  156.   0.359375000000E+03  -0.339847675286E-09   0.000000000000E+00   0.340625000000E+03  -0.330860207812E-09   0.000000000000E+00
  157.   0.357812500000E+03  -0.581593302517E-09   0.000000000000E+00   0.342187500000E+03  -0.567893630935E-09   0.000000000000E+00
  158.   0.356250000000E+03  -0.331672462702E-09   0.000000000000E+00   0.343750000000E+03  -0.324646002622E-09   0.000000000000E+00
  159.   0.354687500000E+03  -0.220661957062E-09   0.000000000000E+00   0.345312500000E+03  -0.218827385861E-09   0.000000000000E+00
  160.   0.353125000000E+03   0.378659482890E-09   0.000000000000E+00   0.346875000000E+03   0.372985517662E-09   0.000000000000E+00
  161.   0.351562500000E+03   0.129283076461E-08   0.000000000000E+00   0.348437500000E+03   0.129216046172E-08   0.000000000000E+00
  162.   0.350000000000E+03   0.692043492575E-08   0.000000000000E+00   0.350000000000E+03   0.692043496056E-08   0.000000000000E+00
  163.   0.348437500000E+03   0.129216038529E-08   0.000000000000E+00   0.351562500000E+03   0.129283083858E-08   0.000000000000E+00
  164.   0.346875000000E+03   0.372985482810E-09   0.000000000000E+00   0.353125000000E+03   0.378659525023E-09   0.000000000000E+00
  165.   0.345312500000E+03  -0.218827459342E-09   0.000000000000E+00   0.354687500000E+03  -0.220661885296E-09   0.000000000000E+00
  166.   0.343750000000E+03  -0.324646033880E-09   0.000000000000E+00   0.356250000000E+03  -0.331672424051E-09   0.000000000000E+00
  167.   0.342187500000E+03  -0.567893696321E-09   0.000000000000E+00   0.357812500000E+03  -0.581593222840E-09   0.000000000000E+00
  168.   0.340625000000E+03  -0.330860248774E-09   0.000000000000E+00   0.359375000000E+03  -0.339847645449E-09   0.000000000000E+00
  169.   0.339062500000E+03  -0.596089124113E-09   0.000000000000E+00   0.360937500000E+03  -0.615623399809E-09   0.000000000000E+00
  170.   0.337500000000E+03  -0.260573001879E-09   0.000000000000E+00   0.362500000000E+03  -0.270569750071E-09   0.000000000000E+00
  171.   0.335937500000E+03  -0.416510675235E-09   0.000000000000E+00   0.364062500000E+03  -0.434524404971E-09   0.000000000000E+00
  172.   0.334375000000E+03  -0.164085290635E-09   0.000000000000E+00   0.365625000000E+03  -0.172057781194E-09   0.000000000000E+00
  173.   0.332812500000E+03  -0.252447736818E-09   0.000000000000E+00   0.367187500000E+03  -0.266321910240E-09   0.000000000000E+00
  174.   0.331250000000E+03  -0.902503996704E-10   0.000000000000E+00   0.368750000000E+03  -0.957926103624E-10   0.000000000000E+00
  175.   0.329687500000E+03  -0.138865040069E-09   0.000000000000E+00   0.370312500000E+03  -0.148593872974E-09   0.000000000000E+00
  176.   0.328125000000E+03  -0.492089526806E-10   0.000000000000E+00   0.371875000000E+03  -0.530160316046E-10   0.000000000000E+00
  177.   0.326562500000E+03  -0.785742445822E-10   0.000000000000E+00   0.373437500000E+03  -0.856854304964E-10   0.000000000000E+00
  178.   0.325000000000E+03  -0.289284128895E-10   0.000000000000E+00   0.375000000000E+03  -0.317936102751E-10   0.000000000000E+00
  179.   0.323437500000E+03  -0.485256824580E-10   0.000000000000E+00   0.376562500000E+03  -0.542497412931E-10   0.000000000000E+00
  180.   0.321875000000E+03  -0.191559014256E-10   0.000000000000E+00   0.378125000000E+03  -0.215789891849E-10   0.000000000000E+00
  181.   0.320312500000E+03  -0.332081397596E-10   0.000000000000E+00   0.379687500000E+03  -0.382688370690E-10   0.000000000000E+00
  182.   0.318750000000E+03  -0.137609906867E-10   0.000000000000E+00   0.381250000000E+03  -0.159707754995E-10   0.000000000000E+00
  183.   0.317187500000E+03  -0.243719588695E-10   0.000000000000E+00   0.382812500000E+03  -0.291103859938E-10   0.000000000000E+00
  184.   0.315625000000E+03  -0.104275376977E-10   0.000000000000E+00   0.384375000000E+03  -0.125352826100E-10   0.000000000000E+00
  185.   0.314062500000E+03  -0.188285533202E-10   0.000000000000E+00   0.385937500000E+03  -0.234300558027E-10   0.000000000000E+00
  186.   0.312500000000E+03  -0.825919671224E-11   0.000000000000E+00   0.387500000000E+03  -0.103339103839E-10   0.000000000000E+00
  187.   0.310937500000E+03  -0.152628242627E-10   0.000000000000E+00   0.389062500000E+03  -0.198540080461E-10   0.000000000000E+00
  188.   0.309375000000E+03  -0.687132448191E-11   0.000000000000E+00   0.390625000000E+03  -0.896816737241E-11   0.000000000000E+00
  189.   0.307812500000E+03  -0.130053481606E-10   0.000000000000E+00   0.392187500000E+03  -0.176853951732E-10   0.000000000000E+00
  190.   0.306250000000E+03  -0.600285874171E-11   0.000000000000E+00   0.393750000000E+03  -0.816511426801E-11   0.000000000000E+00
  191.   0.304687500000E+03  -0.115962743012E-10   0.000000000000E+00   0.395312500000E+03  -0.164397771168E-10   0.000000000000E+00
  192.   0.303125000000E+03  -0.546326183779E-11   0.000000000000E+00   0.396875000000E+03  -0.772224889129E-11   0.000000000000E+00
  193.   0.301562500000E+03  -0.107117625900E-10   0.000000000000E+00   0.398437500000E+03  -0.157707480349E-10   0.000000000000E+00
  194.   0.300000000000E+03  -0.512042920988E-11   0.000000000000E+00   0.400000000000E+03  -0.749697168064E-11   0.000000000000E+00
  195.   0.298437500000E+03  -0.101382013294E-10   0.000000000000E+00   0.401562500000E+03  -0.154467024779E-10   0.000000000000E+00
  196.   0.296875000000E+03  -0.489211456459E-11   0.000000000000E+00   0.403125000000E+03  -0.739945579626E-11   0.000000000000E+00
  197.   0.295312500000E+03  -0.974576852111E-11   0.000000000000E+00   0.404687500000E+03  -0.153253798713E-10   0.000000000000E+00
  198.   0.293750000000E+03  -0.473025992389E-11   0.000000000000E+00   0.406250000000E+03  -0.737670146942E-11   0.000000000000E+00
  199.   0.292187500000E+03  -0.945921274374E-11   0.000000000000E+00   0.407812500000E+03  -0.153235613352E-10   0.000000000000E+00
  200.   0.290625000000E+03  -0.460756671906E-11   0.000000000000E+00   0.409375000000E+03  -0.739835732902E-11   0.000000000000E+00
  201.   0.289062500000E+03  -0.923548368532E-11   0.000000000000E+00   0.410937500000E+03  -0.153932625607E-10   0.000000000000E+00
  202.   0.287500000000E+03  -0.450834227652E-11   0.000000000000E+00   0.412500000000E+03  -0.744686097459E-11   0.000000000000E+00
  203.   0.285937500000E+03  -0.904960498050E-11   0.000000000000E+00   0.414062500000E+03  -0.155064449869E-10   0.000000000000E+00
  204.   0.284375000000E+03  -0.442337703161E-11   0.000000000000E+00   0.415625000000E+03  -0.751183531621E-11   0.000000000000E+00
  205.   0.282812500000E+03  -0.888679541367E-11   0.000000000000E+00   0.417187500000E+03  -0.156463839080E-10   0.000000000000E+00
  206.   0.281250000000E+03  -0.434716297280E-11   0.000000000000E+00   0.418750000000E+03  -0.758698650263E-11   0.000000000000E+00
  207.   0.279687500000E+03  -0.873817895301E-11   0.000000000000E+00   0.420312500000E+03  -0.158029268741E-10   0.000000000000E+00
  208.   0.278125000000E+03  -0.427635368884E-11   0.000000000000E+00   0.421875000000E+03  -0.766850593809E-11   0.000000000000E+00
  209.   0.276562500000E+03  -0.859841100549E-11   0.000000000000E+00   0.423437500000E+03  -0.159699079297E-10   0.000000000000E+00
  210.   0.275000000000E+03  -0.420895707765E-11   0.000000000000E+00   0.425000000000E+03  -0.775400744859E-11   0.000000000000E+00
  211.   0.273437500000E+03  -0.846428850384E-11   0.000000000000E+00   0.426562500000E+03  -0.161435970633E-10   0.000000000000E+00
  212.   0.271875000000E+03  -0.414377027668E-11   0.000000000000E+00   0.428125000000E+03  -0.784214709693E-11   0.000000000000E+00
  213.   0.270312500000E+03  -0.833389105624E-11   0.000000000000E+00   0.429687500000E+03  -0.163217488621E-10   0.000000000000E+00
  214.   0.268750000000E+03  -0.408007271939E-11   0.000000000000E+00   0.431250000000E+03  -0.793207496739E-11   0.000000000000E+00
  215.   0.267187500000E+03  -0.820607593657E-11   0.000000000000E+00   0.432812500000E+03  -0.165029999599E-10   0.000000000000E+00
  216.   0.265625000000E+03  -0.401744342418E-11   0.000000000000E+00   0.434375000000E+03  -0.802326807678E-11   0.000000000000E+00
  217.   0.264062500000E+03  -0.808016369204E-11   0.000000000000E+00   0.435937500000E+03  -0.166865547224E-10   0.000000000000E+00
  218.   0.262500000000E+03  -0.395562968201E-11   0.000000000000E+00   0.437500000000E+03  -0.811543843436E-11   0.000000000000E+00
  219.   0.260937500000E+03  -0.795574640631E-11   0.000000000000E+00   0.439062500000E+03  -0.168719305161E-10   0.000000000000E+00
  220.   0.259375000000E+03  -0.389448641557E-11   0.000000000000E+00   0.440625000000E+03  -0.820840872133E-11   0.000000000000E+00
  221.   0.257812500000E+03  -0.783257456631E-11   0.000000000000E+00   0.442187500000E+03  -0.170588077381E-10   0.000000000000E+00
  222.   0.256250000000E+03  -0.383389745430E-11   0.000000000000E+00   0.443750000000E+03  -0.830203136396E-11   0.000000000000E+00
  223.   0.254687500000E+03  -0.771049097433E-11   0.000000000000E+00   0.445312500000E+03  -0.172470109477E-10   0.000000000000E+00
  224.   0.253125000000E+03  -0.377382030573E-11   0.000000000000E+00   0.446875000000E+03  -0.839626147701E-11   0.000000000000E+00
  225.   0.251562500000E+03  -0.758940346922E-11   0.000000000000E+00   0.448437500000E+03  -0.174364328416E-10   0.000000000000E+00
  226.   0.250000000000E+03  -0.371420666759E-11   0.000000000000E+00   0.450000000000E+03  -0.849105737208E-11   0.000000000000E+00
  227.   0.248437500000E+03  -0.746924558245E-11   0.000000000000E+00   0.451562500000E+03  -0.176269992304E-10   0.000000000000E+00
  228.   0.246875000000E+03  -0.365503565574E-11   0.000000000000E+00   0.453125000000E+03  -0.858638661113E-11   0.000000000000E+00
  229.   0.245312500000E+03  -0.734996940293E-11   0.000000000000E+00   0.454687500000E+03  -0.178186489174E-10   0.000000000000E+00
  230.   0.243750000000E+03  -0.359629759882E-11   0.000000000000E+00   0.456250000000E+03  -0.868223180626E-11   0.000000000000E+00
  231.   0.242187500000E+03  -0.723155130915E-11   0.000000000000E+00   0.457812500000E+03  -0.180113492712E-10   0.000000000000E+00
  232.   0.240625000000E+03  -0.353797669236E-11   0.000000000000E+00   0.459375000000E+03  -0.877856791647E-11   0.000000000000E+00
  233.   0.239062500000E+03  -0.711397131803E-11   0.000000000000E+00   0.460937500000E+03  -0.182050845650E-10   0.000000000000E+00
  234.   0.237500000000E+03  -0.348005498511E-11   0.000000000000E+00   0.462500000000E+03  -0.887538714817E-11   0.000000000000E+00
  235.   0.235937500000E+03  -0.699720955214E-11   0.000000000000E+00   0.464062500000E+03  -0.183998371445E-10   0.000000000000E+00
  236.   0.234375000000E+03  -0.342252860635E-11   0.000000000000E+00   0.465625000000E+03  -0.897270315821E-11   0.000000000000E+00
  237.   0.232812500000E+03  -0.688125276191E-11   0.000000000000E+00   0.467187500000E+03  -0.185955966576E-10   0.000000000000E+00
  238.   0.231250000000E+03  -0.336539208695E-11   0.000000000000E+00   0.468750000000E+03  -0.907048836303E-11   0.000000000000E+00
  239.   0.229687500000E+03  -0.676608654806E-11   0.000000000000E+00   0.470312500000E+03  -0.187923405899E-10   0.000000000000E+00
  240.   0.228125000000E+03  -0.330864663959E-11   0.000000000000E+00   0.471875000000E+03  -0.916874933889E-11   0.000000000000E+00
  241.   0.226562500000E+03  -0.665170057360E-11   0.000000000000E+00   0.473437500000E+03  -0.189900660147E-10   0.000000000000E+00
  242.   0.225000000000E+03  -0.325227992146E-11   0.000000000000E+00   0.475000000000E+03  -0.926747760190E-11   0.000000000000E+00
  243.   0.223437500000E+03  -0.653808367243E-11   0.000000000000E+00   0.476562500000E+03  -0.191887530178E-10   0.000000000000E+00
  244.   0.221875000000E+03  -0.319627600734E-11   0.000000000000E+00   0.478125000000E+03  -0.936665811353E-11   0.000000000000E+00
  245.   0.220312500000E+03  -0.642521990173E-11   0.000000000000E+00   0.479687500000E+03  -0.193883971038E-10   0.000000000000E+00
  246.   0.218750000000E+03  -0.314064978265E-11   0.000000000000E+00   0.481250000000E+03  -0.946631016438E-11   0.000000000000E+00
  247.   0.217187500000E+03  -0.631309992678E-11   0.000000000000E+00   0.482812500000E+03  -0.195889845237E-10   0.000000000000E+00
  248.   0.215625000000E+03  -0.308537697647E-11   0.000000000000E+00   0.484375000000E+03  -0.956639961069E-11   0.000000000000E+00
  249.   0.214062500000E+03  -0.620171641339E-11   0.000000000000E+00   0.485937500000E+03  -0.197904993047E-10   0.000000000000E+00
  250.   0.212500000000E+03  -0.303046305495E-11   0.000000000000E+00   0.487500000000E+03  -0.966692482854E-11   0.000000000000E+00
  251.   0.210937500000E+03  -0.609105240341E-11   0.000000000000E+00   0.489062500000E+03  -0.199929496484E-10   0.000000000000E+00
  252.   0.209375000000E+03  -0.297589811795E-11   0.000000000000E+00   0.490625000000E+03  -0.976789981711E-11   0.000000000000E+00
  253.   0.207812500000E+03  -0.598110339789E-11   0.000000000000E+00   0.492187500000E+03  -0.201963104445E-10   0.000000000000E+00
  254.   0.206250000000E+03  -0.292167964510E-11   0.000000000000E+00   0.493750000000E+03  -0.986932515786E-11   0.000000000000E+00
  255.   0.204687500000E+03  -0.587186143374E-11   0.000000000000E+00   0.495312500000E+03  -0.204005757372E-10   0.000000000000E+00
  256.   0.203125000000E+03  -0.286780848382E-11   0.000000000000E+00   0.496875000000E+03  -0.997116600058E-11   0.000000000000E+00
  257.   0.201562500000E+03  -0.576331329973E-11   0.000000000000E+00   0.498437500000E+03  -0.206057443052E-10   0.000000000000E+00
  258.   0.200000000000E+03  -0.281426474159E-11   0.000000000000E+00   0.500000000000E+03  -0.100734578523E-10   0.000000000000E+00
  259.   0.198437500000E+03  -0.565545131276E-11   0.000000000000E+00   0.501562500000E+03  -0.208118114701E-10   0.000000000000E+00
  260.   0.196875000000E+03  -0.276106071764E-11   0.000000000000E+00   0.503125000000E+03  -0.101761551837E-10   0.000000000000E+00
  261.   0.195312500000E+03  -0.554826604432E-11   0.000000000000E+00   0.504687500000E+03  -0.210187646300E-10   0.000000000000E+00
  262.   0.193750000000E+03  -0.270818173121E-11   0.000000000000E+00   0.506250000000E+03  -0.102792939245E-10   0.000000000000E+00
  263.   0.192187500000E+03  -0.544174913556E-11   0.000000000000E+00   0.507812500000E+03  -0.212265993049E-10   0.000000000000E+00
  264.   0.190625000000E+03  -0.265562220965E-11   0.000000000000E+00   0.509375000000E+03  -0.103828427052E-10   0.000000000000E+00
  265.   0.189062500000E+03  -0.533589096033E-11   0.000000000000E+00   0.510937500000E+03  -0.214352953310E-10   0.000000000000E+00
  266.   0.187500000000E+03  -0.260338709813E-11   0.000000000000E+00   0.512500000000E+03  -0.104868141816E-10   0.000000000000E+00
  267.   0.185937500000E+03  -0.523068323303E-11   0.000000000000E+00   0.514062500000E+03  -0.216448184643E-10   0.000000000000E+00
  268.   0.184375000000E+03  -0.255146325682E-11   0.000000000000E+00   0.515625000000E+03  -0.105911846007E-10   0.000000000000E+00
  269.   0.182812500000E+03  -0.512611699034E-11   0.000000000000E+00   0.517187500000E+03  -0.218552007981E-10   0.000000000000E+00
  270.   0.181250000000E+03  -0.249984917727E-11   0.000000000000E+00   0.518750000000E+03  -0.106959603680E-10   0.000000000000E+00
  271.   0.179687500000E+03  -0.502218653634E-11   0.000000000000E+00   0.520312500000E+03  -0.220664404503E-10   0.000000000000E+00
  272.   0.178125000000E+03  -0.244854395204E-11   0.000000000000E+00   0.521875000000E+03  -0.108011580986E-10   0.000000000000E+00
  273.   0.176562500000E+03  -0.491888079556E-11   0.000000000000E+00   0.523437500000E+03  -0.222785019223E-10   0.000000000000E+00
  274.   0.175000000000E+03  -0.239753486905E-11   0.000000000000E+00   0.525000000000E+03  -0.109067311532E-10   0.000000000000E+00
  275.   0.173437500000E+03  -0.481619473028E-11   0.000000000000E+00   0.526562500000E+03  -0.224913919830E-10   0.000000000000E+00
  276.   0.171875000000E+03  -0.234682874844E-11   0.000000000000E+00   0.528125000000E+03  -0.110127281364E-10   0.000000000000E+00
  277.   0.170312500000E+03  -0.471411847496E-11   0.000000000000E+00   0.529687500000E+03  -0.227051040137E-10   0.000000000000E+00
  278.   0.168750000000E+03  -0.229641607131E-11   0.000000000000E+00   0.531250000000E+03  -0.111190887239E-10   0.000000000000E+00
  279.   0.167187500000E+03  -0.461264868477E-11   0.000000000000E+00   0.532812500000E+03  -0.229196315819E-10   0.000000000000E+00
  280.   0.165625000000E+03  -0.224629565503E-11   0.000000000000E+00   0.534375000000E+03  -0.112258609965E-10   0.000000000000E+00
  281.   0.164062500000E+03  -0.451177888942E-11   0.000000000000E+00   0.535937500000E+03  -0.231349507700E-10   0.000000000000E+00
  282.   0.162500000000E+03  -0.219645880430E-11   0.000000000000E+00   0.537500000000E+03  -0.113329687742E-10   0.000000000000E+00
  283.   0.160937500000E+03  -0.441150050105E-11   0.000000000000E+00   0.539062500000E+03  -0.233510826305E-10   0.000000000000E+00
  284.   0.159375000000E+03  -0.214691097020E-11   0.000000000000E+00   0.540625000000E+03  -0.114405272788E-10   0.000000000000E+00
  285.   0.157812500000E+03  -0.431181216613E-11   0.000000000000E+00   0.542187500000E+03  -0.235680331271E-10   0.000000000000E+00
  286.   0.156250000000E+03  -0.209764836189E-11   0.000000000000E+00   0.543750000000E+03  -0.115484679004E-10   0.000000000000E+00
  287.   0.154687500000E+03  -0.421271568572E-11   0.000000000000E+00   0.545312500000E+03  -0.237857928832E-10   0.000000000000E+00
  288.   0.153125000000E+03  -0.204867139598E-11   0.000000000000E+00   0.546875000000E+03  -0.116568035242E-10   0.000000000000E+00
  289.   0.151562500000E+03  -0.411421258128E-11   0.000000000000E+00   0.548437500000E+03  -0.240043711699E-10   0.000000000000E+00
  290.   0.150000000000E+03  -0.199997350727E-11   0.000000000000E+00   0.550000000000E+03  -0.117655231241E-10   0.000000000000E+00
  291.   0.148437500000E+03  -0.401631194301E-11   0.000000000000E+00   0.551562500000E+03  -0.242237974995E-10   0.000000000000E+00
  292.   0.146875000000E+03  -0.195157191802E-11   0.000000000000E+00   0.553125000000E+03  -0.118746501186E-10   0.000000000000E+00
  293.   0.145312500000E+03  -0.391902897013E-11   0.000000000000E+00   0.554687500000E+03  -0.244440760093E-10   0.000000000000E+00
  294.   0.143750000000E+03  -0.190347412350E-11   0.000000000000E+00   0.556250000000E+03  -0.119842281664E-10   0.000000000000E+00
  295.   0.142187500000E+03  -0.382238833261E-11   0.000000000000E+00   0.557812500000E+03  -0.246651603279E-10   0.000000000000E+00
  296.   0.140625000000E+03  -0.185568984025E-11   0.000000000000E+00   0.559375000000E+03  -0.120941270183E-10   0.000000000000E+00
  297.   0.139062500000E+03  -0.372642106804E-11   0.000000000000E+00   0.560937500000E+03  -0.248868370003E-10   0.000000000000E+00
  298.   0.137500000000E+03  -0.180823427936E-11   0.000000000000E+00   0.562500000000E+03  -0.122042228077E-10   0.000000000000E+00
  299.   0.135937500000E+03  -0.363119501047E-11   0.000000000000E+00   0.564062500000E+03  -0.251088834804E-10   0.000000000000E+00
  300.   0.134375000000E+03  -0.176115557940E-11   0.000000000000E+00   0.565625000000E+03  -0.123144305024E-10   0.000000000000E+00
  301.   0.132812500000E+03  -0.353694372330E-11   0.000000000000E+00   0.567187500000E+03  -0.253320494813E-10   0.000000000000E+00
  302.   0.131250000000E+03  -0.171464596534E-11   0.000000000000E+00   0.568750000000E+03  -0.124255826085E-10   0.000000000000E+00
  303.   0.129687500000E+03  -0.344434113061E-11   0.000000000000E+00   0.570312500000E+03  -0.255602797076E-10   0.000000000000E+00
  304.   0.128125000000E+03  -0.166920818150E-11   0.000000000000E+00   0.571875000000E+03  -0.125410068413E-10   0.000000000000E+00
  305.   0.126562500000E+03  -0.335477105290E-11   0.000000000000E+00   0.573437500000E+03  -0.258030449191E-10   0.000000000000E+00
  306.   0.125000000000E+03  -0.162578403413E-11   0.000000000000E+00   0.575000000000E+03  -0.126675327457E-10   0.000000000000E+00
  307.   0.123437500000E+03  -0.326991095578E-11   0.000000000000E+00   0.576562500000E+03  -0.260708109297E-10   0.000000000000E+00
  308.   0.121875000000E+03  -0.158520620641E-11   0.000000000000E+00   0.578125000000E+03  -0.128098154848E-10   0.000000000000E+00
  309.   0.120312500000E+03  -0.318906017502E-11   0.000000000000E+00   0.579687500000E+03  -0.263470183110E-10   0.000000000000E+00
  310.   0.118750000000E+03  -0.154582324257E-11   0.000000000000E+00   0.581250000000E+03  -0.129455303807E-10   0.000000000000E+00
  311.   0.117187500000E+03  -0.310324241397E-11   0.000000000000E+00   0.582812500000E+03  -0.265232687265E-10   0.000000000000E+00
  312.   0.115625000000E+03  -0.149973651134E-11   0.000000000000E+00   0.584375000000E+03  -0.129828449957E-10   0.000000000000E+00
  313.   0.114062500000E+03  -0.299018026940E-11   0.000000000000E+00   0.585937500000E+03  -0.263328179600E-10   0.000000000000E+00
  314.   0.112500000000E+03  -0.143076871048E-11   0.000000000000E+00   0.587500000000E+03  -0.127280516689E-10   0.000000000000E+00
  315.   0.110937500000E+03  -0.282925826095E-11   0.000000000000E+00   0.589062500000E+03  -0.254789268478E-10   0.000000000000E+00
  316.   0.109375000000E+03  -0.133438394103E-11   0.000000000000E+00   0.590625000000E+03  -0.120761328601E-10   0.000000000000E+00
  317.   0.107812500000E+03  -0.265603879556E-11   0.000000000000E+00   0.592187500000E+03  -0.241820633596E-10   0.000000000000E+00
  318.   0.106250000000E+03  -0.124781082047E-11   0.000000000000E+00   0.593750000000E+03  -0.113240322109E-10   0.000000000000E+00
  319.   0.104687500000E+03  -0.268279672134E-11   0.000000000000E+00   0.595312500000E+03  -0.244826091494E-10   0.000000000000E+00
  320.   0.103125000000E+03  -0.137476996127E-11   0.000000000000E+00   0.596875000000E+03  -0.125307232075E-10   0.000000000000E+00
  321.   0.101562500000E+03  -0.326659453600E-11   0.000000000000E+00   0.598437500000E+03  -0.299355470436E-10   0.000000000000E+00
