i  r_top  QtopRe  QtopIm  r_bot  QbotRe  QbotIm   [mm, mC]
    1.   0.600000000000E+03  -0.205246136266E-09   0.000000000000E+00   0.100000000000E+03  -0.320144496369E-10   0.000000000000E+00
    2.   0.100000000000E+03  -0.320144648392E-10   0.000000000000E+00   0.600000000000E+03  -0.205246210707E-09   0.000000000000E+00
    3.   0.598437500000E+03  -0.814778782117E-09   0.000000000000E+00   0.101562500000E+03  -0.129443908936E-09   0.000000000000E+00
    4.   0.596875000000E+03  -0.407146435850E-09   0.000000000000E+00   0.103125000000E+03  -0.658294434104E-10   0.000000000000E+00
    5.   0.595312500000E+03  -0.813512054443E-09   0.000000000000E+00   0.104687500000E+03  -0.133909540100E-09   0.000000000000E+00
    6.   0.593750000000E+03  -0.403827420738E-09   0.000000000000E+00   0.106250000000E+03  -0.676607982680E-10   0.000000000000E+00
    7.   0.592187500000E+03  -0.808270590474E-09   0.000000000000E+00   0.107812500000E+03  -0.137784788192E-09   0.000000000000E+00
    8.   0.590625000000E+03  -0.402462108220E-09   0.000000000000E+00   0.109375000000E+03  -0.698093976252E-10   0.000000000000E+00
    9.   0.589062500000E+03  -0.803526706038E-09   0.000000000000E+00   0.110937500000E+03  -0.141766365060E-09   0.000000000000E+00
   10.   0.587500000000E+03  -0.400164227415E-09   0.000000000000E+00   0.112500000000E+03  -0.718161113935E-10   0.000000000000E+00
   11.   0.585937500000E+03  -0.798817804852E-09   0.000000000000E+00   0.114062500000E+03  -0.145768329458E-09   0.000000000000E+00
   12.   0.584375000000E+03  -0.397916831788E-09   0.000000000000E+00   0.115625000000E+03  -0.738371919840E-10   0.000000000000E+00
   13.   0.582812500000E+03  -0.794186038593E-09   0.000000000000E+00   0.117187500000E+03  -0.149793164996E-09   0.000000000000E+00
   14.   0.581250000000E+03  -0.395604192971E-09   0.000000000000E+00   0.118750000000E+03  -0.758517198331E-10   0.000000000000E+00
   15.   0.579687500000E+03  -0.789558293976E-09   0.000000000000E+00   0.120312500000E+03  -0.153825640255E-09   0.000000000000E+00
   16.   0.578125000000E+03  -0.393292517366E-09   0.000000000000E+00   0.121875000000E+03  -0.778693941714E-10   0.000000000000E+00
   17.   0.576562500000E+03  -0.784931312339E-09   0.000000000000E+00   0.123437500000E+03  -0.157863337120E-09   0.000000000000E+00
   18.   0.575000000000E+03  -0.390976408466E-09   0.000000000000E+00   0.125000000000E+03  -0.798885390444E-10   0.000000000000E+00
   19.   0.573437500000E+03  -0.780300391126E-09   0.000000000000E+00   0.126562500000E+03  -0.161904185256E-09   0.000000000000E+00
   20.   0.571875000000E+03  -0.388659653008E-09   0.000000000000E+00   0.128125000000E+03  -0.819092004460E-10   0.000000000000E+00
   21.   0.570312500000E+03  -0.775667259119E-09   0.000000000000E+00   0.129687500000E+03  -0.165947633527E-09   0.000000000000E+00
   22.   0.568750000000E+03  -0.386342472342E-09   0.000000000000E+00   0.131250000000E+03  -0.839311174463E-10   0.000000000000E+00
   23.   0.567187500000E+03  -0.771033298968E-09   0.000000000000E+00   0.132812500000E+03  -0.169993385882E-09   0.000000000000E+00
   24.   0.565625000000E+03  -0.384025357155E-09   0.000000000000E+00   0.134375000000E+03  -0.859541217096E-10   0.000000000000E+00
   25.   0.564062500000E+03  -0.766399871408E-09   0.000000000000E+00   0.135937500000E+03  -0.174041368270E-09   0.000000000000E+00
   26.   0.562500000000E+03  -0.381708929552E-09   0.000000000000E+00   0.137500000000E+03  -0.879782841462E-10   0.000000000000E+00
   27.   0.560937500000E+03  -0.761768029520E-09   0.000000000000E+00   0.139062500000E+03  -0.178091523440E-09   0.000000000000E+00
   28.   0.559375000000E+03  -0.379393766433E-09   0.000000000000E+00   0.140625000000E+03  -0.900034653296E-10   0.000000000000E+00
   29.   0.557812500000E+03  -0.757138563670E-09   0.000000000000E+00   0.142187500000E+03  -0.182143903831E-09   0.000000000000E+00
   30.   0.556250000000E+03  -0.377079421819E-09   0.000000000000E+00   0.143750000000E+03  -0.920297353992E-10   0.000000000000E+00
   31.   0.554687500000E+03  -0.752511740972E-09   0.000000000000E+00   0.145312500000E+03  -0.186198492748E-09   0.000000000000E+00
   32.   0.553125000000E+03  -0.374766861123E-09   0.000000000000E+00   0.146875000000E+03  -0.940571316024E-10   0.000000000000E+00
   33.   0.551562500000E+03  -0.747887892439E-09   0.000000000000E+00   0.148437500000E+03  -0.190255252259E-09   0.000000000000E+00
   34.   0.550000000000E+03  -0.372455525316E-09   0.000000000000E+00   0.150000000000E+03  -0.960855999655E-10   0.000000000000E+00
   35.   0.548437500000E+03  -0.743267277149E-09   0.000000000000E+00   0.151562500000E+03  -0.194314246546E-09   0.000000000000E+00
   36.   0.546875000000E+03  -0.370146189501E-09   0.000000000000E+00   0.153125000000E+03  -0.981151569397E-10   0.000000000000E+00
   37.   0.545312500000E+03  -0.738650076824E-09   0.000000000000E+00   0.154687500000E+03  -0.198375453106E-09   0.000000000000E+00
   38.   0.543750000000E+03  -0.367838497710E-09   0.000000000000E+00   0.156250000000E+03  -0.100145816075E-09   0.000000000000E+00
   39.   0.542187500000E+03  -0.734036315191E-09   0.000000000000E+00   0.157812500000E+03  -0.202438923470E-09   0.000000000000E+00
   40.   0.540625000000E+03  -0.365532328911E-09   0.000000000000E+00   0.159375000000E+03  -0.102177632012E-09   0.000000000000E+00
   41.   0.539062500000E+03  -0.729426005642E-09   0.000000000000E+00   0.160937500000E+03  -0.206504714385E-09   0.000000000000E+00
   42.   0.537500000000E+03  -0.363228005437E-09   0.000000000000E+00   0.162500000000E+03  -0.104210586141E-09   0.000000000000E+00
   43.   0.535937500000E+03  -0.724819159599E-09   0.000000000000E+00   0.164062500000E+03  -0.210572777334E-09   0.000000000000E+00
   44.   0.534375000000E+03  -0.360925257986E-09   0.000000000000E+00   0.165625000000E+03  -0.106244625699E-09   0.000000000000E+00
   45.   0.532812500000E+03  -0.720215906020E-09   0.000000000000E+00   0.167187500000E+03  -0.214643162806E-09   0.000000000000E+00
   46.   0.531250000000E+03  -0.358624506832E-09   0.000000000000E+00   0.168750000000E+03  -0.108279824275E-09   0.000000000000E+00
   47.   0.529687500000E+03  -0.715616315590E-09   0.000000000000E+00   0.170312500000E+03  -0.218715953410E-09   0.000000000000E+00
   48.   0.528125000000E+03  -0.356325546592E-09   0.000000000000E+00   0.171875000000E+03  -0.110316245761E-09   0.000000000000E+00
   49.   0.526562500000E+03  -0.711020347950E-09   0.000000000000E+00   0.173437500000E+03  -0.222791184639E-09   0.000000000000E+00
   50.   0.525000000000E+03  -0.354028533813E-09   0.000000000000E+00   0.175000000000E+03  -0.112353907977E-09   0.000000000000E+00
   51.   0.523437500000E+03  -0.706428114257E-09   0.000000000000E+00   0.176562500000E+03  -0.226868855518E-09   0.000000000000E+00
   52.   0.521875000000E+03  -0.351733040995E-09   0.000000000000E+00   0.178125000000E+03  -0.114392739200E-09   0.000000000000E+00
   53.   0.520312500000E+03  -0.701839682673E-09   0.000000000000E+00   0.179687500000E+03  -0.230949016173E-09   0.000000000000E+00
   54.   0.518750000000E+03  -0.349439699185E-09   0.000000000000E+00   0.181250000000E+03  -0.116432914572E-09   0.000000000000E+00
   55.   0.517187500000E+03  -0.697255076726E-09   0.000000000000E+00   0.182812500000E+03  -0.235031680775E-09   0.000000000000E+00
   56.   0.515625000000E+03  -0.347148330016E-09   0.000000000000E+00   0.184375000000E+03  -0.118474225102E-09   0.000000000000E+00
   57.   0.514062500000E+03  -0.692674234417E-09   0.000000000000E+00   0.185937500000E+03  -0.239116900927E-09   0.000000000000E+00
   58.   0.512500000000E+03  -0.344858642998E-09   0.000000000000E+00   0.187500000000E+03  -0.120516872621E-09   0.000000000000E+00
   59.   0.510937500000E+03  -0.688097276547E-09   0.000000000000E+00   0.189062500000E+03  -0.243204751072E-09   0.000000000000E+00
   60.   0.509375000000E+03  -0.342571028531E-09   0.000000000000E+00   0.190625000000E+03  -0.122560844862E-09   0.000000000000E+00
   61.   0.507812500000E+03  -0.683524258336E-09   0.000000000000E+00   0.192187500000E+03  -0.247295238516E-09   0.000000000000E+00
   62.   0.506250000000E+03  -0.340285190216E-09   0.000000000000E+00   0.193750000000E+03  -0.124606120509E-09   0.000000000000E+00
   63.   0.504687500000E+03  -0.678955167777E-09   0.000000000000E+00   0.195312500000E+03  -0.251388385407E-09   0.000000000000E+00
   64.   0.503125000000E+03  -0.338001495864E-09   0.000000000000E+00   0.196875000000E+03  -0.126652758500E-09   0.000000000000E+00
   65.   0.501562500000E+03  -0.674390088714E-09   0.000000000000E+00   0.198437500000E+03  -0.255484265874E-09   0.000000000000E+00
   66.   0.500000000000E+03  -0.335719700491E-09   0.000000000000E+00   0.200000000000E+03  -0.128700764367E-09   0.000000000000E+00
   67.   0.498437500000E+03  -0.669828941853E-09   0.000000000000E+00   0.201562500000E+03  -0.259582864925E-09   0.000000000000E+00
   68.   0.496875000000E+03  -0.333439829668E-09   0.000000000000E+00   0.203125000000E+03  -0.130750083801E-09   0.000000000000E+00
   69.   0.495312500000E+03  -0.665271847622E-09   0.000000000000E+00   0.204687500000E+03  -0.263684323761E-09   0.000000000000E+00
   70.   0.493750000000E+03  -0.331162079148E-09   0.000000000000E+00   0.206250000000E+03  -0.132800891510E-09   0.000000000000E+00
   71.   0.492187500000E+03  -0.660718925369E-09   0.000000000000E+00   0.207812500000E+03  -0.267788671650E-09   0.000000000000E+00
   72.   0.490625000000E+03  -0.328886492827E-09   0.000000000000E+00   0.209375000000E+03  -0.134853088683E-09   0.000000000000E+00
   73.   0.489062500000E+03  -0.656170222040E-09   0.000000000000E+00   0.210937500000E+03  -0.271895892006E-09   0.000000000000E+00
   74.   0.487500000000E+03  -0.326612987679E-09   0.000000000000E+00   0.212500000000E+03  -0.136906765376E-09   0.000000000000E+00
   75.   0.485937500000E+03  -0.651625661717E-09   0.000000000000E+00   0.214062500000E+03  -0.276006027286E-09   0.000000000000E+00
   76.   0.484375000000E+03  -0.324341333501E-09   0.000000000000E+00   0.215625000000E+03  -0.138961999161E-09   0.000000000000E+00
   77.   0.482812500000E+03  -0.647085320647E-09   0.000000000000E+00   0.217187500000E+03  -0.280119165990E-09   0.000000000000E+00
   78.   0.481250000000E+03  -0.322071912886E-09   0.000000000000E+00   0.218750000000E+03  -0.141018568096E-09   0.000000000000E+00
   79.   0.479687500000E+03  -0.642549405809E-09   0.000000000000E+00   0.220312500000E+03  -0.284235371271E-09   0.000000000000E+00
   80.   0.478125000000E+03  -0.319804753376E-09   0.000000000000E+00   0.221875000000E+03  -0.143076749020E-09   0.000000000000E+00
   81.   0.476562500000E+03  -0.638017777779E-09   0.000000000000E+00   0.223437500000E+03  -0.288354674671E-09   0.000000000000E+00
   82.   0.475000000000E+03  -0.317539422321E-09   0.000000000000E+00   0.225000000000E+03  -0.145136490671E-09   0.000000000000E+00
   83.   0.473437500000E+03  -0.633490500526E-09   0.000000000000E+00   0.226562500000E+03  -0.292477089014E-09   0.000000000000E+00
   84.   0.471875000000E+03  -0.315276615812E-09   0.000000000000E+00   0.228125000000E+03  -0.147197747249E-09   0.000000000000E+00
   85.   0.470312500000E+03  -0.628967507086E-09   0.000000000000E+00   0.229687500000E+03  -0.296602686270E-09   0.000000000000E+00
   86.   0.468750000000E+03  -0.313015954034E-09   0.000000000000E+00   0.231250000000E+03  -0.149260681839E-09   0.000000000000E+00
   87.   0.467187500000E+03  -0.624448958655E-09   0.000000000000E+00   0.232812500000E+03  -0.300731487747E-09   0.000000000000E+00
   88.   0.465625000000E+03  -0.310757365956E-09   0.000000000000E+00   0.234375000000E+03  -0.151325227633E-09   0.000000000000E+00
   89.   0.464062500000E+03  -0.619934871714E-09   0.000000000000E+00   0.235937500000E+03  -0.304863527782E-09   0.000000000000E+00
   90.   0.462500000000E+03  -0.308501042318E-09   0.000000000000E+00   0.237500000000E+03  -0.153391352223E-09   0.000000000000E+00
   91.   0.460937500000E+03  -0.615425169318E-09   0.000000000000E+00   0.239062500000E+03  -0.308998797806E-09   0.000000000000E+00
   92.   0.459375000000E+03  -0.306246769012E-09   0.000000000000E+00   0.240625000000E+03  -0.155459039001E-09   0.000000000000E+00
   93.   0.457812500000E+03  -0.610919647238E-09   0.000000000000E+00   0.242187500000E+03  -0.313137266081E-09   0.000000000000E+00
   94.   0.456250000000E+03  -0.303994558646E-09   0.000000000000E+00   0.243750000000E+03  -0.157528337763E-09   0.000000000000E+00
   95.   0.454687500000E+03  -0.606418310329E-09   0.000000000000E+00   0.245312500000E+03  -0.317278814378E-09   0.000000000000E+00
   96.   0.453125000000E+03  -0.301744500310E-09   0.000000000000E+00   0.246875000000E+03  -0.159599184776E-09   0.000000000000E+00
   97.   0.451562500000E+03  -0.601920908281E-09   0.000000000000E+00   0.248437500000E+03  -0.321423265004E-09   0.000000000000E+00
   98.   0.450000000000E+03  -0.299496116622E-09   0.000000000000E+00   0.250000000000E+03  -0.161671307699E-09   0.000000000000E+00
   99.   0.448437500000E+03  -0.597426979135E-09   0.000000000000E+00   0.251562500000E+03  -0.325570274118E-09   0.000000000000E+00
  100.   0.446875000000E+03  -0.297249423034E-09   0.000000000000E+00   0.253125000000E+03  -0.163744727927E-09   0.000000000000E+00
  101.   0.445312500000E+03  -0.592935824697E-09   0.000000000000E+00   0.254687500000E+03  -0.329719308437E-09   0.000000000000E+00
  102.   0.443750000000E+03  -0.295003803422E-09   0.000000000000E+00   0.256250000000E+03  -0.165818923172E-09   0.000000000000E+00
  103.   0.442187500000E+03  -0.588446306405E-09   0.000000000000E+00   0.257812500000E+03  -0.333869588457E-09   0.000000000000E+00
  104.   0.440625000000E+03  -0.292758712890E-09   0.000000000000E+00   0.259375000000E+03  -0.167893449226E-09   0.000000000000E+00
  105.   0.439062500000E+03  -0.583956657112E-09   0.000000000000E+00   0.260937500000E+03  -0.338019543696E-09   0.000000000000E+00
  106.   0.437500000000E+03  -0.290513035842E-09   0.000000000000E+00   0.262500000000E+03  -0.169967427681E-09   0.000000000000E+00
  107.   0.435937500000E+03  -0.579464031488E-09   0.000000000000E+00   0.264062500000E+03  -0.342166921546E-09   0.000000000000E+00
  108.   0.434375000000E+03  -0.288265048283E-09   0.000000000000E+00   0.265625000000E+03  -0.172039282882E-09   0.000000000000E+00
  109.   0.432812500000E+03  -0.574963963246E-09   0.000000000000E+00   0.267187500000E+03  -0.346308183489E-09   0.000000000000E+00
  110.   0.431250000000E+03  -0.286011723654E-09   0.000000000000E+00   0.268750000000E+03  -0.174107061349E-09   0.000000000000E+00
  111.   0.429687500000E+03  -0.570449423440E-09   0.000000000000E+00   0.270312500000E+03  -0.350437424807E-09   0.000000000000E+00
  112.   0.428125000000E+03  -0.283749057386E-09   0.000000000000E+00   0.271875000000E+03  -0.176167093241E-09   0.000000000000E+00
  113.   0.426562500000E+03  -0.565909565660E-09   0.000000000000E+00   0.273437500000E+03  -0.354545465222E-09   0.000000000000E+00
  114.   0.425000000000E+03  -0.281470394066E-09   0.000000000000E+00   0.275000000000E+03  -0.178213709309E-09   0.000000000000E+00
  115.   0.423437500000E+03  -0.561327216969E-09   0.000000000000E+00   0.276562500000E+03  -0.358617794625E-09   0.000000000000E+00
  116.   0.421875000000E+03  -0.279165240155E-09   0.000000000000E+00   0.278125000000E+03  -0.180238008434E-09   0.000000000000E+00
  117.   0.420312500000E+03  -0.556675420636E-09   0.000000000000E+00   0.279687500000E+03  -0.362631494025E-09   0.000000000000E+00
  118.   0.418750000000E+03  -0.276817294981E-09   0.000000000000E+00   0.281250000000E+03  -0.182225973791E-09   0.000000000000E+00
  119.   0.417187500000E+03  -0.551912352300E-09   0.000000000000E+00   0.282812500000E+03  -0.366550298566E-09   0.000000000000E+00
  120.   0.415625000000E+03  -0.274400969356E-09   0.000000000000E+00   0.284375000000E+03  -0.184155617302E-09   0.000000000000E+00
  121.   0.414062500000E+03  -0.546972528379E-09   0.000000000000E+00   0.285937500000E+03  -0.370316986100E-09   0.000000000000E+00
  122.   0.412500000000E+03  -0.271876193987E-09   0.000000000000E+00   0.287500000000E+03  -0.185991652401E-09   0.000000000000E+00
  123.   0.410937500000E+03  -0.541753440237E-09   0.000000000000E+00   0.289062500000E+03  -0.373841483251E-09   0.000000000000E+00
  124.   0.409375000000E+03  -0.269180728694E-09   0.000000000000E+00   0.290625000000E+03  -0.187678998107E-09   0.000000000000E+00
  125.   0.407812500000E+03  -0.536094990261E-09   0.000000000000E+00   0.292187500000E+03  -0.376981517861E-09   0.000000000000E+00
  126.   0.406250000000E+03  -0.266216987096E-09   0.000000000000E+00   0.293750000000E+03  -0.189130824039E-09   0.000000000000E+00
  127.   0.404687500000E+03  -0.529747163477E-09   0.000000000000E+00   0.295312500000E+03  -0.379512873581E-09   0.000000000000E+00
  128.   0.403125000000E+03  -0.262832597655E-09   0.000000000000E+00   0.296875000000E+03  -0.190209996553E-09   0.000000000000E+00
  129.   0.401562500000E+03  -0.522319191139E-09   0.000000000000E+00   0.298437500000E+03  -0.381082134363E-09   0.000000000000E+00
  130.   0.400000000000E+03  -0.258789361313E-09   0.000000000000E+00   0.300000000000E+03  -0.190700552555E-09   0.000000000000E+00
  131.   0.398437500000E+03  -0.513200706100E-09   0.000000000000E+00   0.301562500000E+03  -0.381132054577E-09   0.000000000000E+00
  132.   0.396875000000E+03  -0.253715552573E-09   0.000000000000E+00   0.303125000000E+03  -0.190261517237E-09   0.000000000000E+00
  133.   0.395312500000E+03  -0.501438184464E-09   0.000000000000E+00   0.304687500000E+03  -0.378784330847E-09   0.000000000000E+00
  134.   0.393750000000E+03  -0.247029800199E-09   0.000000000000E+00   0.306250000000E+03  -0.188355829502E-09   0.000000000000E+00
  135.   0.392187500000E+03  -0.485542350496E-09   0.000000000000E+00   0.307812500000E+03  -0.372654688826E-09   0.000000000000E+00
  136.   0.390625000000E+03  -0.237824377924E-09   0.000000000000E+00   0.309375000000E+03  -0.184136724608E-09   0.000000000000E+00
  137.   0.389062500000E+03  -0.463186912458E-09   0.000000000000E+00   0.310937500000E+03  -0.360561515368E-09   0.000000000000E+00
  138.   0.387500000000E+03  -0.224680501088E-09   0.000000000000E+00   0.312500000000E+03  -0.176269139507E-09   0.000000000000E+00
  139.   0.385937500000E+03  -0.430739126541E-09   0.000000000000E+00   0.314062500000E+03  -0.339067312415E-09   0.000000000000E+00
  140.   0.384375000000E+03  -0.205381893901E-09   0.000000000000E+00   0.315625000000E+03  -0.162648840275E-09   0.000000000000E+00
  141.   0.382812500000E+03  -0.382524330446E-09   0.000000000000E+00   0.317187500000E+03  -0.302754214229E-09   0.000000000000E+00
  142.   0.381250000000E+03  -0.176457260279E-09   0.000000000000E+00   0.318750000000E+03  -0.139950585471E-09   0.000000000000E+00
  143.   0.379687500000E+03  -0.309687375933E-09   0.000000000000E+00   0.320312500000E+03  -0.243091390881E-09   0.000000000000E+00
  144.   0.378125000000E+03  -0.132496681637E-09   0.000000000000E+00   0.321875000000E+03  -0.102944883585E-09   0.000000000000E+00
  145.   0.376562500000E+03  -0.198383914263E-09   0.000000000000E+00   0.323437500000E+03  -0.146623009433E-09   0.000000000000E+00
  146.   0.375000000000E+03  -0.649280847517E-10   0.000000000000E+00   0.325000000000E+03  -0.432758750652E-10   0.000000000000E+00
  147.   0.373437500000E+03  -0.270609719541E-10   0.000000000000E+00   0.326562500000E+03   0.778960314644E-11   0.000000000000E+00
  148.   0.371875000000E+03   0.394185356801E-10   0.000000000000E+00   0.328125000000E+03   0.520183192641E-10   0.000000000000E+00
  149.   0.370312500000E+03   0.238142166843E-09   0.000000000000E+00   0.329687500000E+03   0.253641691562E-09   0.000000000000E+00
  150.   0.368750000000E+03   0.202618359917E-09   0.000000000000E+00   0.331250000000E+03   0.204807643172E-09   0.000000000000E+00
  151.   0.367187500000E+03   0.649736434157E-09   0.000000000000E+00   0.332812500000E+03   0.643361927194E-09   0.000000000000E+00
  152.   0.365625000000E+03   0.456628508705E-09   0.000000000000E+00   0.334375000000E+03   0.447119051668E-09   0.000000000000E+00
  153.   0.364062500000E+03   0.129201337505E-08   0.000000000000E+00   0.335937500000E+03   0.126173653861E-08   0.000000000000E+00
  154.   0.362500000000E+03   0.866302098199E-09   0.000000000000E+00   0.337500000000E+03   0.844061185510E-09   0.000000000000E+00
  155.   0.360937500000E+03   0.230210424543E-08   0.000000000000E+00   0.339062500000E+03   0.224772836078E-08   0.000000000000E+00
  156.   0.359375000000E+03   0.152644377065E-08   0.000000000000E+00   0.340625000000E+03   0.149144254189E-08   0.000000000000E+00
  157.   0.357812500000E+03   0.391242799834E-08   0.000000000000E+00   0.342187500000E+03   0.383834725606E-08   0.000000000000E+00
  158.   0.356250000000E+03   0.262821295641E-08   0.000000000000E+00   0.343750000000E+03   0.258594738205E-08   0.000000000000E+00
  159.   0.354687500000E+03   0.676802029227E-08   0.000000000000E+00   0.345312500000E+03   0.668532509913E-08   0.000000000000E+00
  160.   0.353125000000E+03   0.529080641703E-08   0.000000000000E+00   0.346875000000E+03   0.523970606357E-08   0.000000000000E+00
  161.   0.351562500000E+03   0.118490888385E-07   0.000000000000E+00   0.348437500000E+03   0.118101950528E-07   0.000000000000E+00
  162.   0.350000000000E+03   0.224216125234E-07   0.000000000000E+00   0.350000000000E+03   0.224216127313E-07   0.000000000000E+00
  163.   0.348437500000E+03   0.118101948283E-07   0.000000000000E+00   0.351562500000E+03   0.118490890510E-07   0.000000000000E+00
  164.   0.346875000000E+03   0.523970597070E-08   0.000000000000E+00   0.353125000000E+03   0.529080654656E-08   0.000000000000E+00
  165.   0.345312500000E+03   0.668532483485E-08   0.000000000000E+00   0.354687500000E+03   0.676802054030E-08   0.000000000000E+00
  166.   0.343750000000E+03   0.258594730304E-08   0.000000000000E+00   0.356250000000E+03   0.262821310197E-08   0.000000000000E+00
  167.   0.342187500000E+03   0.383834699508E-08   0.000000000000E+00   0.357812500000E+03   0.391242827545E-08   0.000000000000E+00
  168.   0.340625000000E+03   0.149144249843E-08   0.000000000000E+00   0.359375000000E+03   0.152644393202E-08   0.000000000000E+00
  169.   0.339062500000E+03   0.224772815315E-08   0.000000000000E+00   0.360937500000E+03   0.230210448993E-08   0.000000000000E+00
  170.   0.337500000000E+03   0.844061129412E-09   0.000000000000E+00   0.362500000000E+03   0.866302234125E-09   0.000000000000E+00
  171.   0.335937500000E+03   0.126173634438E-08   0.000000000000E+00   0.364062500000E+03   0.129201365078E-08   0.000000000000E+00
  172.   0.334375000000E+03   0.447118950706E-09   0.000000000000E+00   0.365625000000E+03   0.456628687412E-09   0.000000000000E+00
  173.   0.332812500000E+03   0.643361725439E-09   0.000000000000E+00   0.367187500000E+03   0.649736723917E-09   0.000000000000E+00
  174.   0.331250000000E+03   0.204807595109E-09   0.000000000000E+00   0.368750000000E+03   0.202618555322E-09   0.000000000000E+00
  175.   0.329687500000E+03   0.253641527483E-09   0.000000000000E+00   0.370312500000E+03   0.238142415905E-09   0.000000000000E+00
  176.   0.328125000000E+03   0.520183703125E-10   0.000000000000E+00   0.371875000000E+03   0.394185284201E-10   0.000000000000E+00
  177.   0.326562500000E+03   0.778943308235E-11   0.000000000000E+00   0.373437500000E+03  -0.270607632230E-10   0.000000000000E+00
  178.   0.325000000000E+03  -0.432759358858E-10   0.000000000000E+00   0.375000000000E+03  -0.649280057414E-10   0.000000000000E+00
  179.   0.323437500000E+03  -0.146623170191E-09   0.000000000000E+00   0.376562500000E+03  -0.198383728866E-09   0.000000000000E+00
  180.   0.321875000000E+03  -0.102944928077E-09   0.000000000000E+00   0.378125000000E+03  -0.132496496660E-09   0.000000000000E+00
  181.   0.320312500000E+03  -0.243091573966E-09   0.000000000000E+00   0.379687500000E+03  -0.309687267323E-09   0.000000000000E+00
  182.   0.318750000000E+03  -0.139950628116E-09   0.000000000000E+00   0.381250000000E+03  -0.176457103739E-09   0.000000000000E+00
  183.   0.317187500000E+03  -0.302754401614E-09   0.000000000000E+00   0.382812500000E+03  -0.382524217921E-09   0.000000000000E+00
  184.   0.315625000000E+03  -0.162648875612E-09   0.000000000000E+00   0.384375000000E+03  -0.205381864205E-09   0.000000000000E+00
  185.   0.314062500000E+03  -0.339067504870E-09   0.000000000000E+00   0.385937500000E+03  -0.430738936008E-09   0.000000000000E+00
  186.   0.312500000000E+03  -0.176269288933E-09   0.000000000000E+00   0.387500000000E+03  -0.224680431455E-09   0.000000000000E+00
  187.   0.310937500000E+03  -0.360561711474E-09   0.000000000000E+00   0.389062500000E+03  -0.463186671281E-09   0.000000000000E+00
  188.   0.309375000000E+03  -0.184136812955E-09   0.000000000000E+00   0.390625000000E+03  -0.237824410721E-09   0.000000000000E+00
  189.   0.307812500000E+03  -0.372654828423E-09   0.000000000000E+00   0.392187500000E+03  -0.485542116807E-09   0.000000000000E+00
  190.   0.306250000000E+03  -0.188355785843E-09   0.000000000000E+00   0.393750000000E+03  -0.247029658029E-09   0.000000000000E+00
  191.   0.304687500000E+03  -0.378784470466E-09   0.000000000000E+00   0.395312500000E+03  -0.501437941713E-09   0.000000000000E+00
  192.   0.303125000000E+03  -0.190261547498E-09   0.000000000000E+00   0.396875000000E+03  -0.253715356198E-09   0.000000000000E+00
  193.   0.301562500000E+03  -0.381132207185E-09   0.000000000000E+00   0.398437500000E+03  -0.513200379738E-09   0.000000000000E+00
  194.   0.300000000000E+03  -0.190700600187E-09   0.000000000000E+00   0.400000000000E+03  -0.258789166602E-09   0.000000000000E+00
  195.   0.298437500000E+03  -0.381082338738E-09   0.000000000000E+00   0.401562500000E+03  -0.522318877339E-09   0.000000000000E+00
  196.   0.296875000000E+03  -0.190210130488E-09   0.000000000000E+00   0.403125000000E+03  -0.262832410302E-09   0.000000000000E+00
  197.   0.295312500000E+03  -0.379513095659E-09   0.000000000000E+00   0.404687500000E+03  -0.529746854848E-09   0.000000000000E+00
  198.   0.293750000000E+03  -0.189130910085E-09   0.000000000000E+00   0.406250000000E+03  -0.266216856406E-09   0.000000000000E+00
  199.   0.292187500000E+03  -0.376981762413E-09   0.000000000000E+00   0.407812500000E+03  -0.536094737285E-09   0.000000000000E+00
  200.   0.290625000000E+03  -0.187679031811E-09   0.000000000000E+00   0.409375000000E+03  -0.269180605277E-09   0.000000000000E+00
  201.   0.289062500000E+03  -0.373841709278E-09   0.000000000000E+00   0.410937500000E+03  -0.541753147170E-09   0.000000000000E+00
  202.   0.287500000000E+03  -0.185991594233E-09   0.000000000000E+00   0.412500000000E+03  -0.271875984850E-09   0.000000000000E+00
  203.   0.285937500000E+03  -0.370317169712E-09   0.000000000000E+00   0.414062500000E+03  -0.546972237825E-09   0.000000000000E+00
  204.   0.284375000000E+03  -0.184155532491E-09   0.000000000000E+00   0.415625000000E+03  -0.274400820504E-09   0.000000000000E+00
  205.   0.282812500000E+03  -0.366550416584E-09   0.000000000000E+00   0.417187500000E+03  -0.551912091669E-09   0.000000000000E+00
  206.   0.281250000000E+03  -0.182226081058E-09   0.000000000000E+00   0.418750000000E+03  -0.276817151127E-09   0.000000000000E+00
  207.   0.279687500000E+03  -0.362631594069E-09   0.000000000000E+00   0.420312500000E+03  -0.556675115282E-09   0.000000000000E+00
  208.   0.278125000000E+03  -0.180238106878E-09   0.000000000000E+00   0.421875000000E+03  -0.279165240663E-09   0.000000000000E+00
  209.   0.276562500000E+03  -0.358617875337E-09   0.000000000000E+00   0.423437500000E+03  -0.561326847401E-09   0.000000000000E+00
  210.   0.275000000000E+03  -0.178213772326E-09   0.000000000000E+00   0.425000000000E+03  -0.281470340608E-09   0.000000000000E+00
  211.   0.273437500000E+03  -0.354545528050E-09   0.000000000000E+00   0.426562500000E+03  -0.565909245160E-09   0.000000000000E+00
  212.   0.271875000000E+03  -0.176167176212E-09   0.000000000000E+00   0.428125000000E+03  -0.283748904444E-09   0.000000000000E+00
  213.   0.270312500000E+03  -0.350437479601E-09   0.000000000000E+00   0.429687500000E+03  -0.570449147476E-09   0.000000000000E+00
  214.   0.268750000000E+03  -0.174107142745E-09   0.000000000000E+00   0.431250000000E+03  -0.286011513261E-09   0.000000000000E+00
  215.   0.267187500000E+03  -0.346308249071E-09   0.000000000000E+00   0.432812500000E+03  -0.574963636028E-09   0.000000000000E+00
  216.   0.265625000000E+03  -0.172039453863E-09   0.000000000000E+00   0.434375000000E+03  -0.288264791256E-09   0.000000000000E+00
  217.   0.264062500000E+03  -0.342167042707E-09   0.000000000000E+00   0.435937500000E+03  -0.579463708691E-09   0.000000000000E+00
  218.   0.262500000000E+03  -0.169967463444E-09   0.000000000000E+00   0.437500000000E+03  -0.290512840077E-09   0.000000000000E+00
  219.   0.260937500000E+03  -0.338019662086E-09   0.000000000000E+00   0.439062500000E+03  -0.583956388482E-09   0.000000000000E+00
  220.   0.259375000000E+03  -0.167893504776E-09   0.000000000000E+00   0.440625000000E+03  -0.292758450110E-09   0.000000000000E+00
  221.   0.257812500000E+03  -0.333869672054E-09   0.000000000000E+00   0.442187500000E+03  -0.588445999402E-09   0.000000000000E+00
  222.   0.256250000000E+03  -0.165818994123E-09   0.000000000000E+00   0.443750000000E+03  -0.295003747152E-09   0.000000000000E+00
  223.   0.254687500000E+03  -0.329719416378E-09   0.000000000000E+00   0.445312500000E+03  -0.592935557334E-09   0.000000000000E+00
  224.   0.253125000000E+03  -0.163744739927E-09   0.000000000000E+00   0.446875000000E+03  -0.297249298364E-09   0.000000000000E+00
  225.   0.251562500000E+03  -0.325570344526E-09   0.000000000000E+00   0.448437500000E+03  -0.597426776075E-09   0.000000000000E+00
  226.   0.250000000000E+03  -0.161671382762E-09   0.000000000000E+00   0.450000000000E+03  -0.299495968739E-09   0.000000000000E+00
  227.   0.248437500000E+03  -0.321423341717E-09   0.000000000000E+00   0.451562500000E+03  -0.601920693500E-09   0.000000000000E+00
  228.   0.246875000000E+03  -0.159599136137E-09   0.000000000000E+00   0.453125000000E+03  -0.301744256405E-09   0.000000000000E+00
  229.   0.245312500000E+03  -0.317278916881E-09   0.000000000000E+00   0.454687500000E+03  -0.606418015091E-09   0.000000000000E+00
  230.   0.243750000000E+03  -0.157528318468E-09   0.000000000000E+00   0.456250000000E+03  -0.303994376632E-09   0.000000000000E+00
  231.   0.242187500000E+03  -0.313137354258E-09   0.000000000000E+00   0.457812500000E+03  -0.610919260995E-09   0.000000000000E+00
  232.   0.240625000000E+03  -0.155459037093E-09   0.000000000000E+00   0.459375000000E+03  -0.306246586802E-09   0.000000000000E+00
  233.   0.239062500000E+03  -0.308998896170E-09   0.000000000000E+00   0.460937500000E+03  -0.615424766166E-09   0.000000000000E+00
  234.   0.237500000000E+03  -0.153391394270E-09   0.000000000000E+00   0.462500000000E+03  -0.308500780812E-09   0.000000000000E+00
  235.   0.235937500000E+03  -0.304863625587E-09   0.000000000000E+00   0.464062500000E+03  -0.619934467187E-09   0.000000000000E+00
  236.   0.234375000000E+03  -0.151325197512E-09   0.000000000000E+00   0.465625000000E+03  -0.310757131564E-09   0.000000000000E+00
  237.   0.232812500000E+03  -0.300731568479E-09   0.000000000000E+00   0.467187500000E+03  -0.624448566433E-09   0.000000000000E+00
  238.   0.231250000000E+03  -0.149260690108E-09   0.000000000000E+00   0.468750000000E+03  -0.313015643259E-09   0.000000000000E+00
  239.   0.229687500000E+03  -0.296602763928E-09   0.000000000000E+00   0.470312500000E+03  -0.628967115711E-09   0.000000000000E+00
  240.   0.228125000000E+03  -0.147197845403E-09   0.000000000000E+00   0.471875000000E+03  -0.315276502248E-09   0.000000000000E+00
  241.   0.226562500000E+03  -0.292477145706E-09   0.000000000000E+00   0.473437500000E+03  -0.633490061373E-09   0.000000000000E+00
  242.   0.225000000000E+03  -0.145136452691E-09   0.000000000000E+00   0.475000000000E+03  -0.317539375708E-09   0.000000000000E+00
  243.   0.223437500000E+03  -0.288354714644E-09   0.000000000000E+00   0.476562500000E+03  -0.638017376843E-09   0.000000000000E+00
  244.   0.221875000000E+03  -0.143076780074E-09   0.000000000000E+00   0.478125000000E+03  -0.319804602360E-09   0.000000000000E+00
  245.   0.220312500000E+03  -0.284235435642E-09   0.000000000000E+00   0.479687500000E+03  -0.642549076080E-09   0.000000000000E+00
  246.   0.218750000000E+03  -0.141018633126E-09   0.000000000000E+00   0.481250000000E+03  -0.322071833396E-09   0.000000000000E+00
  247.   0.217187500000E+03  -0.280119235395E-09   0.000000000000E+00   0.482812500000E+03  -0.647085104676E-09   0.000000000000E+00
  248.   0.215625000000E+03  -0.138961966019E-09   0.000000000000E+00   0.484375000000E+03  -0.324341276068E-09   0.000000000000E+00
  249.   0.214062500000E+03  -0.276006085224E-09   0.000000000000E+00   0.485937500000E+03  -0.651625383157E-09   0.000000000000E+00
  250.   0.212500000000E+03  -0.136906821066E-09   0.000000000000E+00   0.487500000000E+03  -0.326612829424E-09   0.000000000000E+00
  251.   0.210937500000E+03  -0.271895952764E-09   0.000000000000E+00   0.489062500000E+03  -0.656169912738E-09   0.000000000000E+00
  252.   0.209375000000E+03  -0.134853168008E-09   0.000000000000E+00   0.490625000000E+03  -0.328886387578E-09   0.000000000000E+00
  253.   0.207812500000E+03  -0.267788738530E-09   0.000000000000E+00   0.492187500000E+03  -0.660718680427E-09   0.000000000000E+00
  254.   0.206250000000E+03  -0.132800935068E-09   0.000000000000E+00   0.493750000000E+03  -0.331162051366E-09   0.000000000000E+00
  255.   0.204687500000E+03  -0.263684423088E-09   0.000000000000E+00   0.495312500000E+03  -0.665271593874E-09   0.000000000000E+00
  256.   0.203125000000E+03  -0.130750169814E-09   0.000000000000E+00   0.496875000000E+03  -0.333439616382E-09   0.000000000000E+00
  257.   0.201562500000E+03  -0.259582946162E-09   0.000000000000E+00   0.498437500000E+03  -0.669828584703E-09   0.000000000000E+00
  258.   0.200000000000E+03  -0.128700802584E-09   0.000000000000E+00   0.500000000000E+03  -0.335719531351E-09   0.000000000000E+00
  259.   0.198437500000E+03  -0.255484317724E-09   0.000000000000E+00   0.501562500000E+03  -0.674389656254E-09   0.000000000000E+00
  260.   0.196875000000E+03  -0.126652832652E-09   0.000000000000E+00   0.503125000000E+03  -0.338001100622E-09   0.000000000000E+00
  261.   0.195312500000E+03  -0.251388436726E-09   0.000000000000E+00   0.504687500000E+03  -0.678954827580E-09   0.000000000000E+00
  262.   0.193750000000E+03  -0.124606181656E-09   0.000000000000E+00   0.506250000000E+03  -0.340284994616E-09   0.000000000000E+00
  263.   0.192187500000E+03  -0.247295276702E-09   0.000000000000E+00   0.507812500000E+03  -0.683523970826E-09   0.000000000000E+00
  264.   0.190625000000E+03  -0.122560886545E-09   0.000000000000E+00   0.509375000000E+03  -0.342570902594E-09   0.000000000000E+00
  265.   0.189062500000E+03  -0.243204786359E-09   0.000000000000E+00   0.510937500000E+03  -0.688097018643E-09   0.000000000000E+00
  266.   0.187500000000E+03  -0.120516886800E-09   0.000000000000E+00   0.512500000000E+03  -0.344858520042E-09   0.000000000000E+00
  267.   0.185937500000E+03  -0.239116941561E-09   0.000000000000E+00   0.514062500000E+03  -0.692673986294E-09   0.000000000000E+00
  268.   0.184375000000E+03  -0.118474308768E-09   0.000000000000E+00   0.515625000000E+03  -0.347148133093E-09   0.000000000000E+00
  269.   0.182812500000E+03  -0.235031721380E-09   0.000000000000E+00   0.517187500000E+03  -0.697254746936E-09   0.000000000000E+00
  270.   0.181250000000E+03  -0.116432926921E-09   0.000000000000E+00   0.518750000000E+03  -0.349439547062E-09   0.000000000000E+00
  271.   0.179687500000E+03  -0.230949074015E-09   0.000000000000E+00   0.520312500000E+03  -0.701839460705E-09   0.000000000000E+00
  272.   0.178125000000E+03  -0.114392832607E-09   0.000000000000E+00   0.521875000000E+03  -0.351733042271E-09   0.000000000000E+00
  273.   0.176562500000E+03  -0.226868921909E-09   0.000000000000E+00   0.523437500000E+03  -0.706427851158E-09   0.000000000000E+00
  274.   0.175000000000E+03  -0.112353953737E-09   0.000000000000E+00   0.525000000000E+03  -0.354028325134E-09   0.000000000000E+00
  275.   0.173437500000E+03  -0.222791237066E-09   0.000000000000E+00   0.526562500000E+03  -0.711020021579E-09   0.000000000000E+00
  276.   0.171875000000E+03  -0.110316268135E-09   0.000000000000E+00   0.528125000000E+03  -0.356325378552E-09   0.000000000000E+00
  277.   0.170312500000E+03  -0.218716005810E-09   0.000000000000E+00   0.529687500000E+03  -0.715615902064E-09   0.000000000000E+00
  278.   0.168750000000E+03  -0.108279841677E-09   0.000000000000E+00   0.531250000000E+03  -0.358624334350E-09   0.000000000000E+00
  279.   0.167187500000E+03  -0.214643216184E-09   0.000000000000E+00   0.532812500000E+03  -0.720215470556E-09   0.000000000000E+00
  280.   0.165625000000E+03  -0.106244604898E-09   0.000000000000E+00   0.534375000000E+03  -0.360925271894E-09   0.000000000000E+00
  281.   0.164062500000E+03  -0.210572783510E-09   0.000000000000E+00   0.535937500000E+03  -0.724818610119E-09   0.000000000000E+00
  282.   0.162500000000E+03  -0.104210559951E-09   0.000000000000E+00   0.537500000000E+03  -0.363227642256E-09   0.000000000000E+00
  283.   0.160937500000E+03  -0.206504704800E-09   0.000000000000E+00   0.539062500000E+03  -0.729425475553E-09   0.000000000000E+00
  284.   0.159375000000E+03  -0.102177652618E-09   0.000000000000E+00   0.540625000000E+03  -0.365532047050E-09   0.000000000000E+00
  285.   0.157812500000E+03  -0.202438958871E-09   0.000000000000E+00   0.542187500000E+03  -0.734035978326E-09   0.000000000000E+00
  286.   0.156250000000E+03  -0.100145854186E-09   0.000000000000E+00   0.543750000000E+03  -0.367838371286E-09   0.000000000000E+00
  287.   0.154687500000E+03  -0.198375481238E-09   0.000000000000E+00   0.545312500000E+03  -0.738649835959E-09   0.000000000000E+00
  288.   0.153125000000E+03  -0.981151221352E-10   0.000000000000E+00   0.546875000000E+03  -0.370146210325E-09   0.000000000000E+00
  289.   0.151562500000E+03  -0.194314263825E-09   0.000000000000E+00   0.548437500000E+03  -0.743267128035E-09   0.000000000000E+00
  290.   0.150000000000E+03  -0.960856333675E-10   0.000000000000E+00   0.550000000000E+03  -0.372455520685E-09   0.000000000000E+00
  291.   0.148437500000E+03  -0.190255297960E-09   0.000000000000E+00   0.551562500000E+03  -0.747887768761E-09   0.000000000000E+00
  292.   0.146875000000E+03  -0.940571889054E-10   0.000000000000E+00   0.553125000000E+03  -0.374766599795E-09   0.000000000000E+00
  293.   0.145312500000E+03  -0.186198542747E-09   0.000000000000E+00   0.554687500000E+03  -0.752511566898E-09   0.000000000000E+00
  294.   0.143750000000E+03  -0.920297895290E-10   0.000000000000E+00   0.556250000000E+03  -0.377079302796E-09   0.000000000000E+00
  295.   0.142187500000E+03  -0.182143990422E-09   0.000000000000E+00   0.557812500000E+03  -0.757138420643E-09   0.000000000000E+00
  296.   0.140625000000E+03  -0.900035342815E-10   0.000000000000E+00   0.559375000000E+03  -0.379393440024E-09   0.000000000000E+00
  297.   0.139062500000E+03  -0.178091621506E-09   0.000000000000E+00   0.560937500000E+03  -0.761767978044E-09   0.000000000000E+00
  298.   0.137500000000E+03  -0.879782970465E-10   0.000000000000E+00   0.562500000000E+03  -0.381708840483E-09   0.000000000000E+00
  299.   0.135937500000E+03  -0.174041431986E-09   0.000000000000E+00   0.564062500000E+03  -0.766399752019E-09   0.000000000000E+00
  300.   0.134375000000E+03  -0.859541719931E-10   0.000000000000E+00   0.565625000000E+03  -0.384025266236E-09   0.000000000000E+00
  301.   0.132812500000E+03  -0.169993457368E-09   0.000000000000E+00   0.567187500000E+03  -0.771033194071E-09   0.000000000000E+00
  302.   0.131250000000E+03  -0.839311575514E-10   0.000000000000E+00   0.568750000000E+03  -0.386342285756E-09   0.000000000000E+00
  303.   0.129687500000E+03  -0.165947696833E-09   0.000000000000E+00   0.570312500000E+03  -0.775667237086E-09   0.000000000000E+00
  304.   0.128125000000E+03  -0.819092049641E-10   0.000000000000E+00   0.571875000000E+03  -0.388659584021E-09   0.000000000000E+00
  305.   0.126562500000E+03  -0.161904257162E-09   0.000000000000E+00   0.573437500000E+03  -0.780300489640E-09   0.000000000000E+00
  306.   0.125000000000E+03  -0.798885476023E-10   0.000000000000E+00   0.575000000000E+03  -0.390976496647E-09   0.000000000000E+00
  307.   0.123437500000E+03  -0.157863404970E-09   0.000000000000E+00   0.576562500000E+03  -0.784931444426E-09   0.000000000000E+00
  308.   0.121875000000E+03  -0.778694736189E-10   0.000000000000E+00   0.578125000000E+03  -0.393292658923E-09   0.000000000000E+00
  309.   0.120312500000E+03  -0.153825683288E-09   0.000000000000E+00   0.579687500000E+03  -0.789558396479E-09   0.000000000000E+00
  310.   0.118750000000E+03  -0.758517098022E-10   0.000000000000E+00   0.581250000000E+03  -0.395604056419E-09   0.000000000000E+00
  311.   0.117187500000E+03  -0.149793209374E-09   0.000000000000E+00   0.582812500000E+03  -0.794186038910E-09   0.000000000000E+00
  312.   0.115625000000E+03  -0.738371505438E-10   0.000000000000E+00   0.584375000000E+03  -0.397916813155E-09   0.000000000000E+00
  313.   0.114062500000E+03  -0.145768390505E-09   0.000000000000E+00   0.585937500000E+03  -0.798817684793E-09   0.000000000000E+00
  314.   0.112500000000E+03  -0.718161385023E-10   0.000000000000E+00   0.587500000000E+03  -0.400164368575E-09   0.000000000000E+00
  315.   0.110937500000E+03  -0.141766418931E-09   0.000000000000E+00   0.589062500000E+03  -0.803526592852E-09   0.000000000000E+00
  316.   0.109375000000E+03  -0.698094140441E-10   0.000000000000E+00   0.590625000000E+03  -0.402462007994E-09   0.000000000000E+00
  317.   0.107812500000E+03  -0.137784834489E-09   0.000000000000E+00   0.592187500000E+03  -0.808270489054E-09   0.000000000000E+00
  318.   0.106250000000E+03  -0.676608167026E-10   0.000000000000E+00   0.593750000000E+03  -0.403827375311E-09   0.000000000000E+00
  319.   0.104687500000E+03  -0.133909584195E-09   0.000000000000E+00   0.595312500000E+03  -0.813511885070E-09   0.000000000000E+00
  320.   0.103125000000E+03  -0.658294668719E-10   0.000000000000E+00   0.596875000000E+03  -0.407146433774E-09   0.000000000000E+00
  321.   0.101562500000E+03  -0.129443947939E-09   0.000000000000E+00   0.598437500000E+03  -0.814778627837E-09   0.000000000000E+00
