i  r_top  QtopRe  QtopIm  r_bot  QbotRe  QbotIm   [mm, mC]
    1.   0.600000000000E+03  -0.122182719619E-09   0.000000000000E+00   0.100000000000E+03  -0.115217588720E-10   0.000000000000E+00
    2.   0.100000000000E+03  -0.115217645656E-10   0.000000000000E+00   0.600000000000E+03  -0.122182695362E-09   0.000000000000E+00
    3.   0.599218750000E+03  -0.487195888672E-09   0.000000000000E+00   0.100781250000E+03  -0.463300364962E-10   0.000000000000E+00
    4.   0.598437500000E+03  -0.243625122354E-09   0.000000000000E+00   0.101562500000E+03  -0.233606198155E-10   0.000000000000E+00
    5.   0.597656250000E+03  -0.486788345981E-09   0.000000000000E+00   0.102343750000E+03  -0.470958318533E-10   0.000000000000E+00
    6.   0.596875000000E+03  -0.242849716503E-09   0.000000000000E+00   0.103125000000E+03  -0.237042908688E-10   0.000000000000E+00
    7.   0.596093750000E+03  -0.485491647701E-09   0.000000000000E+00   0.103906250000E+03  -0.478249765430E-10   0.000000000000E+00
    8.   0.595312500000E+03  -0.242289186789E-09   0.000000000000E+00   0.104687500000E+03  -0.240869846484E-10   0.000000000000E+00
    9.   0.594531250000E+03  -0.484020538322E-09   0.000000000000E+00   0.105468750000E+03  -0.485716255751E-10   0.000000000000E+00
   10.   0.593750000000E+03  -0.241541469413E-09   0.000000000000E+00   0.106250000000E+03  -0.244665239594E-10   0.000000000000E+00
   11.   0.592968750000E+03  -0.482393122464E-09   0.000000000000E+00   0.107031250000E+03  -0.493295139825E-10   0.000000000000E+00
   12.   0.592187500000E+03  -0.240727187394E-09   0.000000000000E+00   0.107812500000E+03  -0.248511650882E-10   0.000000000000E+00
   13.   0.591406250000E+03  -0.480670434977E-09   0.000000000000E+00   0.108593750000E+03  -0.500989541889E-10   0.000000000000E+00
   14.   0.590625000000E+03  -0.239857247285E-09   0.000000000000E+00   0.109375000000E+03  -0.252396422179E-10   0.000000000000E+00
   15.   0.589843750000E+03  -0.478877050716E-09   0.000000000000E+00   0.110156250000E+03  -0.508782571650E-10   0.000000000000E+00
   16.   0.589062500000E+03  -0.238952686993E-09   0.000000000000E+00   0.110937500000E+03  -0.256322616699E-10   0.000000000000E+00
   17.   0.588281250000E+03  -0.477033766827E-09   0.000000000000E+00   0.111718750000E+03  -0.516663518112E-10   0.000000000000E+00
   18.   0.587500000000E+03  -0.238023705442E-09   0.000000000000E+00   0.112500000000E+03  -0.260286543831E-10   0.000000000000E+00
   19.   0.586718750000E+03  -0.475153536109E-09   0.000000000000E+00   0.113281250000E+03  -0.524621045183E-10   0.000000000000E+00
   20.   0.585937500000E+03  -0.237077309712E-09   0.000000000000E+00   0.114062500000E+03  -0.264284513729E-10   0.000000000000E+00
   21.   0.585156250000E+03  -0.473245436534E-09   0.000000000000E+00   0.114843750000E+03  -0.532645228621E-10   0.000000000000E+00
   22.   0.584375000000E+03  -0.236117916522E-09   0.000000000000E+00   0.115625000000E+03  -0.268312541265E-10   0.000000000000E+00
   23.   0.583593750000E+03  -0.471315850289E-09   0.000000000000E+00   0.116406250000E+03  -0.540727414775E-10   0.000000000000E+00
   24.   0.582812500000E+03  -0.235148708879E-09   0.000000000000E+00   0.117187500000E+03  -0.272367251449E-10   0.000000000000E+00
   25.   0.582031250000E+03  -0.469369523258E-09   0.000000000000E+00   0.117968750000E+03  -0.548860332423E-10   0.000000000000E+00
   26.   0.581250000000E+03  -0.234171908860E-09   0.000000000000E+00   0.118750000000E+03  -0.276445548428E-10   0.000000000000E+00
   27.   0.580468750000E+03  -0.467410070074E-09   0.000000000000E+00   0.119531250000E+03  -0.557038116432E-10   0.000000000000E+00
   28.   0.579687500000E+03  -0.233189332610E-09   0.000000000000E+00   0.120312500000E+03  -0.280544852430E-10   0.000000000000E+00
   29.   0.578906250000E+03  -0.465440511862E-09   0.000000000000E+00   0.121093750000E+03  -0.565256124110E-10   0.000000000000E+00
   30.   0.578125000000E+03  -0.232202342581E-09   0.000000000000E+00   0.121875000000E+03  -0.284663235812E-10   0.000000000000E+00
   31.   0.577343750000E+03  -0.463463279457E-09   0.000000000000E+00   0.122656250000E+03  -0.573510684507E-10   0.000000000000E+00
   32.   0.576562500000E+03  -0.231212057815E-09   0.000000000000E+00   0.123437500000E+03  -0.288799100789E-10   0.000000000000E+00
   33.   0.575781250000E+03  -0.461480355408E-09   0.000000000000E+00   0.124218750000E+03  -0.581798909739E-10   0.000000000000E+00
   34.   0.575000000000E+03  -0.230219387132E-09   0.000000000000E+00   0.125000000000E+03  -0.292951127078E-10   0.000000000000E+00
   35.   0.574218750000E+03  -0.459493424458E-09   0.000000000000E+00   0.125781250000E+03  -0.590118608281E-10   0.000000000000E+00
   36.   0.573437500000E+03  -0.229225094330E-09   0.000000000000E+00   0.126562500000E+03  -0.297118490185E-10   0.000000000000E+00
   37.   0.572656250000E+03  -0.457503858705E-09   0.000000000000E+00   0.127343750000E+03  -0.598468060438E-10   0.000000000000E+00
   38.   0.571875000000E+03  -0.228229854784E-09   0.000000000000E+00   0.128125000000E+03  -0.301300306512E-10   0.000000000000E+00
   39.   0.571093750000E+03  -0.455512813852E-09   0.000000000000E+00   0.128906250000E+03  -0.606845904428E-10   0.000000000000E+00
   40.   0.570312500000E+03  -0.227234148809E-09   0.000000000000E+00   0.129687500000E+03  -0.305496087983E-10   0.000000000000E+00
   41.   0.569531250000E+03  -0.453521218006E-09   0.000000000000E+00   0.130468750000E+03  -0.615251158042E-10   0.000000000000E+00
   42.   0.568750000000E+03  -0.226238362660E-09   0.000000000000E+00   0.131250000000E+03  -0.309705299659E-10   0.000000000000E+00
   43.   0.567968750000E+03  -0.451529759301E-09   0.000000000000E+00   0.132031250000E+03  -0.623683031463E-10   0.000000000000E+00
   44.   0.567187500000E+03  -0.225242704520E-09   0.000000000000E+00   0.132812500000E+03  -0.313927697933E-10   0.000000000000E+00
   45.   0.566406250000E+03  -0.449539066352E-09   0.000000000000E+00   0.133593750000E+03  -0.632140926818E-10   0.000000000000E+00
   46.   0.565625000000E+03  -0.224247682798E-09   0.000000000000E+00   0.134375000000E+03  -0.318162888571E-10   0.000000000000E+00
   47.   0.564843750000E+03  -0.447549708566E-09   0.000000000000E+00   0.135156250000E+03  -0.640624348397E-10   0.000000000000E+00
   48.   0.564062500000E+03  -0.223253426642E-09   0.000000000000E+00   0.135937500000E+03  -0.322410873544E-10   0.000000000000E+00
   49.   0.563281250000E+03  -0.445562051113E-09   0.000000000000E+00   0.136718750000E+03  -0.649133016987E-10   0.000000000000E+00
   50.   0.562500000000E+03  -0.222260136901E-09   0.000000000000E+00   0.137500000000E+03  -0.326671290522E-10   0.000000000000E+00
   51.   0.561718750000E+03  -0.443576435121E-09   0.000000000000E+00   0.138281250000E+03  -0.657666663865E-10   0.000000000000E+00
   52.   0.560937500000E+03  -0.221267903574E-09   0.000000000000E+00   0.139062500000E+03  -0.330944236519E-10   0.000000000000E+00
   53.   0.560156250000E+03  -0.441593107659E-09   0.000000000000E+00   0.139843750000E+03  -0.666225154569E-10   0.000000000000E+00
   54.   0.559375000000E+03  -0.220276838756E-09   0.000000000000E+00   0.140625000000E+03  -0.335229415348E-10   0.000000000000E+00
   55.   0.558593750000E+03  -0.439612265819E-09   0.000000000000E+00   0.141406250000E+03  -0.674808364390E-10   0.000000000000E+00
   56.   0.557812500000E+03  -0.219287084290E-09   0.000000000000E+00   0.142187500000E+03  -0.339527098038E-10   0.000000000000E+00
   57.   0.557031250000E+03  -0.437634100037E-09   0.000000000000E+00   0.142968750000E+03  -0.683416205259E-10   0.000000000000E+00
   58.   0.556250000000E+03  -0.218298776072E-09   0.000000000000E+00   0.143750000000E+03  -0.343837003931E-10   0.000000000000E+00
   59.   0.555468750000E+03  -0.435658759673E-09   0.000000000000E+00   0.144531250000E+03  -0.692048660401E-10   0.000000000000E+00
   60.   0.554687500000E+03  -0.217311806659E-09   0.000000000000E+00   0.145312500000E+03  -0.348159260820E-10   0.000000000000E+00
   61.   0.553906250000E+03  -0.433686357311E-09   0.000000000000E+00   0.146093750000E+03  -0.700705765876E-10   0.000000000000E+00
   62.   0.553125000000E+03  -0.216326390201E-09   0.000000000000E+00   0.146875000000E+03  -0.352493779641E-10   0.000000000000E+00
   63.   0.552343750000E+03  -0.431716925461E-09   0.000000000000E+00   0.147656250000E+03  -0.709387490878E-10   0.000000000000E+00
   64.   0.551562500000E+03  -0.215342500324E-09   0.000000000000E+00   0.148437500000E+03  -0.356840603010E-10   0.000000000000E+00
   65.   0.550781250000E+03  -0.429750570804E-09   0.000000000000E+00   0.149218750000E+03  -0.718093905620E-10   0.000000000000E+00
   66.   0.550000000000E+03  -0.214360102677E-09   0.000000000000E+00   0.150000000000E+03  -0.361199888145E-10   0.000000000000E+00
   67.   0.549218750000E+03  -0.427787401072E-09   0.000000000000E+00   0.150781250000E+03  -0.726825079319E-10   0.000000000000E+00
   68.   0.548437500000E+03  -0.213379331629E-09   0.000000000000E+00   0.151562500000E+03  -0.365571477622E-10   0.000000000000E+00
   69.   0.547656250000E+03  -0.425827442734E-09   0.000000000000E+00   0.152343750000E+03  -0.735581168854E-10   0.000000000000E+00
   70.   0.546875000000E+03  -0.212400228551E-09   0.000000000000E+00   0.153125000000E+03  -0.369955559110E-10   0.000000000000E+00
   71.   0.546093750000E+03  -0.423870746373E-09   0.000000000000E+00   0.153906250000E+03  -0.744362225292E-10   0.000000000000E+00
   72.   0.545312500000E+03  -0.211422750470E-09   0.000000000000E+00   0.154687500000E+03  -0.374352211322E-10   0.000000000000E+00
   73.   0.544531250000E+03  -0.421917316799E-09   0.000000000000E+00   0.155468750000E+03  -0.753168321603E-10   0.000000000000E+00
   74.   0.543750000000E+03  -0.210446868993E-09   0.000000000000E+00   0.156250000000E+03  -0.378761369326E-10   0.000000000000E+00
   75.   0.542968750000E+03  -0.419967211313E-09   0.000000000000E+00   0.157031250000E+03  -0.761999606073E-10   0.000000000000E+00
   76.   0.542187500000E+03  -0.209472676108E-09   0.000000000000E+00   0.157812500000E+03  -0.383183162359E-10   0.000000000000E+00
   77.   0.541406250000E+03  -0.418020451725E-09   0.000000000000E+00   0.158593750000E+03  -0.770856214757E-10   0.000000000000E+00
   78.   0.540625000000E+03  -0.208500173434E-09   0.000000000000E+00   0.159375000000E+03  -0.387617600403E-10   0.000000000000E+00
   79.   0.539843750000E+03  -0.416077060781E-09   0.000000000000E+00   0.160156250000E+03  -0.779738234372E-10   0.000000000000E+00
   80.   0.539062500000E+03  -0.207529354110E-09   0.000000000000E+00   0.160937500000E+03  -0.392064812840E-10   0.000000000000E+00
   81.   0.538281250000E+03  -0.414137057405E-09   0.000000000000E+00   0.161718750000E+03  -0.788645796910E-10   0.000000000000E+00
   82.   0.537500000000E+03  -0.206560152388E-09   0.000000000000E+00   0.162500000000E+03  -0.396524915883E-10   0.000000000000E+00
   83.   0.536718750000E+03  -0.412200507412E-09   0.000000000000E+00   0.163281250000E+03  -0.797579109030E-10   0.000000000000E+00
   84.   0.535937500000E+03  -0.205592771996E-09   0.000000000000E+00   0.164062500000E+03  -0.400997733705E-10   0.000000000000E+00
   85.   0.535156250000E+03  -0.410267419648E-09   0.000000000000E+00   0.164843750000E+03  -0.806538300422E-10   0.000000000000E+00
   86.   0.534375000000E+03  -0.204627178676E-09   0.000000000000E+00   0.165625000000E+03  -0.405483637579E-10   0.000000000000E+00
   87.   0.533593750000E+03  -0.408337790140E-09   0.000000000000E+00   0.166406250000E+03  -0.815523484822E-10   0.000000000000E+00
   88.   0.532812500000E+03  -0.203663261843E-09   0.000000000000E+00   0.167187500000E+03  -0.409982551070E-10   0.000000000000E+00
   89.   0.532031250000E+03  -0.406411623385E-09   0.000000000000E+00   0.167968750000E+03  -0.824534836292E-10   0.000000000000E+00
   90.   0.531250000000E+03  -0.202701098143E-09   0.000000000000E+00   0.168750000000E+03  -0.414494579892E-10   0.000000000000E+00
   91.   0.530468750000E+03  -0.404488952230E-09   0.000000000000E+00   0.169531250000E+03  -0.833572527488E-10   0.000000000000E+00
   92.   0.529687500000E+03  -0.201740662084E-09   0.000000000000E+00   0.170312500000E+03  -0.419019811307E-10   0.000000000000E+00
   93.   0.528906250000E+03  -0.402569802434E-09   0.000000000000E+00   0.171093750000E+03  -0.842636654534E-10   0.000000000000E+00
   94.   0.528125000000E+03  -0.200782012984E-09   0.000000000000E+00   0.171875000000E+03  -0.423558335996E-10   0.000000000000E+00
   95.   0.527343750000E+03  -0.400654188993E-09   0.000000000000E+00   0.172656250000E+03  -0.851727437554E-10   0.000000000000E+00
   96.   0.526562500000E+03  -0.199825119227E-09   0.000000000000E+00   0.173437500000E+03  -0.428110214166E-10   0.000000000000E+00
   97.   0.525781250000E+03  -0.398742117190E-09   0.000000000000E+00   0.174218750000E+03  -0.860845022857E-10   0.000000000000E+00
   98.   0.525000000000E+03  -0.198870000826E-09   0.000000000000E+00   0.175000000000E+03  -0.432675543631E-10   0.000000000000E+00
   99.   0.524218750000E+03  -0.396833610489E-09   0.000000000000E+00   0.175781250000E+03  -0.869989524574E-10   0.000000000000E+00
  100.   0.523437500000E+03  -0.197916634703E-09   0.000000000000E+00   0.176562500000E+03  -0.437254440421E-10   0.000000000000E+00
  101.   0.522656250000E+03  -0.394928691273E-09   0.000000000000E+00   0.177343750000E+03  -0.879161187713E-10   0.000000000000E+00
  102.   0.521875000000E+03  -0.196965090829E-09   0.000000000000E+00   0.178125000000E+03  -0.441846813109E-10   0.000000000000E+00
  103.   0.521093750000E+03  -0.393027376471E-09   0.000000000000E+00   0.178906250000E+03  -0.888360163813E-10   0.000000000000E+00
  104.   0.520312500000E+03  -0.196015388042E-09   0.000000000000E+00   0.179687500000E+03  -0.446452941850E-10   0.000000000000E+00
  105.   0.519531250000E+03  -0.391129686055E-09   0.000000000000E+00   0.180468750000E+03  -0.897586594014E-10   0.000000000000E+00
  106.   0.518750000000E+03  -0.195067472444E-09   0.000000000000E+00   0.181250000000E+03  -0.451072832916E-10   0.000000000000E+00
  107.   0.517968750000E+03  -0.389235640213E-09   0.000000000000E+00   0.182031250000E+03  -0.906840711230E-10   0.000000000000E+00
  108.   0.517187500000E+03  -0.194121379805E-09   0.000000000000E+00   0.182812500000E+03  -0.455706595681E-10   0.000000000000E+00
  109.   0.516406250000E+03  -0.387345239079E-09   0.000000000000E+00   0.183593750000E+03  -0.916122626704E-10   0.000000000000E+00
  110.   0.515625000000E+03  -0.193177123434E-09   0.000000000000E+00   0.184375000000E+03  -0.460354317923E-10   0.000000000000E+00
  111.   0.514843750000E+03  -0.385458507642E-09   0.000000000000E+00   0.185156250000E+03  -0.925432569778E-10   0.000000000000E+00
  112.   0.514062500000E+03  -0.192234717825E-09   0.000000000000E+00   0.185937500000E+03  -0.465016097382E-10   0.000000000000E+00
  113.   0.513281250000E+03  -0.383575457179E-09   0.000000000000E+00   0.186718750000E+03  -0.934770708212E-10   0.000000000000E+00
  114.   0.512500000000E+03  -0.191294132040E-09   0.000000000000E+00   0.187500000000E+03  -0.469691998102E-10   0.000000000000E+00
  115.   0.511718750000E+03  -0.381696120252E-09   0.000000000000E+00   0.188281250000E+03  -0.944137231417E-10   0.000000000000E+00
  116.   0.510937500000E+03  -0.190355417902E-09   0.000000000000E+00   0.189062500000E+03  -0.474382237633E-10   0.000000000000E+00
  117.   0.510156250000E+03  -0.379820498433E-09   0.000000000000E+00   0.189843750000E+03  -0.953532304517E-10   0.000000000000E+00
  118.   0.509375000000E+03  -0.189418572965E-09   0.000000000000E+00   0.190625000000E+03  -0.479086659838E-10   0.000000000000E+00
  119.   0.508593750000E+03  -0.377948625645E-09   0.000000000000E+00   0.191406250000E+03  -0.962956169530E-10   0.000000000000E+00
  120.   0.507812500000E+03  -0.188483603147E-09   0.000000000000E+00   0.192187500000E+03  -0.483805593323E-10   0.000000000000E+00
  121.   0.507031250000E+03  -0.376080520756E-09   0.000000000000E+00   0.192968750000E+03  -0.972408924507E-10   0.000000000000E+00
  122.   0.506250000000E+03  -0.187550512414E-09   0.000000000000E+00   0.193750000000E+03  -0.488539046937E-10   0.000000000000E+00
  123.   0.505468750000E+03  -0.374216183885E-09   0.000000000000E+00   0.194531250000E+03  -0.981890797810E-10   0.000000000000E+00
  124.   0.504687500000E+03  -0.186619310692E-09   0.000000000000E+00   0.195312500000E+03  -0.493287055569E-10   0.000000000000E+00
  125.   0.503906250000E+03  -0.372355651231E-09   0.000000000000E+00   0.196093750000E+03  -0.991402024961E-10   0.000000000000E+00
  126.   0.503125000000E+03  -0.185690021248E-09   0.000000000000E+00   0.196875000000E+03  -0.498049759538E-10   0.000000000000E+00
  127.   0.502343750000E+03  -0.370498927197E-09   0.000000000000E+00   0.197656250000E+03  -0.100094277930E-09   0.000000000000E+00
  128.   0.501562500000E+03  -0.184762640547E-09   0.000000000000E+00   0.198437500000E+03  -0.502827384596E-10   0.000000000000E+00
  129.   0.500781250000E+03  -0.368646042038E-09   0.000000000000E+00   0.199218750000E+03  -0.101051327501E-09   0.000000000000E+00
  130.   0.500000000000E+03  -0.183837181549E-09   0.000000000000E+00   0.200000000000E+03  -0.507619857076E-10   0.000000000000E+00
  131.   0.499218750000E+03  -0.366797010846E-09   0.000000000000E+00   0.200781250000E+03  -0.102011368764E-09   0.000000000000E+00
  132.   0.498437500000E+03  -0.182913646537E-09   0.000000000000E+00   0.201562500000E+03  -0.512427295785E-10   0.000000000000E+00
  133.   0.497656250000E+03  -0.364951855625E-09   0.000000000000E+00   0.202343750000E+03  -0.102974423955E-09   0.000000000000E+00
  134.   0.496875000000E+03  -0.181992039208E-09   0.000000000000E+00   0.203125000000E+03  -0.517249892898E-10   0.000000000000E+00
  135.   0.496093750000E+03  -0.363110589668E-09   0.000000000000E+00   0.203906250000E+03  -0.103940509221E-09   0.000000000000E+00
  136.   0.495312500000E+03  -0.181072431218E-09   0.000000000000E+00   0.204687500000E+03  -0.522087633893E-10   0.000000000000E+00
  137.   0.494531250000E+03  -0.361273244847E-09   0.000000000000E+00   0.205468750000E+03  -0.104909641761E-09   0.000000000000E+00
  138.   0.493750000000E+03  -0.180154753467E-09   0.000000000000E+00   0.206250000000E+03  -0.526940747468E-10   0.000000000000E+00
  139.   0.492968750000E+03  -0.359439834672E-09   0.000000000000E+00   0.207031250000E+03  -0.105881851636E-09   0.000000000000E+00
  140.   0.492187500000E+03  -0.179239054715E-09   0.000000000000E+00   0.207812500000E+03  -0.531809259529E-10   0.000000000000E+00
  141.   0.491406250000E+03  -0.357610378417E-09   0.000000000000E+00   0.208593750000E+03  -0.106857154388E-09   0.000000000000E+00
  142.   0.490625000000E+03  -0.178325340758E-09   0.000000000000E+00   0.209375000000E+03  -0.536693351911E-10   0.000000000000E+00
  143.   0.489843750000E+03  -0.355784880970E-09   0.000000000000E+00   0.210156250000E+03  -0.107835575871E-09   0.000000000000E+00
  144.   0.489062500000E+03  -0.177413601365E-09   0.000000000000E+00   0.210937500000E+03  -0.541593067478E-10   0.000000000000E+00
  145.   0.488281250000E+03  -0.353963362236E-09   0.000000000000E+00   0.211718750000E+03  -0.108817138109E-09   0.000000000000E+00
  146.   0.487500000000E+03  -0.176503854812E-09   0.000000000000E+00   0.212500000000E+03  -0.546508504034E-10   0.000000000000E+00
  147.   0.486718750000E+03  -0.352145861183E-09   0.000000000000E+00   0.213281250000E+03  -0.109801857601E-09   0.000000000000E+00
  148.   0.485937500000E+03  -0.175596126517E-09   0.000000000000E+00   0.214062500000E+03  -0.551439791966E-10   0.000000000000E+00
  149.   0.485156250000E+03  -0.350332436933E-09   0.000000000000E+00   0.214843750000E+03  -0.110789757582E-09   0.000000000000E+00
  150.   0.484375000000E+03  -0.174690473433E-09   0.000000000000E+00   0.215625000000E+03  -0.556386997833E-10   0.000000000000E+00
  151.   0.483593750000E+03  -0.348523047051E-09   0.000000000000E+00   0.216406250000E+03  -0.111780860115E-09   0.000000000000E+00
  152.   0.482812500000E+03  -0.173786802089E-09   0.000000000000E+00   0.217187500000E+03  -0.561350349011E-10   0.000000000000E+00
  153.   0.482031250000E+03  -0.346717745869E-09   0.000000000000E+00   0.217968750000E+03  -0.112775187862E-09   0.000000000000E+00
  154.   0.481250000000E+03  -0.172885190340E-09   0.000000000000E+00   0.218750000000E+03  -0.566329788622E-10   0.000000000000E+00
  155.   0.480468750000E+03  -0.344916522023E-09   0.000000000000E+00   0.219531250000E+03  -0.113772761835E-09   0.000000000000E+00
  156.   0.479687500000E+03  -0.171985624426E-09   0.000000000000E+00   0.220312500000E+03  -0.571325472074E-10   0.000000000000E+00
  157.   0.478906250000E+03  -0.343119419569E-09   0.000000000000E+00   0.221093750000E+03  -0.114773607941E-09   0.000000000000E+00
  158.   0.478125000000E+03  -0.171088097708E-09   0.000000000000E+00   0.221875000000E+03  -0.576337745436E-10   0.000000000000E+00
  159.   0.477343750000E+03  -0.341326458490E-09   0.000000000000E+00   0.222656250000E+03  -0.115777745972E-09   0.000000000000E+00
  160.   0.476562500000E+03  -0.170192680245E-09   0.000000000000E+00   0.223437500000E+03  -0.581366401179E-10   0.000000000000E+00
  161.   0.475781250000E+03  -0.339537658058E-09   0.000000000000E+00   0.224218750000E+03  -0.116785196199E-09   0.000000000000E+00
  162.   0.475000000000E+03  -0.169299324822E-09   0.000000000000E+00   0.225000000000E+03  -0.586411649711E-10   0.000000000000E+00
  163.   0.474218750000E+03  -0.337753028552E-09   0.000000000000E+00   0.225781250000E+03  -0.117795983401E-09   0.000000000000E+00
  164.   0.473437500000E+03  -0.168408086739E-09   0.000000000000E+00   0.226562500000E+03  -0.591473764983E-10   0.000000000000E+00
  165.   0.472656250000E+03  -0.335972610860E-09   0.000000000000E+00   0.227343750000E+03  -0.118810130436E-09   0.000000000000E+00
  166.   0.471875000000E+03  -0.167518948145E-09   0.000000000000E+00   0.228125000000E+03  -0.596552709175E-10   0.000000000000E+00
  167.   0.471093750000E+03  -0.334196411367E-09   0.000000000000E+00   0.228906250000E+03  -0.119827662152E-09   0.000000000000E+00
  168.   0.470312500000E+03  -0.166631946254E-09   0.000000000000E+00   0.229687500000E+03  -0.601648590251E-10   0.000000000000E+00
  169.   0.469531250000E+03  -0.332424457259E-09   0.000000000000E+00   0.230468750000E+03  -0.120848597045E-09   0.000000000000E+00
  170.   0.468750000000E+03  -0.165747038032E-09   0.000000000000E+00   0.231250000000E+03  -0.606761547262E-10   0.000000000000E+00
  171.   0.467968750000E+03  -0.330656764951E-09   0.000000000000E+00   0.232031250000E+03  -0.121872956126E-09   0.000000000000E+00
  172.   0.467187500000E+03  -0.164864278079E-09   0.000000000000E+00   0.232812500000E+03  -0.611891640711E-10   0.000000000000E+00
  173.   0.466406250000E+03  -0.328893357397E-09   0.000000000000E+00   0.233593750000E+03  -0.122900764840E-09   0.000000000000E+00
  174.   0.465625000000E+03  -0.163983646146E-09   0.000000000000E+00   0.234375000000E+03  -0.617039039954E-10   0.000000000000E+00
  175.   0.464843750000E+03  -0.327134224337E-09   0.000000000000E+00   0.235156250000E+03  -0.123932040492E-09   0.000000000000E+00
  176.   0.464062500000E+03  -0.163105172114E-09   0.000000000000E+00   0.235937500000E+03  -0.622203838306E-10   0.000000000000E+00
  177.   0.463281250000E+03  -0.325379410168E-09   0.000000000000E+00   0.236718750000E+03  -0.124966810095E-09   0.000000000000E+00
  178.   0.462500000000E+03  -0.162228860517E-09   0.000000000000E+00   0.237500000000E+03  -0.627386177632E-10   0.000000000000E+00
  179.   0.461718750000E+03  -0.323628930063E-09   0.000000000000E+00   0.238281250000E+03  -0.126005090972E-09   0.000000000000E+00
  180.   0.460937500000E+03  -0.161354730967E-09   0.000000000000E+00   0.239062500000E+03  -0.632586136681E-10   0.000000000000E+00
  181.   0.460156250000E+03  -0.321882810345E-09   0.000000000000E+00   0.239843750000E+03  -0.127046905337E-09   0.000000000000E+00
  182.   0.459375000000E+03  -0.160482755882E-09   0.000000000000E+00   0.240625000000E+03  -0.637803828586E-10   0.000000000000E+00
  183.   0.458593750000E+03  -0.320141053111E-09   0.000000000000E+00   0.241406250000E+03  -0.128092266184E-09   0.000000000000E+00
  184.   0.457812500000E+03  -0.159612992155E-09   0.000000000000E+00   0.242187500000E+03  -0.643039212508E-10   0.000000000000E+00
  185.   0.457031250000E+03  -0.318403673346E-09   0.000000000000E+00   0.242968750000E+03  -0.129141185906E-09   0.000000000000E+00
  186.   0.456250000000E+03  -0.158745401490E-09   0.000000000000E+00   0.243750000000E+03  -0.648292478172E-10   0.000000000000E+00
  187.   0.455468750000E+03  -0.316670662011E-09   0.000000000000E+00   0.244531250000E+03  -0.130193688502E-09   0.000000000000E+00
  188.   0.454687500000E+03  -0.157880006448E-09   0.000000000000E+00   0.245312500000E+03  -0.653563668723E-10   0.000000000000E+00
  189.   0.453906250000E+03  -0.314942031032E-09   0.000000000000E+00   0.246093750000E+03  -0.131249779909E-09   0.000000000000E+00
  190.   0.453125000000E+03  -0.157016799482E-09   0.000000000000E+00   0.246875000000E+03  -0.658852803529E-10   0.000000000000E+00
  191.   0.452343750000E+03  -0.313217777297E-09   0.000000000000E+00   0.247656250000E+03  -0.132309465627E-09   0.000000000000E+00
  192.   0.451562500000E+03  -0.156155772969E-09   0.000000000000E+00   0.248437500000E+03  -0.664159873270E-10   0.000000000000E+00
  193.   0.450781250000E+03  -0.311497902565E-09   0.000000000000E+00   0.249218750000E+03  -0.133372751480E-09   0.000000000000E+00
  194.   0.450000000000E+03  -0.155296934331E-09   0.000000000000E+00   0.250000000000E+03  -0.669485104253E-10   0.000000000000E+00
  195.   0.449218750000E+03  -0.309782390406E-09   0.000000000000E+00   0.250781250000E+03  -0.134439635138E-09   0.000000000000E+00
  196.   0.448437500000E+03  -0.154440277982E-09   0.000000000000E+00   0.251562500000E+03  -0.674828129990E-10   0.000000000000E+00
  197.   0.447656250000E+03  -0.308071228358E-09   0.000000000000E+00   0.252343750000E+03  -0.135510103908E-09   0.000000000000E+00
  198.   0.446875000000E+03  -0.153585792736E-09   0.000000000000E+00   0.253125000000E+03  -0.680189225695E-10   0.000000000000E+00
  199.   0.446093750000E+03  -0.306364352111E-09   0.000000000000E+00   0.253906250000E+03  -0.136584135011E-09   0.000000000000E+00
  200.   0.445312500000E+03  -0.152733425640E-09   0.000000000000E+00   0.254687500000E+03  -0.685567952680E-10   0.000000000000E+00
  201.   0.444531250000E+03  -0.304661727532E-09   0.000000000000E+00   0.255468750000E+03  -0.137661700131E-09   0.000000000000E+00
  202.   0.443750000000E+03  -0.151883204066E-09   0.000000000000E+00   0.256250000000E+03  -0.690964204691E-10   0.000000000000E+00
  203.   0.442968750000E+03  -0.302963292654E-09   0.000000000000E+00   0.257031250000E+03  -0.138742753883E-09   0.000000000000E+00
  204.   0.442187500000E+03  -0.151034997347E-09   0.000000000000E+00   0.257812500000E+03  -0.696377929312E-10   0.000000000000E+00
  205.   0.441406250000E+03  -0.301268955810E-09   0.000000000000E+00   0.258593750000E+03  -0.139827237378E-09   0.000000000000E+00
  206.   0.440625000000E+03  -0.150188861571E-09   0.000000000000E+00   0.259375000000E+03  -0.701808499617E-10   0.000000000000E+00
  207.   0.439843750000E+03  -0.299578584757E-09   0.000000000000E+00   0.260156250000E+03  -0.140915048690E-09   0.000000000000E+00
  208.   0.439062500000E+03  -0.149344660966E-09   0.000000000000E+00   0.260937500000E+03  -0.707255422221E-10   0.000000000000E+00
  209.   0.438281250000E+03  -0.297892043322E-09   0.000000000000E+00   0.261718750000E+03  -0.142006075616E-09   0.000000000000E+00
  210.   0.437500000000E+03  -0.148502306251E-09   0.000000000000E+00   0.262500000000E+03  -0.712718120380E-10   0.000000000000E+00
  211.   0.436718750000E+03  -0.296209114368E-09   0.000000000000E+00   0.263281250000E+03  -0.143100167450E-09   0.000000000000E+00
  212.   0.435937500000E+03  -0.147661716411E-09   0.000000000000E+00   0.264062500000E+03  -0.718195769715E-10   0.000000000000E+00
  213.   0.435156250000E+03  -0.294529543341E-09   0.000000000000E+00   0.264843750000E+03  -0.144197112417E-09   0.000000000000E+00
  214.   0.434375000000E+03  -0.146822746833E-09   0.000000000000E+00   0.265625000000E+03  -0.723687064236E-10   0.000000000000E+00
  215.   0.433593750000E+03  -0.292853001472E-09   0.000000000000E+00   0.266406250000E+03  -0.145296648227E-09   0.000000000000E+00
  216.   0.432812500000E+03  -0.145985188526E-09   0.000000000000E+00   0.267187500000E+03  -0.729190420603E-10   0.000000000000E+00
  217.   0.432031250000E+03  -0.291179078720E-09   0.000000000000E+00   0.267968750000E+03  -0.146398444365E-09   0.000000000000E+00
  218.   0.431250000000E+03  -0.145148829384E-09   0.000000000000E+00   0.268750000000E+03  -0.734704412924E-10   0.000000000000E+00
  219.   0.430468750000E+03  -0.289507250597E-09   0.000000000000E+00   0.269531250000E+03  -0.147502073501E-09   0.000000000000E+00
  220.   0.429687500000E+03  -0.144313376684E-09   0.000000000000E+00   0.270312500000E+03  -0.740226158603E-10   0.000000000000E+00
  221.   0.428906250000E+03  -0.287836852881E-09   0.000000000000E+00   0.271093750000E+03  -0.148606985397E-09   0.000000000000E+00
  222.   0.428125000000E+03  -0.143478440593E-09   0.000000000000E+00   0.271875000000E+03  -0.745752982159E-10   0.000000000000E+00
  223.   0.427343750000E+03  -0.286167060194E-09   0.000000000000E+00   0.272656250000E+03  -0.149712494406E-09   0.000000000000E+00
  224.   0.426562500000E+03  -0.142643577555E-09   0.000000000000E+00   0.273437500000E+03  -0.751280576445E-10   0.000000000000E+00
  225.   0.425781250000E+03  -0.284496824795E-09   0.000000000000E+00   0.274218750000E+03  -0.150817721777E-09   0.000000000000E+00
  226.   0.425000000000E+03  -0.141808215209E-09   0.000000000000E+00   0.275000000000E+03  -0.756804553608E-10   0.000000000000E+00
  227.   0.424218750000E+03  -0.282824833320E-09   0.000000000000E+00   0.275781250000E+03  -0.151921543661E-09   0.000000000000E+00
  228.   0.423437500000E+03  -0.140971588647E-09   0.000000000000E+00   0.276562500000E+03  -0.762318442116E-10   0.000000000000E+00
  229.   0.422656250000E+03  -0.281149438008E-09   0.000000000000E+00   0.277343750000E+03  -0.153022575294E-09   0.000000000000E+00
  230.   0.421875000000E+03  -0.140132818593E-09   0.000000000000E+00   0.278125000000E+03  -0.767814292976E-10   0.000000000000E+00
  231.   0.421093750000E+03  -0.279468547593E-09   0.000000000000E+00   0.278906250000E+03  -0.154119040502E-09   0.000000000000E+00
  232.   0.420312500000E+03  -0.139290725495E-09   0.000000000000E+00   0.279687500000E+03  -0.773282391571E-10   0.000000000000E+00
  233.   0.419531250000E+03  -0.277779611596E-09   0.000000000000E+00   0.280468750000E+03  -0.155208714468E-09   0.000000000000E+00
  234.   0.418750000000E+03  -0.138443872486E-09   0.000000000000E+00   0.281250000000E+03  -0.778710418282E-10   0.000000000000E+00
  235.   0.417968750000E+03  -0.276079379043E-09   0.000000000000E+00   0.282031250000E+03  -0.156288794694E-09   0.000000000000E+00
  236.   0.417187500000E+03  -0.137590469901E-09   0.000000000000E+00   0.282812500000E+03  -0.784082589885E-10   0.000000000000E+00
  237.   0.416406250000E+03  -0.274363779555E-09   0.000000000000E+00   0.283593750000E+03  -0.157355752596E-09   0.000000000000E+00
  238.   0.415625000000E+03  -0.136728275203E-09   0.000000000000E+00   0.284375000000E+03  -0.789379493342E-10   0.000000000000E+00
  239.   0.414843750000E+03  -0.272627719734E-09   0.000000000000E+00   0.285156250000E+03  -0.158405157664E-09   0.000000000000E+00
  240.   0.414062500000E+03  -0.135854420136E-09   0.000000000000E+00   0.285937500000E+03  -0.794576047284E-10   0.000000000000E+00
  241.   0.413281250000E+03  -0.270864859591E-09   0.000000000000E+00   0.286718750000E+03  -0.159431423439E-09   0.000000000000E+00
  242.   0.412500000000E+03  -0.134965415869E-09   0.000000000000E+00   0.287500000000E+03  -0.799641541795E-10   0.000000000000E+00
  243.   0.411718750000E+03  -0.269067258570E-09   0.000000000000E+00   0.288281250000E+03  -0.160427536898E-09   0.000000000000E+00
  244.   0.410937500000E+03  -0.134056834852E-09   0.000000000000E+00   0.289062500000E+03  -0.804536524602E-10   0.000000000000E+00
  245.   0.410156250000E+03  -0.267224975971E-09   0.000000000000E+00   0.289843750000E+03  -0.161384690282E-09   0.000000000000E+00
  246.   0.409375000000E+03  -0.133123130768E-09   0.000000000000E+00   0.290625000000E+03  -0.809212481047E-10   0.000000000000E+00
  247.   0.408593750000E+03  -0.265325557537E-09   0.000000000000E+00   0.291406250000E+03  -0.162291817901E-09   0.000000000000E+00
  248.   0.407812500000E+03  -0.132157406503E-09   0.000000000000E+00   0.292187500000E+03  -0.813607286494E-10   0.000000000000E+00
  249.   0.407031250000E+03  -0.263353466953E-09   0.000000000000E+00   0.292968750000E+03  -0.163134983890E-09   0.000000000000E+00
  250.   0.406250000000E+03  -0.131151034987E-09   0.000000000000E+00   0.293750000000E+03  -0.817643598337E-10   0.000000000000E+00
  251.   0.405468750000E+03  -0.261289272056E-09   0.000000000000E+00   0.294531250000E+03  -0.163896728201E-09   0.000000000000E+00
  252.   0.404687500000E+03  -0.130093226642E-09   0.000000000000E+00   0.295312500000E+03  -0.821224255551E-10   0.000000000000E+00
  253.   0.403906250000E+03  -0.259108677814E-09   0.000000000000E+00   0.296093750000E+03  -0.164555085443E-09   0.000000000000E+00
  254.   0.403125000000E+03  -0.128970479557E-09   0.000000000000E+00   0.296875000000E+03  -0.824226799713E-10   0.000000000000E+00
  255.   0.402343750000E+03  -0.256781303239E-09   0.000000000000E+00   0.297656250000E+03  -0.165082493867E-09   0.000000000000E+00
  256.   0.401562500000E+03  -0.127765892650E-09   0.000000000000E+00   0.298437500000E+03  -0.826498014868E-10   0.000000000000E+00
  257.   0.400781250000E+03  -0.254269166618E-09   0.000000000000E+00   0.299218750000E+03  -0.165444338015E-09   0.000000000000E+00
  258.   0.400000000000E+03  -0.126458370381E-09   0.000000000000E+00   0.300000000000E+03  -0.827844990540E-10   0.000000000000E+00
  259.   0.399218750000E+03  -0.251524796069E-09   0.000000000000E+00   0.300781250000E+03  -0.165597147106E-09   0.000000000000E+00
  260.   0.398437500000E+03  -0.125021544692E-09   0.000000000000E+00   0.301562500000E+03  -0.828025659417E-10   0.000000000000E+00
  261.   0.397656250000E+03  -0.248488877412E-09   0.000000000000E+00   0.302343750000E+03  -0.165486327276E-09   0.000000000000E+00
  262.   0.396875000000E+03  -0.123422492301E-09   0.000000000000E+00   0.303125000000E+03  -0.826736618567E-10   0.000000000000E+00
  263.   0.396093750000E+03  -0.245087240144E-09   0.000000000000E+00   0.303906250000E+03  -0.165043334913E-09   0.000000000000E+00
  264.   0.395312500000E+03  -0.121619969159E-09   0.000000000000E+00   0.304687500000E+03  -0.823596058621E-10   0.000000000000E+00
  265.   0.394531250000E+03  -0.241227173216E-09   0.000000000000E+00   0.305468750000E+03  -0.164182109386E-09   0.000000000000E+00
  266.   0.393750000000E+03  -0.119562501786E-09   0.000000000000E+00   0.306250000000E+03  -0.818124777619E-10   0.000000000000E+00
  267.   0.392968750000E+03  -0.236792814921E-09   0.000000000000E+00   0.307031250000E+03  -0.162794607828E-09   0.000000000000E+00
  268.   0.392187500000E+03  -0.117185716998E-09   0.000000000000E+00   0.307812500000E+03  -0.809721470059E-10   0.000000000000E+00
  269.   0.391406250000E+03  -0.231639358409E-09   0.000000000000E+00   0.308593750000E+03  -0.160745155804E-09   0.000000000000E+00
  270.   0.390625000000E+03  -0.114409175232E-09   0.000000000000E+00   0.309375000000E+03  -0.797631092259E-10   0.000000000000E+00
  271.   0.389843750000E+03  -0.225585794102E-09   0.000000000000E+00   0.310156250000E+03  -0.157863423547E-09   0.000000000000E+00
  272.   0.389062500000E+03  -0.111132322825E-09   0.000000000000E+00   0.310937500000E+03  -0.780905369892E-10   0.000000000000E+00
  273.   0.388281250000E+03  -0.218405883424E-09   0.000000000000E+00   0.311718750000E+03  -0.153935566528E-09   0.000000000000E+00
  274.   0.387500000000E+03  -0.107229489821E-09   0.000000000000E+00   0.312500000000E+03  -0.758354226244E-10   0.000000000000E+00
  275.   0.386718750000E+03  -0.209816872938E-09   0.000000000000E+00   0.313281250000E+03  -0.148693117812E-09   0.000000000000E+00
  276.   0.385937500000E+03  -0.102543592981E-09   0.000000000000E+00   0.314062500000E+03  -0.728483091073E-10   0.000000000000E+00
  277.   0.385156250000E+03  -0.199465320712E-09   0.000000000000E+00   0.314843750000E+03  -0.141798981639E-09   0.000000000000E+00
  278.   0.384375000000E+03  -0.968783013132E-10   0.000000000000E+00   0.315625000000E+03  -0.689415915856E-10   0.000000000000E+00
  279.   0.383593750000E+03  -0.186909467700E-09   0.000000000000E+00   0.316406250000E+03  -0.132829947228E-09   0.000000000000E+00
  280.   0.382812500000E+03  -0.899882084927E-10   0.000000000000E+00   0.317187500000E+03  -0.638796693181E-10   0.000000000000E+00
  281.   0.382031250000E+03  -0.171597122187E-09   0.000000000000E+00   0.317968750000E+03  -0.121254622534E-09   0.000000000000E+00
  282.   0.381250000000E+03  -0.815665500939E-10   0.000000000000E+00   0.318750000000E+03  -0.573667955721E-10   0.000000000000E+00
  283.   0.380468750000E+03  -0.152837992855E-09   0.000000000000E+00   0.319531250000E+03  -0.106405744865E-09   0.000000000000E+00
  284.   0.379687500000E+03  -0.712298685069E-10   0.000000000000E+00   0.320312500000E+03  -0.490315483778E-10   0.000000000000E+00
  285.   0.378906250000E+03  -0.129769049568E-09   0.000000000000E+00   0.321093750000E+03  -0.874453829751E-10   0.000000000000E+00
  286.   0.378125000000E+03  -0.584987105802E-10   0.000000000000E+00   0.321875000000E+03  -0.384074843367E-10   0.000000000000E+00
  287.   0.377343750000E+03  -0.101311116103E-09   0.000000000000E+00   0.322656250000E+03  -0.633210769426E-10   0.000000000000E+00
  288.   0.376562500000E+03  -0.427734819692E-10   0.000000000000E+00   0.323437500000E+03  -0.249087142552E-10   0.000000000000E+00
  289.   0.375781250000E+03  -0.661143278820E-10   0.000000000000E+00   0.324218750000E+03  -0.327104920973E-10   0.000000000000E+00
  290.   0.375000000000E+03  -0.233041609832E-10   0.000000000000E+00   0.325000000000E+03  -0.779905841223E-11   0.000000000000E+00
  291.   0.374218750000E+03  -0.224893624282E-10   0.000000000000E+00   0.325781250000E+03   0.604851756884E-11   0.000000000000E+00
  292.   0.373437500000E+03   0.848149789332E-12   0.000000000000E+00   0.326562500000E+03   0.138470794958E-10   0.000000000000E+00
  293.   0.372656250000E+03   0.316795678000E-10   0.000000000000E+00   0.327343750000E+03   0.550468564329E-10   0.000000000000E+00
  294.   0.371875000000E+03   0.308598004279E-10   0.000000000000E+00   0.328125000000E+03   0.411944974653E-10   0.000000000000E+00
  295.   0.371093750000E+03   0.990458123542E-10   0.000000000000E+00   0.328906250000E+03   0.116918029561E-09   0.000000000000E+00
  296.   0.370312500000E+03   0.682070705638E-10   0.000000000000E+00   0.329687500000E+03   0.757112026721E-10   0.000000000000E+00
  297.   0.369531250000E+03   0.182943867237E-09   0.000000000000E+00   0.330468750000E+03   0.194985701208E-09   0.000000000000E+00
  298.   0.368750000000E+03   0.114747612669E-09   0.000000000000E+00   0.331250000000E+03   0.119252309312E-09   0.000000000000E+00
  299.   0.367968750000E+03   0.287578035011E-09   0.000000000000E+00   0.332031250000E+03   0.293457783817E-09   0.000000000000E+00
  300.   0.367187500000E+03   0.172828158946E-09   0.000000000000E+00   0.332812500000E+03   0.174170756632E-09   0.000000000000E+00
  301.   0.366406250000E+03   0.418278446597E-09   0.000000000000E+00   0.333593750000E+03   0.417689942421E-09   0.000000000000E+00
  302.   0.365625000000E+03   0.245437415354E-09   0.000000000000E+00   0.334375000000E+03   0.243474416028E-09   0.000000000000E+00
  303.   0.364843750000E+03   0.581855520358E-09   0.000000000000E+00   0.335156250000E+03   0.574550172924E-09   0.000000000000E+00
  304.   0.364062500000E+03   0.336409811256E-09   0.000000000000E+00   0.335937500000E+03   0.331035789131E-09   0.000000000000E+00
  305.   0.363281250000E+03   0.787135886052E-09   0.000000000000E+00   0.336718750000E+03   0.772967578158E-09   0.000000000000E+00
  306.   0.362500000000E+03   0.450810136770E-09   0.000000000000E+00   0.337500000000E+03   0.441982281512E-09   0.000000000000E+00
  307.   0.361718750000E+03   0.104574309703E-08   0.000000000000E+00   0.338281250000E+03   0.102473220805E-08   0.000000000000E+00
  308.   0.360937500000E+03   0.595306426036E-09   0.000000000000E+00   0.339062500000E+03   0.583083408639E-09   0.000000000000E+00
  309.   0.360156250000E+03   0.137356454033E-08   0.000000000000E+00   0.339843750000E+03   0.134598216894E-08   0.000000000000E+00
  310.   0.359375000000E+03   0.779856419532E-09   0.000000000000E+00   0.340625000000E+03   0.764433471030E-09   0.000000000000E+00
  311.   0.358593750000E+03   0.179285613029E-08   0.000000000000E+00   0.341406250000E+03   0.175935274207E-08   0.000000000000E+00
  312.   0.357812500000E+03   0.101760618045E-08   0.000000000000E+00   0.342187500000E+03   0.999406459567E-09   0.000000000000E+00
  313.   0.357031250000E+03   0.233771587517E-08   0.000000000000E+00   0.342968750000E+03   0.229948083142E-08   0.000000000000E+00
  314.   0.356250000000E+03   0.133599198886E-08   0.000000000000E+00   0.343750000000E+03   0.131570368960E-08   0.000000000000E+00
  315.   0.355468750000E+03   0.306402857524E-08   0.000000000000E+00   0.344531250000E+03   0.302305956043E-08   0.000000000000E+00
  316.   0.354687500000E+03   0.177498074063E-08   0.000000000000E+00   0.345312500000E+03   0.175368530557E-08   0.000000000000E+00
  317.   0.353906250000E+03   0.407161860293E-08   0.000000000000E+00   0.346093750000E+03   0.403123150763E-08   0.000000000000E+00
  318.   0.353125000000E+03   0.242195379926E-08   0.000000000000E+00   0.346875000000E+03   0.240214786937E-08   0.000000000000E+00
  319.   0.352343750000E+03   0.566851258869E-08   0.000000000000E+00   0.347656250000E+03   0.563355358390E-08   0.000000000000E+00
  320.   0.351562500000E+03   0.383567087562E-08   0.000000000000E+00   0.348437500000E+03   0.381786260444E-08   0.000000000000E+00
  321.   0.350781250000E+03   0.834040033737E-08   0.000000000000E+00   0.349218750000E+03   0.832568217589E-08   0.000000000000E+00
  322.   0.350000000000E+03   0.126006318584E-07   0.000000000000E+00   0.350000000000E+03   0.126006319222E-07   0.000000000000E+00
  323.   0.349218750000E+03   0.832568209135E-08   0.000000000000E+00   0.350781250000E+03   0.834040043373E-08   0.000000000000E+00
  324.   0.348437500000E+03   0.381786254567E-08   0.000000000000E+00   0.351562500000E+03   0.383567092216E-08   0.000000000000E+00
  325.   0.347656250000E+03   0.563355350040E-08   0.000000000000E+00   0.352343750000E+03   0.566851268795E-08   0.000000000000E+00
  326.   0.346875000000E+03   0.240214781320E-08   0.000000000000E+00   0.353125000000E+03   0.242195384388E-08   0.000000000000E+00
  327.   0.346093750000E+03   0.403123142393E-08   0.000000000000E+00   0.353906250000E+03   0.407161869156E-08   0.000000000000E+00
  328.   0.345312500000E+03   0.175368526243E-08   0.000000000000E+00   0.354687500000E+03   0.177498077768E-08   0.000000000000E+00
  329.   0.344531250000E+03   0.302305948089E-08   0.000000000000E+00   0.355468750000E+03   0.306402865087E-08   0.000000000000E+00
  330.   0.343750000000E+03   0.131570365179E-08   0.000000000000E+00   0.356250000000E+03   0.133599201279E-08   0.000000000000E+00
  331.   0.342968750000E+03   0.229948075476E-08   0.000000000000E+00   0.357031250000E+03   0.233771595364E-08   0.000000000000E+00
  332.   0.342187500000E+03   0.999406448828E-09   0.000000000000E+00   0.357812500000E+03   0.101760620572E-08   0.000000000000E+00
  333.   0.341406250000E+03   0.175935266717E-08   0.000000000000E+00   0.358593750000E+03   0.179285620547E-08   0.000000000000E+00
  334.   0.340625000000E+03   0.764433439727E-09   0.000000000000E+00   0.359375000000E+03   0.779856459456E-09   0.000000000000E+00
  335.   0.339843750000E+03   0.134598209286E-08   0.000000000000E+00   0.360156250000E+03   0.137356461288E-08   0.000000000000E+00
  336.   0.339062500000E+03   0.583083374875E-09   0.000000000000E+00   0.360937500000E+03   0.595306458037E-09   0.000000000000E+00
  337.   0.338281250000E+03   0.102473213401E-08   0.000000000000E+00   0.361718750000E+03   0.104574317768E-08   0.000000000000E+00
  338.   0.337500000000E+03   0.441982248086E-09   0.000000000000E+00   0.362500000000E+03   0.450810172941E-09   0.000000000000E+00
  339.   0.336718750000E+03   0.772967502145E-09   0.000000000000E+00   0.363281250000E+03   0.787135965524E-09   0.000000000000E+00
  340.   0.335937500000E+03   0.331035765322E-09   0.000000000000E+00   0.364062500000E+03   0.336409868076E-09   0.000000000000E+00
  341.   0.335156250000E+03   0.574550092960E-09   0.000000000000E+00   0.364843750000E+03   0.581855592285E-09   0.000000000000E+00
  342.   0.334375000000E+03   0.243474380895E-09   0.000000000000E+00   0.365625000000E+03   0.245437439491E-09   0.000000000000E+00
  343.   0.333593750000E+03   0.417689856141E-09   0.000000000000E+00   0.366406250000E+03   0.418278521037E-09   0.000000000000E+00
  344.   0.332812500000E+03   0.174170716509E-09   0.000000000000E+00   0.367187500000E+03   0.172828210689E-09   0.000000000000E+00
  345.   0.332031250000E+03   0.293457692246E-09   0.000000000000E+00   0.367968750000E+03   0.287578117547E-09   0.000000000000E+00
  346.   0.331250000000E+03   0.119252267241E-09   0.000000000000E+00   0.368750000000E+03   0.114747667194E-09   0.000000000000E+00
  347.   0.330468750000E+03   0.194985607759E-09   0.000000000000E+00   0.369531250000E+03   0.182943963388E-09   0.000000000000E+00
  348.   0.329687500000E+03   0.757111681394E-10   0.000000000000E+00   0.370312500000E+03   0.682071239658E-10   0.000000000000E+00
  349.   0.328906250000E+03   0.116917941491E-09   0.000000000000E+00   0.371093750000E+03   0.990459016540E-10   0.000000000000E+00
  350.   0.328125000000E+03   0.411944533685E-10   0.000000000000E+00   0.371875000000E+03   0.308598459791E-10   0.000000000000E+00
  351.   0.327343750000E+03   0.550467773142E-10   0.000000000000E+00   0.372656250000E+03   0.316796525731E-10   0.000000000000E+00
  352.   0.326562500000E+03   0.138470361967E-10   0.000000000000E+00   0.373437500000E+03   0.848203391390E-12   0.000000000000E+00
  353.   0.325781250000E+03   0.604844454663E-11   0.000000000000E+00   0.374218750000E+03  -0.224892781002E-10   0.000000000000E+00
  354.   0.325000000000E+03  -0.779909577256E-11   0.000000000000E+00   0.375000000000E+03  -0.233041280230E-10   0.000000000000E+00
  355.   0.324218750000E+03  -0.327105653582E-10   0.000000000000E+00   0.375781250000E+03  -0.661142450132E-10   0.000000000000E+00
  356.   0.323437500000E+03  -0.249087539816E-10   0.000000000000E+00   0.376562500000E+03  -0.427734514449E-10   0.000000000000E+00
  357.   0.322656250000E+03  -0.633211505913E-10   0.000000000000E+00   0.377343750000E+03  -0.101311035432E-09   0.000000000000E+00
  358.   0.321875000000E+03  -0.384075211643E-10   0.000000000000E+00   0.378125000000E+03  -0.584986678627E-10   0.000000000000E+00
  359.   0.321093750000E+03  -0.874454566103E-10   0.000000000000E+00   0.378906250000E+03  -0.129768968921E-09   0.000000000000E+00
  360.   0.320312500000E+03  -0.490315834446E-10   0.000000000000E+00   0.379687500000E+03  -0.712298289599E-10   0.000000000000E+00
  361.   0.319531250000E+03  -0.106405808740E-09   0.000000000000E+00   0.380468750000E+03  -0.152837918388E-09   0.000000000000E+00
  362.   0.318750000000E+03  -0.573668478685E-10   0.000000000000E+00   0.381250000000E+03  -0.815665013046E-10   0.000000000000E+00
  363.   0.317968750000E+03  -0.121254690290E-09   0.000000000000E+00   0.382031250000E+03  -0.171597053384E-09   0.000000000000E+00
  364.   0.317187500000E+03  -0.638797455911E-10   0.000000000000E+00   0.382812500000E+03  -0.899881606731E-10   0.000000000000E+00
  365.   0.316406250000E+03  -0.132830029016E-09   0.000000000000E+00   0.383593750000E+03  -0.186909397551E-09   0.000000000000E+00
  366.   0.315625000000E+03  -0.689416415451E-10   0.000000000000E+00   0.384375000000E+03  -0.968782707832E-10   0.000000000000E+00
  367.   0.314843750000E+03  -0.141799070312E-09   0.000000000000E+00   0.385156250000E+03  -0.199465247136E-09   0.000000000000E+00
  368.   0.314062500000E+03  -0.728483322736E-10   0.000000000000E+00   0.385937500000E+03  -0.102543569398E-09   0.000000000000E+00
  369.   0.313281250000E+03  -0.148693203605E-09   0.000000000000E+00   0.386718750000E+03  -0.209816798452E-09   0.000000000000E+00
  370.   0.312500000000E+03  -0.758354672238E-10   0.000000000000E+00   0.387500000000E+03  -0.107229459591E-09   0.000000000000E+00
  371.   0.311718750000E+03  -0.153935649193E-09   0.000000000000E+00   0.388281250000E+03  -0.218405825374E-09   0.000000000000E+00
  372.   0.310937500000E+03  -0.780905810428E-10   0.000000000000E+00   0.389062500000E+03  -0.111132302441E-09   0.000000000000E+00
  373.   0.310156250000E+03  -0.157863501566E-09   0.000000000000E+00   0.389843750000E+03  -0.225585730306E-09   0.000000000000E+00
  374.   0.309375000000E+03  -0.797631448264E-10   0.000000000000E+00   0.390625000000E+03  -0.114409148303E-09   0.000000000000E+00
  375.   0.308593750000E+03  -0.160745227106E-09   0.000000000000E+00   0.391406250000E+03  -0.231639289853E-09   0.000000000000E+00
  376.   0.307812500000E+03  -0.809722006994E-10   0.000000000000E+00   0.392187500000E+03  -0.117185689684E-09   0.000000000000E+00
  377.   0.307031250000E+03  -0.162794679329E-09   0.000000000000E+00   0.392968750000E+03  -0.236792752773E-09   0.000000000000E+00
  378.   0.306250000000E+03  -0.818125238345E-10   0.000000000000E+00   0.393750000000E+03  -0.119562478019E-09   0.000000000000E+00
  379.   0.305468750000E+03  -0.164182189501E-09   0.000000000000E+00   0.394531250000E+03  -0.241227103991E-09   0.000000000000E+00
  380.   0.304687500000E+03  -0.823596354262E-10   0.000000000000E+00   0.395312500000E+03  -0.121619938366E-09   0.000000000000E+00
  381.   0.303906250000E+03  -0.165043415353E-09   0.000000000000E+00   0.396093750000E+03  -0.245087178074E-09   0.000000000000E+00
  382.   0.303125000000E+03  -0.826737131935E-10   0.000000000000E+00   0.396875000000E+03  -0.123422455805E-09   0.000000000000E+00
  383.   0.302343750000E+03  -0.165486404254E-09   0.000000000000E+00   0.397656250000E+03  -0.248488823355E-09   0.000000000000E+00
  384.   0.301562500000E+03  -0.828026325700E-10   0.000000000000E+00   0.398437500000E+03  -0.125021521948E-09   0.000000000000E+00
  385.   0.300781250000E+03  -0.165597222952E-09   0.000000000000E+00   0.399218750000E+03  -0.251524742067E-09   0.000000000000E+00
  386.   0.300000000000E+03  -0.827845401971E-10   0.000000000000E+00   0.400000000000E+03  -0.126458325682E-09   0.000000000000E+00
  387.   0.299218750000E+03  -0.165444418434E-09   0.000000000000E+00   0.400781250000E+03  -0.254269114788E-09   0.000000000000E+00
  388.   0.298437500000E+03  -0.826498303034E-10   0.000000000000E+00   0.401562500000E+03  -0.127765840646E-09   0.000000000000E+00
  389.   0.297656250000E+03  -0.165082571140E-09   0.000000000000E+00   0.402343750000E+03  -0.256781238950E-09   0.000000000000E+00
  390.   0.296875000000E+03  -0.824227160880E-10   0.000000000000E+00   0.403125000000E+03  -0.128970438214E-09   0.000000000000E+00
  391.   0.296093750000E+03  -0.164555158014E-09   0.000000000000E+00   0.403906250000E+03  -0.259108603755E-09   0.000000000000E+00
  392.   0.295312500000E+03  -0.821224710477E-10   0.000000000000E+00   0.404687500000E+03  -0.130093209546E-09   0.000000000000E+00
  393.   0.294531250000E+03  -0.163896797710E-09   0.000000000000E+00   0.405468750000E+03  -0.261289196119E-09   0.000000000000E+00
  394.   0.293750000000E+03  -0.817644142124E-10   0.000000000000E+00   0.406250000000E+03  -0.131151010120E-09   0.000000000000E+00
  395.   0.292968750000E+03  -0.163135059704E-09   0.000000000000E+00   0.407031250000E+03  -0.263353382800E-09   0.000000000000E+00
  396.   0.292187500000E+03  -0.813607616153E-10   0.000000000000E+00   0.407812500000E+03  -0.132157370571E-09   0.000000000000E+00
  397.   0.291406250000E+03  -0.162291891591E-09   0.000000000000E+00   0.408593750000E+03  -0.265325465418E-09   0.000000000000E+00
  398.   0.290625000000E+03  -0.809212879039E-10   0.000000000000E+00   0.409375000000E+03  -0.133123094724E-09   0.000000000000E+00
  399.   0.289843750000E+03  -0.161384770266E-09   0.000000000000E+00   0.410156250000E+03  -0.267224887976E-09   0.000000000000E+00
  400.   0.289062500000E+03  -0.804537008658E-10   0.000000000000E+00   0.410937500000E+03  -0.134056788466E-09   0.000000000000E+00
  401.   0.288281250000E+03  -0.160427622364E-09   0.000000000000E+00   0.411718750000E+03  -0.269067173185E-09   0.000000000000E+00
  402.   0.287500000000E+03  -0.799641827062E-10   0.000000000000E+00   0.412500000000E+03  -0.134965356064E-09   0.000000000000E+00
  403.   0.286718750000E+03  -0.159431509607E-09   0.000000000000E+00   0.413281250000E+03  -0.270864772262E-09   0.000000000000E+00
  404.   0.285937500000E+03  -0.794576642046E-10   0.000000000000E+00   0.414062500000E+03  -0.135854375156E-09   0.000000000000E+00
  405.   0.285156250000E+03  -0.158405242077E-09   0.000000000000E+00   0.414843750000E+03  -0.272627626968E-09   0.000000000000E+00
  406.   0.284375000000E+03  -0.789379807179E-10   0.000000000000E+00   0.415625000000E+03  -0.136728243994E-09   0.000000000000E+00
  407.   0.283593750000E+03  -0.157355842009E-09   0.000000000000E+00   0.416406250000E+03  -0.274363687524E-09   0.000000000000E+00
  408.   0.282812500000E+03  -0.784083004272E-10   0.000000000000E+00   0.417187500000E+03  -0.137590444617E-09   0.000000000000E+00
  409.   0.282031250000E+03  -0.156288885277E-09   0.000000000000E+00   0.417968750000E+03  -0.276079301181E-09   0.000000000000E+00
  410.   0.281250000000E+03  -0.778710866215E-10   0.000000000000E+00   0.418750000000E+03  -0.138443845053E-09   0.000000000000E+00
  411.   0.280468750000E+03  -0.155208800040E-09   0.000000000000E+00   0.419531250000E+03  -0.277779549421E-09   0.000000000000E+00
  412.   0.279687500000E+03  -0.773282817737E-10   0.000000000000E+00   0.420312500000E+03  -0.139290684862E-09   0.000000000000E+00
  413.   0.278906250000E+03  -0.154119123097E-09   0.000000000000E+00   0.421093750000E+03  -0.279468487761E-09   0.000000000000E+00
  414.   0.278125000000E+03  -0.767814632337E-10   0.000000000000E+00   0.421875000000E+03  -0.140132789670E-09   0.000000000000E+00
  415.   0.277343750000E+03  -0.153022657790E-09   0.000000000000E+00   0.422656250000E+03  -0.281149363877E-09   0.000000000000E+00
  416.   0.276562500000E+03  -0.762318757447E-10   0.000000000000E+00   0.423437500000E+03  -0.140971562311E-09   0.000000000000E+00
  417.   0.275781250000E+03  -0.151921631182E-09   0.000000000000E+00   0.424218750000E+03  -0.282824761098E-09   0.000000000000E+00
  418.   0.275000000000E+03  -0.756804954393E-10   0.000000000000E+00   0.425000000000E+03  -0.141808182070E-09   0.000000000000E+00
  419.   0.274218750000E+03  -0.150817803119E-09   0.000000000000E+00   0.425781250000E+03  -0.284496757303E-09   0.000000000000E+00
  420.   0.273437500000E+03  -0.751281048070E-10   0.000000000000E+00   0.426562500000E+03  -0.142643547050E-09   0.000000000000E+00
  421.   0.272656250000E+03  -0.149712585912E-09   0.000000000000E+00   0.427343750000E+03  -0.286166985696E-09   0.000000000000E+00
  422.   0.271875000000E+03  -0.745753348802E-10   0.000000000000E+00   0.428125000000E+03  -0.143478407904E-09   0.000000000000E+00
  423.   0.271093750000E+03  -0.148607082577E-09   0.000000000000E+00   0.428906250000E+03  -0.287836782092E-09   0.000000000000E+00
  424.   0.270312500000E+03  -0.740226613005E-10   0.000000000000E+00   0.429687500000E+03  -0.144313331180E-09   0.000000000000E+00
  425.   0.269531250000E+03  -0.147502166460E-09   0.000000000000E+00   0.430468750000E+03  -0.289507170436E-09   0.000000000000E+00
  426.   0.268750000000E+03  -0.734704889709E-10   0.000000000000E+00   0.431250000000E+03  -0.145148792884E-09   0.000000000000E+00
  427.   0.267968750000E+03  -0.146398532705E-09   0.000000000000E+00   0.432031250000E+03  -0.291178999657E-09   0.000000000000E+00
  428.   0.267187500000E+03  -0.729190927497E-10   0.000000000000E+00   0.432812500000E+03  -0.145985155210E-09   0.000000000000E+00
  429.   0.266406250000E+03  -0.145296730359E-09   0.000000000000E+00   0.433593750000E+03  -0.292852919633E-09   0.000000000000E+00
  430.   0.265625000000E+03  -0.723687352310E-10   0.000000000000E+00   0.434375000000E+03  -0.146822720641E-09   0.000000000000E+00
  431.   0.264843750000E+03  -0.144197186677E-09   0.000000000000E+00   0.435156250000E+03  -0.294529461000E-09   0.000000000000E+00
  432.   0.264062500000E+03  -0.718196144337E-10   0.000000000000E+00   0.435937500000E+03  -0.147661696443E-09   0.000000000000E+00
  433.   0.263281250000E+03  -0.143100244265E-09   0.000000000000E+00   0.436718750000E+03  -0.296209042702E-09   0.000000000000E+00
  434.   0.262500000000E+03  -0.712718604659E-10   0.000000000000E+00   0.437500000000E+03  -0.148502287593E-09   0.000000000000E+00
  435.   0.261718750000E+03  -0.142006154399E-09   0.000000000000E+00   0.438281250000E+03  -0.297891973086E-09   0.000000000000E+00
  436.   0.260937500000E+03  -0.707255703181E-10   0.000000000000E+00   0.439062500000E+03  -0.149344603851E-09   0.000000000000E+00
  437.   0.260156250000E+03  -0.140915126596E-09   0.000000000000E+00   0.439843750000E+03  -0.299578522890E-09   0.000000000000E+00
  438.   0.259375000000E+03  -0.701808855530E-10   0.000000000000E+00   0.440625000000E+03  -0.150188814975E-09   0.000000000000E+00
  439.   0.258593750000E+03  -0.139827317373E-09   0.000000000000E+00   0.441406250000E+03  -0.301268895270E-09   0.000000000000E+00
  440.   0.257812500000E+03  -0.696378349595E-10   0.000000000000E+00   0.442187500000E+03  -0.151034974479E-09   0.000000000000E+00
  441.   0.257031250000E+03  -0.138742831334E-09   0.000000000000E+00   0.442968750000E+03  -0.302963238718E-09   0.000000000000E+00
  442.   0.256250000000E+03  -0.690964630011E-10   0.000000000000E+00   0.443750000000E+03  -0.151883147880E-09   0.000000000000E+00
  443.   0.255468750000E+03  -0.137661777147E-09   0.000000000000E+00   0.444531250000E+03  -0.304661670987E-09   0.000000000000E+00
  444.   0.254687500000E+03  -0.685568401833E-10   0.000000000000E+00   0.445312500000E+03  -0.152733394804E-09   0.000000000000E+00
  445.   0.253906250000E+03  -0.136584216083E-09   0.000000000000E+00   0.446093750000E+03  -0.306364280582E-09   0.000000000000E+00
  446.   0.253125000000E+03  -0.680189627788E-10   0.000000000000E+00   0.446875000000E+03  -0.153585750553E-09   0.000000000000E+00
  447.   0.252343750000E+03  -0.135510184213E-09   0.000000000000E+00   0.447656250000E+03  -0.308071145135E-09   0.000000000000E+00
  448.   0.251562500000E+03  -0.674828651199E-10   0.000000000000E+00   0.448437500000E+03  -0.154440229748E-09   0.000000000000E+00
  449.   0.250781250000E+03  -0.134439714333E-09   0.000000000000E+00   0.449218750000E+03  -0.309782327337E-09   0.000000000000E+00
  450.   0.250000000000E+03  -0.669485495308E-10   0.000000000000E+00   0.450000000000E+03  -0.155296871422E-09   0.000000000000E+00
  451.   0.249218750000E+03  -0.133372827840E-09   0.000000000000E+00   0.450781250000E+03  -0.311497849904E-09   0.000000000000E+00
  452.   0.248437500000E+03  -0.664160347846E-10   0.000000000000E+00   0.451562500000E+03  -0.156155751268E-09   0.000000000000E+00
  453.   0.247656250000E+03  -0.132309540955E-09   0.000000000000E+00   0.452343750000E+03  -0.313217715106E-09   0.000000000000E+00
  454.   0.246875000000E+03  -0.658853214096E-10   0.000000000000E+00   0.453125000000E+03  -0.157016775569E-09   0.000000000000E+00
  455.   0.246093750000E+03  -0.131249855227E-09   0.000000000000E+00   0.453906250000E+03  -0.314941967986E-09   0.000000000000E+00
  456.   0.245312500000E+03  -0.653564017731E-10   0.000000000000E+00   0.454687500000E+03  -0.157879972900E-09   0.000000000000E+00
  457.   0.244531250000E+03  -0.130193769642E-09   0.000000000000E+00   0.455468750000E+03  -0.316670594960E-09   0.000000000000E+00
  458.   0.243750000000E+03  -0.648292881910E-10   0.000000000000E+00   0.456250000000E+03  -0.158745358602E-09   0.000000000000E+00
  459.   0.242968750000E+03  -0.129141269210E-09   0.000000000000E+00   0.457031250000E+03  -0.318403596316E-09   0.000000000000E+00
  460.   0.242187500000E+03  -0.643039563271E-10   0.000000000000E+00   0.457812500000E+03  -0.159612949754E-09   0.000000000000E+00
  461.   0.241406250000E+03  -0.128092337080E-09   0.000000000000E+00   0.458593750000E+03  -0.320140971888E-09   0.000000000000E+00
  462.   0.240625000000E+03  -0.637804056679E-10   0.000000000000E+00   0.459375000000E+03  -0.160482739300E-09   0.000000000000E+00
  463.   0.239843750000E+03  -0.127046976560E-09   0.000000000000E+00   0.460156250000E+03  -0.321882739611E-09   0.000000000000E+00
  464.   0.239062500000E+03  -0.632586599399E-10   0.000000000000E+00   0.460937500000E+03  -0.161354694971E-09   0.000000000000E+00
  465.   0.238281250000E+03  -0.126005171695E-09   0.000000000000E+00   0.461718750000E+03  -0.323628864040E-09   0.000000000000E+00
  466.   0.237500000000E+03  -0.627386543936E-10   0.000000000000E+00   0.462500000000E+03  -0.162228842926E-09   0.000000000000E+00
  467.   0.236718750000E+03  -0.124966894227E-09   0.000000000000E+00   0.463281250000E+03  -0.325379340272E-09   0.000000000000E+00
  468.   0.235937500000E+03  -0.622204234157E-10   0.000000000000E+00   0.464062500000E+03  -0.163105154489E-09   0.000000000000E+00
  469.   0.235156250000E+03  -0.123932129075E-09   0.000000000000E+00   0.464843750000E+03  -0.327134150382E-09   0.000000000000E+00
  470.   0.234375000000E+03  -0.617039446836E-10   0.000000000000E+00   0.465625000000E+03  -0.163983635908E-09   0.000000000000E+00
  471.   0.233593750000E+03  -0.122900850784E-09   0.000000000000E+00   0.466406250000E+03  -0.328893270946E-09   0.000000000000E+00
  472.   0.232812500000E+03  -0.611892012346E-10   0.000000000000E+00   0.467187500000E+03  -0.164864261954E-09   0.000000000000E+00
  473.   0.232031250000E+03  -0.121873035124E-09   0.000000000000E+00   0.467968750000E+03  -0.330656711612E-09   0.000000000000E+00
  474.   0.231250000000E+03  -0.606761920011E-10   0.000000000000E+00   0.468750000000E+03  -0.165747035545E-09   0.000000000000E+00
  475.   0.230468750000E+03  -0.120848674780E-09   0.000000000000E+00   0.469531250000E+03  -0.332424416631E-09   0.000000000000E+00
  476.   0.229687500000E+03  -0.601649044557E-10   0.000000000000E+00   0.470312500000E+03  -0.166631925571E-09   0.000000000000E+00
  477.   0.228906250000E+03  -0.119827744000E-09   0.000000000000E+00   0.471093750000E+03  -0.334196359153E-09   0.000000000000E+00
  478.   0.228125000000E+03  -0.596553144865E-10   0.000000000000E+00   0.471875000000E+03  -0.167518912111E-09   0.000000000000E+00
  479.   0.227343750000E+03  -0.118810211629E-09   0.000000000000E+00   0.472656250000E+03  -0.335972544797E-09   0.000000000000E+00
  480.   0.226562500000E+03  -0.591474220969E-10   0.000000000000E+00   0.473437500000E+03  -0.168408059970E-09   0.000000000000E+00
  481.   0.225781250000E+03  -0.117796063842E-09   0.000000000000E+00   0.474218750000E+03  -0.337752962199E-09   0.000000000000E+00
  482.   0.225000000000E+03  -0.586412156841E-10   0.000000000000E+00   0.475000000000E+03  -0.169299298310E-09   0.000000000000E+00
  483.   0.224218750000E+03  -0.116785276889E-09   0.000000000000E+00   0.475781250000E+03  -0.339537585524E-09   0.000000000000E+00
  484.   0.223437500000E+03  -0.581366804651E-10   0.000000000000E+00   0.476562500000E+03  -0.170192648586E-09   0.000000000000E+00
  485.   0.222656250000E+03  -0.115777824961E-09   0.000000000000E+00   0.477343750000E+03  -0.341326382234E-09   0.000000000000E+00
  486.   0.221875000000E+03  -0.576338136241E-10   0.000000000000E+00   0.478125000000E+03  -0.171088082510E-09   0.000000000000E+00
  487.   0.221093750000E+03  -0.114773687142E-09   0.000000000000E+00   0.478906250000E+03  -0.343119359904E-09   0.000000000000E+00
  488.   0.220312500000E+03  -0.571325888901E-10   0.000000000000E+00   0.479687500000E+03  -0.171985562752E-09   0.000000000000E+00
  489.   0.219531250000E+03  -0.113772838577E-09   0.000000000000E+00   0.480468750000E+03  -0.344916470925E-09   0.000000000000E+00
  490.   0.218750000000E+03  -0.566330165983E-10   0.000000000000E+00   0.481250000000E+03  -0.172885163020E-09   0.000000000000E+00
  491.   0.217968750000E+03  -0.112775259630E-09   0.000000000000E+00   0.482031250000E+03  -0.346717683030E-09   0.000000000000E+00
  492.   0.217187500000E+03  -0.561350655546E-10   0.000000000000E+00   0.482812500000E+03  -0.173786767310E-09   0.000000000000E+00
  493.   0.216406250000E+03  -0.111780931161E-09   0.000000000000E+00   0.483593750000E+03  -0.348523002250E-09   0.000000000000E+00
  494.   0.215625000000E+03  -0.556387300608E-10   0.000000000000E+00   0.484375000000E+03  -0.174690427541E-09   0.000000000000E+00
  495.   0.214843750000E+03  -0.110789826258E-09   0.000000000000E+00   0.485156250000E+03  -0.350332395129E-09   0.000000000000E+00
  496.   0.214062500000E+03  -0.551440149442E-10   0.000000000000E+00   0.485937500000E+03  -0.175596129308E-09   0.000000000000E+00
  497.   0.213281250000E+03  -0.109801927948E-09   0.000000000000E+00   0.486718750000E+03  -0.352145815077E-09   0.000000000000E+00
  498.   0.212500000000E+03  -0.546508857208E-10   0.000000000000E+00   0.487500000000E+03  -0.176503834712E-09   0.000000000000E+00
  499.   0.211718750000E+03  -0.108817209227E-09   0.000000000000E+00   0.488281250000E+03  -0.353963290339E-09   0.000000000000E+00
  500.   0.210937500000E+03  -0.541593455880E-10   0.000000000000E+00   0.489062500000E+03  -0.177413553938E-09   0.000000000000E+00
  501.   0.210156250000E+03  -0.107835646860E-09   0.000000000000E+00   0.489843750000E+03  -0.355784800293E-09   0.000000000000E+00
  502.   0.209375000000E+03  -0.536693729342E-10   0.000000000000E+00   0.490625000000E+03  -0.178325285278E-09   0.000000000000E+00
  503.   0.208593750000E+03  -0.106857221721E-09   0.000000000000E+00   0.491406250000E+03  -0.357610290718E-09   0.000000000000E+00
  504.   0.207812500000E+03  -0.531809629699E-10   0.000000000000E+00   0.492187500000E+03  -0.179238991513E-09   0.000000000000E+00
  505.   0.207031250000E+03  -0.105881913860E-09   0.000000000000E+00   0.492968750000E+03  -0.359439741625E-09   0.000000000000E+00
  506.   0.206250000000E+03  -0.526941097061E-10   0.000000000000E+00   0.493750000000E+03  -0.180154723919E-09   0.000000000000E+00
  507.   0.205468750000E+03  -0.104909699443E-09   0.000000000000E+00   0.494531250000E+03  -0.361273159000E-09   0.000000000000E+00
  508.   0.204687500000E+03  -0.522087945195E-10   0.000000000000E+00   0.495312500000E+03  -0.181072404602E-09   0.000000000000E+00
  509.   0.203906250000E+03  -0.103940559967E-09   0.000000000000E+00   0.496093750000E+03  -0.363110513891E-09   0.000000000000E+00
  510.   0.203125000000E+03  -0.517250184795E-10   0.000000000000E+00   0.496875000000E+03  -0.181992019712E-09   0.000000000000E+00
  511.   0.202343750000E+03  -0.102974477552E-09   0.000000000000E+00   0.497656250000E+03  -0.364951776383E-09   0.000000000000E+00
  512.   0.201562500000E+03  -0.512427587827E-10   0.000000000000E+00   0.498437500000E+03  -0.182913613851E-09   0.000000000000E+00
  513.   0.200781250000E+03  -0.102011426892E-09   0.000000000000E+00   0.499218750000E+03  -0.366796938601E-09   0.000000000000E+00
  514.   0.200000000000E+03  -0.507620102904E-10   0.000000000000E+00   0.500000000000E+03  -0.183837141335E-09   0.000000000000E+00
  515.   0.199218750000E+03  -0.101051388627E-09   0.000000000000E+00   0.500781250000E+03  -0.368645963760E-09   0.000000000000E+00
  516.   0.198437500000E+03  -0.502827655769E-10   0.000000000000E+00   0.501562500000E+03  -0.184762605518E-09   0.000000000000E+00
  517.   0.197656250000E+03  -0.100094343000E-09   0.000000000000E+00   0.502343750000E+03  -0.370498846126E-09   0.000000000000E+00
  518.   0.196875000000E+03  -0.498050116491E-10   0.000000000000E+00   0.503125000000E+03  -0.185689988004E-09   0.000000000000E+00
  519.   0.196093750000E+03  -0.991402687093E-10   0.000000000000E+00   0.503906250000E+03  -0.372355575756E-09   0.000000000000E+00
  520.   0.195312500000E+03  -0.493287335344E-10   0.000000000000E+00   0.504687500000E+03  -0.186619265592E-09   0.000000000000E+00
  521.   0.194531250000E+03  -0.981891456901E-10   0.000000000000E+00   0.505468750000E+03  -0.374216114631E-09   0.000000000000E+00
  522.   0.193750000000E+03  -0.488539296274E-10   0.000000000000E+00   0.506250000000E+03  -0.187550461900E-09   0.000000000000E+00
  523.   0.192968750000E+03  -0.972409541105E-10   0.000000000000E+00   0.507031250000E+03  -0.376080451739E-09   0.000000000000E+00
  524.   0.192187500000E+03  -0.483805946329E-10   0.000000000000E+00   0.507812500000E+03  -0.188483553171E-09   0.000000000000E+00
  525.   0.191406250000E+03  -0.962956729295E-10   0.000000000000E+00   0.508593750000E+03  -0.377948574743E-09   0.000000000000E+00
  526.   0.190625000000E+03  -0.479087005238E-10   0.000000000000E+00   0.509375000000E+03  -0.189418548106E-09   0.000000000000E+00
  527.   0.189843750000E+03  -0.953532907638E-10   0.000000000000E+00   0.510156250000E+03  -0.379820438747E-09   0.000000000000E+00
  528.   0.189062500000E+03  -0.474382457263E-10   0.000000000000E+00   0.510937500000E+03  -0.190355375542E-09   0.000000000000E+00
  529.   0.188281250000E+03  -0.944137819055E-10   0.000000000000E+00   0.511718750000E+03  -0.381696050410E-09   0.000000000000E+00
  530.   0.187500000000E+03  -0.469692314309E-10   0.000000000000E+00   0.512500000000E+03  -0.191294083547E-09   0.000000000000E+00
  531.   0.186718750000E+03  -0.934771287213E-10   0.000000000000E+00   0.513281250000E+03  -0.383575387283E-09   0.000000000000E+00
  532.   0.185937500000E+03  -0.465016332302E-10   0.000000000000E+00   0.514062500000E+03  -0.192234669477E-09   0.000000000000E+00
  533.   0.185156250000E+03  -0.925433162070E-10   0.000000000000E+00   0.514843750000E+03  -0.385458433749E-09   0.000000000000E+00
  534.   0.184375000000E+03  -0.460354615777E-10   0.000000000000E+00   0.515625000000E+03  -0.193177124843E-09   0.000000000000E+00
  535.   0.183593750000E+03  -0.916123241838E-10   0.000000000000E+00   0.516406250000E+03  -0.387345160106E-09   0.000000000000E+00
  536.   0.182812500000E+03  -0.455706886282E-10   0.000000000000E+00   0.517187500000E+03  -0.194121361602E-09   0.000000000000E+00
  537.   0.182031250000E+03  -0.906841325100E-10   0.000000000000E+00   0.517968750000E+03  -0.389235548834E-09   0.000000000000E+00
  538.   0.181250000000E+03  -0.451073143587E-10   0.000000000000E+00   0.518750000000E+03  -0.195067422157E-09   0.000000000000E+00
  539.   0.180468750000E+03  -0.897587225844E-10   0.000000000000E+00   0.519531250000E+03  -0.391129608119E-09   0.000000000000E+00
  540.   0.179687500000E+03  -0.446453248019E-10   0.000000000000E+00   0.520312500000E+03  -0.196015346635E-09   0.000000000000E+00
  541.   0.178906250000E+03  -0.888360761392E-10   0.000000000000E+00   0.521093750000E+03  -0.393027308308E-09   0.000000000000E+00
  542.   0.178125000000E+03  -0.441847112390E-10   0.000000000000E+00   0.521875000000E+03  -0.196965066528E-09   0.000000000000E+00
  543.   0.177343750000E+03  -0.879161752033E-10   0.000000000000E+00   0.522656250000E+03  -0.394928620540E-09   0.000000000000E+00
  544.   0.176562500000E+03  -0.437254712792E-10   0.000000000000E+00   0.523437500000E+03  -0.197916606075E-09   0.000000000000E+00
  545.   0.175781250000E+03  -0.869990062867E-10   0.000000000000E+00   0.524218750000E+03  -0.396833547461E-09   0.000000000000E+00
  546.   0.175000000000E+03  -0.432675784036E-10   0.000000000000E+00   0.525000000000E+03  -0.198869946642E-09   0.000000000000E+00
  547.   0.174218750000E+03  -0.860845529459E-10   0.000000000000E+00   0.525781250000E+03  -0.398742048428E-09   0.000000000000E+00
  548.   0.173437500000E+03  -0.428110493214E-10   0.000000000000E+00   0.526562500000E+03  -0.199825055858E-09   0.000000000000E+00
  549.   0.172656250000E+03  -0.851727973324E-10   0.000000000000E+00   0.527343750000E+03  -0.400654119594E-09   0.000000000000E+00
  550.   0.171875000000E+03  -0.423558632008E-10   0.000000000000E+00   0.528125000000E+03  -0.200781969928E-09   0.000000000000E+00
  551.   0.171093750000E+03  -0.842637210498E-10   0.000000000000E+00   0.528906250000E+03  -0.402569729713E-09   0.000000000000E+00
  552.   0.170312500000E+03  -0.419020129686E-10   0.000000000000E+00   0.529687500000E+03  -0.201740625900E-09   0.000000000000E+00
  553.   0.169531250000E+03  -0.833573036489E-10   0.000000000000E+00   0.530468750000E+03  -0.404488876932E-09   0.000000000000E+00
  554.   0.168750000000E+03  -0.414494867507E-10   0.000000000000E+00   0.531250000000E+03  -0.202701063910E-09   0.000000000000E+00
  555.   0.167968750000E+03  -0.824535333309E-10   0.000000000000E+00   0.532031250000E+03  -0.406411547333E-09   0.000000000000E+00
  556.   0.167187500000E+03  -0.409982807399E-10   0.000000000000E+00   0.532812500000E+03  -0.203663219265E-09   0.000000000000E+00
  557.   0.166406250000E+03  -0.815523984037E-10   0.000000000000E+00   0.533593750000E+03  -0.408337708890E-09   0.000000000000E+00
  558.   0.165625000000E+03  -0.405483911798E-10   0.000000000000E+00   0.534375000000E+03  -0.204627126884E-09   0.000000000000E+00
  559.   0.164843750000E+03  -0.806538782682E-10   0.000000000000E+00   0.535156250000E+03  -0.410267360390E-09   0.000000000000E+00
  560.   0.164062500000E+03  -0.400998025539E-10   0.000000000000E+00   0.535937500000E+03  -0.205592804990E-09   0.000000000000E+00
  561.   0.163281250000E+03  -0.797579537354E-10   0.000000000000E+00   0.536718750000E+03  -0.412200496851E-09   0.000000000000E+00
  562.   0.162500000000E+03  -0.396524962722E-10   0.000000000000E+00   0.537500000000E+03  -0.206560236312E-09   0.000000000000E+00
  563.   0.161718750000E+03  -0.788646240369E-10   0.000000000000E+00   0.538281250000E+03  -0.414137043043E-09   0.000000000000E+00
  564.   0.160937500000E+03  -0.392065071221E-10   0.000000000000E+00   0.539062500000E+03  -0.207529322054E-09   0.000000000000E+00
  565.   0.160156250000E+03  -0.779738694755E-10   0.000000000000E+00   0.539843750000E+03  -0.416077010584E-09   0.000000000000E+00
  566.   0.159375000000E+03  -0.387617807993E-10   0.000000000000E+00   0.540625000000E+03  -0.208500136922E-09   0.000000000000E+00
  567.   0.158593750000E+03  -0.770856672821E-10   0.000000000000E+00   0.541406250000E+03  -0.418020387482E-09   0.000000000000E+00
  568.   0.157812500000E+03  -0.383183328811E-10   0.000000000000E+00   0.542187500000E+03  -0.209472634142E-09   0.000000000000E+00
  569.   0.157031250000E+03  -0.762000047303E-10   0.000000000000E+00   0.542968750000E+03  -0.419967141620E-09   0.000000000000E+00
  570.   0.156250000000E+03  -0.378761602308E-10   0.000000000000E+00   0.543750000000E+03  -0.210446824848E-09   0.000000000000E+00
  571.   0.155468750000E+03  -0.753168751444E-10   0.000000000000E+00   0.544531250000E+03  -0.421917249636E-09   0.000000000000E+00
  572.   0.154687500000E+03  -0.374352433610E-10   0.000000000000E+00   0.545312500000E+03  -0.211422668259E-09   0.000000000000E+00
  573.   0.153906250000E+03  -0.744362650527E-10   0.000000000000E+00   0.546093750000E+03  -0.423870667384E-09   0.000000000000E+00
  574.   0.153125000000E+03  -0.369955817115E-10   0.000000000000E+00   0.546875000000E+03  -0.212400217576E-09   0.000000000000E+00
  575.   0.152343750000E+03  -0.735581608084E-10   0.000000000000E+00   0.547656250000E+03  -0.425827377870E-09   0.000000000000E+00
  576.   0.151562500000E+03  -0.365571720882E-10   0.000000000000E+00   0.548437500000E+03  -0.213379337298E-09   0.000000000000E+00
  577.   0.150781250000E+03  -0.726825549705E-10   0.000000000000E+00   0.549218750000E+03  -0.427787337721E-09   0.000000000000E+00
  578.   0.150000000000E+03  -0.361200059593E-10   0.000000000000E+00   0.550000000000E+03  -0.214360076488E-09   0.000000000000E+00
  579.   0.149218750000E+03  -0.718094343864E-10   0.000000000000E+00   0.550781250000E+03  -0.429750509592E-09   0.000000000000E+00
  580.   0.148437500000E+03  -0.356840835932E-10   0.000000000000E+00   0.551562500000E+03  -0.215342475036E-09   0.000000000000E+00
  581.   0.147656250000E+03  -0.709387926802E-10   0.000000000000E+00   0.552343750000E+03  -0.431716841942E-09   0.000000000000E+00
  582.   0.146875000000E+03  -0.352493969889E-10   0.000000000000E+00   0.553125000000E+03  -0.216326386416E-09   0.000000000000E+00
  583.   0.146093750000E+03  -0.700706184274E-10   0.000000000000E+00   0.553906250000E+03  -0.433686265561E-09   0.000000000000E+00
  584.   0.145312500000E+03  -0.348159408586E-10   0.000000000000E+00   0.554687500000E+03  -0.217311815685E-09   0.000000000000E+00
  585.   0.144531250000E+03  -0.692049080761E-10   0.000000000000E+00   0.555468750000E+03  -0.435658695425E-09   0.000000000000E+00
  586.   0.143750000000E+03  -0.343837233536E-10   0.000000000000E+00   0.556250000000E+03  -0.218298742342E-09   0.000000000000E+00
  587.   0.142968750000E+03  -0.683416615002E-10   0.000000000000E+00   0.557031250000E+03  -0.437634038486E-09   0.000000000000E+00
  588.   0.142187500000E+03  -0.339527267646E-10   0.000000000000E+00   0.557812500000E+03  -0.219287083575E-09   0.000000000000E+00
  589.   0.141406250000E+03  -0.674808763133E-10   0.000000000000E+00   0.558593750000E+03  -0.439612191129E-09   0.000000000000E+00
  590.   0.140625000000E+03  -0.335229626665E-10   0.000000000000E+00   0.559375000000E+03  -0.220276799617E-09   0.000000000000E+00
  591.   0.139843750000E+03  -0.666225572197E-10   0.000000000000E+00   0.560156250000E+03  -0.441593011127E-09   0.000000000000E+00
  592.   0.139062500000E+03  -0.330944358675E-10   0.000000000000E+00   0.560937500000E+03  -0.221267806639E-09   0.000000000000E+00
  593.   0.138281250000E+03  -0.657667100221E-10   0.000000000000E+00   0.561718750000E+03  -0.443576340389E-09   0.000000000000E+00
  594.   0.137500000000E+03  -0.326671466388E-10   0.000000000000E+00   0.562500000000E+03  -0.222260072710E-09   0.000000000000E+00
  595.   0.136718750000E+03  -0.649133428265E-10   0.000000000000E+00   0.563281250000E+03  -0.445561962738E-09   0.000000000000E+00
  596.   0.135937500000E+03  -0.322411023037E-10   0.000000000000E+00   0.564062500000E+03  -0.223253376205E-09   0.000000000000E+00
  597.   0.135156250000E+03  -0.640624739444E-10   0.000000000000E+00   0.564843750000E+03  -0.447549612078E-09   0.000000000000E+00
  598.   0.134375000000E+03  -0.318163090931E-10   0.000000000000E+00   0.565625000000E+03  -0.224247651281E-09   0.000000000000E+00
  599.   0.133593750000E+03  -0.632141267164E-10   0.000000000000E+00   0.566406250000E+03  -0.449538962449E-09   0.000000000000E+00
  600.   0.132812500000E+03  -0.313927834399E-10   0.000000000000E+00   0.567187500000E+03  -0.225242665080E-09   0.000000000000E+00
  601.   0.132031250000E+03  -0.623683357875E-10   0.000000000000E+00   0.567968750000E+03  -0.451529622026E-09   0.000000000000E+00
  602.   0.131250000000E+03  -0.309705405968E-10   0.000000000000E+00   0.568750000000E+03  -0.226238312098E-09   0.000000000000E+00
  603.   0.130468750000E+03  -0.615251475130E-10   0.000000000000E+00   0.569531250000E+03  -0.453521084966E-09   0.000000000000E+00
  604.   0.129687500000E+03  -0.305496219264E-10   0.000000000000E+00   0.570312500000E+03  -0.227234107621E-09   0.000000000000E+00
  605.   0.128906250000E+03  -0.606846230696E-10   0.000000000000E+00   0.571093750000E+03  -0.455512764880E-09   0.000000000000E+00
  606.   0.128125000000E+03  -0.301300440413E-10   0.000000000000E+00   0.571875000000E+03  -0.228229829507E-09   0.000000000000E+00
  607.   0.127343750000E+03  -0.598468384348E-10   0.000000000000E+00   0.572656250000E+03  -0.457503842060E-09   0.000000000000E+00
  608.   0.126562500000E+03  -0.297118604221E-10   0.000000000000E+00   0.573437500000E+03  -0.229225108703E-09   0.000000000000E+00
  609.   0.125781250000E+03  -0.590118933663E-10   0.000000000000E+00   0.574218750000E+03  -0.459493408570E-09   0.000000000000E+00
  610.   0.125000000000E+03  -0.292951273245E-10   0.000000000000E+00   0.575000000000E+03  -0.230219382464E-09   0.000000000000E+00
  611.   0.124218750000E+03  -0.581799227235E-10   0.000000000000E+00   0.575781250000E+03  -0.461480321357E-09   0.000000000000E+00
  612.   0.123437500000E+03  -0.288799283756E-10   0.000000000000E+00   0.576562500000E+03  -0.231212038780E-09   0.000000000000E+00
  613.   0.122656250000E+03  -0.573510986748E-10   0.000000000000E+00   0.577343750000E+03  -0.463463248944E-09   0.000000000000E+00
  614.   0.121875000000E+03  -0.284663414402E-10   0.000000000000E+00   0.578125000000E+03  -0.232202309876E-09   0.000000000000E+00
  615.   0.121093750000E+03  -0.565256453103E-10   0.000000000000E+00   0.578906250000E+03  -0.465440491388E-09   0.000000000000E+00
  616.   0.120312500000E+03  -0.280545044342E-10   0.000000000000E+00   0.579687500000E+03  -0.233189294353E-09   0.000000000000E+00
  617.   0.119531250000E+03  -0.557038431464E-10   0.000000000000E+00   0.580468750000E+03  -0.467410030442E-09   0.000000000000E+00
  618.   0.118750000000E+03  -0.276445673170E-10   0.000000000000E+00   0.581250000000E+03  -0.234171915475E-09   0.000000000000E+00
  619.   0.117968750000E+03  -0.548860624515E-10   0.000000000000E+00   0.582031250000E+03  -0.469369462305E-09   0.000000000000E+00
  620.   0.117187500000E+03  -0.272367434736E-10   0.000000000000E+00   0.582812500000E+03  -0.235148656083E-09   0.000000000000E+00
  621.   0.116406250000E+03  -0.540727705905E-10   0.000000000000E+00   0.583593750000E+03  -0.471315810328E-09   0.000000000000E+00
  622.   0.115625000000E+03  -0.268312718009E-10   0.000000000000E+00   0.584375000000E+03  -0.236117886299E-09   0.000000000000E+00
  623.   0.114843750000E+03  -0.532645549523E-10   0.000000000000E+00   0.585156250000E+03  -0.473245411716E-09   0.000000000000E+00
  624.   0.114062500000E+03  -0.264284647201E-10   0.000000000000E+00   0.585937500000E+03  -0.237077282823E-09   0.000000000000E+00
  625.   0.113281250000E+03  -0.524621357949E-10   0.000000000000E+00   0.586718750000E+03  -0.475153489641E-09   0.000000000000E+00
  626.   0.112500000000E+03  -0.260286644999E-10   0.000000000000E+00   0.587500000000E+03  -0.238023689940E-09   0.000000000000E+00
  627.   0.111718750000E+03  -0.516663793008E-10   0.000000000000E+00   0.588281250000E+03  -0.477033716986E-09   0.000000000000E+00
  628.   0.110937500000E+03  -0.256322751586E-10   0.000000000000E+00   0.589062500000E+03  -0.238952672130E-09   0.000000000000E+00
  629.   0.110156250000E+03  -0.508782846521E-10   0.000000000000E+00   0.589843750000E+03  -0.478877014846E-09   0.000000000000E+00
  630.   0.109375000000E+03  -0.252396571400E-10   0.000000000000E+00   0.590625000000E+03  -0.239857216987E-09   0.000000000000E+00
  631.   0.108593750000E+03  -0.500989840278E-10   0.000000000000E+00   0.591406250000E+03  -0.480670388434E-09   0.000000000000E+00
  632.   0.107812500000E+03  -0.248511769918E-10   0.000000000000E+00   0.592187500000E+03  -0.240727188508E-09   0.000000000000E+00
  633.   0.107031250000E+03  -0.493295426889E-10   0.000000000000E+00   0.592968750000E+03  -0.482393062461E-09   0.000000000000E+00
  634.   0.106250000000E+03  -0.244665375078E-10   0.000000000000E+00   0.593750000000E+03  -0.241541423023E-09   0.000000000000E+00
  635.   0.105468750000E+03  -0.485716550197E-10   0.000000000000E+00   0.594531250000E+03  -0.484020451609E-09   0.000000000000E+00
  636.   0.104687500000E+03  -0.240870001976E-10   0.000000000000E+00   0.595312500000E+03  -0.242289119450E-09   0.000000000000E+00
  637.   0.103906250000E+03  -0.478250034363E-10   0.000000000000E+00   0.596093750000E+03  -0.485491554317E-09   0.000000000000E+00
  638.   0.103125000000E+03  -0.237043015242E-10   0.000000000000E+00   0.596875000000E+03  -0.242849662409E-09   0.000000000000E+00
  639.   0.102343750000E+03  -0.470958572439E-10   0.000000000000E+00   0.597656250000E+03  -0.486788282962E-09   0.000000000000E+00
  640.   0.101562500000E+03  -0.233606303695E-10   0.000000000000E+00   0.598437500000E+03  -0.243625086367E-09   0.000000000000E+00
  641.   0.100781250000E+03  -0.463300602915E-10   0.000000000000E+00   0.599218750000E+03  -0.487195836689E-09   0.000000000000E+00
