mode f[Hz] tag=zp4_sc_h15 target=127.38344Hz
  1.     0.00000000E+00
  2.     0.12710474E+03
  3.     0.59059080E+03
  4.     0.14122740E+04
  5.     0.23991613E+04
  6.     0.25929992E+04
  7.     0.40942842E+04
  8.     0.58718361E+04
  9.     0.61485568E+04
 10.     0.78817290E+04
 11.     0.10084107E+05
 12.     0.10366944E+05
 13.     0.12444452E+05
 14.     0.14933726E+05
 15.     0.14955108E+05
 16.     0.17527937E+05
 17.     0.19653941E+05
 18.     0.20207458E+05
 19.     0.22956321E+05
 20.     0.24379346E+05
