i  r_top  QtopRe  QtopIm  r_bot  QbotRe  QbotIm   [mm, mC]
    1.   0.600000000000E+03  -0.428477948942E-11   0.000000000000E+00   0.100000000000E+03  -0.468587686633E-12   0.000000000000E+00
    2.   0.100000000000E+03  -0.468595841790E-12   0.000000000000E+00   0.600000000000E+03  -0.428477088409E-11   0.000000000000E+00
    3.   0.599218750000E+03  -0.160308911367E-10   0.000000000000E+00   0.100781250000E+03  -0.174897747840E-11   0.000000000000E+00
    4.   0.598437500000E+03  -0.743257760669E-11   0.000000000000E+00   0.101562500000E+03  -0.809324265232E-12   0.000000000000E+00
    5.   0.597656250000E+03  -0.138286394525E-10   0.000000000000E+00   0.102343750000E+03  -0.151077686781E-11   0.000000000000E+00
    6.   0.596875000000E+03  -0.639742703754E-11   0.000000000000E+00   0.103125000000E+03  -0.701209287579E-12   0.000000000000E+00
    7.   0.596093750000E+03  -0.123920574197E-10   0.000000000000E+00   0.103906250000E+03  -0.135876345907E-11   0.000000000000E+00
    8.   0.595312500000E+03  -0.594437070674E-11   0.000000000000E+00   0.104687500000E+03  -0.652770240114E-12   0.000000000000E+00
    9.   0.594531250000E+03  -0.118452016674E-10   0.000000000000E+00   0.105468750000E+03  -0.129993400675E-11   0.000000000000E+00
   10.   0.593750000000E+03  -0.585078490335E-11   0.000000000000E+00   0.106250000000E+03  -0.642446554975E-12   0.000000000000E+00
   11.   0.592968750000E+03  -0.118564110745E-10   0.000000000000E+00   0.107031250000E+03  -0.130172419348E-11   0.000000000000E+00
   12.   0.592187500000E+03  -0.595705939509E-11   0.000000000000E+00   0.107812500000E+03  -0.654699959561E-12   0.000000000000E+00
   13.   0.591406250000E+03  -0.121374629862E-10   0.000000000000E+00   0.108593750000E+03  -0.133580275910E-11   0.000000000000E+00
   14.   0.590625000000E+03  -0.613516769680E-11   0.000000000000E+00   0.109375000000E+03  -0.676829720742E-12   0.000000000000E+00
   15.   0.589843750000E+03  -0.124881237614E-10   0.000000000000E+00   0.110156250000E+03  -0.138197965753E-11   0.000000000000E+00
   16.   0.589062500000E+03  -0.631037281164E-11   0.000000000000E+00   0.110937500000E+03  -0.701106553471E-12   0.000000000000E+00
   17.   0.588281250000E+03  -0.127963054420E-10   0.000000000000E+00   0.111718750000E+03  -0.142835155061E-11   0.000000000000E+00
   18.   0.587500000000E+03  -0.644551350058E-11   0.000000000000E+00   0.112500000000E+03  -0.723388573979E-12   0.000000000000E+00
   19.   0.586718750000E+03  -0.130146606289E-10   0.000000000000E+00   0.113281250000E+03  -0.146927708194E-11   0.000000000000E+00
   20.   0.585937500000E+03  -0.653026057047E-11   0.000000000000E+00   0.114062500000E+03  -0.742161618709E-12   0.000000000000E+00
   21.   0.585156250000E+03  -0.131373933681E-10   0.000000000000E+00   0.114843750000E+03  -0.150328003600E-11   0.000000000000E+00
   22.   0.584375000000E+03  -0.656924167561E-11   0.000000000000E+00   0.115625000000E+03  -0.757468219789E-12   0.000000000000E+00
   23.   0.583593750000E+03  -0.131803746916E-10   0.000000000000E+00   0.116406250000E+03  -0.153119872423E-11   0.000000000000E+00
   24.   0.582812500000E+03  -0.657377895053E-11   0.000000000000E+00   0.117187500000E+03  -0.770112982916E-12   0.000000000000E+00
   25.   0.582031250000E+03  -0.131669552175E-10   0.000000000000E+00   0.117968750000E+03  -0.155480294185E-11   0.000000000000E+00
   26.   0.581250000000E+03  -0.655606845119E-11   0.000000000000E+00   0.118750000000E+03  -0.781078753452E-12   0.000000000000E+00
   27.   0.580468750000E+03  -0.131193432530E-10   0.000000000000E+00   0.119531250000E+03  -0.157592579291E-11   0.000000000000E+00
   28.   0.579687500000E+03  -0.652622637886E-11   0.000000000000E+00   0.120312500000E+03  -0.791220826208E-12   0.000000000000E+00
   29.   0.578906250000E+03  -0.130546436422E-10   0.000000000000E+00   0.121093750000E+03  -0.159602752910E-11   0.000000000000E+00
   30.   0.578125000000E+03  -0.649133258117E-11   0.000000000000E+00   0.121875000000E+03  -0.801154033094E-12   0.000000000000E+00
   31.   0.577343750000E+03  -0.129841171895E-10   0.000000000000E+00   0.122656250000E+03  -0.161607315156E-11   0.000000000000E+00
   32.   0.576562500000E+03  -0.645562902741E-11   0.000000000000E+00   0.123437500000E+03  -0.811238883782E-12   0.000000000000E+00
   33.   0.575781250000E+03  -0.129139816204E-10   0.000000000000E+00   0.124218750000E+03  -0.163657738519E-11   0.000000000000E+00
   34.   0.575000000000E+03  -0.642115143513E-11   0.000000000000E+00   0.125000000000E+03  -0.821633159747E-12   0.000000000000E+00
   35.   0.574218750000E+03  -0.128468803270E-10   0.000000000000E+00   0.125781250000E+03  -0.165773503780E-11   0.000000000000E+00
   36.   0.573437500000E+03  -0.638854448107E-11   0.000000000000E+00   0.126562500000E+03  -0.832373689028E-12   0.000000000000E+00
   37.   0.572656250000E+03  -0.127833308473E-10   0.000000000000E+00   0.127343750000E+03  -0.167954708338E-11   0.000000000000E+00
   38.   0.571875000000E+03  -0.635763418833E-11   0.000000000000E+00   0.128125000000E+03  -0.843421052927E-12   0.000000000000E+00
   39.   0.571093750000E+03  -0.127228567799E-10   0.000000000000E+00   0.128906250000E+03  -0.170191575257E-11   0.000000000000E+00
   40.   0.570312500000E+03  -0.632807133010E-11   0.000000000000E+00   0.129687500000E+03  -0.854721253615E-12   0.000000000000E+00
   41.   0.569531250000E+03  -0.126646003821E-10   0.000000000000E+00   0.130468750000E+03  -0.172471650562E-11   0.000000000000E+00
   42.   0.568750000000E+03  -0.629949022031E-11   0.000000000000E+00   0.131250000000E+03  -0.866201275057E-12   0.000000000000E+00
   43.   0.567968750000E+03  -0.126077822053E-10   0.000000000000E+00   0.132031250000E+03  -0.174783660007E-11   0.000000000000E+00
   44.   0.567187500000E+03  -0.627133271363E-11   0.000000000000E+00   0.132812500000E+03  -0.877821268723E-12   0.000000000000E+00
   45.   0.566406250000E+03  -0.125517751377E-10   0.000000000000E+00   0.133593750000E+03  -0.177119003379E-11   0.000000000000E+00
   46.   0.565625000000E+03  -0.624348562776E-11   0.000000000000E+00   0.134375000000E+03  -0.889533851929E-12   0.000000000000E+00
   47.   0.564843750000E+03  -0.124961587025E-10   0.000000000000E+00   0.135156250000E+03  -0.179471327198E-11   0.000000000000E+00
   48.   0.564062500000E+03  -0.621574575847E-11   0.000000000000E+00   0.135937500000E+03  -0.901326110152E-12   0.000000000000E+00
   49.   0.563281250000E+03  -0.124407187912E-10   0.000000000000E+00   0.136718750000E+03  -0.181836652938E-11   0.000000000000E+00
   50.   0.562500000000E+03  -0.618809475589E-11   0.000000000000E+00   0.137500000000E+03  -0.913166259002E-12   0.000000000000E+00
   51.   0.561718750000E+03  -0.123853481444E-10   0.000000000000E+00   0.138281250000E+03  -0.184212518852E-11   0.000000000000E+00
   52.   0.560937500000E+03  -0.616044613009E-11   0.000000000000E+00   0.139062500000E+03  -0.925060563265E-12   0.000000000000E+00
   53.   0.560156250000E+03  -0.123300080706E-10   0.000000000000E+00   0.139843750000E+03  -0.186597993052E-11   0.000000000000E+00
   54.   0.559375000000E+03  -0.613282501011E-11   0.000000000000E+00   0.140625000000E+03  -0.936999765707E-12   0.000000000000E+00
   55.   0.558593750000E+03  -0.122746996502E-10   0.000000000000E+00   0.141406250000E+03  -0.188992066708E-11   0.000000000000E+00
   56.   0.557812500000E+03  -0.610519032023E-11   0.000000000000E+00   0.142187500000E+03  -0.948978689554E-12   0.000000000000E+00
   57.   0.557031250000E+03  -0.122194550796E-10   0.000000000000E+00   0.142968750000E+03  -0.191394178248E-11   0.000000000000E+00
   58.   0.556250000000E+03  -0.607761617697E-11   0.000000000000E+00   0.143750000000E+03  -0.960999152229E-12   0.000000000000E+00
   59.   0.555468750000E+03  -0.121642967747E-10   0.000000000000E+00   0.144531250000E+03  -0.193804636363E-11   0.000000000000E+00
   60.   0.554687500000E+03  -0.605007945475E-11   0.000000000000E+00   0.145312500000E+03  -0.973060015672E-12   0.000000000000E+00
   61.   0.553906250000E+03  -0.121092407963E-10   0.000000000000E+00   0.146093750000E+03  -0.196223055542E-11   0.000000000000E+00
   62.   0.553125000000E+03  -0.602260436153E-11   0.000000000000E+00   0.146875000000E+03  -0.985158331522E-12   0.000000000000E+00
   63.   0.552343750000E+03  -0.120542773221E-10   0.000000000000E+00   0.147656250000E+03  -0.198649179226E-11   0.000000000000E+00
   64.   0.551562500000E+03  -0.599515755274E-11   0.000000000000E+00   0.148437500000E+03  -0.997297196096E-12   0.000000000000E+00
   65.   0.550781250000E+03  -0.119994236866E-10   0.000000000000E+00   0.149218750000E+03  -0.201083043641E-11   0.000000000000E+00
   66.   0.550000000000E+03  -0.596779780242E-11   0.000000000000E+00   0.150000000000E+03  -0.100947185485E-11   0.000000000000E+00
   67.   0.549218750000E+03  -0.119446824665E-10   0.000000000000E+00   0.150781250000E+03  -0.203524686801E-11   0.000000000000E+00
   68.   0.548437500000E+03  -0.594046389903E-11   0.000000000000E+00   0.151562500000E+03  -0.102168645212E-11   0.000000000000E+00
   69.   0.547656250000E+03  -0.118900562065E-10   0.000000000000E+00   0.152343750000E+03  -0.205973946220E-11   0.000000000000E+00
   70.   0.546875000000E+03  -0.591322340399E-11   0.000000000000E+00   0.153125000000E+03  -0.103393889032E-11   0.000000000000E+00
   71.   0.546093750000E+03  -0.118355217929E-10   0.000000000000E+00   0.153906250000E+03  -0.208430291543E-11   0.000000000000E+00
   72.   0.545312500000E+03  -0.588599457874E-11   0.000000000000E+00   0.154687500000E+03  -0.104622536380E-11   0.000000000000E+00
   73.   0.544531250000E+03  -0.117810801044E-10   0.000000000000E+00   0.155468750000E+03  -0.210894072886E-11   0.000000000000E+00
   74.   0.543750000000E+03  -0.585884023731E-11   0.000000000000E+00   0.156250000000E+03  -0.105854758832E-11   0.000000000000E+00
   75.   0.542968750000E+03  -0.117267554412E-10   0.000000000000E+00   0.157031250000E+03  -0.213365174541E-11   0.000000000000E+00
   76.   0.542187500000E+03  -0.583173777324E-11   0.000000000000E+00   0.157812500000E+03  -0.107091095832E-11   0.000000000000E+00
   77.   0.541406250000E+03  -0.116725290151E-10   0.000000000000E+00   0.158593750000E+03  -0.215843600438E-11   0.000000000000E+00
   78.   0.540625000000E+03  -0.580464876028E-11   0.000000000000E+00   0.159375000000E+03  -0.108330734582E-11   0.000000000000E+00
   79.   0.539843750000E+03  -0.116183928774E-10   0.000000000000E+00   0.160156250000E+03  -0.218329533336E-11   0.000000000000E+00
   80.   0.539062500000E+03  -0.577762915112E-11   0.000000000000E+00   0.160937500000E+03  -0.109574106586E-11   0.000000000000E+00
   81.   0.538281250000E+03  -0.115643663723E-10   0.000000000000E+00   0.161718750000E+03  -0.220822286361E-11   0.000000000000E+00
   82.   0.537500000000E+03  -0.575066554021E-11   0.000000000000E+00   0.162500000000E+03  -0.110820566059E-11   0.000000000000E+00
   83.   0.536718750000E+03  -0.115104433483E-10   0.000000000000E+00   0.163281250000E+03  -0.223322611680E-11   0.000000000000E+00
   84.   0.535937500000E+03  -0.572374523629E-11   0.000000000000E+00   0.164062500000E+03  -0.112071614135E-11   0.000000000000E+00
   85.   0.535156250000E+03  -0.114566149150E-10   0.000000000000E+00   0.164843750000E+03  -0.225830583374E-11   0.000000000000E+00
   86.   0.534375000000E+03  -0.569688175082E-11   0.000000000000E+00   0.165625000000E+03  -0.113325912197E-11   0.000000000000E+00
   87.   0.533593750000E+03  -0.114028830952E-10   0.000000000000E+00   0.166406250000E+03  -0.228345819465E-11   0.000000000000E+00
   88.   0.532812500000E+03  -0.567006776724E-11   0.000000000000E+00   0.167187500000E+03  -0.114583993262E-11   0.000000000000E+00
   89.   0.532031250000E+03  -0.113492558762E-10   0.000000000000E+00   0.167968750000E+03  -0.230868456139E-11   0.000000000000E+00
   90.   0.531250000000E+03  -0.564328978402E-11   0.000000000000E+00   0.168750000000E+03  -0.115845727609E-11   0.000000000000E+00
   91.   0.530468750000E+03  -0.112957378502E-10   0.000000000000E+00   0.169531250000E+03  -0.233398158793E-11   0.000000000000E+00
   92.   0.529687500000E+03  -0.561657822407E-11   0.000000000000E+00   0.170312500000E+03  -0.117110880612E-11   0.000000000000E+00
   93.   0.528906250000E+03  -0.112423143772E-10   0.000000000000E+00   0.171093750000E+03  -0.235935403434E-11   0.000000000000E+00
   94.   0.528125000000E+03  -0.558991596266E-11   0.000000000000E+00   0.171875000000E+03  -0.118380340260E-11   0.000000000000E+00
   95.   0.527343750000E+03  -0.111889842731E-10   0.000000000000E+00   0.172656250000E+03  -0.238480305876E-11   0.000000000000E+00
   96.   0.526562500000E+03  -0.556331048747E-11   0.000000000000E+00   0.173437500000E+03  -0.119652827658E-11   0.000000000000E+00
   97.   0.525781250000E+03  -0.111357442795E-10   0.000000000000E+00   0.174218750000E+03  -0.241032681348E-11   0.000000000000E+00
   98.   0.525000000000E+03  -0.553672927399E-11   0.000000000000E+00   0.175000000000E+03  -0.120929589099E-11   0.000000000000E+00
   99.   0.524218750000E+03  -0.110826158519E-10   0.000000000000E+00   0.175781250000E+03  -0.243592742480E-11   0.000000000000E+00
  100.   0.523437500000E+03  -0.551021101026E-11   0.000000000000E+00   0.176562500000E+03  -0.122209911587E-11   0.000000000000E+00
  101.   0.522656250000E+03  -0.110296065256E-10   0.000000000000E+00   0.177343750000E+03  -0.246160518584E-11   0.000000000000E+00
  102.   0.521875000000E+03  -0.548375927601E-11   0.000000000000E+00   0.178125000000E+03  -0.123494216761E-11   0.000000000000E+00
  103.   0.521093750000E+03  -0.109766866141E-10   0.000000000000E+00   0.178906250000E+03  -0.248735976357E-11   0.000000000000E+00
  104.   0.520312500000E+03  -0.545732791351E-11   0.000000000000E+00   0.179687500000E+03  -0.124782123651E-11   0.000000000000E+00
  105.   0.519531250000E+03  -0.109238652796E-10   0.000000000000E+00   0.180468750000E+03  -0.251319020961E-11   0.000000000000E+00
  106.   0.518750000000E+03  -0.543095729080E-11   0.000000000000E+00   0.181250000000E+03  -0.126073943230E-11   0.000000000000E+00
  107.   0.517968750000E+03  -0.108711371887E-10   0.000000000000E+00   0.182031250000E+03  -0.253910105110E-11   0.000000000000E+00
  108.   0.517187500000E+03  -0.540465348432E-11   0.000000000000E+00   0.182812500000E+03  -0.127369984634E-11   0.000000000000E+00
  109.   0.516406250000E+03  -0.108185236878E-10   0.000000000000E+00   0.183593750000E+03  -0.256508868377E-11   0.000000000000E+00
  110.   0.515625000000E+03  -0.537838902591E-11   0.000000000000E+00   0.184375000000E+03  -0.128669743011E-11   0.000000000000E+00
  111.   0.514843750000E+03  -0.107660243539E-10   0.000000000000E+00   0.185156250000E+03  -0.259115247522E-11   0.000000000000E+00
  112.   0.514062500000E+03  -0.535218812149E-11   0.000000000000E+00   0.185937500000E+03  -0.129973167699E-11   0.000000000000E+00
  113.   0.513281250000E+03  -0.107136169926E-10   0.000000000000E+00   0.186718750000E+03  -0.261729839687E-11   0.000000000000E+00
  114.   0.512500000000E+03  -0.532602966498E-11   0.000000000000E+00   0.187500000000E+03  -0.131280885258E-11   0.000000000000E+00
  115.   0.511718750000E+03  -0.106613165010E-10   0.000000000000E+00   0.188281250000E+03  -0.264352533771E-11   0.000000000000E+00
  116.   0.510937500000E+03  -0.529991259627E-11   0.000000000000E+00   0.189062500000E+03  -0.132592475591E-11   0.000000000000E+00
  117.   0.510156250000E+03  -0.106091247234E-10   0.000000000000E+00   0.189843750000E+03  -0.266983041038E-11   0.000000000000E+00
  118.   0.509375000000E+03  -0.527386893331E-11   0.000000000000E+00   0.190625000000E+03  -0.133908159505E-11   0.000000000000E+00
  119.   0.508593750000E+03  -0.105570431733E-10   0.000000000000E+00   0.191406250000E+03  -0.269621593551E-11   0.000000000000E+00
  120.   0.507812500000E+03  -0.524787308365E-11   0.000000000000E+00   0.192187500000E+03  -0.135227718103E-11   0.000000000000E+00
  121.   0.507031250000E+03  -0.105050603370E-10   0.000000000000E+00   0.192968750000E+03  -0.272268237096E-11   0.000000000000E+00
  122.   0.506250000000E+03  -0.522194079427E-11   0.000000000000E+00   0.193750000000E+03  -0.136551754223E-11   0.000000000000E+00
  123.   0.505468750000E+03  -0.104531741393E-10   0.000000000000E+00   0.194531250000E+03  -0.274923612109E-11   0.000000000000E+00
  124.   0.504687500000E+03  -0.519602947006E-11   0.000000000000E+00   0.195312500000E+03  -0.137879754305E-11   0.000000000000E+00
  125.   0.503906250000E+03  -0.104014114991E-10   0.000000000000E+00   0.196093750000E+03  -0.277587149357E-11   0.000000000000E+00
  126.   0.503125000000E+03  -0.517019483062E-11   0.000000000000E+00   0.196875000000E+03  -0.139211472290E-11   0.000000000000E+00
  127.   0.502343750000E+03  -0.103497716938E-10   0.000000000000E+00   0.197656250000E+03  -0.280258416899E-11   0.000000000000E+00
  128.   0.501562500000E+03  -0.514441078367E-11   0.000000000000E+00   0.198437500000E+03  -0.140547644264E-11   0.000000000000E+00
  129.   0.500781250000E+03  -0.102982259583E-10   0.000000000000E+00   0.199218750000E+03  -0.282938243395E-11   0.000000000000E+00
  130.   0.500000000000E+03  -0.511867939608E-11   0.000000000000E+00   0.200000000000E+03  -0.141887897457E-11   0.000000000000E+00
  131.   0.499218750000E+03  -0.102467851940E-10   0.000000000000E+00   0.200781250000E+03  -0.285626448707E-11   0.000000000000E+00
  132.   0.498437500000E+03  -0.509301629292E-11   0.000000000000E+00   0.201562500000E+03  -0.143232304860E-11   0.000000000000E+00
  133.   0.497656250000E+03  -0.101954569625E-10   0.000000000000E+00   0.202343750000E+03  -0.288323268159E-11   0.000000000000E+00
  134.   0.496875000000E+03  -0.506739260112E-11   0.000000000000E+00   0.203125000000E+03  -0.144581059977E-11   0.000000000000E+00
  135.   0.496093750000E+03  -0.101442400076E-10   0.000000000000E+00   0.203906250000E+03  -0.291028641074E-11   0.000000000000E+00
  136.   0.495312500000E+03  -0.504182540720E-11   0.000000000000E+00   0.204687500000E+03  -0.145934102972E-11   0.000000000000E+00
  137.   0.494531250000E+03  -0.100931347567E-10   0.000000000000E+00   0.205468750000E+03  -0.293742379783E-11   0.000000000000E+00
  138.   0.493750000000E+03  -0.501631452345E-11   0.000000000000E+00   0.206250000000E+03  -0.147291460995E-11   0.000000000000E+00
  139.   0.492968750000E+03  -0.100421297416E-10   0.000000000000E+00   0.207031250000E+03  -0.296465189802E-11   0.000000000000E+00
  140.   0.492187500000E+03  -0.499085276324E-11   0.000000000000E+00   0.207812500000E+03  -0.148653585567E-11   0.000000000000E+00
  141.   0.491406250000E+03  -0.999123846150E-11   0.000000000000E+00   0.208593750000E+03  -0.299196618447E-11   0.000000000000E+00
  142.   0.490625000000E+03  -0.496544591189E-11   0.000000000000E+00   0.209375000000E+03  -0.150019381345E-11   0.000000000000E+00
  143.   0.489843750000E+03  -0.994046371943E-11   0.000000000000E+00   0.210156250000E+03  -0.301936715924E-11   0.000000000000E+00
  144.   0.489062500000E+03  -0.494010651519E-11   0.000000000000E+00   0.210937500000E+03  -0.151389591679E-11   0.000000000000E+00
  145.   0.488281250000E+03  -0.988981872268E-11   0.000000000000E+00   0.211718750000E+03  -0.304685508020E-11   0.000000000000E+00
  146.   0.487500000000E+03  -0.491483069187E-11   0.000000000000E+00   0.212500000000E+03  -0.152764563190E-11   0.000000000000E+00
  147.   0.486718750000E+03  -0.983927864812E-11   0.000000000000E+00   0.213281250000E+03  -0.307443148420E-11   0.000000000000E+00
  148.   0.485937500000E+03  -0.488961442028E-11   0.000000000000E+00   0.214062500000E+03  -0.154143618342E-11   0.000000000000E+00
  149.   0.485156250000E+03  -0.978885449575E-11   0.000000000000E+00   0.214843750000E+03  -0.310209945234E-11   0.000000000000E+00
  150.   0.484375000000E+03  -0.486444695097E-11   0.000000000000E+00   0.215625000000E+03  -0.155527525017E-11   0.000000000000E+00
  151.   0.483593750000E+03  -0.973853699354E-11   0.000000000000E+00   0.216406250000E+03  -0.312985591376E-11   0.000000000000E+00
  152.   0.482812500000E+03  -0.483932023540E-11   0.000000000000E+00   0.217187500000E+03  -0.156916183634E-11   0.000000000000E+00
  153.   0.482031250000E+03  -0.968833273432E-11   0.000000000000E+00   0.217968750000E+03  -0.315770779779E-11   0.000000000000E+00
  154.   0.481250000000E+03  -0.481425582385E-11   0.000000000000E+00   0.218750000000E+03  -0.158308775436E-11   0.000000000000E+00
  155.   0.480468750000E+03  -0.963824859896E-11   0.000000000000E+00   0.219531250000E+03  -0.318565205709E-11   0.000000000000E+00
  156.   0.479687500000E+03  -0.478926133559E-11   0.000000000000E+00   0.220312500000E+03  -0.159706585071E-11   0.000000000000E+00
  157.   0.478906250000E+03  -0.958827577716E-11   0.000000000000E+00   0.221093750000E+03  -0.321368701107E-11   0.000000000000E+00
  158.   0.478125000000E+03  -0.476431214407E-11   0.000000000000E+00   0.221875000000E+03  -0.161108664852E-11   0.000000000000E+00
  159.   0.477343750000E+03  -0.953843094799E-11   0.000000000000E+00   0.222656250000E+03  -0.324181306494E-11   0.000000000000E+00
  160.   0.476562500000E+03  -0.473943293181E-11   0.000000000000E+00   0.223437500000E+03  -0.162515121126E-11   0.000000000000E+00
  161.   0.475781250000E+03  -0.948869543220E-11   0.000000000000E+00   0.224218750000E+03  -0.327003162858E-11   0.000000000000E+00
  162.   0.475000000000E+03  -0.471459655231E-11   0.000000000000E+00   0.225000000000E+03  -0.163926346772E-11   0.000000000000E+00
  163.   0.474218750000E+03  -0.943908030986E-11   0.000000000000E+00   0.225781250000E+03  -0.329834462879E-11   0.000000000000E+00
  164.   0.473437500000E+03  -0.468984633774E-11   0.000000000000E+00   0.226562500000E+03  -0.165342618255E-11   0.000000000000E+00
  165.   0.472656250000E+03  -0.938959921527E-11   0.000000000000E+00   0.227343750000E+03  -0.332675131908E-11   0.000000000000E+00
  166.   0.471875000000E+03  -0.466514108307E-11   0.000000000000E+00   0.228125000000E+03  -0.166763178813E-11   0.000000000000E+00
  167.   0.471093750000E+03  -0.934022143051E-11   0.000000000000E+00   0.228906250000E+03  -0.335525700080E-11   0.000000000000E+00
  168.   0.470312500000E+03  -0.464049321201E-11   0.000000000000E+00   0.229687500000E+03  -0.168188998336E-11   0.000000000000E+00
  169.   0.469531250000E+03  -0.929096557037E-11   0.000000000000E+00   0.230468750000E+03  -0.338385880242E-11   0.000000000000E+00
  170.   0.468750000000E+03  -0.461590415624E-11   0.000000000000E+00   0.231250000000E+03  -0.169619664445E-11   0.000000000000E+00
  171.   0.467968750000E+03  -0.924182447858E-11   0.000000000000E+00   0.232031250000E+03  -0.341255590072E-11   0.000000000000E+00
  172.   0.467187500000E+03  -0.459137683448E-11   0.000000000000E+00   0.232812500000E+03  -0.171054633960E-11   0.000000000000E+00
  173.   0.466406250000E+03  -0.919280550240E-11   0.000000000000E+00   0.233593750000E+03  -0.344135022953E-11   0.000000000000E+00
  174.   0.465625000000E+03  -0.456692028980E-11   0.000000000000E+00   0.234375000000E+03  -0.172495166485E-11   0.000000000000E+00
  175.   0.464843750000E+03  -0.914392062750E-11   0.000000000000E+00   0.235156250000E+03  -0.347024376495E-11   0.000000000000E+00
  176.   0.464062500000E+03  -0.454250616333E-11   0.000000000000E+00   0.235937500000E+03  -0.173940516689E-11   0.000000000000E+00
  177.   0.463281250000E+03  -0.909515048067E-11   0.000000000000E+00   0.236718750000E+03  -0.349923804260E-11   0.000000000000E+00
  178.   0.462500000000E+03  -0.451816605837E-11   0.000000000000E+00   0.237500000000E+03  -0.175390589366E-11   0.000000000000E+00
  179.   0.461718750000E+03  -0.904650376941E-11   0.000000000000E+00   0.238281250000E+03  -0.352833147114E-11   0.000000000000E+00
  180.   0.460937500000E+03  -0.449388312787E-11   0.000000000000E+00   0.239062500000E+03  -0.176845409643E-11   0.000000000000E+00
  181.   0.460156250000E+03  -0.899797759783E-11   0.000000000000E+00   0.239843750000E+03  -0.355752325611E-11   0.000000000000E+00
  182.   0.459375000000E+03  -0.446965343816E-11   0.000000000000E+00   0.240625000000E+03  -0.178305081458E-11   0.000000000000E+00
  183.   0.458593750000E+03  -0.894957758116E-11   0.000000000000E+00   0.241406250000E+03  -0.358681861492E-11   0.000000000000E+00
  184.   0.457812500000E+03  -0.444549348900E-11   0.000000000000E+00   0.242187500000E+03  -0.179770690093E-11   0.000000000000E+00
  185.   0.457031250000E+03  -0.890131091943E-11   0.000000000000E+00   0.242968750000E+03  -0.361621963259E-11   0.000000000000E+00
  186.   0.456250000000E+03  -0.442140317760E-11   0.000000000000E+00   0.243750000000E+03  -0.181241440862E-11   0.000000000000E+00
  187.   0.455468750000E+03  -0.885317657132E-11   0.000000000000E+00   0.244531250000E+03  -0.364572368625E-11   0.000000000000E+00
  188.   0.454687500000E+03  -0.439736355465E-11   0.000000000000E+00   0.245312500000E+03  -0.182717246396E-11   0.000000000000E+00
  189.   0.453906250000E+03  -0.880515929359E-11   0.000000000000E+00   0.246093750000E+03  -0.367533447382E-11   0.000000000000E+00
  190.   0.453125000000E+03  -0.437340626926E-11   0.000000000000E+00   0.246875000000E+03  -0.184197952545E-11   0.000000000000E+00
  191.   0.452343750000E+03  -0.875727536058E-11   0.000000000000E+00   0.247656250000E+03  -0.370505125236E-11   0.000000000000E+00
  192.   0.451562500000E+03  -0.434951004196E-11   0.000000000000E+00   0.248437500000E+03  -0.185684314546E-11   0.000000000000E+00
  193.   0.450781250000E+03  -0.870952969024E-11   0.000000000000E+00   0.249218750000E+03  -0.373487744132E-11   0.000000000000E+00
  194.   0.450000000000E+03  -0.432567648780E-11   0.000000000000E+00   0.250000000000E+03  -0.187176405286E-11   0.000000000000E+00
  195.   0.449218750000E+03  -0.866191902997E-11   0.000000000000E+00   0.250781250000E+03  -0.376481471022E-11   0.000000000000E+00
  196.   0.448437500000E+03  -0.430191049315E-11   0.000000000000E+00   0.251562500000E+03  -0.188673625682E-11   0.000000000000E+00
  197.   0.447656250000E+03  -0.861444278528E-11   0.000000000000E+00   0.252343750000E+03  -0.379486563833E-11   0.000000000000E+00
  198.   0.446875000000E+03  -0.427820845434E-11   0.000000000000E+00   0.253125000000E+03  -0.190177088317E-11   0.000000000000E+00
  199.   0.446093750000E+03  -0.856711257863E-11   0.000000000000E+00   0.253906250000E+03  -0.382503003770E-11   0.000000000000E+00
  200.   0.445312500000E+03  -0.425458654615E-11   0.000000000000E+00   0.254687500000E+03  -0.191685478095E-11   0.000000000000E+00
  201.   0.444531250000E+03  -0.851991389795E-11   0.000000000000E+00   0.255468750000E+03  -0.385531445020E-11   0.000000000000E+00
  202.   0.443750000000E+03  -0.423102320361E-11   0.000000000000E+00   0.256250000000E+03  -0.193200912443E-11   0.000000000000E+00
  203.   0.442968750000E+03  -0.847287923281E-11   0.000000000000E+00   0.257031250000E+03  -0.388572404260E-11   0.000000000000E+00
  204.   0.442187500000E+03  -0.420755115499E-11   0.000000000000E+00   0.257812500000E+03  -0.194722409296E-11   0.000000000000E+00
  205.   0.441406250000E+03  -0.842600492737E-11   0.000000000000E+00   0.258593750000E+03  -0.391626355836E-11   0.000000000000E+00
  206.   0.440625000000E+03  -0.418417282480E-11   0.000000000000E+00   0.259375000000E+03  -0.196250495957E-11   0.000000000000E+00
  207.   0.439843750000E+03  -0.837928549475E-11   0.000000000000E+00   0.260156250000E+03  -0.394693583953E-11   0.000000000000E+00
  208.   0.439062500000E+03  -0.416085928413E-11   0.000000000000E+00   0.260937500000E+03  -0.197785231281E-11   0.000000000000E+00
  209.   0.438281250000E+03  -0.833274834512E-11   0.000000000000E+00   0.261718750000E+03  -0.397775316679E-11   0.000000000000E+00
  210.   0.437500000000E+03  -0.413763463531E-11   0.000000000000E+00   0.262500000000E+03  -0.199327546718E-11   0.000000000000E+00
  211.   0.436718750000E+03  -0.828639927132E-11   0.000000000000E+00   0.263281250000E+03  -0.400873121888E-11   0.000000000000E+00
  212.   0.435937500000E+03  -0.411451361260E-11   0.000000000000E+00   0.264062500000E+03  -0.200878744166E-11   0.000000000000E+00
  213.   0.435156250000E+03  -0.824024666515E-11   0.000000000000E+00   0.264843750000E+03  -0.403987442245E-11   0.000000000000E+00
  214.   0.434375000000E+03  -0.409148527361E-11   0.000000000000E+00   0.265625000000E+03  -0.202437242396E-11   0.000000000000E+00
  215.   0.433593750000E+03  -0.819431675047E-11   0.000000000000E+00   0.266406250000E+03  -0.407120593176E-11   0.000000000000E+00
  216.   0.432812500000E+03  -0.406859275701E-11   0.000000000000E+00   0.267187500000E+03  -0.204007184043E-11   0.000000000000E+00
  217.   0.432031250000E+03  -0.814864599361E-11   0.000000000000E+00   0.267968750000E+03  -0.410274695310E-11   0.000000000000E+00
  218.   0.431250000000E+03  -0.404582559844E-11   0.000000000000E+00   0.268750000000E+03  -0.205587021837E-11   0.000000000000E+00
  219.   0.430468750000E+03  -0.810325798900E-11   0.000000000000E+00   0.269531250000E+03  -0.413452155524E-11   0.000000000000E+00
  220.   0.429687500000E+03  -0.402320095179E-11   0.000000000000E+00   0.270312500000E+03  -0.207179374858E-11   0.000000000000E+00
  221.   0.428906250000E+03  -0.805820440376E-11   0.000000000000E+00   0.271093750000E+03  -0.416657636118E-11   0.000000000000E+00
  222.   0.428125000000E+03  -0.400077549896E-11   0.000000000000E+00   0.271875000000E+03  -0.208787425812E-11   0.000000000000E+00
  223.   0.427343750000E+03  -0.801354200447E-11   0.000000000000E+00   0.272656250000E+03  -0.419895509140E-11   0.000000000000E+00
  224.   0.426562500000E+03  -0.397853818487E-11   0.000000000000E+00   0.273437500000E+03  -0.210412909328E-11   0.000000000000E+00
  225.   0.425781250000E+03  -0.796933839866E-11   0.000000000000E+00   0.274218750000E+03  -0.423172365306E-11   0.000000000000E+00
  226.   0.425000000000E+03  -0.395657462044E-11   0.000000000000E+00   0.275000000000E+03  -0.212059171513E-11   0.000000000000E+00
  227.   0.424218750000E+03  -0.792569709490E-11   0.000000000000E+00   0.275781250000E+03  -0.426496223898E-11   0.000000000000E+00
  228.   0.423437500000E+03  -0.393490967307E-11   0.000000000000E+00   0.276562500000E+03  -0.213732234232E-11   0.000000000000E+00
  229.   0.422656250000E+03  -0.788274117296E-11   0.000000000000E+00   0.277343750000E+03  -0.429877495227E-11   0.000000000000E+00
  230.   0.421875000000E+03  -0.391361960931E-11   0.000000000000E+00   0.278125000000E+03  -0.215436454107E-11   0.000000000000E+00
  231.   0.421093750000E+03  -0.784062010568E-11   0.000000000000E+00   0.278906250000E+03  -0.433329661428E-11   0.000000000000E+00
  232.   0.420312500000E+03  -0.389279223197E-11   0.000000000000E+00   0.279687500000E+03  -0.217179755447E-11   0.000000000000E+00
  233.   0.419531250000E+03  -0.779956404162E-11   0.000000000000E+00   0.280468750000E+03  -0.436870720922E-11   0.000000000000E+00
  234.   0.418750000000E+03  -0.387254645479E-11   0.000000000000E+00   0.281250000000E+03  -0.218972033440E-11   0.000000000000E+00
  235.   0.417968750000E+03  -0.775981826747E-11   0.000000000000E+00   0.282031250000E+03  -0.440522754214E-11   0.000000000000E+00
  236.   0.417187500000E+03  -0.385303772432E-11   0.000000000000E+00   0.282812500000E+03  -0.220826293485E-11   0.000000000000E+00
  237.   0.416406250000E+03  -0.772170633760E-11   0.000000000000E+00   0.283593750000E+03  -0.444315469395E-11   0.000000000000E+00
  238.   0.415625000000E+03  -0.383443778018E-11   0.000000000000E+00   0.284375000000E+03  -0.222759561195E-11   0.000000000000E+00
  239.   0.414843750000E+03  -0.768568465212E-11   0.000000000000E+00   0.285156250000E+03  -0.448286580895E-11   0.000000000000E+00
  240.   0.414062500000E+03  -0.381700943947E-11   0.000000000000E+00   0.285937500000E+03  -0.224793138709E-11   0.000000000000E+00
  241.   0.413281250000E+03  -0.765230849830E-11   0.000000000000E+00   0.286718750000E+03  -0.452485490143E-11   0.000000000000E+00
  242.   0.412500000000E+03  -0.380103832241E-11   0.000000000000E+00   0.287500000000E+03  -0.226953460805E-11   0.000000000000E+00
  243.   0.411718750000E+03  -0.762228744884E-11   0.000000000000E+00   0.288281250000E+03  -0.456974985825E-11   0.000000000000E+00
  244.   0.410937500000E+03  -0.378699174949E-11   0.000000000000E+00   0.289062500000E+03  -0.229276908021E-11   0.000000000000E+00
  245.   0.410156250000E+03  -0.759654516161E-11   0.000000000000E+00   0.289843750000E+03  -0.461835589382E-11   0.000000000000E+00
  246.   0.409375000000E+03  -0.377529967944E-11   0.000000000000E+00   0.290625000000E+03  -0.231808996464E-11   0.000000000000E+00
  247.   0.408593750000E+03  -0.757625636613E-11   0.000000000000E+00   0.291406250000E+03  -0.467172333892E-11   0.000000000000E+00
  248.   0.407812500000E+03  -0.376668706124E-11   0.000000000000E+00   0.292187500000E+03  -0.234608585562E-11   0.000000000000E+00
  249.   0.407031250000E+03  -0.756295974799E-11   0.000000000000E+00   0.292968750000E+03  -0.473121333182E-11   0.000000000000E+00
  250.   0.406250000000E+03  -0.376199329926E-11   0.000000000000E+00   0.293750000000E+03  -0.237752322047E-11   0.000000000000E+00
  251.   0.405468750000E+03  -0.755865354646E-11   0.000000000000E+00   0.294531250000E+03  -0.479860705337E-11   0.000000000000E+00
  252.   0.404687500000E+03  -0.376236311654E-11   0.000000000000E+00   0.295312500000E+03  -0.241342104833E-11   0.000000000000E+00
  253.   0.403906250000E+03  -0.756597165397E-11   0.000000000000E+00   0.296093750000E+03  -0.487625866756E-11   0.000000000000E+00
  254.   0.403125000000E+03  -0.376929471539E-11   0.000000000000E+00   0.296875000000E+03  -0.245511481593E-11   0.000000000000E+00
  255.   0.402343750000E+03  -0.758836814409E-11   0.000000000000E+00   0.297656250000E+03  -0.496728857612E-11   0.000000000000E+00
  256.   0.401562500000E+03  -0.378474166689E-11   0.000000000000E+00   0.298437500000E+03  -0.250438786793E-11   0.000000000000E+00
  257.   0.400781250000E+03  -0.763040789835E-11   0.000000000000E+00   0.299218750000E+03  -0.507582933287E-11   0.000000000000E+00
  258.   0.400000000000E+03  -0.381129659820E-11   0.000000000000E+00   0.300000000000E+03  -0.256359490853E-11   0.000000000000E+00
  259.   0.399218750000E+03  -0.769811861164E-11   0.000000000000E+00   0.300781250000E+03  -0.520734254279E-11   0.000000000000E+00
  260.   0.398437500000E+03  -0.385241378611E-11   0.000000000000E+00   0.301562500000E+03  -0.263583991241E-11   0.000000000000E+00
  261.   0.397656250000E+03  -0.779942066360E-11   0.000000000000E+00   0.302343750000E+03  -0.536903574775E-11   0.000000000000E+00
  262.   0.396875000000E+03  -0.391257835581E-11   0.000000000000E+00   0.303125000000E+03  -0.272522702814E-11   0.000000000000E+00
  263.   0.396093750000E+03  -0.794451516073E-11   0.000000000000E+00   0.303906250000E+03  -0.557024604947E-11   0.000000000000E+00
  264.   0.395312500000E+03  -0.399749083208E-11   0.000000000000E+00   0.304687500000E+03  -0.283699142990E-11   0.000000000000E+00
  265.   0.394531250000E+03  -0.814635510914E-11   0.000000000000E+00   0.305468750000E+03  -0.582290133272E-11   0.000000000000E+00
  266.   0.393750000000E+03  -0.411441143575E-11   0.000000000000E+00   0.306250000000E+03  -0.297782602901E-11   0.000000000000E+00
  267.   0.392968750000E+03  -0.842104329359E-11   0.000000000000E+00   0.307031250000E+03  -0.614193641442E-11   0.000000000000E+00
  268.   0.392187500000E+03  -0.427219601204E-11   0.000000000000E+00   0.307812500000E+03  -0.315599426919E-11   0.000000000000E+00
  269.   0.391406250000E+03  -0.878805718843E-11   0.000000000000E+00   0.308593750000E+03  -0.654552334570E-11   0.000000000000E+00
  270.   0.390625000000E+03  -0.448145311066E-11   0.000000000000E+00   0.309375000000E+03  -0.338140468184E-11   0.000000000000E+00
  271.   0.389843750000E+03  -0.927035036664E-11   0.000000000000E+00   0.310156250000E+03  -0.705526301103E-11   0.000000000000E+00
  272.   0.389062500000E+03  -0.475452155211E-11   0.000000000000E+00   0.310937500000E+03  -0.366572822142E-11   0.000000000000E+00
  273.   0.388281250000E+03  -0.989446011782E-11   0.000000000000E+00   0.311718750000E+03  -0.769636075686E-11   0.000000000000E+00
  274.   0.387500000000E+03  -0.510555667139E-11   0.000000000000E+00   0.312500000000E+03  -0.402247041397E-11   0.000000000000E+00
  275.   0.386718750000E+03  -0.106910294531E-10   0.000000000000E+00   0.313281250000E+03  -0.849814606600E-11   0.000000000000E+00
  276.   0.385937500000E+03  -0.555098092553E-11   0.000000000000E+00   0.314062500000E+03  -0.446736963489E-11   0.000000000000E+00
  277.   0.385156250000E+03  -0.116965743940E-10   0.000000000000E+00   0.314843750000E+03  -0.949575653501E-11   0.000000000000E+00
  278.   0.384375000000E+03  -0.611073389646E-11   0.000000000000E+00   0.315625000000E+03  -0.501970605135E-11   0.000000000000E+00
  279.   0.383593750000E+03  -0.129580774051E-10   0.000000000000E+00   0.316406250000E+03  -0.107344759040E-10   0.000000000000E+00
  280.   0.382812500000E+03  -0.681167455176E-11   0.000000000000E+00   0.317187500000E+03  -0.570530874735E-11   0.000000000000E+00
  281.   0.382031250000E+03  -0.145429019208E-10   0.000000000000E+00   0.317968750000E+03  -0.122789598008E-10   0.000000000000E+00
  282.   0.381250000000E+03  -0.769405730525E-11   0.000000000000E+00   0.318750000000E+03  -0.656277724209E-11   0.000000000000E+00
  283.   0.380468750000E+03  -0.165571170492E-10   0.000000000000E+00   0.319531250000E+03  -0.142304705611E-10   0.000000000000E+00
  284.   0.379687500000E+03  -0.882347450513E-11   0.000000000000E+00   0.320312500000E+03  -0.765455138201E-11   0.000000000000E+00
  285.   0.378906250000E+03  -0.191759130088E-10   0.000000000000E+00   0.321093750000E+03  -0.167557053351E-10   0.000000000000E+00
  286.   0.378125000000E+03  -0.103094739380E-10   0.000000000000E+00   0.321875000000E+03  -0.908482822860E-11   0.000000000000E+00
  287.   0.377343750000E+03  -0.226886261300E-10   0.000000000000E+00   0.322656250000E+03  -0.201298901392E-10   0.000000000000E+00
  288.   0.376562500000E+03  -0.123321689796E-10   0.000000000000E+00   0.323437500000E+03  -0.110249700919E-10   0.000000000000E+00
  289.   0.375781250000E+03  -0.275573034863E-10   0.000000000000E+00   0.324218750000E+03  -0.247935473428E-10   0.000000000000E+00
  290.   0.375000000000E+03  -0.151746282760E-10   0.000000000000E+00   0.325000000000E+03  -0.137451704522E-10   0.000000000000E+00
  291.   0.374218750000E+03  -0.344797641387E-10   0.000000000000E+00   0.325781250000E+03  -0.314150337363E-10   0.000000000000E+00
  292.   0.373437500000E+03  -0.192539238441E-10   0.000000000000E+00   0.326562500000E+03  -0.176457879367E-10   0.000000000000E+00
  293.   0.372656250000E+03  -0.444341684095E-10   0.000000000000E+00   0.327343750000E+03  -0.409372961657E-10   0.000000000000E+00
  294.   0.371875000000E+03  -0.251348987529E-10   0.000000000000E+00   0.328125000000E+03  -0.232730009691E-10   0.000000000000E+00
  295.   0.371093750000E+03  -0.586631384913E-10   0.000000000000E+00   0.328906250000E+03  -0.545689357145E-10   0.000000000000E+00
  296.   0.370312500000E+03  -0.335002563700E-10   0.000000000000E+00   0.329687500000E+03  -0.312939039580E-10   0.000000000000E+00
  297.   0.369531250000E+03  -0.785358189258E-10   0.000000000000E+00   0.330468750000E+03  -0.736594655953E-10   0.000000000000E+00
  298.   0.368750000000E+03  -0.450408239553E-10   0.000000000000E+00   0.331250000000E+03  -0.423951820468E-10   0.000000000000E+00
  299.   0.367968750000E+03  -0.105224783118E-09   0.000000000000E+00   0.332031250000E+03  -0.993951948259E-10   0.000000000000E+00
  300.   0.367187500000E+03  -0.602399244391E-10   0.000000000000E+00   0.332812500000E+03  -0.570780772840E-10   0.000000000000E+00
  301.   0.366406250000E+03  -0.139153479428E-09   0.000000000000E+00   0.333593750000E+03  -0.132267990010E-09   0.000000000000E+00
  302.   0.365625000000E+03  -0.790336828200E-10   0.000000000000E+00   0.334375000000E+03  -0.753293897981E-10   0.000000000000E+00
  303.   0.364843750000E+03  -0.179279180226E-09   0.000000000000E+00   0.335156250000E+03  -0.171372165162E-09   0.000000000000E+00
  304.   0.364062500000E+03  -0.100433345659E-09   0.000000000000E+00   0.335937500000E+03  -0.962472129794E-10   0.000000000000E+00
  305.   0.363281250000E+03  -0.222250731562E-09   0.000000000000E+00   0.336718750000E+03  -0.213562115469E-09   0.000000000000E+00
  306.   0.362500000000E+03  -0.122070668268E-09   0.000000000000E+00   0.337500000000E+03  -0.117581681190E-09   0.000000000000E+00
  307.   0.361718750000E+03  -0.261911133603E-09   0.000000000000E+00   0.338281250000E+03  -0.252921626363E-09   0.000000000000E+00
  308.   0.360937500000E+03  -0.140122839028E-09   0.000000000000E+00   0.339062500000E+03  -0.135634517659E-09   0.000000000000E+00
  309.   0.360156250000E+03  -0.288263352967E-09   0.000000000000E+00   0.339843750000E+03  -0.279697000170E-09   0.000000000000E+00
  310.   0.359375000000E+03  -0.148561950071E-09   0.000000000000E+00   0.340625000000E+03  -0.144488245087E-09   0.000000000000E+00
  311.   0.358593750000E+03  -0.288903860471E-09   0.000000000000E+00   0.341406250000E+03  -0.281615536169E-09   0.000000000000E+00
  312.   0.357812500000E+03  -0.140416413311E-09   0.000000000000E+00   0.342187500000E+03  -0.137217574393E-09   0.000000000000E+00
  313.   0.357031250000E+03  -0.242133286763E-09   0.000000000000E+00   0.342968750000E+03  -0.237061381308E-09   0.000000000000E+00
  314.   0.356250000000E+03  -0.104023748424E-09   0.000000000000E+00   0.343750000000E+03  -0.102100315819E-09   0.000000000000E+00
  315.   0.355468750000E+03  -0.132803853299E-09   0.000000000000E+00   0.344531250000E+03  -0.130540584649E-09   0.000000000000E+00
  316.   0.354687500000E+03  -0.239676975750E-10   0.000000000000E+00   0.345312500000E+03  -0.237126333454E-10   0.000000000000E+00
  317.   0.353906250000E+03   0.117316982249E-09   0.000000000000E+00   0.346093750000E+03   0.116299253474E-09   0.000000000000E+00
  318.   0.353125000000E+03   0.976170609060E-10   0.000000000000E+00   0.346875000000E+03   0.969832675462E-10   0.000000000000E+00
  319.   0.352343750000E+03   0.505290005713E-09   0.000000000000E+00   0.347656250000E+03   0.501687181523E-09   0.000000000000E+00
  320.   0.351562500000E+03   0.545598655755E-09   0.000000000000E+00   0.348437500000E+03   0.542540325225E-09   0.000000000000E+00
  321.   0.350781250000E+03   0.139618548396E-08   0.000000000000E+00   0.349218750000E+03   0.139439163056E-08   0.000000000000E+00
  322.   0.350000000000E+03   0.391548934225E-08   0.000000000000E+00   0.350000000000E+03   0.391548937534E-08   0.000000000000E+00
  323.   0.349218750000E+03   0.139439153323E-08   0.000000000000E+00   0.350781250000E+03   0.139618557430E-08   0.000000000000E+00
  324.   0.348437500000E+03   0.542540260763E-09   0.000000000000E+00   0.351562500000E+03   0.545598701669E-09   0.000000000000E+00
  325.   0.347656250000E+03   0.501687086185E-09   0.000000000000E+00   0.352343750000E+03   0.505290090399E-09   0.000000000000E+00
  326.   0.346875000000E+03   0.969832235724E-10   0.000000000000E+00   0.353125000000E+03   0.976170996323E-10   0.000000000000E+00
  327.   0.346093750000E+03   0.116299163296E-09   0.000000000000E+00   0.353906250000E+03   0.117317056614E-09   0.000000000000E+00
  328.   0.345312500000E+03  -0.237126910227E-10   0.000000000000E+00   0.354687500000E+03  -0.239676591761E-10   0.000000000000E+00
  329.   0.344531250000E+03  -0.130540681949E-09   0.000000000000E+00   0.355468750000E+03  -0.132803773820E-09   0.000000000000E+00
  330.   0.343750000000E+03  -0.102100365110E-09   0.000000000000E+00   0.356250000000E+03  -0.104023713738E-09   0.000000000000E+00
  331.   0.342968750000E+03  -0.237061470409E-09   0.000000000000E+00   0.357031250000E+03  -0.242133206922E-09   0.000000000000E+00
  332.   0.342187500000E+03  -0.137217627296E-09   0.000000000000E+00   0.357812500000E+03  -0.140416377612E-09   0.000000000000E+00
  333.   0.341406250000E+03  -0.281615626429E-09   0.000000000000E+00   0.358593750000E+03  -0.288903777721E-09   0.000000000000E+00
  334.   0.340625000000E+03  -0.144488299180E-09   0.000000000000E+00   0.359375000000E+03  -0.148561902143E-09   0.000000000000E+00
  335.   0.339843750000E+03  -0.279697100813E-09   0.000000000000E+00   0.360156250000E+03  -0.288263273199E-09   0.000000000000E+00
  336.   0.339062500000E+03  -0.135634569241E-09   0.000000000000E+00   0.360937500000E+03  -0.140122806183E-09   0.000000000000E+00
  337.   0.338281250000E+03  -0.252921724774E-09   0.000000000000E+00   0.361718750000E+03  -0.261911053382E-09   0.000000000000E+00
  338.   0.337500000000E+03  -0.117581725786E-09   0.000000000000E+00   0.362500000000E+03  -0.122070632367E-09   0.000000000000E+00
  339.   0.336718750000E+03  -0.213562211904E-09   0.000000000000E+00   0.363281250000E+03  -0.222250647849E-09   0.000000000000E+00
  340.   0.335937500000E+03  -0.962472631761E-10   0.000000000000E+00   0.364062500000E+03  -0.100433295064E-09   0.000000000000E+00
  341.   0.335156250000E+03  -0.171372257670E-09   0.000000000000E+00   0.364843750000E+03  -0.179279092180E-09   0.000000000000E+00
  342.   0.334375000000E+03  -0.753294354036E-10   0.000000000000E+00   0.365625000000E+03  -0.790336530941E-10   0.000000000000E+00
  343.   0.333593750000E+03  -0.132268077005E-09   0.000000000000E+00   0.366406250000E+03  -0.139153390273E-09   0.000000000000E+00
  344.   0.332812500000E+03  -0.570781321071E-10   0.000000000000E+00   0.367187500000E+03  -0.602398825542E-10   0.000000000000E+00
  345.   0.332031250000E+03  -0.993952827974E-10   0.000000000000E+00   0.367968750000E+03  -0.105224692782E-09   0.000000000000E+00
  346.   0.331250000000E+03  -0.423952296661E-10   0.000000000000E+00   0.368750000000E+03  -0.450407779708E-10   0.000000000000E+00
  347.   0.330468750000E+03  -0.736595537692E-10   0.000000000000E+00   0.369531250000E+03  -0.785357246672E-10   0.000000000000E+00
  348.   0.329687500000E+03  -0.312939508404E-10   0.000000000000E+00   0.370312500000E+03  -0.335001993572E-10   0.000000000000E+00
  349.   0.328906250000E+03  -0.545690242651E-10   0.000000000000E+00   0.371093750000E+03  -0.586630375542E-10   0.000000000000E+00
  350.   0.328125000000E+03  -0.232730433883E-10   0.000000000000E+00   0.371875000000E+03  -0.251348497835E-10   0.000000000000E+00
  351.   0.327343750000E+03  -0.409373778922E-10   0.000000000000E+00   0.372656250000E+03  -0.444340672098E-10   0.000000000000E+00
  352.   0.326562500000E+03  -0.176458334844E-10   0.000000000000E+00   0.373437500000E+03  -0.192538751001E-10   0.000000000000E+00
  353.   0.325781250000E+03  -0.314151173334E-10   0.000000000000E+00   0.374218750000E+03  -0.344796733452E-10   0.000000000000E+00
  354.   0.325000000000E+03  -0.137452175401E-10   0.000000000000E+00   0.375000000000E+03  -0.151745784940E-10   0.000000000000E+00
  355.   0.324218750000E+03  -0.247936316544E-10   0.000000000000E+00   0.375781250000E+03  -0.275572196816E-10   0.000000000000E+00
  356.   0.323437500000E+03  -0.110250087013E-10   0.000000000000E+00   0.376562500000E+03  -0.123321245376E-10   0.000000000000E+00
  357.   0.322656250000E+03  -0.201299787121E-10   0.000000000000E+00   0.377343750000E+03  -0.226885445490E-10   0.000000000000E+00
  358.   0.321875000000E+03  -0.908487821685E-11   0.000000000000E+00   0.378125000000E+03  -0.103094360150E-10   0.000000000000E+00
  359.   0.321093750000E+03  -0.167557980716E-10   0.000000000000E+00   0.378906250000E+03  -0.191758304730E-10   0.000000000000E+00
  360.   0.320312500000E+03  -0.765459696070E-11   0.000000000000E+00   0.379687500000E+03  -0.882343329224E-11   0.000000000000E+00
  361.   0.319531250000E+03  -0.142305563820E-10   0.000000000000E+00   0.380468750000E+03  -0.165570289221E-10   0.000000000000E+00
  362.   0.318750000000E+03  -0.656280527873E-11   0.000000000000E+00   0.381250000000E+03  -0.769404244538E-11   0.000000000000E+00
  363.   0.317968750000E+03  -0.122790404697E-10   0.000000000000E+00   0.382031250000E+03  -0.145428154386E-10   0.000000000000E+00
  364.   0.317187500000E+03  -0.570534688930E-11   0.000000000000E+00   0.382812500000E+03  -0.681162807304E-11   0.000000000000E+00
  365.   0.316406250000E+03  -0.107345622222E-10   0.000000000000E+00   0.383593750000E+03  -0.129579888162E-10   0.000000000000E+00
  366.   0.315625000000E+03  -0.501974680161E-11   0.000000000000E+00   0.384375000000E+03  -0.611068795805E-11   0.000000000000E+00
  367.   0.314843750000E+03  -0.949584122673E-11   0.000000000000E+00   0.385156250000E+03  -0.116964814035E-10   0.000000000000E+00
  368.   0.314062500000E+03  -0.446740308913E-11   0.000000000000E+00   0.385937500000E+03  -0.555093625143E-11   0.000000000000E+00
  369.   0.313281250000E+03  -0.849822911179E-11   0.000000000000E+00   0.386718750000E+03  -0.106909380402E-10   0.000000000000E+00
  370.   0.312500000000E+03  -0.402251321790E-11   0.000000000000E+00   0.387500000000E+03  -0.510551881388E-11   0.000000000000E+00
  371.   0.311718750000E+03  -0.769644700936E-11   0.000000000000E+00   0.388281250000E+03  -0.989436181473E-11   0.000000000000E+00
  372.   0.310937500000E+03  -0.366577064136E-11   0.000000000000E+00   0.389062500000E+03  -0.475446593139E-11   0.000000000000E+00
  373.   0.310156250000E+03  -0.705534730206E-11   0.000000000000E+00   0.389843750000E+03  -0.927024492855E-11   0.000000000000E+00
  374.   0.309375000000E+03  -0.338144586561E-11   0.000000000000E+00   0.390625000000E+03  -0.448140502927E-11   0.000000000000E+00
  375.   0.308593750000E+03  -0.654560443483E-11   0.000000000000E+00   0.391406250000E+03  -0.878795882067E-11   0.000000000000E+00
  376.   0.307812500000E+03  -0.315603843985E-11   0.000000000000E+00   0.392187500000E+03  -0.427214813085E-11   0.000000000000E+00
  377.   0.307031250000E+03  -0.614202162579E-11   0.000000000000E+00   0.392968750000E+03  -0.842094247018E-11   0.000000000000E+00
  378.   0.306250000000E+03  -0.297787543353E-11   0.000000000000E+00   0.393750000000E+03  -0.411435529508E-11   0.000000000000E+00
  379.   0.305468750000E+03  -0.582298845138E-11   0.000000000000E+00   0.394531250000E+03  -0.814624650031E-11   0.000000000000E+00
  380.   0.304687500000E+03  -0.283703266174E-11   0.000000000000E+00   0.395312500000E+03  -0.399743719776E-11   0.000000000000E+00
  381.   0.303906250000E+03  -0.557032293950E-11   0.000000000000E+00   0.396093750000E+03  -0.794439879697E-11   0.000000000000E+00
  382.   0.303125000000E+03  -0.272525970686E-11   0.000000000000E+00   0.396875000000E+03  -0.391250403584E-11   0.000000000000E+00
  383.   0.302343750000E+03  -0.536911024009E-11   0.000000000000E+00   0.397656250000E+03  -0.779931356804E-11   0.000000000000E+00
  384.   0.301562500000E+03  -0.263587803340E-11   0.000000000000E+00   0.398437500000E+03  -0.385236722367E-11   0.000000000000E+00
  385.   0.300781250000E+03  -0.520741800782E-11   0.000000000000E+00   0.399218750000E+03  -0.769801812789E-11   0.000000000000E+00
  386.   0.300000000000E+03  -0.256362469837E-11   0.000000000000E+00   0.400000000000E+03  -0.381124279935E-11   0.000000000000E+00
  387.   0.299218750000E+03  -0.507590076922E-11   0.000000000000E+00   0.400781250000E+03  -0.763029180504E-11   0.000000000000E+00
  388.   0.298437500000E+03  -0.250442287122E-11   0.000000000000E+00   0.401562500000E+03  -0.378468334201E-11   0.000000000000E+00
  389.   0.297656250000E+03  -0.496736446186E-11   0.000000000000E+00   0.402343750000E+03  -0.758825818561E-11   0.000000000000E+00
  390.   0.296875000000E+03  -0.245515789220E-11   0.000000000000E+00   0.403125000000E+03  -0.376924033006E-11   0.000000000000E+00
  391.   0.296093750000E+03  -0.487633368474E-11   0.000000000000E+00   0.403906250000E+03  -0.756587633582E-11   0.000000000000E+00
  392.   0.295312500000E+03  -0.241345662097E-11   0.000000000000E+00   0.404687500000E+03  -0.376231501375E-11   0.000000000000E+00
  393.   0.294531250000E+03  -0.479868111265E-11   0.000000000000E+00   0.405468750000E+03  -0.755856360375E-11   0.000000000000E+00
  394.   0.293750000000E+03  -0.237756538709E-11   0.000000000000E+00   0.406250000000E+03  -0.376194545048E-11   0.000000000000E+00
  395.   0.292968750000E+03  -0.473129183842E-11   0.000000000000E+00   0.407031250000E+03  -0.756286758585E-11   0.000000000000E+00
  396.   0.292187500000E+03  -0.234612402429E-11   0.000000000000E+00   0.407812500000E+03  -0.376663789141E-11   0.000000000000E+00
  397.   0.291406250000E+03  -0.467180560830E-11   0.000000000000E+00   0.408593750000E+03  -0.757616969359E-11   0.000000000000E+00
  398.   0.290625000000E+03  -0.231812893092E-11   0.000000000000E+00   0.409375000000E+03  -0.377525895383E-11   0.000000000000E+00
  399.   0.289843750000E+03  -0.461844224621E-11   0.000000000000E+00   0.410156250000E+03  -0.759646319687E-11   0.000000000000E+00
  400.   0.289062500000E+03  -0.229281715883E-11   0.000000000000E+00   0.410937500000E+03  -0.378694310165E-11   0.000000000000E+00
  401.   0.288281250000E+03  -0.456983845730E-11   0.000000000000E+00   0.411718750000E+03  -0.762219675538E-11   0.000000000000E+00
  402.   0.287500000000E+03  -0.226958979040E-11   0.000000000000E+00   0.412500000000E+03  -0.380102160894E-11   0.000000000000E+00
  403.   0.286718750000E+03  -0.452494893466E-11   0.000000000000E+00   0.413281250000E+03  -0.765221264948E-11   0.000000000000E+00
  404.   0.285937500000E+03  -0.224797651482E-11   0.000000000000E+00   0.414062500000E+03  -0.381695750434E-11   0.000000000000E+00
  405.   0.285156250000E+03  -0.448295620992E-11   0.000000000000E+00   0.414843750000E+03  -0.768558838566E-11   0.000000000000E+00
  406.   0.284375000000E+03  -0.222764044320E-11   0.000000000000E+00   0.415625000000E+03  -0.383439270253E-11   0.000000000000E+00
  407.   0.283593750000E+03  -0.444323874525E-11   0.000000000000E+00   0.416406250000E+03  -0.772161274022E-11   0.000000000000E+00
  408.   0.282812500000E+03  -0.220831057550E-11   0.000000000000E+00   0.417187500000E+03  -0.385298384046E-11   0.000000000000E+00
  409.   0.282031250000E+03  -0.440531034655E-11   0.000000000000E+00   0.417968750000E+03  -0.775972555892E-11   0.000000000000E+00
  410.   0.281250000000E+03  -0.218976204778E-11   0.000000000000E+00   0.418750000000E+03  -0.387250498178E-11   0.000000000000E+00
  411.   0.280468750000E+03  -0.436878955913E-11   0.000000000000E+00   0.419531250000E+03  -0.779948049202E-11   0.000000000000E+00
  412.   0.279687500000E+03  -0.217183768273E-11   0.000000000000E+00   0.420312500000E+03  -0.389274883159E-11   0.000000000000E+00
  413.   0.278906250000E+03  -0.433338215770E-11   0.000000000000E+00   0.421093750000E+03  -0.784054200459E-11   0.000000000000E+00
  414.   0.278125000000E+03  -0.215440425561E-11   0.000000000000E+00   0.421875000000E+03  -0.391357242019E-11   0.000000000000E+00
  415.   0.277343750000E+03  -0.429885886906E-11   0.000000000000E+00   0.422656250000E+03  -0.788266089239E-11   0.000000000000E+00
  416.   0.276562500000E+03  -0.213736104126E-11   0.000000000000E+00   0.423437500000E+03  -0.393486499453E-11   0.000000000000E+00
  417.   0.275781250000E+03  -0.426504812244E-11   0.000000000000E+00   0.424218750000E+03  -0.792561294704E-11   0.000000000000E+00
  418.   0.275000000000E+03  -0.212063776470E-11   0.000000000000E+00   0.425000000000E+03  -0.395652970755E-11   0.000000000000E+00
  419.   0.274218750000E+03  -0.423181207715E-11   0.000000000000E+00   0.425781250000E+03  -0.796924819060E-11   0.000000000000E+00
  420.   0.273437500000E+03  -0.210417604820E-11   0.000000000000E+00   0.426562500000E+03  -0.397850067092E-11   0.000000000000E+00
  421.   0.272656250000E+03  -0.419904530021E-11   0.000000000000E+00   0.427343750000E+03  -0.801345258302E-11   0.000000000000E+00
  422.   0.271875000000E+03  -0.208791881966E-11   0.000000000000E+00   0.428125000000E+03  -0.400072724749E-11   0.000000000000E+00
  423.   0.271093750000E+03  -0.416666538212E-11   0.000000000000E+00   0.428906250000E+03  -0.805811382661E-11   0.000000000000E+00
  424.   0.270312500000E+03  -0.207184049434E-11   0.000000000000E+00   0.429687500000E+03  -0.402315567740E-11   0.000000000000E+00
  425.   0.269531250000E+03  -0.413461414672E-11   0.000000000000E+00   0.430468750000E+03  -0.810316316167E-11   0.000000000000E+00
  426.   0.268750000000E+03  -0.205591131620E-11   0.000000000000E+00   0.431250000000E+03  -0.404577949156E-11   0.000000000000E+00
  427.   0.267968750000E+03  -0.410283590696E-11   0.000000000000E+00   0.432031250000E+03  -0.814855033706E-11   0.000000000000E+00
  428.   0.267187500000E+03  -0.204011075799E-11   0.000000000000E+00   0.432812500000E+03  -0.406855082249E-11   0.000000000000E+00
  429.   0.266406250000E+03  -0.407129198954E-11   0.000000000000E+00   0.433593750000E+03  -0.819422249337E-11   0.000000000000E+00
  430.   0.265625000000E+03  -0.202442147113E-11   0.000000000000E+00   0.434375000000E+03  -0.409145011015E-11   0.000000000000E+00
  431.   0.264843750000E+03  -0.403996028847E-11   0.000000000000E+00   0.435156250000E+03  -0.824014467057E-11   0.000000000000E+00
  432.   0.264062500000E+03  -0.200883005855E-11   0.000000000000E+00   0.435937500000E+03  -0.411445131264E-11   0.000000000000E+00
  433.   0.263281250000E+03  -0.400881473908E-11   0.000000000000E+00   0.436718750000E+03  -0.828630593918E-11   0.000000000000E+00
  434.   0.262500000000E+03  -0.199331873366E-11   0.000000000000E+00   0.437500000000E+03  -0.413759726908E-11   0.000000000000E+00
  435.   0.261718750000E+03  -0.397783362894E-11   0.000000000000E+00   0.438281250000E+03  -0.833266428924E-11   0.000000000000E+00
  436.   0.260937500000E+03  -0.197789083312E-11   0.000000000000E+00   0.439062500000E+03  -0.416080810109E-11   0.000000000000E+00
  437.   0.260156250000E+03  -0.394701236099E-11   0.000000000000E+00   0.439843750000E+03  -0.837920561193E-11   0.000000000000E+00
  438.   0.259375000000E+03  -0.196253497185E-11   0.000000000000E+00   0.440625000000E+03  -0.418412382569E-11   0.000000000000E+00
  439.   0.258593750000E+03  -0.391633921158E-11   0.000000000000E+00   0.441406250000E+03  -0.842592515955E-11   0.000000000000E+00
  440.   0.257812500000E+03  -0.194726695652E-11   0.000000000000E+00   0.442187500000E+03  -0.420752493556E-11   0.000000000000E+00
  441.   0.257031250000E+03  -0.388579589067E-11   0.000000000000E+00   0.442968750000E+03  -0.847280596388E-11   0.000000000000E+00
  442.   0.256250000000E+03  -0.193205649026E-11   0.000000000000E+00   0.443750000000E+03  -0.423099468180E-11   0.000000000000E+00
  443.   0.255468750000E+03  -0.385538781846E-11   0.000000000000E+00   0.444531250000E+03  -0.851983984371E-11   0.000000000000E+00
  444.   0.254687500000E+03  -0.191689418219E-11   0.000000000000E+00   0.445312500000E+03  -0.425455351319E-11   0.000000000000E+00
  445.   0.253906250000E+03  -0.382510846146E-11   0.000000000000E+00   0.446093750000E+03  -0.856702569427E-11   0.000000000000E+00
  446.   0.253125000000E+03  -0.190181137652E-11   0.000000000000E+00   0.446875000000E+03  -0.427817539122E-11   0.000000000000E+00
  447.   0.252343750000E+03  -0.379494430277E-11   0.000000000000E+00   0.447656250000E+03  -0.861436764641E-11   0.000000000000E+00
  448.   0.251562500000E+03  -0.188677875705E-11   0.000000000000E+00   0.448437500000E+03  -0.430186633458E-11   0.000000000000E+00
  449.   0.250781250000E+03  -0.376489277342E-11   0.000000000000E+00   0.449218750000E+03  -0.866183778655E-11   0.000000000000E+00
  450.   0.250000000000E+03  -0.187180241636E-11   0.000000000000E+00   0.450000000000E+03  -0.432563908562E-11   0.000000000000E+00
  451.   0.249218750000E+03  -0.373495604268E-11   0.000000000000E+00   0.450781250000E+03  -0.870943862744E-11   0.000000000000E+00
  452.   0.248437500000E+03  -0.185688880606E-11   0.000000000000E+00   0.451562500000E+03  -0.434945955215E-11   0.000000000000E+00
  453.   0.247656250000E+03  -0.370513076932E-11   0.000000000000E+00   0.452343750000E+03  -0.875717960621E-11   0.000000000000E+00
  454.   0.246875000000E+03  -0.184201777842E-11   0.000000000000E+00   0.453125000000E+03  -0.437336359748E-11   0.000000000000E+00
  455.   0.246093750000E+03  -0.367541232407E-11   0.000000000000E+00   0.453906250000E+03  -0.880506069685E-11   0.000000000000E+00
  456.   0.245312500000E+03  -0.182720884392E-11   0.000000000000E+00   0.454687500000E+03  -0.439733172165E-11   0.000000000000E+00
  457.   0.244531250000E+03  -0.364580244435E-11   0.000000000000E+00   0.455468750000E+03  -0.885307700287E-11   0.000000000000E+00
  458.   0.243750000000E+03  -0.181245141126E-11   0.000000000000E+00   0.456250000000E+03  -0.442136375791E-11   0.000000000000E+00
  459.   0.242968750000E+03  -0.361629752150E-11   0.000000000000E+00   0.457031250000E+03  -0.890121801415E-11   0.000000000000E+00
  460.   0.242187500000E+03  -0.179774627617E-11   0.000000000000E+00   0.457812500000E+03  -0.444547770715E-11   0.000000000000E+00
  461.   0.241406250000E+03  -0.358689536349E-11   0.000000000000E+00   0.458593750000E+03  -0.894948555408E-11   0.000000000000E+00
  462.   0.240625000000E+03  -0.178308688056E-11   0.000000000000E+00   0.459375000000E+03  -0.446961188022E-11   0.000000000000E+00
  463.   0.239843750000E+03  -0.355759859086E-11   0.000000000000E+00   0.460156250000E+03  -0.899788574156E-11   0.000000000000E+00
  464.   0.239062500000E+03  -0.176848691697E-11   0.000000000000E+00   0.460937500000E+03  -0.449382707159E-11   0.000000000000E+00
  465.   0.238281250000E+03  -0.352840829525E-11   0.000000000000E+00   0.461718750000E+03  -0.904639847556E-11   0.000000000000E+00
  466.   0.237500000000E+03  -0.175394164668E-11   0.000000000000E+00   0.462500000000E+03  -0.451810708463E-11   0.000000000000E+00
  467.   0.236718750000E+03  -0.349931428211E-11   0.000000000000E+00   0.463281250000E+03  -0.909505082414E-11   0.000000000000E+00
  468.   0.235937500000E+03  -0.173943905143E-11   0.000000000000E+00   0.464062500000E+03  -0.454245741657E-11   0.000000000000E+00
  469.   0.235156250000E+03  -0.347031522495E-11   0.000000000000E+00   0.464843750000E+03  -0.914382325903E-11   0.000000000000E+00
  470.   0.234375000000E+03  -0.172498611037E-11   0.000000000000E+00   0.465625000000E+03  -0.456686424509E-11   0.000000000000E+00
  471.   0.233593750000E+03  -0.344142049907E-11   0.000000000000E+00   0.466406250000E+03  -0.919271356530E-11   0.000000000000E+00
  472.   0.232812500000E+03  -0.171058827453E-11   0.000000000000E+00   0.467187500000E+03  -0.459133831843E-11   0.000000000000E+00
  473.   0.232031250000E+03  -0.341262585841E-11   0.000000000000E+00   0.467968750000E+03  -0.924173360688E-11   0.000000000000E+00
  474.   0.231250000000E+03  -0.169623092711E-11   0.000000000000E+00   0.468750000000E+03  -0.461585545331E-11   0.000000000000E+00
  475.   0.230468750000E+03  -0.338392878186E-11   0.000000000000E+00   0.469531250000E+03  -0.929087500500E-11   0.000000000000E+00
  476.   0.229687500000E+03  -0.168193245363E-11   0.000000000000E+00   0.470312500000E+03  -0.464043201884E-11   0.000000000000E+00
  477.   0.228906250000E+03  -0.335533034846E-11   0.000000000000E+00   0.471093750000E+03  -0.934012850024E-11   0.000000000000E+00
  478.   0.228125000000E+03  -0.166767120291E-11   0.000000000000E+00   0.471875000000E+03  -0.466508248089E-11   0.000000000000E+00
  479.   0.227343750000E+03  -0.332682633249E-11   0.000000000000E+00   0.472656250000E+03  -0.938949876663E-11   0.000000000000E+00
  480.   0.226562500000E+03  -0.165346420611E-11   0.000000000000E+00   0.473437500000E+03  -0.468979393380E-11   0.000000000000E+00
  481.   0.225781250000E+03  -0.329841921687E-11   0.000000000000E+00   0.474218750000E+03  -0.943898725403E-11   0.000000000000E+00
  482.   0.225000000000E+03  -0.163930465273E-11   0.000000000000E+00   0.475000000000E+03  -0.471456140717E-11   0.000000000000E+00
  483.   0.224218750000E+03  -0.327010614861E-11   0.000000000000E+00   0.475781250000E+03  -0.948859769617E-11   0.000000000000E+00
  484.   0.223437500000E+03  -0.162518985644E-11   0.000000000000E+00   0.476562500000E+03  -0.473938792734E-11   0.000000000000E+00
  485.   0.222656250000E+03  -0.324188636831E-11   0.000000000000E+00   0.477343750000E+03  -0.953833511984E-11   0.000000000000E+00
  486.   0.221875000000E+03  -0.161112149394E-11   0.000000000000E+00   0.478125000000E+03  -0.476426365790E-11   0.000000000000E+00
  487.   0.221093750000E+03  -0.321376352177E-11   0.000000000000E+00   0.478906250000E+03  -0.958818833744E-11   0.000000000000E+00
  488.   0.220312500000E+03  -0.159710217478E-11   0.000000000000E+00   0.479687500000E+03  -0.478921659728E-11   0.000000000000E+00
  489.   0.219531250000E+03  -0.318573018608E-11   0.000000000000E+00   0.480468750000E+03  -0.963815765879E-11   0.000000000000E+00
  490.   0.218750000000E+03  -0.158312747586E-11   0.000000000000E+00   0.481250000000E+03  -0.481421227362E-11   0.000000000000E+00
  491.   0.217968750000E+03  -0.315778546439E-11   0.000000000000E+00   0.482031250000E+03  -0.968825191812E-11   0.000000000000E+00
  492.   0.217187500000E+03  -0.156919676510E-11   0.000000000000E+00   0.482812500000E+03  -0.483927491176E-11   0.000000000000E+00
  493.   0.216406250000E+03  -0.312993542062E-11   0.000000000000E+00   0.483593750000E+03  -0.973845181187E-11   0.000000000000E+00
  494.   0.215625000000E+03  -0.155531519588E-11   0.000000000000E+00   0.484375000000E+03  -0.486439175450E-11   0.000000000000E+00
  495.   0.214843750000E+03  -0.310217684422E-11   0.000000000000E+00   0.485156250000E+03  -0.978877246747E-11   0.000000000000E+00
  496.   0.214062500000E+03  -0.154147506736E-11   0.000000000000E+00   0.485937500000E+03  -0.488957004913E-11   0.000000000000E+00
  497.   0.213281250000E+03  -0.307451037023E-11   0.000000000000E+00   0.486718750000E+03  -0.983920597613E-11   0.000000000000E+00
  498.   0.212500000000E+03  -0.152768646263E-11   0.000000000000E+00   0.487500000000E+03  -0.491479200704E-11   0.000000000000E+00
  499.   0.211718750000E+03  -0.304693298527E-11   0.000000000000E+00   0.488281250000E+03  -0.988973811218E-11   0.000000000000E+00
  500.   0.210937500000E+03  -0.151393808137E-11   0.000000000000E+00   0.489062500000E+03  -0.494008531433E-11   0.000000000000E+00
  501.   0.210156250000E+03  -0.301944456277E-11   0.000000000000E+00   0.489843750000E+03  -0.994039518561E-11   0.000000000000E+00
  502.   0.209375000000E+03  -0.150023282715E-11   0.000000000000E+00   0.490625000000E+03  -0.496542952249E-11   0.000000000000E+00
  503.   0.208593750000E+03  -0.299203937908E-11   0.000000000000E+00   0.491406250000E+03  -0.999117098484E-11   0.000000000000E+00
  504.   0.207812500000E+03  -0.148657282817E-11   0.000000000000E+00   0.492187500000E+03  -0.499082367842E-11   0.000000000000E+00
  505.   0.207031250000E+03  -0.296472525350E-11   0.000000000000E+00   0.492968750000E+03  -0.100420587018E-10   0.000000000000E+00
  506.   0.206250000000E+03  -0.147295471155E-11   0.000000000000E+00   0.493750000000E+03  -0.501627848129E-11   0.000000000000E+00
  507.   0.205468750000E+03  -0.293750091824E-11   0.000000000000E+00   0.494531250000E+03  -0.100930618866E-10   0.000000000000E+00
  508.   0.204687500000E+03  -0.145938003891E-11   0.000000000000E+00   0.495312500000E+03  -0.504179168464E-11   0.000000000000E+00
  509.   0.203906250000E+03  -0.291035983316E-11   0.000000000000E+00   0.496093750000E+03  -0.101441667580E-10   0.000000000000E+00
  510.   0.203125000000E+03  -0.144584795247E-11   0.000000000000E+00   0.496875000000E+03  -0.506735727142E-11   0.000000000000E+00
  511.   0.202343750000E+03  -0.288330453453E-11   0.000000000000E+00   0.497656250000E+03  -0.101953817175E-10   0.000000000000E+00
  512.   0.201562500000E+03  -0.143235914658E-11   0.000000000000E+00   0.498437500000E+03  -0.509298143373E-11   0.000000000000E+00
  513.   0.200781250000E+03  -0.285633356460E-11   0.000000000000E+00   0.499218750000E+03  -0.102467201304E-10   0.000000000000E+00
  514.   0.200000000000E+03  -0.141891044292E-11   0.000000000000E+00   0.500000000000E+03  -0.511865388402E-11   0.000000000000E+00
  515.   0.199218750000E+03  -0.282945225145E-11   0.000000000000E+00   0.500781250000E+03  -0.102981596424E-10   0.000000000000E+00
  516.   0.198437500000E+03  -0.140551071743E-11   0.000000000000E+00   0.501562500000E+03  -0.514438177130E-11   0.000000000000E+00
  517.   0.197656250000E+03  -0.280265478171E-11   0.000000000000E+00   0.502343750000E+03  -0.103496970277E-10   0.000000000000E+00
  518.   0.196875000000E+03  -0.139215310422E-11   0.000000000000E+00   0.503125000000E+03  -0.517014425948E-11   0.000000000000E+00
  519.   0.196093750000E+03  -0.277593968915E-11   0.000000000000E+00   0.503906250000E+03  -0.104013445876E-10   0.000000000000E+00
  520.   0.195312500000E+03  -0.137883175540E-11   0.000000000000E+00   0.504687500000E+03  -0.519599602678E-11   0.000000000000E+00
  521.   0.194531250000E+03  -0.274930651653E-11   0.000000000000E+00   0.505468750000E+03  -0.104531202385E-10   0.000000000000E+00
  522.   0.193750000000E+03  -0.136555508608E-11   0.000000000000E+00   0.506250000000E+03  -0.522188873873E-11   0.000000000000E+00
  523.   0.192968750000E+03  -0.272275615529E-11   0.000000000000E+00   0.507031250000E+03  -0.105050012194E-10   0.000000000000E+00
  524.   0.192187500000E+03  -0.135231417667E-11   0.000000000000E+00   0.507812500000E+03  -0.524785822492E-11   0.000000000000E+00
  525.   0.191406250000E+03  -0.269628728859E-11   0.000000000000E+00   0.508593750000E+03  -0.105569789532E-10   0.000000000000E+00
  526.   0.190625000000E+03  -0.133911720655E-11   0.000000000000E+00   0.509375000000E+03  -0.527383707702E-11   0.000000000000E+00
  527.   0.189843750000E+03  -0.266990148580E-11   0.000000000000E+00   0.510156250000E+03  -0.106090639400E-10   0.000000000000E+00
  528.   0.189062500000E+03  -0.132596004618E-11   0.000000000000E+00   0.510937500000E+03  -0.529988229185E-11   0.000000000000E+00
  529.   0.188281250000E+03  -0.264359417357E-11   0.000000000000E+00   0.511718750000E+03  -0.106612572112E-10   0.000000000000E+00
  530.   0.187500000000E+03  -0.131284381746E-11   0.000000000000E+00   0.512500000000E+03  -0.532599695332E-11   0.000000000000E+00
  531.   0.186718750000E+03  -0.261736802248E-11   0.000000000000E+00   0.513281250000E+03  -0.107135580969E-10   0.000000000000E+00
  532.   0.185937500000E+03  -0.129976751181E-11   0.000000000000E+00   0.514062500000E+03  -0.535215844325E-11   0.000000000000E+00
  533.   0.185156250000E+03  -0.259122209563E-11   0.000000000000E+00   0.514843750000E+03  -0.107659611151E-10   0.000000000000E+00
  534.   0.184375000000E+03  -0.128673098863E-11   0.000000000000E+00   0.515625000000E+03  -0.537835599562E-11   0.000000000000E+00
  535.   0.183593750000E+03  -0.256515570737E-11   0.000000000000E+00   0.516406250000E+03  -0.108184761913E-10   0.000000000000E+00
  536.   0.182812500000E+03  -0.127373379959E-11   0.000000000000E+00   0.517187500000E+03  -0.540463074717E-11   0.000000000000E+00
  537.   0.182031250000E+03  -0.253916824940E-11   0.000000000000E+00   0.517968750000E+03  -0.108710849589E-10   0.000000000000E+00
  538.   0.181250000000E+03  -0.126077479846E-11   0.000000000000E+00   0.518750000000E+03  -0.543093912423E-11   0.000000000000E+00
  539.   0.180468750000E+03  -0.251325971609E-11   0.000000000000E+00   0.519531250000E+03  -0.109237920346E-10   0.000000000000E+00
  540.   0.179687500000E+03  -0.124785225333E-11   0.000000000000E+00   0.520312500000E+03  -0.545730248202E-11   0.000000000000E+00
  541.   0.178906250000E+03  -0.248742934142E-11   0.000000000000E+00   0.521093750000E+03  -0.109766150453E-10   0.000000000000E+00
  542.   0.178125000000E+03  -0.123497376565E-11   0.000000000000E+00   0.521875000000E+03  -0.548372131789E-11   0.000000000000E+00
  543.   0.177343750000E+03  -0.246167212957E-11   0.000000000000E+00   0.522656250000E+03  -0.110295372708E-10   0.000000000000E+00
  544.   0.176562500000E+03  -0.122212948294E-11   0.000000000000E+00   0.523437500000E+03  -0.551018801128E-11   0.000000000000E+00
  545.   0.175781250000E+03  -0.243599442580E-11   0.000000000000E+00   0.524218750000E+03  -0.110825577111E-10   0.000000000000E+00
  546.   0.175000000000E+03  -0.120932691671E-11   0.000000000000E+00   0.525000000000E+03  -0.553669190900E-11   0.000000000000E+00
  547.   0.174218750000E+03  -0.241039442085E-11   0.000000000000E+00   0.525781250000E+03  -0.111356884146E-10   0.000000000000E+00
  548.   0.173437500000E+03  -0.119656344869E-11   0.000000000000E+00   0.526562500000E+03  -0.556326936379E-11   0.000000000000E+00
  549.   0.172656250000E+03  -0.238487130115E-11   0.000000000000E+00   0.527343750000E+03  -0.111889223711E-10   0.000000000000E+00
  550.   0.171875000000E+03  -0.118383214867E-11   0.000000000000E+00   0.528125000000E+03  -0.558988350809E-11   0.000000000000E+00
  551.   0.171093750000E+03  -0.235942257678E-11   0.000000000000E+00   0.528906250000E+03  -0.112422454819E-10   0.000000000000E+00
  552.   0.170312500000E+03  -0.117114500892E-11   0.000000000000E+00   0.529687500000E+03  -0.561654509700E-11   0.000000000000E+00
  553.   0.169531250000E+03  -0.233404923510E-11   0.000000000000E+00   0.530468750000E+03  -0.112956610321E-10   0.000000000000E+00
  554.   0.168750000000E+03  -0.115849054928E-11   0.000000000000E+00   0.531250000000E+03  -0.564326497314E-11   0.000000000000E+00
  555.   0.167968750000E+03  -0.230875057237E-11   0.000000000000E+00   0.532031250000E+03  -0.113491847301E-10   0.000000000000E+00
  556.   0.167187500000E+03  -0.114587512881E-11   0.000000000000E+00   0.532812500000E+03  -0.567001979130E-11   0.000000000000E+00
  557.   0.166406250000E+03  -0.228352553456E-11   0.000000000000E+00   0.533593750000E+03  -0.114028102963E-10   0.000000000000E+00
  558.   0.165625000000E+03  -0.113329363436E-11   0.000000000000E+00   0.534375000000E+03  -0.569684048892E-11   0.000000000000E+00
  559.   0.164843750000E+03  -0.225837551144E-11   0.000000000000E+00   0.535156250000E+03  -0.114565424512E-10   0.000000000000E+00
  560.   0.164062500000E+03  -0.112075080909E-11   0.000000000000E+00   0.535937500000E+03  -0.572369551953E-11   0.000000000000E+00
  561.   0.163281250000E+03  -0.223329842341E-11   0.000000000000E+00   0.536718750000E+03  -0.115103727159E-10   0.000000000000E+00
  562.   0.162500000000E+03  -0.110824524734E-11   0.000000000000E+00   0.537500000000E+03  -0.575060693195E-11   0.000000000000E+00
  563.   0.161718750000E+03  -0.220829420731E-11   0.000000000000E+00   0.538281250000E+03  -0.115642968787E-10   0.000000000000E+00
  564.   0.160937500000E+03  -0.109577640751E-11   0.000000000000E+00   0.539062500000E+03  -0.577759386285E-11   0.000000000000E+00
  565.   0.160156250000E+03  -0.218336565991E-11   0.000000000000E+00   0.539843750000E+03  -0.116183247862E-10   0.000000000000E+00
  566.   0.159375000000E+03  -0.108334296158E-11   0.000000000000E+00   0.540625000000E+03  -0.580460966403E-11   0.000000000000E+00
  567.   0.158593750000E+03  -0.215850798541E-11   0.000000000000E+00   0.541406250000E+03  -0.116724629572E-10   0.000000000000E+00
  568.   0.157812500000E+03  -0.107095130343E-11   0.000000000000E+00   0.542187500000E+03  -0.583167524180E-11   0.000000000000E+00
  569.   0.157031250000E+03  -0.213372493871E-11   0.000000000000E+00   0.542968750000E+03  -0.117267006052E-10   0.000000000000E+00
  570.   0.156250000000E+03  -0.105858657325E-11   0.000000000000E+00   0.543750000000E+03  -0.585880706577E-11   0.000000000000E+00
  571.   0.155468750000E+03  -0.210901197190E-11   0.000000000000E+00   0.544531250000E+03  -0.117810224104E-10   0.000000000000E+00
  572.   0.154687500000E+03  -0.104626046692E-11   0.000000000000E+00   0.545312500000E+03  -0.588596526097E-11   0.000000000000E+00
  573.   0.153906250000E+03  -0.208437269003E-11   0.000000000000E+00   0.546093750000E+03  -0.118354493559E-10   0.000000000000E+00
  574.   0.153125000000E+03  -0.103397490531E-11   0.000000000000E+00   0.546875000000E+03  -0.591317923718E-11   0.000000000000E+00
  575.   0.152343750000E+03  -0.205980809677E-11   0.000000000000E+00   0.547656250000E+03  -0.118899800092E-10   0.000000000000E+00
  576.   0.151562500000E+03  -0.102172440157E-11   0.000000000000E+00   0.548437500000E+03  -0.594043895656E-11   0.000000000000E+00
  577.   0.150781250000E+03  -0.203531613992E-11   0.000000000000E+00   0.549218750000E+03  -0.119446122581E-10   0.000000000000E+00
  578.   0.150000000000E+03  -0.100950753113E-11   0.000000000000E+00   0.550000000000E+03  -0.596776573001E-11   0.000000000000E+00
  579.   0.149218750000E+03  -0.201089742465E-11   0.000000000000E+00   0.550781250000E+03  -0.119993571698E-10   0.000000000000E+00
  580.   0.148437500000E+03  -0.997327056790E-12   0.000000000000E+00   0.551562500000E+03  -0.599514643824E-11   0.000000000000E+00
  581.   0.147656250000E+03  -0.198655476383E-11   0.000000000000E+00   0.552343750000E+03  -0.120542157692E-10   0.000000000000E+00
  582.   0.146875000000E+03  -0.985188059975E-12   0.000000000000E+00   0.553125000000E+03  -0.602257164840E-11   0.000000000000E+00
  583.   0.146093750000E+03  -0.196229158351E-11   0.000000000000E+00   0.553906250000E+03  -0.121091715176E-10   0.000000000000E+00
  584.   0.145312500000E+03  -0.973089521398E-12   0.000000000000E+00   0.554687500000E+03  -0.605006403481E-11   0.000000000000E+00
  585.   0.144531250000E+03  -0.193810622602E-11   0.000000000000E+00   0.555468750000E+03  -0.121642307425E-10   0.000000000000E+00
  586.   0.143750000000E+03  -0.961028564918E-12   0.000000000000E+00   0.556250000000E+03  -0.607758900863E-11   0.000000000000E+00
  587.   0.142968750000E+03  -0.191400013242E-11   0.000000000000E+00   0.557031250000E+03  -0.122193808210E-10   0.000000000000E+00
  588.   0.142187500000E+03  -0.949006853494E-12   0.000000000000E+00   0.557812500000E+03  -0.610514648969E-11   0.000000000000E+00
  589.   0.141406250000E+03  -0.188997797679E-11   0.000000000000E+00   0.558593750000E+03  -0.122746282357E-10   0.000000000000E+00
  590.   0.140625000000E+03  -0.937028125859E-12   0.000000000000E+00   0.559375000000E+03  -0.613276440762E-11   0.000000000000E+00
  591.   0.139843750000E+03  -0.186603833212E-11   0.000000000000E+00   0.560156250000E+03  -0.123299327205E-10   0.000000000000E+00
  592.   0.139062500000E+03  -0.925088089538E-12   0.000000000000E+00   0.560937500000E+03  -0.616039572809E-11   0.000000000000E+00
  593.   0.138281250000E+03  -0.184218352614E-11   0.000000000000E+00   0.561718750000E+03  -0.123852676058E-10   0.000000000000E+00
  594.   0.137500000000E+03  -0.913194321397E-12   0.000000000000E+00   0.562500000000E+03  -0.618805619313E-11   0.000000000000E+00
  595.   0.136718750000E+03  -0.181842433157E-11   0.000000000000E+00   0.563281250000E+03  -0.124406269291E-10   0.000000000000E+00
  596.   0.135937500000E+03  -0.901353740395E-12   0.000000000000E+00   0.564062500000E+03  -0.621571113916E-11   0.000000000000E+00
  597.   0.135156250000E+03  -0.179477261723E-11   0.000000000000E+00   0.564843750000E+03  -0.124960649454E-10   0.000000000000E+00
  598.   0.134375000000E+03  -0.889562885573E-12   0.000000000000E+00   0.565625000000E+03  -0.624342658153E-11   0.000000000000E+00
  599.   0.133593750000E+03  -0.177124818960E-11   0.000000000000E+00   0.566406250000E+03  -0.125516772497E-10   0.000000000000E+00
  600.   0.132812500000E+03  -0.877849729758E-12   0.000000000000E+00   0.567187500000E+03  -0.627127516649E-11   0.000000000000E+00
  601.   0.132031250000E+03  -0.174789455571E-11   0.000000000000E+00   0.567968750000E+03  -0.126076957209E-10   0.000000000000E+00
  602.   0.131250000000E+03  -0.866231148313E-12   0.000000000000E+00   0.568750000000E+03  -0.629941574747E-11   0.000000000000E+00
  603.   0.130468750000E+03  -0.172476909511E-11   0.000000000000E+00   0.569531250000E+03  -0.126645188336E-10   0.000000000000E+00
  604.   0.129687500000E+03  -0.854743437725E-12   0.000000000000E+00   0.570312500000E+03  -0.632805241838E-11   0.000000000000E+00
  605.   0.128906250000E+03  -0.170196386532E-11   0.000000000000E+00   0.571093750000E+03  -0.127227776492E-10   0.000000000000E+00
  606.   0.128125000000E+03  -0.843444261297E-12   0.000000000000E+00   0.571875000000E+03  -0.635761141036E-11   0.000000000000E+00
  607.   0.127343750000E+03  -0.167959496095E-11   0.000000000000E+00   0.572656250000E+03  -0.127832551328E-10   0.000000000000E+00
  608.   0.126562500000E+03  -0.832396156675E-12   0.000000000000E+00   0.573437500000E+03  -0.638849982288E-11   0.000000000000E+00
  609.   0.125781250000E+03  -0.165778450662E-11   0.000000000000E+00   0.574218750000E+03  -0.128467982816E-10   0.000000000000E+00
  610.   0.125000000000E+03  -0.821658163786E-12   0.000000000000E+00   0.575000000000E+03  -0.642113180670E-11   0.000000000000E+00
  611.   0.124218750000E+03  -0.163662420916E-11   0.000000000000E+00   0.575781250000E+03  -0.129139107119E-10   0.000000000000E+00
  612.   0.123437500000E+03  -0.811261005729E-12   0.000000000000E+00   0.576562500000E+03  -0.645562458176E-11   0.000000000000E+00
  613.   0.122656250000E+03  -0.161611794987E-11   0.000000000000E+00   0.577343750000E+03  -0.129840725892E-10   0.000000000000E+00
  614.   0.121875000000E+03  -0.801177583823E-12   0.000000000000E+00   0.578125000000E+03  -0.649131446695E-11   0.000000000000E+00
  615.   0.121093750000E+03  -0.159607293239E-11   0.000000000000E+00   0.578906250000E+03  -0.130545953698E-10   0.000000000000E+00
  616.   0.120312500000E+03  -0.791244436481E-12   0.000000000000E+00   0.579687500000E+03  -0.652618881508E-11   0.000000000000E+00
  617.   0.119531250000E+03  -0.157597007984E-11   0.000000000000E+00   0.580468750000E+03  -0.131192769392E-10   0.000000000000E+00
  618.   0.118750000000E+03  -0.781098212559E-12   0.000000000000E+00   0.581250000000E+03  -0.655602967094E-11   0.000000000000E+00
  619.   0.117968750000E+03  -0.155484725662E-11   0.000000000000E+00   0.582031250000E+03  -0.131668926030E-10   0.000000000000E+00
  620.   0.117187500000E+03  -0.770134897530E-12   0.000000000000E+00   0.582812500000E+03  -0.657376036345E-11   0.000000000000E+00
  621.   0.116406250000E+03  -0.153124476609E-11   0.000000000000E+00   0.583593750000E+03  -0.131803170388E-10   0.000000000000E+00
  622.   0.115625000000E+03  -0.757492919673E-12   0.000000000000E+00   0.584375000000E+03  -0.656922437060E-11   0.000000000000E+00
  623.   0.114843750000E+03  -0.150332504397E-11   0.000000000000E+00   0.585156250000E+03  -0.131373235219E-10   0.000000000000E+00
  624.   0.114062500000E+03  -0.742182988470E-12   0.000000000000E+00   0.585937500000E+03  -0.653021685440E-11   0.000000000000E+00
  625.   0.113281250000E+03  -0.146932048707E-11   0.000000000000E+00   0.586718750000E+03  -0.130145794342E-10   0.000000000000E+00
  626.   0.112500000000E+03  -0.723411034898E-12   0.000000000000E+00   0.587500000000E+03  -0.644547478253E-11   0.000000000000E+00
  627.   0.111718750000E+03  -0.142839628250E-11   0.000000000000E+00   0.588281250000E+03  -0.127962192200E-10   0.000000000000E+00
  628.   0.110937500000E+03  -0.701130101073E-12   0.000000000000E+00   0.589062500000E+03  -0.631032821821E-11   0.000000000000E+00
  629.   0.110156250000E+03  -0.138202449608E-11   0.000000000000E+00   0.589843750000E+03  -0.124880409065E-10   0.000000000000E+00
  630.   0.109375000000E+03  -0.676850018221E-12   0.000000000000E+00   0.590625000000E+03  -0.613512888534E-11   0.000000000000E+00
  631.   0.108593750000E+03  -0.133584686940E-11   0.000000000000E+00   0.591406250000E+03  -0.121373711309E-10   0.000000000000E+00
  632.   0.107812500000E+03  -0.654717628064E-12   0.000000000000E+00   0.592187500000E+03  -0.595702626848E-11   0.000000000000E+00
  633.   0.107031250000E+03  -0.130176761966E-11   0.000000000000E+00   0.592968750000E+03  -0.118563252538E-10   0.000000000000E+00
  634.   0.106250000000E+03  -0.642467892063E-12   0.000000000000E+00   0.593750000000E+03  -0.585073439885E-11   0.000000000000E+00
  635.   0.105468750000E+03  -0.129997534489E-11   0.000000000000E+00   0.594531250000E+03  -0.118451255602E-10   0.000000000000E+00
  636.   0.104687500000E+03  -0.652790215975E-12   0.000000000000E+00   0.595312500000E+03  -0.594433231203E-11   0.000000000000E+00
  637.   0.103906250000E+03  -0.135880133491E-11   0.000000000000E+00   0.596093750000E+03  -0.123920064269E-10   0.000000000000E+00
  638.   0.103125000000E+03  -0.701227274360E-12   0.000000000000E+00   0.596875000000E+03  -0.639741427768E-11   0.000000000000E+00
  639.   0.102343750000E+03  -0.151081344651E-11   0.000000000000E+00   0.597656250000E+03  -0.138285826546E-10   0.000000000000E+00
  640.   0.101562500000E+03  -0.809339643132E-12   0.000000000000E+00   0.598437500000E+03  -0.743257260031E-11   0.000000000000E+00
  641.   0.100781250000E+03  -0.174901208227E-11   0.000000000000E+00   0.599218750000E+03  -0.160308315036E-10   0.000000000000E+00
