i  r_top  QtopRe  QtopIm  r_bot  QbotRe  QbotIm   [mm, mC]
    1.   0.600000000000E+03  -0.100229667922E-06   0.000000000000E+00   0.100000000000E+03   0.642282055251E-06   0.000000000000E+00
    2.   0.100000000000E+03  -0.642282052100E-06   0.000000000000E+00   0.600000000000E+03   0.100229667984E-06   0.000000000000E+00
    3.   0.593750000000E+03  -0.396744251407E-06   0.000000000000E+00   0.106250000000E+03   0.272969864115E-05   0.000000000000E+00
    4.   0.587500000000E+03  -0.196284915560E-06   0.000000000000E+00   0.112500000000E+03   0.144513454937E-05   0.000000000000E+00
    5.   0.581250000000E+03  -0.388395344873E-06   0.000000000000E+00   0.118750000000E+03   0.305083945217E-05   0.000000000000E+00
    6.   0.575000000000E+03  -0.192110429404E-06   0.000000000000E+00   0.125000000000E+03   0.160570494744E-05   0.000000000000E+00
    7.   0.568750000000E+03  -0.380046307340E-06   0.000000000000E+00   0.131250000000E+03   0.337198012036E-05   0.000000000000E+00
    8.   0.562500000000E+03  -0.187935878018E-06   0.000000000000E+00   0.137500000000E+03   0.176627531808E-05   0.000000000000E+00
    9.   0.556250000000E+03  -0.371697139514E-06   0.000000000000E+00   0.143750000000E+03   0.369312058837E-05   0.000000000000E+00
   10.   0.550000000000E+03  -0.183761261628E-06   0.000000000000E+00   0.150000000000E+03   0.192684572302E-05   0.000000000000E+00
   11.   0.543750000000E+03  -0.363347841904E-06   0.000000000000E+00   0.156250000000E+03   0.401426071579E-05   0.000000000000E+00
   12.   0.537500000000E+03  -0.179586580497E-06   0.000000000000E+00   0.162500000000E+03   0.208741636292E-05   0.000000000000E+00
   13.   0.531250000000E+03  -0.354998414960E-06   0.000000000000E+00   0.168750000000E+03   0.433540015504E-05   0.000000000000E+00
   14.   0.525000000000E+03  -0.175411834818E-06   0.000000000000E+00   0.175000000000E+03   0.224798774058E-05   0.000000000000E+00
   15.   0.518750000000E+03  -0.346648859217E-06   0.000000000000E+00   0.181250000000E+03   0.465653805002E-05   0.000000000000E+00
   16.   0.512500000000E+03  -0.171237024883E-06   0.000000000000E+00   0.187500000000E+03   0.240856106317E-05   0.000000000000E+00
   17.   0.506250000000E+03  -0.338299174879E-06   0.000000000000E+00   0.193750000000E+03   0.497767277702E-05   0.000000000000E+00
   18.   0.500000000000E+03  -0.167062149853E-06   0.000000000000E+00   0.200000000000E+03   0.256913792152E-05   0.000000000000E+00
   19.   0.493750000000E+03  -0.329949364414E-06   0.000000000000E+00   0.206250000000E+03   0.529880182423E-05   0.000000000000E+00
   20.   0.487500000000E+03  -0.162887209958E-06   0.000000000000E+00   0.212500000000E+03   0.272971683309E-05   0.000000000000E+00
   21.   0.481250000000E+03  -0.321599428634E-06   0.000000000000E+00   0.218750000000E+03   0.561992541166E-05   0.000000000000E+00
   22.   0.475000000000E+03  -0.158712186747E-06   0.000000000000E+00   0.225000000000E+03   0.289027341716E-05   0.000000000000E+00
   23.   0.468750000000E+03  -0.313249401898E-06   0.000000000000E+00   0.231250000000E+03   0.594102128680E-05   0.000000000000E+00
   24.   0.462500000000E+03  -0.154537077088E-06   0.000000000000E+00   0.237500000000E+03   0.305071123922E-05   0.000000000000E+00
   25.   0.456250000000E+03  -0.304899303668E-06   0.000000000000E+00   0.243750000000E+03   0.626178995808E-05   0.000000000000E+00
   26.   0.450000000000E+03  -0.150361616037E-06   0.000000000000E+00   0.250000000000E+03   0.321090225268E-05   0.000000000000E+00
   27.   0.443750000000E+03  -0.296549555379E-06   0.000000000000E+00   0.256250000000E+03   0.657804829013E-05   0.000000000000E+00
   28.   0.437500000000E+03  -0.146185905929E-06   0.000000000000E+00   0.262500000000E+03   0.336929581627E-05   0.000000000000E+00
   29.   0.431250000000E+03  -0.288200229283E-06   0.000000000000E+00   0.268750000000E+03   0.686661125943E-05   0.000000000000E+00
   30.   0.425000000000E+03  -0.142006659747E-06   0.000000000000E+00   0.275000000000E+03   0.352122514546E-05   0.000000000000E+00
   31.   0.418750000000E+03  -0.279855883046E-06   0.000000000000E+00   0.281250000000E+03   0.699160809920E-05   0.000000000000E+00
   32.   0.412500000000E+03  -0.137827708312E-06   0.000000000000E+00   0.287500000000E+03   0.346704040615E-05   0.000000000000E+00
   33.   0.406250000000E+03  -0.271515370694E-06   0.000000000000E+00   0.293750000000E+03   0.584969173038E-05   0.000000000000E+00
   34.   0.400000000000E+03  -0.133604378804E-06   0.000000000000E+00   0.300000000000E+03   0.229336652385E-05   0.000000000000E+00
   35.   0.393750000000E+03  -0.263233957976E-06   0.000000000000E+00   0.306250000000E+03   0.289432477191E-05   0.000000000000E+00
   36.   0.387500000000E+03  -0.129401323182E-06   0.000000000000E+00   0.312500000000E+03   0.650101939720E-06   0.000000000000E+00
   37.   0.381250000000E+03  -0.254996920672E-06   0.000000000000E+00   0.318750000000E+03   0.691623521523E-06   0.000000000000E+00
   38.   0.375000000000E+03  -0.124571935545E-06   0.000000000000E+00   0.325000000000E+03   0.107132593732E-06   0.000000000000E+00
   39.   0.368750000000E+03  -0.247422072890E-06   0.000000000000E+00   0.331250000000E+03   0.267578967030E-06   0.000000000000E+00
   40.   0.362500000000E+03  -0.120095530127E-06   0.000000000000E+00   0.337500000000E+03   0.119686587644E-06   0.000000000000E+00
   41.   0.356250000000E+03  -0.239920919070E-06   0.000000000000E+00   0.343750000000E+03   0.237203017550E-06   0.000000000000E+00
   42.   0.350000000000E+03  -0.106044200436E-06   0.000000000000E+00   0.350000000000E+03   0.118525116665E-06   0.000000000000E+00
   43.   0.343750000000E+03  -0.240879256361E-06   0.000000000000E+00   0.356250000000E+03   0.239684472163E-06   0.000000000000E+00
   44.   0.337500000000E+03  -0.944413005900E-07   0.000000000000E+00   0.362500000000E+03   0.120656357159E-06   0.000000000000E+00
   45.   0.331250000000E+03  -0.216973456244E-06   0.000000000000E+00   0.368750000000E+03   0.246638399130E-06   0.000000000000E+00
   46.   0.325000000000E+03   0.142111819412E-06   0.000000000000E+00   0.375000000000E+03   0.125363562948E-06   0.000000000000E+00
   47.   0.318750000000E+03  -0.228603019754E-06   0.000000000000E+00   0.381250000000E+03   0.254810621936E-06   0.000000000000E+00
   48.   0.312500000000E+03   0.250250680907E-05   0.000000000000E+00   0.387500000000E+03   0.129504739456E-06   0.000000000000E+00
   49.   0.306250000000E+03   0.620816035073E-05   0.000000000000E+00   0.393750000000E+03   0.263114859291E-06   0.000000000000E+00
   50.   0.300000000000E+03  -0.921579531607E-05   0.000000000000E+00   0.400000000000E+03   0.133689450270E-06   0.000000000000E+00
   51.   0.293750000000E+03  -0.112152486689E-04   0.000000000000E+00   0.406250000000E+03   0.271480533379E-06   0.000000000000E+00
   52.   0.287500000000E+03  -0.341437978003E-05   0.000000000000E+00   0.412500000000E+03   0.137847585489E-06   0.000000000000E+00
   53.   0.281250000000E+03  -0.773054284002E-05   0.000000000000E+00   0.418750000000E+03   0.279839650173E-06   0.000000000000E+00
   54.   0.275000000000E+03  -0.347828422182E-05   0.000000000000E+00   0.425000000000E+03   0.142016864455E-06   0.000000000000E+00
   55.   0.268750000000E+03  -0.697959961511E-05   0.000000000000E+00   0.431250000000E+03   0.288195309649E-06   0.000000000000E+00
   56.   0.262500000000E+03  -0.336041304120E-05   0.000000000000E+00   0.437500000000E+03   0.146188683478E-06   0.000000000000E+00
   57.   0.256250000000E+03  -0.659467386992E-05   0.000000000000E+00   0.443750000000E+03   0.296547659724E-06   0.000000000000E+00
   58.   0.250000000000E+03  -0.320830948141E-05   0.000000000000E+00   0.450000000000E+03   0.150362716761E-06   0.000000000000E+00
   59.   0.243750000000E+03  -0.626464838306E-05   0.000000000000E+00   0.456250000000E+03   0.304898754435E-06   0.000000000000E+00
   60.   0.237500000000E+03  -0.305014942684E-05   0.000000000000E+00   0.462500000000E+03   0.154537379102E-06   0.000000000000E+00
   61.   0.231250000000E+03  -0.594158265125E-05   0.000000000000E+00   0.468750000000E+03   0.313249213697E-06   0.000000000000E+00
   62.   0.225000000000E+03  -0.289004161185E-05   0.000000000000E+00   0.475000000000E+03   0.158712290719E-06   0.000000000000E+00
   63.   0.218750000000E+03  -0.562009080915E-05   0.000000000000E+00   0.481250000000E+03   0.321599376742E-06   0.000000000000E+00
   64.   0.212500000000E+03  -0.272964103054E-05   0.000000000000E+00   0.487500000000E+03   0.162887238043E-06   0.000000000000E+00
   65.   0.206250000000E+03  -0.529885141087E-05   0.000000000000E+00   0.493750000000E+03   0.329949347995E-06   0.000000000000E+00
   66.   0.200000000000E+03  -0.256910887462E-05   0.000000000000E+00   0.500000000000E+03   0.167062158725E-06   0.000000000000E+00
   67.   0.193750000000E+03  -0.497769089442E-05   0.000000000000E+00   0.506250000000E+03   0.338299170759E-06   0.000000000000E+00
   68.   0.187500000000E+03  -0.240855096974E-05   0.000000000000E+00   0.512500000000E+03   0.171237027180E-06   0.000000000000E+00
   69.   0.181250000000E+03  -0.465654394076E-05   0.000000000000E+00   0.518750000000E+03   0.346648858207E-06   0.000000000000E+00
   70.   0.175000000000E+03  -0.224798430932E-05   0.000000000000E+00   0.525000000000E+03   0.175411835465E-06   0.000000000000E+00
   71.   0.168750000000E+03  -0.433540216516E-05   0.000000000000E+00   0.531250000000E+03   0.354998414951E-06   0.000000000000E+00
   72.   0.162500000000E+03  -0.208741525184E-05   0.000000000000E+00   0.537500000000E+03   0.179586580649E-06   0.000000000000E+00
   73.   0.156250000000E+03  -0.401426132611E-05   0.000000000000E+00   0.543750000000E+03   0.363347842114E-06   0.000000000000E+00
   74.   0.150000000000E+03  -0.192684538618E-05   0.000000000000E+00   0.550000000000E+03   0.183761261687E-06   0.000000000000E+00
   75.   0.143750000000E+03  -0.369312077727E-05   0.000000000000E+00   0.556250000000E+03   0.371697139775E-06   0.000000000000E+00
   76.   0.137500000000E+03  -0.176627521709E-05   0.000000000000E+00   0.562500000000E+03   0.187935878071E-06   0.000000000000E+00
   77.   0.131250000000E+03  -0.337198017404E-05   0.000000000000E+00   0.568750000000E+03   0.380046307598E-06   0.000000000000E+00
   78.   0.125000000000E+03  -0.160570491950E-05   0.000000000000E+00   0.575000000000E+03   0.192110429469E-06   0.000000000000E+00
   79.   0.118750000000E+03  -0.305083946672E-05   0.000000000000E+00   0.581250000000E+03   0.388395345141E-06   0.000000000000E+00
   80.   0.112500000000E+03  -0.144513454164E-05   0.000000000000E+00   0.587500000000E+03   0.196284915621E-06   0.000000000000E+00
   81.   0.106250000000E+03  -0.272969864760E-05   0.000000000000E+00   0.593750000000E+03   0.396744251643E-06   0.000000000000E+00
