i  r_top  QtopRe  QtopIm  r_bot  QbotRe  QbotIm   [mm, mC]
    1.   0.600000000000E+03  -0.451733630312E-06   0.000000000000E+00   0.100000000000E+03   0.269782631916E-09   0.000000000000E+00
    2.   0.100000000000E+03   0.269782631613E-09   0.000000000000E+00   0.600000000000E+03  -0.451733630312E-06   0.000000000000E+00
    3.   0.596875000000E+03   0.245707983769E-07   0.000000000000E+00   0.103125000000E+03   0.111405263232E-08   0.000000000000E+00
    4.   0.593750000000E+03   0.478213357030E-07   0.000000000000E+00   0.106250000000E+03   0.573781875395E-09   0.000000000000E+00
    5.   0.590625000000E+03   0.608714306254E-07   0.000000000000E+00   0.109375000000E+03   0.117527905801E-08   0.000000000000E+00
    6.   0.587500000000E+03   0.112327766241E-07   0.000000000000E+00   0.112500000000E+03   0.600133930045E-09   0.000000000000E+00
    7.   0.584375000000E+03   0.318468322385E-07   0.000000000000E+00   0.115625000000E+03   0.122677435761E-08   0.000000000000E+00
    8.   0.581250000000E+03   0.199113271875E-08   0.000000000000E+00   0.118750000000E+03   0.625138783873E-09   0.000000000000E+00
    9.   0.578125000000E+03   0.151021929984E-07   0.000000000000E+00   0.121875000000E+03   0.127426550848E-08   0.000000000000E+00
   10.   0.575000000000E+03  -0.410830847761E-09   0.000000000000E+00   0.125000000000E+03   0.648056358648E-09   0.000000000000E+00
   11.   0.571875000000E+03   0.698767027813E-08   0.000000000000E+00   0.128125000000E+03   0.131893349255E-08   0.000000000000E+00
   12.   0.568750000000E+03  -0.748695784287E-09   0.000000000000E+00   0.131250000000E+03   0.669867781281E-09   0.000000000000E+00
   13.   0.565625000000E+03   0.335081964520E-08   0.000000000000E+00   0.134375000000E+03   0.136134493801E-08   0.000000000000E+00
   14.   0.562500000000E+03  -0.621487684289E-09   0.000000000000E+00   0.137500000000E+03   0.690569683545E-09   0.000000000000E+00
   15.   0.559375000000E+03   0.167418767950E-08   0.000000000000E+00   0.140625000000E+03   0.140171055701E-08   0.000000000000E+00
   16.   0.556250000000E+03  -0.407694756818E-09   0.000000000000E+00   0.143750000000E+03   0.710278053486E-09   0.000000000000E+00
   17.   0.553125000000E+03   0.906583384326E-09   0.000000000000E+00   0.146875000000E+03   0.144011127594E-08   0.000000000000E+00
   18.   0.550000000000E+03  -0.231211050509E-09   0.000000000000E+00   0.150000000000E+03   0.729001185146E-09   0.000000000000E+00
   19.   0.546875000000E+03   0.550777414145E-09   0.000000000000E+00   0.153125000000E+03   0.147656127572E-08   0.000000000000E+00
   20.   0.543750000000E+03  -0.102576154955E-09   0.000000000000E+00   0.156250000000E+03   0.746745189733E-09   0.000000000000E+00
   21.   0.540625000000E+03   0.391614511867E-09   0.000000000000E+00   0.159375000000E+03   0.151105130320E-08   0.000000000000E+00
   22.   0.537500000000E+03  -0.132407201751E-10   0.000000000000E+00   0.162500000000E+03   0.763502357104E-09   0.000000000000E+00
   23.   0.534375000000E+03   0.328060098079E-09   0.000000000000E+00   0.165625000000E+03   0.154356138565E-08   0.000000000000E+00
   24.   0.531250000000E+03   0.496053793326E-10   0.000000000000E+00   0.168750000000E+03   0.779262852627E-09   0.000000000000E+00
   25.   0.528125000000E+03   0.313286693808E-09   0.000000000000E+00   0.171875000000E+03   0.157406784306E-08   0.000000000000E+00
   26.   0.525000000000E+03   0.957528938687E-10   0.000000000000E+00   0.175000000000E+03   0.794014815548E-09   0.000000000000E+00
   27.   0.521875000000E+03   0.324383359194E-09   0.000000000000E+00   0.178125000000E+03   0.160254579769E-08   0.000000000000E+00
   28.   0.518750000000E+03   0.131933933989E-09   0.000000000000E+00   0.181250000000E+03   0.807746239220E-09   0.000000000000E+00
   29.   0.515625000000E+03   0.349916212179E-09   0.000000000000E+00   0.184375000000E+03   0.162897048044E-08   0.000000000000E+00
   30.   0.512500000000E+03   0.162398226655E-09   0.000000000000E+00   0.187500000000E+03   0.820445112591E-09   0.000000000000E+00
   31.   0.509375000000E+03   0.383924207739E-09   0.000000000000E+00   0.190625000000E+03   0.165331775518E-08   0.000000000000E+00
   32.   0.506250000000E+03   0.189732970762E-09   0.000000000000E+00   0.193750000000E+03   0.832099808663E-09   0.000000000000E+00
   33.   0.503125000000E+03   0.423190584007E-09   0.000000000000E+00   0.196875000000E+03   0.167556451845E-08   0.000000000000E+00
   34.   0.500000000000E+03   0.215462620361E-09   0.000000000000E+00   0.200000000000E+03   0.842699248123E-09   0.000000000000E+00
   35.   0.496875000000E+03   0.465899775154E-09   0.000000000000E+00   0.203125000000E+03   0.169568881559E-08   0.000000000000E+00
   36.   0.493750000000E+03   0.240459847586E-09   0.000000000000E+00   0.206250000000E+03   0.852233120985E-09   0.000000000000E+00
   37.   0.490625000000E+03   0.510975989979E-09   0.000000000000E+00   0.209375000000E+03   0.171367003853E-08   0.000000000000E+00
   38.   0.487500000000E+03   0.265205207644E-09   0.000000000000E+00   0.212500000000E+03   0.860691860126E-09   0.000000000000E+00
   39.   0.484375000000E+03   0.557742465250E-09   0.000000000000E+00   0.215625000000E+03   0.172948895271E-08   0.000000000000E+00
   40.   0.481250000000E+03   0.289946722897E-09   0.000000000000E+00   0.218750000000E+03   0.868066931172E-09   0.000000000000E+00
   41.   0.478125000000E+03   0.605742724834E-09   0.000000000000E+00   0.221875000000E+03   0.174312778779E-08   0.000000000000E+00
   42.   0.475000000000E+03   0.314796052259E-09   0.000000000000E+00   0.225000000000E+03   0.874351015196E-09   0.000000000000E+00
   43.   0.471875000000E+03   0.654644157921E-09   0.000000000000E+00   0.228125000000E+03   0.175457014064E-08   0.000000000000E+00
   44.   0.468750000000E+03   0.339785862438E-09   0.000000000000E+00   0.231250000000E+03   0.879538224921E-09   0.000000000000E+00
   45.   0.465625000000E+03   0.704185022878E-09   0.000000000000E+00   0.234375000000E+03   0.176380088703E-08   0.000000000000E+00
   46.   0.462500000000E+03   0.364904019811E-09   0.000000000000E+00   0.237500000000E+03   0.883624826502E-09   0.000000000000E+00
   47.   0.459375000000E+03   0.754144750111E-09   0.000000000000E+00   0.240625000000E+03   0.177080597822E-08   0.000000000000E+00
   48.   0.456250000000E+03   0.390114573339E-09   0.000000000000E+00   0.243750000000E+03   0.886610045544E-09   0.000000000000E+00
   49.   0.453125000000E+03   0.804327077388E-09   0.000000000000E+00   0.246875000000E+03   0.177557220060E-08   0.000000000000E+00
   50.   0.450000000000E+03   0.415371263261E-09   0.000000000000E+00   0.250000000000E+03   0.888497762590E-09   0.000000000000E+00
   51.   0.446875000000E+03   0.854550717557E-09   0.000000000000E+00   0.253125000000E+03   0.177808712454E-08   0.000000000000E+00
   52.   0.443750000000E+03   0.440628247476E-09   0.000000000000E+00   0.256250000000E+03   0.889299927642E-09   0.000000000000E+00
   53.   0.440625000000E+03   0.904645416692E-09   0.000000000000E+00   0.259375000000E+03   0.177834017063E-08   0.000000000000E+00
   54.   0.437500000000E+03   0.465851570360E-09   0.000000000000E+00   0.262500000000E+03   0.889042879127E-09   0.000000000000E+00
   55.   0.434375000000E+03   0.954454770605E-09   0.000000000000E+00   0.265625000000E+03   0.177632724593E-08   0.000000000000E+00
   56.   0.431250000000E+03   0.491037020170E-09   0.000000000000E+00   0.268750000000E+03   0.887781056457E-09   0.000000000000E+00
   57.   0.428125000000E+03   0.100385267224E-08   0.000000000000E+00   0.271875000000E+03   0.177206562862E-08   0.000000000000E+00
   58.   0.425000000000E+03   0.516243237933E-09   0.000000000000E+00   0.275000000000E+03   0.885624846969E-09   0.000000000000E+00
   59.   0.421875000000E+03   0.105279422244E-08   0.000000000000E+00   0.278125000000E+03   0.176563795153E-08   0.000000000000E+00
   60.   0.418750000000E+03   0.541663788318E-09   0.000000000000E+00   0.281250000000E+03   0.882803937121E-09   0.000000000000E+00
   61.   0.415625000000E+03   0.110145067128E-08   0.000000000000E+00   0.284375000000E+03   0.175731016057E-08   0.000000000000E+00
   62.   0.412500000000E+03   0.567776643242E-09   0.000000000000E+00   0.287500000000E+03   0.879802501398E-09   0.000000000000E+00
   63.   0.409375000000E+03   0.115057035742E-08   0.000000000000E+00   0.290625000000E+03   0.174785222508E-08   0.000000000000E+00
   64.   0.406250000000E+03   0.595714418002E-09   0.000000000000E+00   0.293750000000E+03   0.877695440516E-09   0.000000000000E+00
   65.   0.403125000000E+03   0.120235476661E-08   0.000000000000E+00   0.296875000000E+03   0.173933610362E-08   0.000000000000E+00
   66.   0.400000000000E+03   0.627997315520E-09   0.000000000000E+00   0.300000000000E+03   0.878836420835E-09   0.000000000000E+00
   67.   0.396875000000E+03   0.126280796657E-08   0.000000000000E+00   0.303125000000E+03   0.173730507945E-08   0.000000000000E+00
   68.   0.393750000000E+03   0.670695369009E-09   0.000000000000E+00   0.306250000000E+03   0.888868796166E-09   0.000000000000E+00
   69.   0.390625000000E+03   0.134701056818E-08   0.000000000000E+00   0.309375000000E+03   0.175578571932E-08   0.000000000000E+00
   70.   0.387500000000E+03   0.736786148768E-09   0.000000000000E+00   0.312500000000E+03   0.920047976123E-09   0.000000000000E+00
   71.   0.384375000000E+03   0.149437844637E-08   0.000000000000E+00   0.315625000000E+03   0.183185486235E-08   0.000000000000E+00
   72.   0.381250000000E+03   0.860740699610E-09   0.000000000000E+00   0.318750000000E+03   0.100506193146E-08   0.000000000000E+00
   73.   0.378125000000E+03   0.179827447568E-08   0.000000000000E+00   0.321875000000E+03   0.205509010498E-08   0.000000000000E+00
   74.   0.375000000000E+03   0.110684374537E-08   0.000000000000E+00   0.325000000000E+03   0.120683638648E-08   0.000000000000E+00
   75.   0.371875000000E+03   0.251225426654E-08   0.000000000000E+00   0.328125000000E+03   0.267169145965E-08   0.000000000000E+00
   76.   0.368750000000E+03   0.168868985274E-08   0.000000000000E+00   0.331250000000E+03   0.173346561931E-08   0.000000000000E+00
   77.   0.365625000000E+03   0.420653592032E-08   0.000000000000E+00   0.334375000000E+03   0.424853749238E-08   0.000000000000E+00
   78.   0.362500000000E+03   0.283633343387E-08   0.000000000000E+00   0.337500000000E+03   0.282682047066E-08   0.000000000000E+00
   79.   0.359375000000E+03   0.875126299818E-08   0.000000000000E+00   0.340625000000E+03   0.865389655315E-08   0.000000000000E+00
   80.   0.356250000000E+03   0.601983377981E-08   0.000000000000E+00   0.343750000000E+03   0.594947959956E-08   0.000000000000E+00
   81.   0.353125000000E+03   0.213172103468E-07   0.000000000000E+00   0.346875000000E+03   0.212030381315E-07   0.000000000000E+00
   82.   0.350000000000E+03   0.315488780070E-07   0.000000000000E+00   0.350000000000E+03   0.315488779876E-07   0.000000000000E+00
   83.   0.346875000000E+03   0.212030381254E-07   0.000000000000E+00   0.353125000000E+03   0.213172103574E-07   0.000000000000E+00
   84.   0.343750000000E+03   0.594947960352E-08   0.000000000000E+00   0.356250000000E+03   0.601983376991E-08   0.000000000000E+00
   85.   0.340625000000E+03   0.865389654560E-08   0.000000000000E+00   0.359375000000E+03   0.875126300208E-08   0.000000000000E+00
   86.   0.337500000000E+03   0.282682047699E-08   0.000000000000E+00   0.362500000000E+03   0.283633342581E-08   0.000000000000E+00
   87.   0.334375000000E+03   0.424853750082E-08   0.000000000000E+00   0.365625000000E+03   0.420653592372E-08   0.000000000000E+00
   88.   0.331250000000E+03   0.173346563253E-08   0.000000000000E+00   0.368750000000E+03   0.168868984081E-08   0.000000000000E+00
   89.   0.328125000000E+03   0.267169147500E-08   0.000000000000E+00   0.371875000000E+03   0.251225428269E-08   0.000000000000E+00
   90.   0.325000000000E+03   0.120683638476E-08   0.000000000000E+00   0.375000000000E+03   0.110684374662E-08   0.000000000000E+00
   91.   0.321875000000E+03   0.205509011208E-08   0.000000000000E+00   0.378125000000E+03   0.179827449230E-08   0.000000000000E+00
   92.   0.318750000000E+03   0.100506193633E-08   0.000000000000E+00   0.381250000000E+03   0.860740700154E-09   0.000000000000E+00
   93.   0.315625000000E+03   0.183185486263E-08   0.000000000000E+00   0.384375000000E+03   0.149437845741E-08   0.000000000000E+00
   94.   0.312500000000E+03   0.920047975359E-09   0.000000000000E+00   0.387500000000E+03   0.736786150428E-09   0.000000000000E+00
   95.   0.309375000000E+03   0.175578572122E-08   0.000000000000E+00   0.390625000000E+03   0.134701057035E-08   0.000000000000E+00
   96.   0.306250000000E+03   0.888868814551E-09   0.000000000000E+00   0.393750000000E+03   0.670695363903E-09   0.000000000000E+00
   97.   0.303125000000E+03   0.173730508911E-08   0.000000000000E+00   0.396875000000E+03   0.126280796031E-08   0.000000000000E+00
   98.   0.300000000000E+03   0.878836420760E-09   0.000000000000E+00   0.400000000000E+03   0.627997316453E-09   0.000000000000E+00
   99.   0.296875000000E+03   0.173933612271E-08   0.000000000000E+00   0.403125000000E+03   0.120235475813E-08   0.000000000000E+00
  100.   0.293750000000E+03   0.877695447356E-09   0.000000000000E+00   0.406250000000E+03   0.595714407665E-09   0.000000000000E+00
  101.   0.290625000000E+03   0.174785225791E-08   0.000000000000E+00   0.409375000000E+03   0.115057034770E-08   0.000000000000E+00
  102.   0.287500000000E+03   0.879802542425E-09   0.000000000000E+00   0.412500000000E+03   0.567776639686E-09   0.000000000000E+00
  103.   0.284375000000E+03   0.175731019383E-08   0.000000000000E+00   0.415625000000E+03   0.110145066938E-08   0.000000000000E+00
  104.   0.281250000000E+03   0.882803979089E-09   0.000000000000E+00   0.418750000000E+03   0.541663793849E-09   0.000000000000E+00
  105.   0.278125000000E+03   0.176563796739E-08   0.000000000000E+00   0.421875000000E+03   0.105279422533E-08   0.000000000000E+00
  106.   0.275000000000E+03   0.885624837113E-09   0.000000000000E+00   0.425000000000E+03   0.516243245785E-09   0.000000000000E+00
  107.   0.271875000000E+03   0.177206562700E-08   0.000000000000E+00   0.428125000000E+03   0.100385266932E-08   0.000000000000E+00
  108.   0.268750000000E+03   0.887781058152E-09   0.000000000000E+00   0.431250000000E+03   0.491037007191E-09   0.000000000000E+00
  109.   0.265625000000E+03   0.177632723725E-08   0.000000000000E+00   0.434375000000E+03   0.954454764183E-09   0.000000000000E+00
  110.   0.262500000000E+03   0.889042866622E-09   0.000000000000E+00   0.437500000000E+03   0.465851573894E-09   0.000000000000E+00
  111.   0.259375000000E+03   0.177834017414E-08   0.000000000000E+00   0.440625000000E+03   0.904645409847E-09   0.000000000000E+00
  112.   0.256250000000E+03   0.889299909055E-09   0.000000000000E+00   0.443750000000E+03   0.440628250452E-09   0.000000000000E+00
  113.   0.253125000000E+03   0.177808713425E-08   0.000000000000E+00   0.446875000000E+03   0.854550709529E-09   0.000000000000E+00
  114.   0.250000000000E+03   0.888497763801E-09   0.000000000000E+00   0.450000000000E+03   0.415371268003E-09   0.000000000000E+00
  115.   0.246875000000E+03   0.177557220592E-08   0.000000000000E+00   0.453125000000E+03   0.804327063218E-09   0.000000000000E+00
  116.   0.243750000000E+03   0.886610044317E-09   0.000000000000E+00   0.456250000000E+03   0.390114575185E-09   0.000000000000E+00
  117.   0.240625000000E+03   0.177080597346E-08   0.000000000000E+00   0.459375000000E+03   0.754144737332E-09   0.000000000000E+00
  118.   0.237500000000E+03   0.883624817858E-09   0.000000000000E+00   0.462500000000E+03   0.364904026880E-09   0.000000000000E+00
  119.   0.234375000000E+03   0.176380086911E-08   0.000000000000E+00   0.465625000000E+03   0.704185018120E-09   0.000000000000E+00
  120.   0.231250000000E+03   0.879538196136E-09   0.000000000000E+00   0.468750000000E+03   0.339785859204E-09   0.000000000000E+00
  121.   0.228125000000E+03   0.175457012978E-08   0.000000000000E+00   0.471875000000E+03   0.654644160328E-09   0.000000000000E+00
  122.   0.225000000000E+03   0.874350989721E-09   0.000000000000E+00   0.475000000000E+03   0.314796075347E-09   0.000000000000E+00
  123.   0.221875000000E+03   0.174312779542E-08   0.000000000000E+00   0.478125000000E+03   0.605742731543E-09   0.000000000000E+00
  124.   0.218750000000E+03   0.868066924295E-09   0.000000000000E+00   0.481250000000E+03   0.289946726353E-09   0.000000000000E+00
  125.   0.215625000000E+03   0.172948896471E-08   0.000000000000E+00   0.484375000000E+03   0.557742472804E-09   0.000000000000E+00
  126.   0.212500000000E+03   0.860691856907E-09   0.000000000000E+00   0.487500000000E+03   0.265205208400E-09   0.000000000000E+00
  127.   0.209375000000E+03   0.171367004390E-08   0.000000000000E+00   0.490625000000E+03   0.510975995363E-09   0.000000000000E+00
  128.   0.206250000000E+03   0.852233122160E-09   0.000000000000E+00   0.493750000000E+03   0.240459849000E-09   0.000000000000E+00
  129.   0.203125000000E+03   0.169568882428E-08   0.000000000000E+00   0.496875000000E+03   0.465899780662E-09   0.000000000000E+00
  130.   0.200000000000E+03   0.842699248905E-09   0.000000000000E+00   0.500000000000E+03   0.215462622505E-09   0.000000000000E+00
  131.   0.196875000000E+03   0.167556453288E-08   0.000000000000E+00   0.503125000000E+03   0.423190592288E-09   0.000000000000E+00
  132.   0.193750000000E+03   0.832099813843E-09   0.000000000000E+00   0.506250000000E+03   0.189732974835E-09   0.000000000000E+00
  133.   0.190625000000E+03   0.165331777005E-08   0.000000000000E+00   0.509375000000E+03   0.383924215750E-09   0.000000000000E+00
  134.   0.187500000000E+03   0.820445099527E-09   0.000000000000E+00   0.512500000000E+03   0.162398233846E-09   0.000000000000E+00
  135.   0.184375000000E+03   0.162897047496E-08   0.000000000000E+00   0.515625000000E+03   0.349916219491E-09   0.000000000000E+00
  136.   0.181250000000E+03   0.807746257196E-09   0.000000000000E+00   0.518750000000E+03   0.131933939076E-09   0.000000000000E+00
  137.   0.178125000000E+03   0.160254579036E-08   0.000000000000E+00   0.521875000000E+03   0.324383365325E-09   0.000000000000E+00
  138.   0.175000000000E+03   0.794014812107E-09   0.000000000000E+00   0.525000000000E+03   0.957528968465E-10   0.000000000000E+00
  139.   0.171875000000E+03   0.157406782914E-08   0.000000000000E+00   0.528125000000E+03   0.313286698960E-09   0.000000000000E+00
  140.   0.168750000000E+03   0.779262833320E-09   0.000000000000E+00   0.531250000000E+03   0.496053826087E-10   0.000000000000E+00
  141.   0.165625000000E+03   0.154356137270E-08   0.000000000000E+00   0.534375000000E+03   0.328060101857E-09   0.000000000000E+00
  142.   0.162500000000E+03   0.763502403658E-09   0.000000000000E+00   0.537500000000E+03  -0.132407201113E-10   0.000000000000E+00
  143.   0.159375000000E+03   0.151105129631E-08   0.000000000000E+00   0.540625000000E+03   0.391614513964E-09   0.000000000000E+00
  144.   0.156250000000E+03   0.746745191506E-09   0.000000000000E+00   0.543750000000E+03  -0.102576152228E-09   0.000000000000E+00
  145.   0.153125000000E+03   0.147656125912E-08   0.000000000000E+00   0.546875000000E+03   0.550777417740E-09   0.000000000000E+00
  146.   0.150000000000E+03   0.729001176239E-09   0.000000000000E+00   0.550000000000E+03  -0.231211046832E-09   0.000000000000E+00
  147.   0.146875000000E+03   0.144011126393E-08   0.000000000000E+00   0.553125000000E+03   0.906583389013E-09   0.000000000000E+00
  148.   0.143750000000E+03   0.710278059318E-09   0.000000000000E+00   0.556250000000E+03  -0.407694753767E-09   0.000000000000E+00
  149.   0.140625000000E+03   0.140171055855E-08   0.000000000000E+00   0.559375000000E+03   0.167418768416E-08   0.000000000000E+00
  150.   0.137500000000E+03   0.690569691271E-09   0.000000000000E+00   0.562500000000E+03  -0.621487682089E-09   0.000000000000E+00
  151.   0.134375000000E+03   0.136134495105E-08   0.000000000000E+00   0.565625000000E+03   0.335081964970E-08   0.000000000000E+00
  152.   0.131250000000E+03   0.669867804975E-09   0.000000000000E+00   0.568750000000E+03  -0.748695781456E-09   0.000000000000E+00
  153.   0.128125000000E+03   0.131893350857E-08   0.000000000000E+00   0.571875000000E+03   0.698767028303E-08   0.000000000000E+00
  154.   0.125000000000E+03   0.648056376075E-09   0.000000000000E+00   0.575000000000E+03  -0.410830845452E-09   0.000000000000E+00
  155.   0.121875000000E+03   0.127426553004E-08   0.000000000000E+00   0.578125000000E+03   0.151021930030E-07   0.000000000000E+00
  156.   0.118750000000E+03   0.625138793251E-09   0.000000000000E+00   0.581250000000E+03   0.199113272107E-08   0.000000000000E+00
  157.   0.115625000000E+03   0.122677436900E-08   0.000000000000E+00   0.584375000000E+03   0.318468322427E-07   0.000000000000E+00
  158.   0.112500000000E+03   0.600133930451E-09   0.000000000000E+00   0.587500000000E+03   0.112327766263E-07   0.000000000000E+00
  159.   0.109375000000E+03   0.117527905539E-08   0.000000000000E+00   0.590625000000E+03   0.608714306297E-07   0.000000000000E+00
  160.   0.106250000000E+03   0.573781875025E-09   0.000000000000E+00   0.593750000000E+03   0.478213357051E-07   0.000000000000E+00
  161.   0.103125000000E+03   0.111405262374E-08   0.000000000000E+00   0.596875000000E+03   0.245707983804E-07   0.000000000000E+00
