i  r_top  QtopRe  QtopIm  r_bot  QbotRe  QbotIm   [mm, mC]
    1.   0.600000000000E+03  -0.497293386123E-07   0.000000000000E+00   0.100000000000E+03   0.321076758309E-06   0.000000000000E+00
    2.   0.100000000000E+03  -0.321076758328E-06   0.000000000000E+00   0.600000000000E+03   0.497293386477E-07   0.000000000000E+00
    3.   0.596875000000E+03  -0.197881781129E-06   0.000000000000E+00   0.103125000000E+03   0.132444161210E-05   0.000000000000E+00
    4.   0.593750000000E+03  -0.984231039049E-07   0.000000000000E+00   0.106250000000E+03   0.682288095503E-06   0.000000000000E+00
    5.   0.590625000000E+03  -0.195810626268E-06   0.000000000000E+00   0.109375000000E+03   0.140471076361E-05   0.000000000000E+00
    6.   0.587500000000E+03  -0.973875223619E-07   0.000000000000E+00   0.112500000000E+03   0.722422668121E-06   0.000000000000E+00
    7.   0.584375000000E+03  -0.193739455015E-06   0.000000000000E+00   0.115625000000E+03   0.148497990199E-05   0.000000000000E+00
    8.   0.581250000000E+03  -0.963519326558E-07   0.000000000000E+00   0.118750000000E+03   0.762557233865E-06   0.000000000000E+00
    9.   0.578125000000E+03  -0.191668267490E-06   0.000000000000E+00   0.121875000000E+03   0.156524902597E-05   0.000000000000E+00
   10.   0.575000000000E+03  -0.953163348358E-07   0.000000000000E+00   0.125000000000E+03   0.802691792108E-06   0.000000000000E+00
   11.   0.571875000000E+03  -0.189597063756E-06   0.000000000000E+00   0.128125000000E+03   0.164551813440E-05   0.000000000000E+00
   12.   0.568750000000E+03  -0.942807289219E-07   0.000000000000E+00   0.131250000000E+03   0.842826342298E-06   0.000000000000E+00
   13.   0.565625000000E+03  -0.187525843849E-06   0.000000000000E+00   0.134375000000E+03   0.172578722620E-05   0.000000000000E+00
   14.   0.562500000000E+03  -0.932451149285E-07   0.000000000000E+00   0.137500000000E+03   0.882960883908E-06   0.000000000000E+00
   15.   0.559375000000E+03  -0.185454607798E-06   0.000000000000E+00   0.140625000000E+03   0.180605630031E-05   0.000000000000E+00
   16.   0.556250000000E+03  -0.922094928706E-07   0.000000000000E+00   0.143750000000E+03   0.923095416411E-06   0.000000000000E+00
   17.   0.553125000000E+03  -0.183383355633E-06   0.000000000000E+00   0.146875000000E+03   0.188632535569E-05   0.000000000000E+00
   18.   0.550000000000E+03  -0.911738627642E-07   0.000000000000E+00   0.150000000000E+03   0.963229939282E-06   0.000000000000E+00
   19.   0.546875000000E+03  -0.181312087387E-06   0.000000000000E+00   0.153125000000E+03   0.196659439125E-05   0.000000000000E+00
   20.   0.543750000000E+03  -0.901382246247E-07   0.000000000000E+00   0.156250000000E+03   0.100336445199E-05   0.000000000000E+00
   21.   0.540625000000E+03  -0.179240803090E-06   0.000000000000E+00   0.159375000000E+03   0.204686340590E-05   0.000000000000E+00
   22.   0.537500000000E+03  -0.891025784669E-07   0.000000000000E+00   0.162500000000E+03   0.104349895395E-05   0.000000000000E+00
   23.   0.534375000000E+03  -0.177169502770E-06   0.000000000000E+00   0.165625000000E+03   0.212713239838E-05   0.000000000000E+00
   24.   0.531250000000E+03  -0.880669243045E-07   0.000000000000E+00   0.168750000000E+03   0.108363344449E-05   0.000000000000E+00
   25.   0.528125000000E+03  -0.175098186453E-06   0.000000000000E+00   0.171875000000E+03   0.220740136710E-05   0.000000000000E+00
   26.   0.525000000000E+03  -0.870312621501E-07   0.000000000000E+00   0.175000000000E+03   0.112376792273E-05   0.000000000000E+00
   27.   0.521875000000E+03  -0.173026854164E-06   0.000000000000E+00   0.178125000000E+03   0.228767030992E-05   0.000000000000E+00
   28.   0.518750000000E+03  -0.859955920155E-07   0.000000000000E+00   0.181250000000E+03   0.116390238746E-05   0.000000000000E+00
   29.   0.515625000000E+03  -0.170955505926E-06   0.000000000000E+00   0.184375000000E+03   0.236793922315E-05   0.000000000000E+00
   30.   0.512500000000E+03  -0.849599139116E-07   0.000000000000E+00   0.187500000000E+03   0.120403683644E-05   0.000000000000E+00
   31.   0.509375000000E+03  -0.168884141759E-06   0.000000000000E+00   0.190625000000E+03   0.244820809709E-05   0.000000000000E+00
   32.   0.506250000000E+03  -0.839242278481E-07   0.000000000000E+00   0.193750000000E+03   0.124417126257E-05   0.000000000000E+00
   33.   0.503125000000E+03  -0.166812761680E-06   0.000000000000E+00   0.196875000000E+03   0.252847689724E-05   0.000000000000E+00
   34.   0.500000000000E+03  -0.828885338337E-07   0.000000000000E+00   0.200000000000E+03   0.128430563864E-05   0.000000000000E+00
   35.   0.496875000000E+03  -0.164741365708E-06   0.000000000000E+00   0.203125000000E+03   0.260874550899E-05   0.000000000000E+00
   36.   0.493750000000E+03  -0.818528318761E-07   0.000000000000E+00   0.206250000000E+03   0.132443987564E-05   0.000000000000E+00
   37.   0.490625000000E+03  -0.162669953856E-06   0.000000000000E+00   0.209375000000E+03   0.268901361694E-05   0.000000000000E+00
   38.   0.487500000000E+03  -0.808171219815E-07   0.000000000000E+00   0.212500000000E+03   0.136457374335E-05   0.000000000000E+00
   39.   0.484375000000E+03  -0.160598526135E-06   0.000000000000E+00   0.215625000000E+03   0.276928050128E-05   0.000000000000E+00
   40.   0.481250000000E+03  -0.797814041552E-07   0.000000000000E+00   0.218750000000E+03   0.140470676002E-05   0.000000000000E+00
   41.   0.478125000000E+03  -0.158527082554E-06   0.000000000000E+00   0.221875000000E+03   0.284954462482E-05   0.000000000000E+00
   42.   0.475000000000E+03  -0.787456784009E-07   0.000000000000E+00   0.225000000000E+03   0.144483795688E-05   0.000000000000E+00
   43.   0.471875000000E+03  -0.156455623120E-06   0.000000000000E+00   0.228125000000E+03   0.292980191407E-05   0.000000000000E+00
   44.   0.468750000000E+03  -0.777099447210E-07   0.000000000000E+00   0.231250000000E+03   0.148496455052E-05   0.000000000000E+00
   45.   0.465625000000E+03  -0.154384147832E-06   0.000000000000E+00   0.234375000000E+03   0.301003785478E-05   0.000000000000E+00
   46.   0.462500000000E+03  -0.766742031148E-07   0.000000000000E+00   0.237500000000E+03   0.152507554001E-05   0.000000000000E+00
   47.   0.459375000000E+03  -0.152312656685E-06   0.000000000000E+00   0.240625000000E+03   0.309019947048E-05   0.000000000000E+00
   48.   0.456250000000E+03  -0.756384535766E-07   0.000000000000E+00   0.243750000000E+03   0.156512965742E-05   0.000000000000E+00
   49.   0.453125000000E+03  -0.150241149655E-06   0.000000000000E+00   0.246875000000E+03   0.317012224061E-05   0.000000000000E+00
   50.   0.450000000000E+03  -0.746026960906E-07   0.000000000000E+00   0.250000000000E+03   0.160500363002E-05   0.000000000000E+00
   51.   0.446875000000E+03  -0.148169626695E-06   0.000000000000E+00   0.253125000000E+03   0.324938433947E-05   0.000000000000E+00
   52.   0.443750000000E+03  -0.735669306288E-07   0.000000000000E+00   0.256250000000E+03   0.164439855518E-05   0.000000000000E+00
   53.   0.440625000000E+03  -0.146098087710E-06   0.000000000000E+00   0.259375000000E+03   0.332705501942E-05   0.000000000000E+00
   54.   0.437500000000E+03  -0.725311571395E-07   0.000000000000E+00   0.262500000000E+03   0.168271502107E-05   0.000000000000E+00
   55.   0.434375000000E+03  -0.144026532452E-06   0.000000000000E+00   0.265625000000E+03   0.340102643079E-05   0.000000000000E+00
   56.   0.431250000000E+03  -0.714953754541E-07   0.000000000000E+00   0.268750000000E+03   0.171856559454E-05   0.000000000000E+00
   57.   0.428125000000E+03  -0.141954959957E-06   0.000000000000E+00   0.271875000000E+03   0.346545595810E-05   0.000000000000E+00
   58.   0.425000000000E+03  -0.704595848303E-07   0.000000000000E+00   0.275000000000E+03   0.174792595733E-05   0.000000000000E+00
   59.   0.421875000000E+03  -0.139883366758E-06   0.000000000000E+00   0.278125000000E+03   0.349944046334E-05   0.000000000000E+00
   60.   0.418750000000E+03  -0.694237825718E-07   0.000000000000E+00   0.281250000000E+03   0.175348700318E-05   0.000000000000E+00
   61.   0.415625000000E+03  -0.137811742670E-06   0.000000000000E+00   0.284375000000E+03   0.343091987817E-05   0.000000000000E+00
   62.   0.412500000000E+03  -0.683879611186E-07   0.000000000000E+00   0.287500000000E+03   0.167586736516E-05   0.000000000000E+00
   63.   0.409375000000E+03  -0.135740064208E-06   0.000000000000E+00   0.290625000000E+03   0.312207426734E-05   0.000000000000E+00
   64.   0.406250000000E+03  -0.673521044869E-07   0.000000000000E+00   0.293750000000E+03   0.144163590510E-05   0.000000000000E+00
   65.   0.403125000000E+03  -0.133668284687E-06   0.000000000000E+00   0.296875000000E+03   0.249913919673E-05   0.000000000000E+00
   66.   0.400000000000E+03  -0.663161827702E-07   0.000000000000E+00   0.300000000000E+03   0.105400659706E-05   0.000000000000E+00
   67.   0.396875000000E+03  -0.131596303165E-06   0.000000000000E+00   0.303125000000E+03   0.167758865040E-05   0.000000000000E+00
   68.   0.393750000000E+03  -0.652801290617E-07   0.000000000000E+00   0.306250000000E+03   0.625243988386E-06   0.000000000000E+00
   69.   0.390625000000E+03  -0.129523777788E-06   0.000000000000E+00   0.309375000000E+03   0.919748938213E-06   0.000000000000E+00
   70.   0.387500000000E+03  -0.642436691282E-07   0.000000000000E+00   0.312500000000E+03   0.299266080526E-06   0.000000000000E+00
   71.   0.384375000000E+03  -0.127449413764E-06   0.000000000000E+00   0.315625000000E+03   0.428732173014E-06   0.000000000000E+00
   72.   0.381250000000E+03  -0.632057577051E-07   0.000000000000E+00   0.318750000000E+03   0.132706786598E-06   0.000000000000E+00
   73.   0.378125000000E+03  -0.125368781632E-06   0.000000000000E+00   0.321875000000E+03   0.212973653674E-06   0.000000000000E+00
   74.   0.375000000000E+03  -0.621627655624E-07   0.000000000000E+00   0.325000000000E+03   0.791698618860E-07   0.000000000000E+00
   75.   0.371875000000E+03  -0.123270315529E-06   0.000000000000E+00   0.328125000000E+03   0.146031821518E-06   0.000000000000E+00
   76.   0.368750000000E+03  -0.611062749250E-07   0.000000000000E+00   0.331250000000E+03   0.651243437462E-07   0.000000000000E+00
   77.   0.365625000000E+03  -0.121127883754E-06   0.000000000000E+00   0.334375000000E+03   0.125840596337E-06   0.000000000000E+00
   78.   0.362500000000E+03  -0.600161060662E-07   0.000000000000E+00   0.337500000000E+03   0.603014349293E-07   0.000000000000E+00
   79.   0.359375000000E+03  -0.118892823396E-06   0.000000000000E+00   0.340625000000E+03   0.119107343298E-06   0.000000000000E+00
   80.   0.356250000000E+03  -0.588629639154E-07   0.000000000000E+00   0.343750000000E+03   0.587275599438E-07   0.000000000000E+00
   81.   0.353125000000E+03  -0.116427714960E-06   0.000000000000E+00   0.346875000000E+03   0.117411885121E-06   0.000000000000E+00
   82.   0.350000000000E+03  -0.575106568288E-07   0.000000000000E+00   0.350000000000E+03   0.586511610759E-07   0.000000000000E+00
   83.   0.346875000000E+03  -0.113295388307E-06   0.000000000000E+00   0.353125000000E+03   0.117928247385E-06   0.000000000000E+00
   84.   0.343750000000E+03  -0.556484614634E-07   0.000000000000E+00   0.356250000000E+03   0.592643646555E-07   0.000000000000E+00
   85.   0.340625000000E+03  -0.107665628228E-06   0.000000000000E+00   0.359375000000E+03   0.119434274420E-06   0.000000000000E+00
   86.   0.337500000000E+03  -0.512198822494E-07   0.000000000000E+00   0.362500000000E+03   0.601628478770E-07   0.000000000000E+00
   87.   0.334375000000E+03  -0.947371082643E-07   0.000000000000E+00   0.365625000000E+03   0.121324623335E-06   0.000000000000E+00
   88.   0.331250000000E+03  -0.412834837076E-07   0.000000000000E+00   0.368750000000E+03   0.611583818035E-07   0.000000000000E+00
   89.   0.328125000000E+03  -0.607278999383E-07   0.000000000000E+00   0.371875000000E+03   0.123341393621E-06   0.000000000000E+00
   90.   0.325000000000E+03  -0.664933072587E-08   0.000000000000E+00   0.375000000000E+03   0.621816295673E-07   0.000000000000E+00
   91.   0.321875000000E+03   0.159919230554E-07   0.000000000000E+00   0.378125000000E+03   0.125394577951E-06   0.000000000000E+00
   92.   0.318750000000E+03   0.604560401248E-07   0.000000000000E+00   0.381250000000E+03   0.632124953214E-07   0.000000000000E+00
   93.   0.315625000000E+03   0.218991553103E-06   0.000000000000E+00   0.384375000000E+03   0.127458737939E-06   0.000000000000E+00
   94.   0.312500000000E+03   0.413954183171E-06   0.000000000000E+00   0.387500000000E+03   0.642461016573E-07   0.000000000000E+00
   95.   0.309375000000E+03   0.617179964332E-06   0.000000000000E+00   0.390625000000E+03   0.129527154617E-06   0.000000000000E+00
   96.   0.306250000000E+03   0.304511645611E-05   0.000000000000E+00   0.393750000000E+03   0.652810025350E-07   0.000000000000E+00
   97.   0.303125000000E+03   0.782237575896E-05   0.000000000000E+00   0.396875000000E+03   0.131597522548E-06   0.000000000000E+00
   98.   0.300000000000E+03  -0.809001257129E-05   0.000000000000E+00   0.400000000000E+03   0.663164983934E-07   0.000000000000E+00
   99.   0.296875000000E+03  -0.870688682583E-05   0.000000000000E+00   0.403125000000E+03   0.133668725461E-06   0.000000000000E+00
  100.   0.293750000000E+03  -0.199868011917E-05   0.000000000000E+00   0.406250000000E+03   0.673522182852E-07   0.000000000000E+00
  101.   0.290625000000E+03  -0.479535250090E-05   0.000000000000E+00   0.409375000000E+03   0.135740223270E-06   0.000000000000E+00
  102.   0.287500000000E+03  -0.195697530530E-05   0.000000000000E+00   0.412500000000E+03   0.683880022884E-07   0.000000000000E+00
  103.   0.284375000000E+03  -0.396579451486E-05   0.000000000000E+00   0.415625000000E+03   0.137811800138E-06   0.000000000000E+00
  104.   0.281250000000E+03  -0.186247686723E-05   0.000000000000E+00   0.418750000000E+03   0.694237974603E-07   0.000000000000E+00
  105.   0.278125000000E+03  -0.367701681234E-05   0.000000000000E+00   0.421875000000E+03   0.139883387531E-06   0.000000000000E+00
  106.   0.275000000000E+03  -0.178735269538E-05   0.000000000000E+00   0.425000000000E+03   0.704595902353E-07   0.000000000000E+00
  107.   0.271875000000E+03  -0.352764068224E-05   0.000000000000E+00   0.428125000000E+03   0.141954967502E-06   0.000000000000E+00
  108.   0.268750000000E+03  -0.173326788122E-05   0.000000000000E+00   0.431250000000E+03   0.714953774294E-07   0.000000000000E+00
  109.   0.265625000000E+03  -0.342295097678E-05   0.000000000000E+00   0.434375000000E+03   0.144026535223E-06   0.000000000000E+00
  110.   0.262500000000E+03  -0.168794787319E-05   0.000000000000E+00   0.437500000000E+03   0.725311578769E-07   0.000000000000E+00
  111.   0.259375000000E+03  -0.333478161865E-05   0.000000000000E+00   0.440625000000E+03   0.146098088762E-06   0.000000000000E+00
  112.   0.256250000000E+03  -0.164627186109E-05   0.000000000000E+00   0.443750000000E+03   0.735669309194E-07   0.000000000000E+00
  113.   0.253125000000E+03  -0.325210435389E-05   0.000000000000E+00   0.446875000000E+03   0.148169627126E-06   0.000000000000E+00
  114.   0.250000000000E+03  -0.160566857144E-05   0.000000000000E+00   0.450000000000E+03   0.746026962206E-07   0.000000000000E+00
  115.   0.246875000000E+03  -0.317108406846E-05   0.000000000000E+00   0.453125000000E+03   0.150241149863E-06   0.000000000000E+00
  116.   0.243750000000E+03  -0.156536634995E-05   0.000000000000E+00   0.456250000000E+03   0.756384536490E-07   0.000000000000E+00
  117.   0.240625000000E+03  -0.309053889097E-05   0.000000000000E+00   0.459375000000E+03   0.152312656814E-06   0.000000000000E+00
  118.   0.237500000000E+03  -0.152515955346E-05   0.000000000000E+00   0.462500000000E+03   0.766742031671E-07   0.000000000000E+00
  119.   0.234375000000E+03  -0.301015769789E-05   0.000000000000E+00   0.465625000000E+03   0.154384147933E-06   0.000000000000E+00
  120.   0.231250000000E+03  -0.148499439158E-05   0.000000000000E+00   0.468750000000E+03   0.777099447663E-07   0.000000000000E+00
  121.   0.228125000000E+03  -0.292984416157E-05   0.000000000000E+00   0.471875000000E+03   0.156455623211E-06   0.000000000000E+00
  122.   0.225000000000E+03  -0.144484855849E-05   0.000000000000E+00   0.475000000000E+03   0.787456784441E-07   0.000000000000E+00
  123.   0.221875000000E+03  -0.284955952958E-05   0.000000000000E+00   0.478125000000E+03   0.158527082643E-06   0.000000000000E+00
  124.   0.218750000000E+03  -0.140471051914E-05   0.000000000000E+00   0.481250000000E+03   0.797814041981E-07   0.000000000000E+00
  125.   0.215625000000E+03  -0.276928575587E-05   0.000000000000E+00   0.484375000000E+03   0.160598526224E-06   0.000000000000E+00
  126.   0.212500000000E+03  -0.136457507542E-05   0.000000000000E+00   0.487500000000E+03   0.808171220248E-07   0.000000000000E+00
  127.   0.209375000000E+03  -0.268901547071E-05   0.000000000000E+00   0.490625000000E+03   0.162669953946E-06   0.000000000000E+00
  128.   0.206250000000E+03  -0.132444034640E-05   0.000000000000E+00   0.493750000000E+03   0.818528319200E-07   0.000000000000E+00
  129.   0.203125000000E+03  -0.260874616280E-05   0.000000000000E+00   0.496875000000E+03   0.164741365799E-06   0.000000000000E+00
  130.   0.200000000000E+03  -0.128430580493E-05   0.000000000000E+00   0.500000000000E+03   0.828885338783E-07   0.000000000000E+00
  131.   0.196875000000E+03  -0.252847712796E-05   0.000000000000E+00   0.503125000000E+03   0.166812761773E-06   0.000000000000E+00
  132.   0.193750000000E+03  -0.124417132120E-05   0.000000000000E+00   0.506250000000E+03   0.839242278933E-07   0.000000000000E+00
  133.   0.190625000000E+03  -0.244820817851E-05   0.000000000000E+00   0.509375000000E+03   0.168884141852E-06   0.000000000000E+00
  134.   0.187500000000E+03  -0.120403685713E-05   0.000000000000E+00   0.512500000000E+03   0.849599139574E-07   0.000000000000E+00
  135.   0.184375000000E+03  -0.236793925193E-05   0.000000000000E+00   0.515625000000E+03   0.170955506020E-06   0.000000000000E+00
  136.   0.181250000000E+03  -0.116390239477E-05   0.000000000000E+00   0.518750000000E+03   0.859955920620E-07   0.000000000000E+00
  137.   0.178125000000E+03  -0.228767032012E-05   0.000000000000E+00   0.521875000000E+03   0.173026854260E-06   0.000000000000E+00
  138.   0.175000000000E+03  -0.112376792534E-05   0.000000000000E+00   0.525000000000E+03   0.870312621973E-07   0.000000000000E+00
  139.   0.171875000000E+03  -0.220740137076E-05   0.000000000000E+00   0.528125000000E+03   0.175098186551E-06   0.000000000000E+00
  140.   0.168750000000E+03  -0.108363344544E-05   0.000000000000E+00   0.531250000000E+03   0.880669243523E-07   0.000000000000E+00
  141.   0.165625000000E+03  -0.212713239973E-05   0.000000000000E+00   0.534375000000E+03   0.177169502869E-06   0.000000000000E+00
  142.   0.162500000000E+03  -0.104349895431E-05   0.000000000000E+00   0.537500000000E+03   0.891025785154E-07   0.000000000000E+00
  143.   0.159375000000E+03  -0.204686340644E-05   0.000000000000E+00   0.540625000000E+03   0.179240803190E-06   0.000000000000E+00
  144.   0.156250000000E+03  -0.100336445214E-05   0.000000000000E+00   0.543750000000E+03   0.901382246738E-07   0.000000000000E+00
  145.   0.153125000000E+03  -0.196659439150E-05   0.000000000000E+00   0.546875000000E+03   0.181312087489E-06   0.000000000000E+00
  146.   0.150000000000E+03  -0.963229939366E-06   0.000000000000E+00   0.550000000000E+03   0.911738628141E-07   0.000000000000E+00
  147.   0.146875000000E+03  -0.188632535583E-05   0.000000000000E+00   0.553125000000E+03   0.183383355737E-06   0.000000000000E+00
  148.   0.143750000000E+03  -0.923095416468E-06   0.000000000000E+00   0.556250000000E+03   0.922094929214E-07   0.000000000000E+00
  149.   0.140625000000E+03  -0.180605630042E-05   0.000000000000E+00   0.559375000000E+03   0.185454607902E-06   0.000000000000E+00
  150.   0.137500000000E+03  -0.882960883953E-06   0.000000000000E+00   0.562500000000E+03   0.932451149799E-07   0.000000000000E+00
  151.   0.134375000000E+03  -0.172578722629E-05   0.000000000000E+00   0.565625000000E+03   0.187525843955E-06   0.000000000000E+00
  152.   0.131250000000E+03  -0.842826342339E-06   0.000000000000E+00   0.568750000000E+03   0.942807289740E-07   0.000000000000E+00
  153.   0.128125000000E+03  -0.164551813448E-05   0.000000000000E+00   0.571875000000E+03   0.189597063864E-06   0.000000000000E+00
  154.   0.125000000000E+03  -0.802691792146E-06   0.000000000000E+00   0.575000000000E+03   0.953163348886E-07   0.000000000000E+00
  155.   0.121875000000E+03  -0.156524902605E-05   0.000000000000E+00   0.578125000000E+03   0.191668267599E-06   0.000000000000E+00
  156.   0.118750000000E+03  -0.762557233901E-06   0.000000000000E+00   0.581250000000E+03   0.963519327098E-07   0.000000000000E+00
  157.   0.115625000000E+03  -0.148497990206E-05   0.000000000000E+00   0.584375000000E+03   0.193739455125E-06   0.000000000000E+00
  158.   0.112500000000E+03  -0.722422668154E-06   0.000000000000E+00   0.587500000000E+03   0.973875224150E-07   0.000000000000E+00
  159.   0.109375000000E+03  -0.140471076368E-05   0.000000000000E+00   0.590625000000E+03   0.195810626371E-06   0.000000000000E+00
  160.   0.106250000000E+03  -0.682288095530E-06   0.000000000000E+00   0.593750000000E+03   0.984231039507E-07   0.000000000000E+00
  161.   0.103125000000E+03  -0.132444161217E-05   0.000000000000E+00   0.596875000000E+03   0.197881781245E-06   0.000000000000E+00
