i  r_top  QtopRe  QtopIm  r_bot  QbotRe  QbotIm   [mm, mC]
    1.   0.600000000000E+03  -0.861348004955E-10   0.000000000000E+00   0.100000000000E+03  -0.105546095805E-09   0.000000000000E+00
    2.   0.100000000000E+03  -0.105546096056E-09   0.000000000000E+00   0.600000000000E+03  -0.861348006530E-10   0.000000000000E+00
    3.   0.598437500000E+03  -0.341549043036E-09   0.000000000000E+00   0.101562500000E+03  -0.427331020768E-09   0.000000000000E+00
    4.   0.596875000000E+03  -0.170517568035E-09   0.000000000000E+00   0.103125000000E+03  -0.217547821581E-09   0.000000000000E+00
    5.   0.595312500000E+03  -0.341192891180E-09   0.000000000000E+00   0.104687500000E+03  -0.441792493316E-09   0.000000000000E+00
    6.   0.593750000000E+03  -0.169624590353E-09   0.000000000000E+00   0.106250000000E+03  -0.222839188469E-09   0.000000000000E+00
    7.   0.592187500000E+03  -0.340420680522E-09   0.000000000000E+00   0.107812500000E+03  -0.452363929992E-09   0.000000000000E+00
    8.   0.590625000000E+03  -0.169974375870E-09   0.000000000000E+00   0.109375000000E+03  -0.228473667578E-09   0.000000000000E+00
    9.   0.589062500000E+03  -0.340559271663E-09   0.000000000000E+00   0.110937500000E+03  -0.462063629355E-09   0.000000000000E+00
   10.   0.587500000000E+03  -0.170206010861E-09   0.000000000000E+00   0.112500000000E+03  -0.233128096958E-09   0.000000000000E+00
   11.   0.585937500000E+03  -0.341138717728E-09   0.000000000000E+00   0.114062500000E+03  -0.470966803307E-09   0.000000000000E+00
   12.   0.584375000000E+03  -0.170619287467E-09   0.000000000000E+00   0.115625000000E+03  -0.237467041124E-09   0.000000000000E+00
   13.   0.582812500000E+03  -0.342008478298E-09   0.000000000000E+00   0.117187500000E+03  -0.479304112107E-09   0.000000000000E+00
   14.   0.581250000000E+03  -0.171102954469E-09   0.000000000000E+00   0.118750000000E+03  -0.241505364830E-09   0.000000000000E+00
   15.   0.579687500000E+03  -0.343034058754E-09   0.000000000000E+00   0.120312500000E+03  -0.487164787382E-09   0.000000000000E+00
   16.   0.578125000000E+03  -0.171643933049E-09   0.000000000000E+00   0.121875000000E+03  -0.245330878263E-09   0.000000000000E+00
   17.   0.576562500000E+03  -0.344148405986E-09   0.000000000000E+00   0.123437500000E+03  -0.494630628878E-09   0.000000000000E+00
   18.   0.575000000000E+03  -0.172214466407E-09   0.000000000000E+00   0.125000000000E+03  -0.248972523462E-09   0.000000000000E+00
   19.   0.573437500000E+03  -0.345308065677E-09   0.000000000000E+00   0.126562500000E+03  -0.501752253319E-09   0.000000000000E+00
   20.   0.571875000000E+03  -0.172800175567E-09   0.000000000000E+00   0.128125000000E+03  -0.252453366727E-09   0.000000000000E+00
   21.   0.570312500000E+03  -0.346487647969E-09   0.000000000000E+00   0.129687500000E+03  -0.508564865395E-09   0.000000000000E+00
   22.   0.568750000000E+03  -0.173391081124E-09   0.000000000000E+00   0.131250000000E+03  -0.255786786414E-09   0.000000000000E+00
   23.   0.567187500000E+03  -0.347671436857E-09   0.000000000000E+00   0.132812500000E+03  -0.515091148585E-09   0.000000000000E+00
   24.   0.565625000000E+03  -0.173981209459E-09   0.000000000000E+00   0.134375000000E+03  -0.258981669911E-09   0.000000000000E+00
   25.   0.564062500000E+03  -0.348849914156E-09   0.000000000000E+00   0.135937500000E+03  -0.521345785395E-09   0.000000000000E+00
   26.   0.562500000000E+03  -0.174566902328E-09   0.000000000000E+00   0.137500000000E+03  -0.262043619587E-09   0.000000000000E+00
   27.   0.560937500000E+03  -0.350017344597E-09   0.000000000000E+00   0.139062500000E+03  -0.527338059530E-09   0.000000000000E+00
   28.   0.559375000000E+03  -0.175146012323E-09   0.000000000000E+00   0.140625000000E+03  -0.264976197921E-09   0.000000000000E+00
   29.   0.557812500000E+03  -0.351170410796E-09   0.000000000000E+00   0.142187500000E+03  -0.533073781507E-09   0.000000000000E+00
   30.   0.556250000000E+03  -0.175717341481E-09   0.000000000000E+00   0.143750000000E+03  -0.267781617664E-09   0.000000000000E+00
   31.   0.554687500000E+03  -0.352307339755E-09   0.000000000000E+00   0.145312500000E+03  -0.538556529593E-09   0.000000000000E+00
   32.   0.553125000000E+03  -0.176280306870E-09   0.000000000000E+00   0.146875000000E+03  -0.270461236621E-09   0.000000000000E+00
   33.   0.551562500000E+03  -0.353427360277E-09   0.000000000000E+00   0.148437500000E+03  -0.543788476113E-09   0.000000000000E+00
   34.   0.550000000000E+03  -0.176834718733E-09   0.000000000000E+00   0.150000000000E+03  -0.273015873808E-09   0.000000000000E+00
   35.   0.548437500000E+03  -0.354530360581E-09   0.000000000000E+00   0.151562500000E+03  -0.548770925771E-09   0.000000000000E+00
   36.   0.546875000000E+03  -0.177380653363E-09   0.000000000000E+00   0.153125000000E+03  -0.275446017223E-09   0.000000000000E+00
   37.   0.545312500000E+03  -0.355616666896E-09   0.000000000000E+00   0.154687500000E+03  -0.553504663564E-09   0.000000000000E+00
   38.   0.543750000000E+03  -0.177918361485E-09   0.000000000000E+00   0.156250000000E+03  -0.277751971220E-09   0.000000000000E+00
   39.   0.542187500000E+03  -0.356686906036E-09   0.000000000000E+00   0.157812500000E+03  -0.557990185180E-09   0.000000000000E+00
   40.   0.540625000000E+03  -0.178448217123E-09   0.000000000000E+00   0.159375000000E+03  -0.279933934442E-09   0.000000000000E+00
   41.   0.539062500000E+03  -0.357741914306E-09   0.000000000000E+00   0.160937500000E+03  -0.562227845227E-09   0.000000000000E+00
   42.   0.537500000000E+03  -0.178970682706E-09   0.000000000000E+00   0.162500000000E+03  -0.281992066415E-09   0.000000000000E+00
   43.   0.535937500000E+03  -0.358782681043E-09   0.000000000000E+00   0.164062500000E+03  -0.566217957947E-09   0.000000000000E+00
   44.   0.534375000000E+03  -0.179486283688E-09   0.000000000000E+00   0.165625000000E+03  -0.283926530109E-09   0.000000000000E+00
   45.   0.532812500000E+03  -0.359810312874E-09   0.000000000000E+00   0.167187500000E+03  -0.569960861122E-09   0.000000000000E+00
   46.   0.531250000000E+03  -0.179995599421E-09   0.000000000000E+00   0.168750000000E+03  -0.285737504706E-09   0.000000000000E+00
   47.   0.529687500000E+03  -0.360826009692E-09   0.000000000000E+00   0.170312500000E+03  -0.573456960059E-09   0.000000000000E+00
   48.   0.528125000000E+03  -0.180499249421E-09   0.000000000000E+00   0.171875000000E+03  -0.287425217491E-09   0.000000000000E+00
   49.   0.526562500000E+03  -0.361831048957E-09   0.000000000000E+00   0.173437500000E+03  -0.576706760865E-09   0.000000000000E+00
   50.   0.525000000000E+03  -0.180997890664E-09   0.000000000000E+00   0.175000000000E+03  -0.288989952542E-09   0.000000000000E+00
   51.   0.523437500000E+03  -0.362826775051E-09   0.000000000000E+00   0.176562500000E+03  -0.579710889259E-09   0.000000000000E+00
   52.   0.521875000000E+03  -0.181492208280E-09   0.000000000000E+00   0.178125000000E+03  -0.290432058349E-09   0.000000000000E+00
   53.   0.520312500000E+03  -0.363814594513E-09   0.000000000000E+00   0.179687500000E+03  -0.582470108557E-09   0.000000000000E+00
   54.   0.518750000000E+03  -0.181982920985E-09   0.000000000000E+00   0.181250000000E+03  -0.291751950946E-09   0.000000000000E+00
   55.   0.517187500000E+03  -0.364795969748E-09   0.000000000000E+00   0.182812500000E+03  -0.584985326886E-09   0.000000000000E+00
   56.   0.515625000000E+03  -0.182470773563E-09   0.000000000000E+00   0.184375000000E+03  -0.292950123382E-09   0.000000000000E+00
   57.   0.514062500000E+03  -0.365772417221E-09   0.000000000000E+00   0.185937500000E+03  -0.587257609554E-09   0.000000000000E+00
   58.   0.512500000000E+03  -0.182956534974E-09   0.000000000000E+00   0.187500000000E+03  -0.294027151683E-09   0.000000000000E+00
   59.   0.510937500000E+03  -0.366745503454E-09   0.000000000000E+00   0.189062500000E+03  -0.589288184934E-09   0.000000000000E+00
   60.   0.509375000000E+03  -0.183441000509E-09   0.000000000000E+00   0.190625000000E+03  -0.294983691231E-09   0.000000000000E+00
   61.   0.507812500000E+03  -0.367716844047E-09   0.000000000000E+00   0.192187500000E+03  -0.591078451548E-09   0.000000000000E+00
   62.   0.506250000000E+03  -0.183924988747E-09   0.000000000000E+00   0.193750000000E+03  -0.295820484845E-09   0.000000000000E+00
   63.   0.504687500000E+03  -0.368688102086E-09   0.000000000000E+00   0.195312500000E+03  -0.592629982726E-09   0.000000000000E+00
   64.   0.503125000000E+03  -0.184409341480E-09   0.000000000000E+00   0.196875000000E+03  -0.296538365847E-09   0.000000000000E+00
   65.   0.501562500000E+03  -0.369660986450E-09   0.000000000000E+00   0.198437500000E+03  -0.593944530959E-09   0.000000000000E+00
   66.   0.500000000000E+03  -0.184894923755E-09   0.000000000000E+00   0.200000000000E+03  -0.297138253882E-09   0.000000000000E+00
   67.   0.498437500000E+03  -0.370637250002E-09   0.000000000000E+00   0.201562500000E+03  -0.595024025817E-09   0.000000000000E+00
   68.   0.496875000000E+03  -0.185382621669E-09   0.000000000000E+00   0.203125000000E+03  -0.297621161603E-09   0.000000000000E+00
   69.   0.495312500000E+03  -0.371618690276E-09   0.000000000000E+00   0.204687500000E+03  -0.595870587168E-09   0.000000000000E+00
   70.   0.493750000000E+03  -0.185873345540E-09   0.000000000000E+00   0.206250000000E+03  -0.297988195131E-09   0.000000000000E+00
   71.   0.492187500000E+03  -0.372607145899E-09   0.000000000000E+00   0.207812500000E+03  -0.596486524572E-09   0.000000000000E+00
   72.   0.490625000000E+03  -0.186368022528E-09   0.000000000000E+00   0.209375000000E+03  -0.298240558295E-09   0.000000000000E+00
   73.   0.489062500000E+03  -0.373604497964E-09   0.000000000000E+00   0.210937500000E+03  -0.596874339423E-09   0.000000000000E+00
   74.   0.487500000000E+03  -0.186867600553E-09   0.000000000000E+00   0.212500000000E+03  -0.298379549093E-09   0.000000000000E+00
   75.   0.485937500000E+03  -0.374612664751E-09   0.000000000000E+00   0.214062500000E+03  -0.597036726623E-09   0.000000000000E+00
   76.   0.484375000000E+03  -0.187373049543E-09   0.000000000000E+00   0.215625000000E+03  -0.298406565330E-09   0.000000000000E+00
   77.   0.482812500000E+03  -0.375633603844E-09   0.000000000000E+00   0.217187500000E+03  -0.596976581288E-09   0.000000000000E+00
   78.   0.481250000000E+03  -0.187885356577E-09   0.000000000000E+00   0.218750000000E+03  -0.298323103447E-09   0.000000000000E+00
   79.   0.479687500000E+03  -0.376669308988E-09   0.000000000000E+00   0.220312500000E+03  -0.596696995552E-09   0.000000000000E+00
   80.   0.478125000000E+03  -0.188405524857E-09   0.000000000000E+00   0.221875000000E+03  -0.298130759894E-09   0.000000000000E+00
   81.   0.476562500000E+03  -0.377721805744E-09   0.000000000000E+00   0.223437500000E+03  -0.596201261597E-09   0.000000000000E+00
   82.   0.475000000000E+03  -0.188934574059E-09   0.000000000000E+00   0.225000000000E+03  -0.297831227853E-09   0.000000000000E+00
   83.   0.473437500000E+03  -0.378793151771E-09   0.000000000000E+00   0.226562500000E+03  -0.595492874622E-09   0.000000000000E+00
   84.   0.471875000000E+03  -0.189473538107E-09   0.000000000000E+00   0.228125000000E+03  -0.297426303781E-09   0.000000000000E+00
   85.   0.470312500000E+03  -0.379885431731E-09   0.000000000000E+00   0.229687500000E+03  -0.594575531899E-09   0.000000000000E+00
   86.   0.468750000000E+03  -0.190023466937E-09   0.000000000000E+00   0.231250000000E+03  -0.296917891926E-09   0.000000000000E+00
   87.   0.467187500000E+03  -0.381000751423E-09   0.000000000000E+00   0.232812500000E+03  -0.593453129641E-09   0.000000000000E+00
   88.   0.465625000000E+03  -0.190585413886E-09   0.000000000000E+00   0.234375000000E+03  -0.296307987136E-09   0.000000000000E+00
   89.   0.464062500000E+03  -0.382141228741E-09   0.000000000000E+00   0.235937500000E+03  -0.592129761945E-09   0.000000000000E+00
   90.   0.462500000000E+03  -0.191160439707E-09   0.000000000000E+00   0.237500000000E+03  -0.295598678501E-09   0.000000000000E+00
   91.   0.460937500000E+03  -0.383308983841E-09   0.000000000000E+00   0.239062500000E+03  -0.590609710773E-09   0.000000000000E+00
   92.   0.459375000000E+03  -0.191749601708E-09   0.000000000000E+00   0.240625000000E+03  -0.294792159913E-09   0.000000000000E+00
   93.   0.457812500000E+03  -0.384506121043E-09   0.000000000000E+00   0.242187500000E+03  -0.588897439811E-09   0.000000000000E+00
   94.   0.456250000000E+03  -0.192353945665E-09   0.000000000000E+00   0.243750000000E+03  -0.293890704094E-09   0.000000000000E+00
   95.   0.454687500000E+03  -0.385734700395E-09   0.000000000000E+00   0.245312500000E+03  -0.586997572519E-09   0.000000000000E+00
   96.   0.453125000000E+03  -0.192974481437E-09   0.000000000000E+00   0.246875000000E+03  -0.292896653945E-09   0.000000000000E+00
   97.   0.451562500000E+03  -0.386996696928E-09   0.000000000000E+00   0.248437500000E+03  -0.584914858014E-09   0.000000000000E+00
   98.   0.450000000000E+03  -0.193612171312E-09   0.000000000000E+00   0.250000000000E+03  -0.291812412547E-09   0.000000000000E+00
   99.   0.448437500000E+03  -0.388293938335E-09   0.000000000000E+00   0.251562500000E+03  -0.582654124548E-09   0.000000000000E+00
  100.   0.446875000000E+03  -0.194267878434E-09   0.000000000000E+00   0.253125000000E+03  -0.290640406178E-09   0.000000000000E+00
  101.   0.445312500000E+03  -0.389628003209E-09   0.000000000000E+00   0.254687500000E+03  -0.580220202277E-09   0.000000000000E+00
  102.   0.443750000000E+03  -0.194942314581E-09   0.000000000000E+00   0.256250000000E+03  -0.289383032014E-09   0.000000000000E+00
  103.   0.442187500000E+03  -0.391000066932E-09   0.000000000000E+00   0.257812500000E+03  -0.577617793713E-09   0.000000000000E+00
  104.   0.440625000000E+03  -0.195635943548E-09   0.000000000000E+00   0.259375000000E+03  -0.288042595870E-09   0.000000000000E+00
  105.   0.439062500000E+03  -0.392410660850E-09   0.000000000000E+00   0.260937500000E+03  -0.574851272882E-09   0.000000000000E+00
  106.   0.437500000000E+03  -0.196348831140E-09   0.000000000000E+00   0.262500000000E+03  -0.286621168107E-09   0.000000000000E+00
  107.   0.435937500000E+03  -0.393859297040E-09   0.000000000000E+00   0.264062500000E+03  -0.571924373567E-09   0.000000000000E+00
  108.   0.434375000000E+03  -0.197080420446E-09   0.000000000000E+00   0.265625000000E+03  -0.285120403325E-09   0.000000000000E+00
  109.   0.432812500000E+03  -0.395343883316E-09   0.000000000000E+00   0.267187500000E+03  -0.568839689214E-09   0.000000000000E+00
  110.   0.431250000000E+03  -0.197829176597E-09   0.000000000000E+00   0.268750000000E+03  -0.283541241767E-09   0.000000000000E+00
  111.   0.429687500000E+03  -0.396859807481E-09   0.000000000000E+00   0.270312500000E+03  -0.565597888545E-09   0.000000000000E+00
  112.   0.428125000000E+03  -0.198592024411E-09   0.000000000000E+00   0.271875000000E+03  -0.281883414462E-09   0.000000000000E+00
  113.   0.426562500000E+03  -0.398398508046E-09   0.000000000000E+00   0.273437500000E+03  -0.562196477281E-09   0.000000000000E+00
  114.   0.425000000000E+03  -0.199363481186E-09   0.000000000000E+00   0.275000000000E+03  -0.280144697363E-09   0.000000000000E+00
  115.   0.423437500000E+03  -0.399945246479E-09   0.000000000000E+00   0.276562500000E+03  -0.558627840442E-09   0.000000000000E+00
  116.   0.421875000000E+03  -0.200134301033E-09   0.000000000000E+00   0.278125000000E+03  -0.278319706415E-09   0.000000000000E+00
  117.   0.420312500000E+03  -0.401475619828E-09   0.000000000000E+00   0.279687500000E+03  -0.554876164603E-09   0.000000000000E+00
  118.   0.418750000000E+03  -0.200889345558E-09   0.000000000000E+00   0.281250000000E+03  -0.276398026694E-09   0.000000000000E+00
  119.   0.417187500000E+03  -0.402950121489E-09   0.000000000000E+00   0.282812500000E+03  -0.550912582646E-09   0.000000000000E+00
  120.   0.415625000000E+03  -0.201604272443E-09   0.000000000000E+00   0.284375000000E+03  -0.274361230874E-09   0.000000000000E+00
  121.   0.414062500000E+03  -0.404305640221E-09   0.000000000000E+00   0.285937500000E+03  -0.546687516008E-09   0.000000000000E+00
  122.   0.412500000000E+03  -0.202240357325E-09   0.000000000000E+00   0.287500000000E+03  -0.272178204748E-09   0.000000000000E+00
  123.   0.410937500000E+03  -0.405442178868E-09   0.000000000000E+00   0.289062500000E+03  -0.542118604497E-09   0.000000000000E+00
  124.   0.409375000000E+03  -0.202736398183E-09   0.000000000000E+00   0.290625000000E+03  -0.269797767387E-09   0.000000000000E+00
  125.   0.407812500000E+03  -0.406202115152E-09   0.000000000000E+00   0.292187500000E+03  -0.537071682707E-09   0.000000000000E+00
  126.   0.406250000000E+03  -0.202996084405E-09   0.000000000000E+00   0.293750000000E+03  -0.267137037378E-09   0.000000000000E+00
  127.   0.404687500000E+03  -0.406337803307E-09   0.000000000000E+00   0.295312500000E+03  -0.531330801972E-09   0.000000000000E+00
  128.   0.403125000000E+03  -0.202868252532E-09   0.000000000000E+00   0.296875000000E+03  -0.264063107893E-09   0.000000000000E+00
  129.   0.401562500000E+03  -0.405460969265E-09   0.000000000000E+00   0.298437500000E+03  -0.524550974185E-09   0.000000000000E+00
  130.   0.400000000000E+03  -0.202116045850E-09   0.000000000000E+00   0.300000000000E+03  -0.260364141284E-09   0.000000000000E+00
  131.   0.398437500000E+03  -0.402963679952E-09   0.000000000000E+00   0.301562500000E+03  -0.516183707219E-09   0.000000000000E+00
  132.   0.396875000000E+03  -0.200368742268E-09   0.000000000000E+00   0.303125000000E+03  -0.255703825882E-09   0.000000000000E+00
  133.   0.395312500000E+03  -0.397894896672E-09   0.000000000000E+00   0.304687500000E+03  -0.505359649126E-09   0.000000000000E+00
  134.   0.393750000000E+03  -0.197046454586E-09   0.000000000000E+00   0.306250000000E+03  -0.249549556876E-09   0.000000000000E+00
  135.   0.392187500000E+03  -0.388767749321E-09   0.000000000000E+00   0.307812500000E+03  -0.490703722237E-09   0.000000000000E+00
  136.   0.390625000000E+03  -0.191242574885E-09   0.000000000000E+00   0.309375000000E+03  -0.241059284352E-09   0.000000000000E+00
  137.   0.389062500000E+03  -0.373258398594E-09   0.000000000000E+00   0.310937500000E+03  -0.470043681847E-09   0.000000000000E+00
  138.   0.387500000000E+03  -0.181539441339E-09   0.000000000000E+00   0.312500000000E+03  -0.228902553859E-09   0.000000000000E+00
  139.   0.385937500000E+03  -0.347736559770E-09   0.000000000000E+00   0.314062500000E+03  -0.439951627400E-09   0.000000000000E+00
  140.   0.384375000000E+03  -0.165722068216E-09   0.000000000000E+00   0.315625000000E+03  -0.210979971880E-09   0.000000000000E+00
  141.   0.382812500000E+03  -0.306530073458E-09   0.000000000000E+00   0.317187500000E+03  -0.395019542790E-09   0.000000000000E+00
  142.   0.381250000000E+03  -0.140320424886E-09   0.000000000000E+00   0.318750000000E+03  -0.183971316454E-09   0.000000000000E+00
  143.   0.379687500000E+03  -0.240786126197E-09   0.000000000000E+00   0.320312500000E+03  -0.326726702209E-09   0.000000000000E+00
  144.   0.378125000000E+03  -0.999257337090E-10   0.000000000000E+00   0.321875000000E+03  -0.142652319072E-09   0.000000000000E+00
  145.   0.376562500000E+03  -0.136662774195E-09   0.000000000000E+00   0.323437500000E+03  -0.221627605028E-09   0.000000000000E+00
  146.   0.375000000000E+03  -0.359673206338E-10   0.000000000000E+00   0.325000000000E+03  -0.786722549481E-10   0.000000000000E+00
  147.   0.373437500000E+03   0.273903382351E-10   0.000000000000E+00   0.326562500000E+03  -0.585941843049E-10   0.000000000000E+00
  148.   0.371875000000E+03   0.647237248045E-10   0.000000000000E+00   0.328125000000E+03   0.209254759646E-10   0.000000000000E+00
  149.   0.370312500000E+03   0.285231545755E-09   0.000000000000E+00   0.329687500000E+03   0.195857959187E-09   0.000000000000E+00
  150.   0.368750000000E+03   0.224221597460E-09   0.000000000000E+00   0.331250000000E+03   0.178005078985E-09   0.000000000000E+00
  151.   0.367187500000E+03   0.689369252418E-09   0.000000000000E+00   0.332812500000E+03   0.594146296129E-09   0.000000000000E+00
  152.   0.365625000000E+03   0.474481714537E-09   0.000000000000E+00   0.334375000000E+03   0.424588170416E-09   0.000000000000E+00
  153.   0.364062500000E+03   0.132409231854E-08   0.000000000000E+00   0.335937500000E+03   0.122104567060E-08   0.000000000000E+00
  154.   0.362500000000E+03   0.880356049673E-09   0.000000000000E+00   0.337500000000E+03   0.825777375440E-09   0.000000000000E+00
  155.   0.360937500000E+03   0.232652928283E-08   0.000000000000E+00   0.339062500000E+03   0.221550698239E-08   0.000000000000E+00
  156.   0.359375000000E+03   0.153664778693E-08   0.000000000000E+00   0.340625000000E+03   0.147737521168E-08   0.000000000000E+00
  157.   0.357812500000E+03   0.392909624347E-08   0.000000000000E+00   0.342187500000E+03   0.381452780864E-08   0.000000000000E+00
  158.   0.356250000000E+03   0.263451501764E-08   0.000000000000E+00   0.343750000000E+03   0.257605976353E-08   0.000000000000E+00
  159.   0.354687500000E+03   0.677682526657E-08   0.000000000000E+00   0.345312500000E+03   0.666982682531E-08   0.000000000000E+00
  160.   0.353125000000E+03   0.529315221457E-08   0.000000000000E+00   0.346875000000E+03   0.523395427430E-08   0.000000000000E+00
  161.   0.351562500000E+03   0.118499190024E-07   0.000000000000E+00   0.348437500000E+03   0.118029222118E-07   0.000000000000E+00
  162.   0.350000000000E+03   0.224199435942E-07   0.000000000000E+00   0.350000000000E+03   0.224199435960E-07   0.000000000000E+00
  163.   0.348437500000E+03   0.118029222106E-07   0.000000000000E+00   0.351562500000E+03   0.118499190035E-07   0.000000000000E+00
  164.   0.346875000000E+03   0.523395427374E-08   0.000000000000E+00   0.353125000000E+03   0.529315221469E-08   0.000000000000E+00
  165.   0.345312500000E+03   0.666982682372E-08   0.000000000000E+00   0.354687500000E+03   0.677682526653E-08   0.000000000000E+00
  166.   0.343750000000E+03   0.257605976316E-08   0.000000000000E+00   0.356250000000E+03   0.263451501857E-08   0.000000000000E+00
  167.   0.342187500000E+03   0.381452780669E-08   0.000000000000E+00   0.357812500000E+03   0.392909624273E-08   0.000000000000E+00
  168.   0.340625000000E+03   0.147737521112E-08   0.000000000000E+00   0.359375000000E+03   0.153664778748E-08   0.000000000000E+00
  169.   0.339062500000E+03   0.221550698073E-08   0.000000000000E+00   0.360937500000E+03   0.232652928218E-08   0.000000000000E+00
  170.   0.337500000000E+03   0.825777375480E-09   0.000000000000E+00   0.362500000000E+03   0.880356050433E-09   0.000000000000E+00
  171.   0.335937500000E+03   0.122104566951E-08   0.000000000000E+00   0.364062500000E+03   0.132409231937E-08   0.000000000000E+00
  172.   0.334375000000E+03   0.424588171048E-09   0.000000000000E+00   0.365625000000E+03   0.474481714686E-09   0.000000000000E+00
  173.   0.332812500000E+03   0.594146294941E-09   0.000000000000E+00   0.367187500000E+03   0.689369253177E-09   0.000000000000E+00
  174.   0.331250000000E+03   0.178005078808E-09   0.000000000000E+00   0.368750000000E+03   0.224221597571E-09   0.000000000000E+00
  175.   0.329687500000E+03   0.195857958535E-09   0.000000000000E+00   0.370312500000E+03   0.285231546126E-09   0.000000000000E+00
  176.   0.328125000000E+03   0.209254748240E-10   0.000000000000E+00   0.371875000000E+03   0.647237253354E-10   0.000000000000E+00
  177.   0.326562500000E+03  -0.585941849406E-10   0.000000000000E+00   0.373437500000E+03   0.273903391076E-10   0.000000000000E+00
  178.   0.325000000000E+03  -0.786722548143E-10   0.000000000000E+00   0.375000000000E+03  -0.359673199566E-10   0.000000000000E+00
  179.   0.323437500000E+03  -0.221627605228E-09   0.000000000000E+00   0.376562500000E+03  -0.136662772811E-09   0.000000000000E+00
  180.   0.321875000000E+03  -0.142652319416E-09   0.000000000000E+00   0.378125000000E+03  -0.999257342838E-10   0.000000000000E+00
  181.   0.320312500000E+03  -0.326726703600E-09   0.000000000000E+00   0.379687500000E+03  -0.240786125581E-09   0.000000000000E+00
  182.   0.318750000000E+03  -0.183971317303E-09   0.000000000000E+00   0.381250000000E+03  -0.140320425059E-09   0.000000000000E+00
  183.   0.317187500000E+03  -0.395019544820E-09   0.000000000000E+00   0.382812500000E+03  -0.306530073399E-09   0.000000000000E+00
  184.   0.315625000000E+03  -0.210979971124E-09   0.000000000000E+00   0.384375000000E+03  -0.165722067364E-09   0.000000000000E+00
  185.   0.314062500000E+03  -0.439951628899E-09   0.000000000000E+00   0.385937500000E+03  -0.347736559965E-09   0.000000000000E+00
  186.   0.312500000000E+03  -0.228902554593E-09   0.000000000000E+00   0.387500000000E+03  -0.181539441341E-09   0.000000000000E+00
  187.   0.310937500000E+03  -0.470043683601E-09   0.000000000000E+00   0.389062500000E+03  -0.373258398058E-09   0.000000000000E+00
  188.   0.309375000000E+03  -0.241059285026E-09   0.000000000000E+00   0.390625000000E+03  -0.191242575051E-09   0.000000000000E+00
  189.   0.307812500000E+03  -0.490703723384E-09   0.000000000000E+00   0.392187500000E+03  -0.388767748662E-09   0.000000000000E+00
  190.   0.306250000000E+03  -0.249549556554E-09   0.000000000000E+00   0.393750000000E+03  -0.197046454425E-09   0.000000000000E+00
  191.   0.304687500000E+03  -0.505359649640E-09   0.000000000000E+00   0.395312500000E+03  -0.397894896112E-09   0.000000000000E+00
  192.   0.303125000000E+03  -0.255703823995E-09   0.000000000000E+00   0.396875000000E+03  -0.200368741239E-09   0.000000000000E+00
  193.   0.301562500000E+03  -0.516183707268E-09   0.000000000000E+00   0.398437500000E+03  -0.402963679172E-09   0.000000000000E+00
  194.   0.300000000000E+03  -0.260364140554E-09   0.000000000000E+00   0.400000000000E+03  -0.202116044852E-09   0.000000000000E+00
  195.   0.298437500000E+03  -0.524550974938E-09   0.000000000000E+00   0.401562500000E+03  -0.405460968090E-09   0.000000000000E+00
  196.   0.296875000000E+03  -0.264063108869E-09   0.000000000000E+00   0.403125000000E+03  -0.202868251629E-09   0.000000000000E+00
  197.   0.295312500000E+03  -0.531330802943E-09   0.000000000000E+00   0.404687500000E+03  -0.406337801970E-09   0.000000000000E+00
  198.   0.293750000000E+03  -0.267137037568E-09   0.000000000000E+00   0.406250000000E+03  -0.202996083292E-09   0.000000000000E+00
  199.   0.292187500000E+03  -0.537071683293E-09   0.000000000000E+00   0.407812500000E+03  -0.406202114316E-09   0.000000000000E+00
  200.   0.290625000000E+03  -0.269797767611E-09   0.000000000000E+00   0.409375000000E+03  -0.202736397069E-09   0.000000000000E+00
  201.   0.289062500000E+03  -0.542118605195E-09   0.000000000000E+00   0.410937500000E+03  -0.405442178182E-09   0.000000000000E+00
  202.   0.287500000000E+03  -0.272178204689E-09   0.000000000000E+00   0.412500000000E+03  -0.202240355583E-09   0.000000000000E+00
  203.   0.285937500000E+03  -0.546687517528E-09   0.000000000000E+00   0.414062500000E+03  -0.404305639260E-09   0.000000000000E+00
  204.   0.284375000000E+03  -0.274361230262E-09   0.000000000000E+00   0.415625000000E+03  -0.201604271820E-09   0.000000000000E+00
  205.   0.282812500000E+03  -0.550912583886E-09   0.000000000000E+00   0.417187500000E+03  -0.402950120436E-09   0.000000000000E+00
  206.   0.281250000000E+03  -0.276398026818E-09   0.000000000000E+00   0.418750000000E+03  -0.200889345013E-09   0.000000000000E+00
  207.   0.279687500000E+03  -0.554876165258E-09   0.000000000000E+00   0.420312500000E+03  -0.401475618330E-09   0.000000000000E+00
  208.   0.278125000000E+03  -0.278319707722E-09   0.000000000000E+00   0.421875000000E+03  -0.200134300663E-09   0.000000000000E+00
  209.   0.276562500000E+03  -0.558627840982E-09   0.000000000000E+00   0.423437500000E+03  -0.399945244647E-09   0.000000000000E+00
  210.   0.275000000000E+03  -0.280144697913E-09   0.000000000000E+00   0.425000000000E+03  -0.199363481057E-09   0.000000000000E+00
  211.   0.273437500000E+03  -0.562196478199E-09   0.000000000000E+00   0.426562500000E+03  -0.398398506311E-09   0.000000000000E+00
  212.   0.271875000000E+03  -0.281883415569E-09   0.000000000000E+00   0.428125000000E+03  -0.198592022430E-09   0.000000000000E+00
  213.   0.270312500000E+03  -0.565597889474E-09   0.000000000000E+00   0.429687500000E+03  -0.396859805613E-09   0.000000000000E+00
  214.   0.268750000000E+03  -0.283541242422E-09   0.000000000000E+00   0.431250000000E+03  -0.197829175612E-09   0.000000000000E+00
  215.   0.267187500000E+03  -0.568839689226E-09   0.000000000000E+00   0.432812500000E+03  -0.395343881428E-09   0.000000000000E+00
  216.   0.265625000000E+03  -0.285120404542E-09   0.000000000000E+00   0.434375000000E+03  -0.197080419583E-09   0.000000000000E+00
  217.   0.264062500000E+03  -0.571924372900E-09   0.000000000000E+00   0.435937500000E+03  -0.393859295237E-09   0.000000000000E+00
  218.   0.262500000000E+03  -0.286621167926E-09   0.000000000000E+00   0.437500000000E+03  -0.196348830206E-09   0.000000000000E+00
  219.   0.260937500000E+03  -0.574851271699E-09   0.000000000000E+00   0.439062500000E+03  -0.392410659235E-09   0.000000000000E+00
  220.   0.259375000000E+03  -0.288042596277E-09   0.000000000000E+00   0.440625000000E+03  -0.195635943430E-09   0.000000000000E+00
  221.   0.257812500000E+03  -0.577617792501E-09   0.000000000000E+00   0.442187500000E+03  -0.391000065300E-09   0.000000000000E+00
  222.   0.256250000000E+03  -0.289383033071E-09   0.000000000000E+00   0.443750000000E+03  -0.194942316611E-09   0.000000000000E+00
  223.   0.254687500000E+03  -0.580220201908E-09   0.000000000000E+00   0.445312500000E+03  -0.389628002278E-09   0.000000000000E+00
  224.   0.253125000000E+03  -0.290640406034E-09   0.000000000000E+00   0.446875000000E+03  -0.194267879565E-09   0.000000000000E+00
  225.   0.251562500000E+03  -0.582654123709E-09   0.000000000000E+00   0.448437500000E+03  -0.388293938130E-09   0.000000000000E+00
  226.   0.250000000000E+03  -0.291812412689E-09   0.000000000000E+00   0.450000000000E+03  -0.193612170456E-09   0.000000000000E+00
  227.   0.248437500000E+03  -0.584914856803E-09   0.000000000000E+00   0.451562500000E+03  -0.386996696630E-09   0.000000000000E+00
  228.   0.246875000000E+03  -0.292896652483E-09   0.000000000000E+00   0.453125000000E+03  -0.192974481424E-09   0.000000000000E+00
  229.   0.245312500000E+03  -0.586997572841E-09   0.000000000000E+00   0.454687500000E+03  -0.385734699561E-09   0.000000000000E+00
  230.   0.243750000000E+03  -0.293890702808E-09   0.000000000000E+00   0.456250000000E+03  -0.192353945101E-09   0.000000000000E+00
  231.   0.242187500000E+03  -0.588897441865E-09   0.000000000000E+00   0.457812500000E+03  -0.384506120065E-09   0.000000000000E+00
  232.   0.240625000000E+03  -0.294792162007E-09   0.000000000000E+00   0.459375000000E+03  -0.191749602271E-09   0.000000000000E+00
  233.   0.239062500000E+03  -0.590609712558E-09   0.000000000000E+00   0.460937500000E+03  -0.383308982799E-09   0.000000000000E+00
  234.   0.237500000000E+03  -0.295598680585E-09   0.000000000000E+00   0.462500000000E+03  -0.191160439665E-09   0.000000000000E+00
  235.   0.235937500000E+03  -0.592129762906E-09   0.000000000000E+00   0.464062500000E+03  -0.382141227353E-09   0.000000000000E+00
  236.   0.234375000000E+03  -0.296307985529E-09   0.000000000000E+00   0.465625000000E+03  -0.190585413203E-09   0.000000000000E+00
  237.   0.232812500000E+03  -0.593453130872E-09   0.000000000000E+00   0.467187500000E+03  -0.381000749893E-09   0.000000000000E+00
  238.   0.231250000000E+03  -0.296917892007E-09   0.000000000000E+00   0.468750000000E+03  -0.190023465927E-09   0.000000000000E+00
  239.   0.229687500000E+03  -0.594575534068E-09   0.000000000000E+00   0.470312500000E+03  -0.379885430653E-09   0.000000000000E+00
  240.   0.228125000000E+03  -0.297426305661E-09   0.000000000000E+00   0.471875000000E+03  -0.189473537583E-09   0.000000000000E+00
  241.   0.226562500000E+03  -0.595492877149E-09   0.000000000000E+00   0.473437500000E+03  -0.378793150663E-09   0.000000000000E+00
  242.   0.225000000000E+03  -0.297831225561E-09   0.000000000000E+00   0.475000000000E+03  -0.188934573201E-09   0.000000000000E+00
  243.   0.223437500000E+03  -0.596201263584E-09   0.000000000000E+00   0.476562500000E+03  -0.377721804111E-09   0.000000000000E+00
  244.   0.221875000000E+03  -0.298130757337E-09   0.000000000000E+00   0.478125000000E+03  -0.188405523431E-09   0.000000000000E+00
  245.   0.220312500000E+03  -0.596696996760E-09   0.000000000000E+00   0.479687500000E+03  -0.376669307403E-09   0.000000000000E+00
  246.   0.218750000000E+03  -0.298323103548E-09   0.000000000000E+00   0.481250000000E+03  -0.187885356262E-09   0.000000000000E+00
  247.   0.217187500000E+03  -0.596976582429E-09   0.000000000000E+00   0.482812500000E+03  -0.375633602622E-09   0.000000000000E+00
  248.   0.215625000000E+03  -0.298406567281E-09   0.000000000000E+00   0.484375000000E+03  -0.187373048841E-09   0.000000000000E+00
  249.   0.214062500000E+03  -0.597036727191E-09   0.000000000000E+00   0.485937500000E+03  -0.374612663517E-09   0.000000000000E+00
  250.   0.212500000000E+03  -0.298379549925E-09   0.000000000000E+00   0.487500000000E+03  -0.186867600148E-09   0.000000000000E+00
  251.   0.210937500000E+03  -0.596874338466E-09   0.000000000000E+00   0.489062500000E+03  -0.373604496992E-09   0.000000000000E+00
  252.   0.209375000000E+03  -0.298240558702E-09   0.000000000000E+00   0.490625000000E+03  -0.186368021173E-09   0.000000000000E+00
  253.   0.207812500000E+03  -0.596486523024E-09   0.000000000000E+00   0.492187500000E+03  -0.372607145261E-09   0.000000000000E+00
  254.   0.206250000000E+03  -0.297988194211E-09   0.000000000000E+00   0.493750000000E+03  -0.185873344663E-09   0.000000000000E+00
  255.   0.204687500000E+03  -0.595870585576E-09   0.000000000000E+00   0.495312500000E+03  -0.371618688845E-09   0.000000000000E+00
  256.   0.203125000000E+03  -0.297621160294E-09   0.000000000000E+00   0.496875000000E+03  -0.185382621346E-09   0.000000000000E+00
  257.   0.201562500000E+03  -0.595024023626E-09   0.000000000000E+00   0.498437500000E+03  -0.370637248727E-09   0.000000000000E+00
  258.   0.200000000000E+03  -0.297138253926E-09   0.000000000000E+00   0.500000000000E+03  -0.184894923394E-09   0.000000000000E+00
  259.   0.198437500000E+03  -0.593944529208E-09   0.000000000000E+00   0.501562500000E+03  -0.369660985049E-09   0.000000000000E+00
  260.   0.196875000000E+03  -0.296538366747E-09   0.000000000000E+00   0.503125000000E+03  -0.184409340828E-09   0.000000000000E+00
  261.   0.195312500000E+03  -0.592629982899E-09   0.000000000000E+00   0.504687500000E+03  -0.368688100890E-09   0.000000000000E+00
  262.   0.193750000000E+03  -0.295820486712E-09   0.000000000000E+00   0.506250000000E+03  -0.183924987423E-09   0.000000000000E+00
  263.   0.192187500000E+03  -0.591078451744E-09   0.000000000000E+00   0.507812500000E+03  -0.367716842838E-09   0.000000000000E+00
  264.   0.190625000000E+03  -0.294983692363E-09   0.000000000000E+00   0.509375000000E+03  -0.183441000071E-09   0.000000000000E+00
  265.   0.189062500000E+03  -0.589288183633E-09   0.000000000000E+00   0.510937500000E+03  -0.366745502670E-09   0.000000000000E+00
  266.   0.187500000000E+03  -0.294027151494E-09   0.000000000000E+00   0.512500000000E+03  -0.182956534880E-09   0.000000000000E+00
  267.   0.185937500000E+03  -0.587257607781E-09   0.000000000000E+00   0.514062500000E+03  -0.365772416175E-09   0.000000000000E+00
  268.   0.184375000000E+03  -0.292950124002E-09   0.000000000000E+00   0.515625000000E+03  -0.182470774042E-09   0.000000000000E+00
  269.   0.182812500000E+03  -0.584985324794E-09   0.000000000000E+00   0.517187500000E+03  -0.364795967992E-09   0.000000000000E+00
  270.   0.181250000000E+03  -0.291751949846E-09   0.000000000000E+00   0.518750000000E+03  -0.181982921334E-09   0.000000000000E+00
  271.   0.179687500000E+03  -0.582470106978E-09   0.000000000000E+00   0.520312500000E+03  -0.363814592417E-09   0.000000000000E+00
  272.   0.178125000000E+03  -0.290432060057E-09   0.000000000000E+00   0.521875000000E+03  -0.181492207872E-09   0.000000000000E+00
  273.   0.176562500000E+03  -0.579710888936E-09   0.000000000000E+00   0.523437500000E+03  -0.362826773099E-09   0.000000000000E+00
  274.   0.175000000000E+03  -0.288989953991E-09   0.000000000000E+00   0.525000000000E+03  -0.180997889400E-09   0.000000000000E+00
  275.   0.173437500000E+03  -0.576706760034E-09   0.000000000000E+00   0.526562500000E+03  -0.361831047362E-09   0.000000000000E+00
  276.   0.171875000000E+03  -0.287425217747E-09   0.000000000000E+00   0.528125000000E+03  -0.180499249890E-09   0.000000000000E+00
  277.   0.170312500000E+03  -0.573456959325E-09   0.000000000000E+00   0.529687500000E+03  -0.360826008396E-09   0.000000000000E+00
  278.   0.168750000000E+03  -0.285737504479E-09   0.000000000000E+00   0.531250000000E+03  -0.179995599055E-09   0.000000000000E+00
  279.   0.167187500000E+03  -0.569960860891E-09   0.000000000000E+00   0.532812500000E+03  -0.359810311680E-09   0.000000000000E+00
  280.   0.165625000000E+03  -0.283926529708E-09   0.000000000000E+00   0.534375000000E+03  -0.179486283403E-09   0.000000000000E+00
  281.   0.164062500000E+03  -0.566217958716E-09   0.000000000000E+00   0.535937500000E+03  -0.358782680305E-09   0.000000000000E+00
  282.   0.162500000000E+03  -0.281992068755E-09   0.000000000000E+00   0.537500000000E+03  -0.178970681583E-09   0.000000000000E+00
  283.   0.160937500000E+03  -0.562227846266E-09   0.000000000000E+00   0.539062500000E+03  -0.357741913616E-09   0.000000000000E+00
  284.   0.159375000000E+03  -0.279933935463E-09   0.000000000000E+00   0.540625000000E+03  -0.178448216873E-09   0.000000000000E+00
  285.   0.157812500000E+03  -0.557990185765E-09   0.000000000000E+00   0.542187500000E+03  -0.356686905128E-09   0.000000000000E+00
  286.   0.156250000000E+03  -0.277751971182E-09   0.000000000000E+00   0.543750000000E+03  -0.177918362047E-09   0.000000000000E+00
  287.   0.154687500000E+03  -0.553504663653E-09   0.000000000000E+00   0.545312500000E+03  -0.355616666223E-09   0.000000000000E+00
  288.   0.153125000000E+03  -0.275446016657E-09   0.000000000000E+00   0.546875000000E+03  -0.177380653913E-09   0.000000000000E+00
  289.   0.151562500000E+03  -0.548770925479E-09   0.000000000000E+00   0.548437500000E+03  -0.354530359894E-09   0.000000000000E+00
  290.   0.150000000000E+03  -0.273015872750E-09   0.000000000000E+00   0.550000000000E+03  -0.176834718990E-09   0.000000000000E+00
  291.   0.148437500000E+03  -0.543788475821E-09   0.000000000000E+00   0.551562500000E+03  -0.353427359576E-09   0.000000000000E+00
  292.   0.146875000000E+03  -0.270461236801E-09   0.000000000000E+00   0.553125000000E+03  -0.176280305576E-09   0.000000000000E+00
  293.   0.145312500000E+03  -0.538556528561E-09   0.000000000000E+00   0.554687500000E+03  -0.352307338690E-09   0.000000000000E+00
  294.   0.143750000000E+03  -0.267781617381E-09   0.000000000000E+00   0.556250000000E+03  -0.175717340608E-09   0.000000000000E+00
  295.   0.142187500000E+03  -0.533073780731E-09   0.000000000000E+00   0.557812500000E+03  -0.351170409801E-09   0.000000000000E+00
  296.   0.140625000000E+03  -0.264976198061E-09   0.000000000000E+00   0.559375000000E+03  -0.175146010690E-09   0.000000000000E+00
  297.   0.139062500000E+03  -0.527338059286E-09   0.000000000000E+00   0.560937500000E+03  -0.350017343764E-09   0.000000000000E+00
  298.   0.137500000000E+03  -0.262043619607E-09   0.000000000000E+00   0.562500000000E+03  -0.174566901719E-09   0.000000000000E+00
  299.   0.135937500000E+03  -0.521345785437E-09   0.000000000000E+00   0.564062500000E+03  -0.348849913768E-09   0.000000000000E+00
  300.   0.134375000000E+03  -0.258981668680E-09   0.000000000000E+00   0.565625000000E+03  -0.173981208851E-09   0.000000000000E+00
  301.   0.132812500000E+03  -0.515091149352E-09   0.000000000000E+00   0.567187500000E+03  -0.347671437213E-09   0.000000000000E+00
  302.   0.131250000000E+03  -0.255786785843E-09   0.000000000000E+00   0.568750000000E+03  -0.173391080761E-09   0.000000000000E+00
  303.   0.129687500000E+03  -0.508564866192E-09   0.000000000000E+00   0.570312500000E+03  -0.346487648232E-09   0.000000000000E+00
  304.   0.128125000000E+03  -0.252453365840E-09   0.000000000000E+00   0.571875000000E+03  -0.172800176269E-09   0.000000000000E+00
  305.   0.126562500000E+03  -0.501752253852E-09   0.000000000000E+00   0.573437500000E+03  -0.345308065632E-09   0.000000000000E+00
  306.   0.125000000000E+03  -0.248972523643E-09   0.000000000000E+00   0.575000000000E+03  -0.172214466837E-09   0.000000000000E+00
  307.   0.123437500000E+03  -0.494630629435E-09   0.000000000000E+00   0.576562500000E+03  -0.344148405433E-09   0.000000000000E+00
  308.   0.121875000000E+03  -0.245330877881E-09   0.000000000000E+00   0.578125000000E+03  -0.171643932142E-09   0.000000000000E+00
  309.   0.120312500000E+03  -0.487164787620E-09   0.000000000000E+00   0.579687500000E+03  -0.343034057434E-09   0.000000000000E+00
  310.   0.118750000000E+03  -0.241505364547E-09   0.000000000000E+00   0.581250000000E+03  -0.171102954226E-09   0.000000000000E+00
  311.   0.117187500000E+03  -0.479304112132E-09   0.000000000000E+00   0.582812500000E+03  -0.342008476765E-09   0.000000000000E+00
  312.   0.115625000000E+03  -0.237467041083E-09   0.000000000000E+00   0.584375000000E+03  -0.170619287658E-09   0.000000000000E+00
  313.   0.114062500000E+03  -0.470966802995E-09   0.000000000000E+00   0.585937500000E+03  -0.341138716409E-09   0.000000000000E+00
  314.   0.112500000000E+03  -0.233128096355E-09   0.000000000000E+00   0.587500000000E+03  -0.170206011453E-09   0.000000000000E+00
  315.   0.110937500000E+03  -0.462063629012E-09   0.000000000000E+00   0.589062500000E+03  -0.340559270703E-09   0.000000000000E+00
  316.   0.109375000000E+03  -0.228473667262E-09   0.000000000000E+00   0.590625000000E+03  -0.169974375138E-09   0.000000000000E+00
  317.   0.107812500000E+03  -0.452363928849E-09   0.000000000000E+00   0.592187500000E+03  -0.340420679630E-09   0.000000000000E+00
  318.   0.106250000000E+03  -0.222839188040E-09   0.000000000000E+00   0.593750000000E+03  -0.169624590968E-09   0.000000000000E+00
  319.   0.104687500000E+03  -0.441792491967E-09   0.000000000000E+00   0.595312500000E+03  -0.341192890350E-09   0.000000000000E+00
  320.   0.103125000000E+03  -0.217547821832E-09   0.000000000000E+00   0.596875000000E+03  -0.170517567981E-09   0.000000000000E+00
  321.   0.101562500000E+03  -0.427331020095E-09   0.000000000000E+00   0.598437500000E+03  -0.341549042333E-09   0.000000000000E+00
