mode f[Hz] tag=p5_ff_scboth target=75.304Hz
  1.     0.00000000E+00
  2.     0.82640099E+02
  3.     0.38004148E+03
  4.     0.92120694E+03
  5.     0.16695671E+04
  6.     0.17195710E+04
  7.     0.27635003E+04
  8.     0.40375712E+04
  9.     0.42922273E+04
 10.     0.55243153E+04
 11.     0.72056544E+04
 12.     0.72283236E+04
 13.     0.90637059E+04
 14.     0.10418251E+05
 15.     0.11081358E+05
 16.     0.13242649E+05
 17.     0.13681376E+05
 18.     0.15532990E+05
 19.     0.16957202E+05
 20.     0.17939261E+05
