i  r_top  QtopRe  QtopIm  r_bot  QbotRe  QbotIm   [mm, mC]
    1.   0.600000000000E+03  -0.497293205698E-07   0.000000000000E+00   0.100000000000E+03   0.321076748442E-06   0.000000000000E+00
    2.   0.100000000000E+03  -0.321076769343E-06   0.000000000000E+00   0.600000000000E+03   0.497293567550E-07   0.000000000000E+00
    3.   0.596875000000E+03  -0.197881709339E-06   0.000000000000E+00   0.103125000000E+03   0.132444157205E-05   0.000000000000E+00
    4.   0.593750000000E+03  -0.984230681285E-07   0.000000000000E+00   0.106250000000E+03   0.682288074609E-06   0.000000000000E+00
    5.   0.590625000000E+03  -0.195810555095E-06   0.000000000000E+00   0.109375000000E+03   0.140471072138E-05   0.000000000000E+00
    6.   0.587500000000E+03  -0.973874870670E-07   0.000000000000E+00   0.112500000000E+03   0.722422646034E-06   0.000000000000E+00
    7.   0.584375000000E+03  -0.193739384733E-06   0.000000000000E+00   0.115625000000E+03   0.148497985746E-05   0.000000000000E+00
    8.   0.581250000000E+03  -0.963518977898E-07   0.000000000000E+00   0.118750000000E+03   0.762557210420E-06   0.000000000000E+00
    9.   0.578125000000E+03  -0.191668198118E-06   0.000000000000E+00   0.121875000000E+03   0.156524897915E-05   0.000000000000E+00
   10.   0.575000000000E+03  -0.953163004320E-07   0.000000000000E+00   0.125000000000E+03   0.802691767262E-06   0.000000000000E+00
   11.   0.571875000000E+03  -0.189596995286E-06   0.000000000000E+00   0.128125000000E+03   0.164551808537E-05   0.000000000000E+00
   12.   0.568750000000E+03  -0.942806949724E-07   0.000000000000E+00   0.131250000000E+03   0.842826315965E-06   0.000000000000E+00
   13.   0.565625000000E+03  -0.187525776269E-06   0.000000000000E+00   0.134375000000E+03   0.172578717504E-05   0.000000000000E+00
   14.   0.562500000000E+03  -0.932450814393E-07   0.000000000000E+00   0.137500000000E+03   0.882960855951E-06   0.000000000000E+00
   15.   0.559375000000E+03  -0.185454541097E-06   0.000000000000E+00   0.140625000000E+03   0.180605624710E-05   0.000000000000E+00
   16.   0.556250000000E+03  -0.922094598493E-07   0.000000000000E+00   0.143750000000E+03   0.923095386611E-06   0.000000000000E+00
   17.   0.553125000000E+03  -0.183383289799E-06   0.000000000000E+00   0.146875000000E+03   0.188632530037E-05   0.000000000000E+00
   18.   0.550000000000E+03  -0.911738302245E-07   0.000000000000E+00   0.150000000000E+03   0.963229907275E-06   0.000000000000E+00
   19.   0.546875000000E+03  -0.181312022399E-06   0.000000000000E+00   0.153125000000E+03   0.196659433353E-05   0.000000000000E+00
   20.   0.543750000000E+03  -0.901381925894E-07   0.000000000000E+00   0.156250000000E+03   0.100336441713E-05   0.000000000000E+00
   21.   0.540625000000E+03  -0.179240738914E-06   0.000000000000E+00   0.159375000000E+03   0.204686334473E-05   0.000000000000E+00
   22.   0.537500000000E+03  -0.891025469742E-07   0.000000000000E+00   0.162500000000E+03   0.104349891499E-05   0.000000000000E+00
   23.   0.534375000000E+03  -0.177169439353E-06   0.000000000000E+00   0.165625000000E+03   0.212713233081E-05   0.000000000000E+00
   24.   0.531250000000E+03  -0.880668934185E-07   0.000000000000E+00   0.168750000000E+03   0.108363339878E-05   0.000000000000E+00
   25.   0.528125000000E+03  -0.175098123708E-06   0.000000000000E+00   0.171875000000E+03   0.220740128533E-05   0.000000000000E+00
   26.   0.525000000000E+03  -0.870312319784E-07   0.000000000000E+00   0.175000000000E+03   0.112376786418E-05   0.000000000000E+00
   27.   0.521875000000E+03  -0.173026791948E-06   0.000000000000E+00   0.178125000000E+03   0.228767019370E-05   0.000000000000E+00
   28.   0.518750000000E+03  -0.859955627381E-07   0.000000000000E+00   0.181250000000E+03   0.116390230120E-05   0.000000000000E+00
   29.   0.515625000000E+03  -0.170955444001E-06   0.000000000000E+00   0.184375000000E+03   0.236793902092E-05   0.000000000000E+00
   30.   0.512500000000E+03  -0.849598858287E-07   0.000000000000E+00   0.187500000000E+03   0.120403668563E-05   0.000000000000E+00
   31.   0.509375000000E+03  -0.168884079734E-06   0.000000000000E+00   0.190625000000E+03   0.244820768118E-05   0.000000000000E+00
   32.   0.506250000000E+03  -0.839242014606E-07   0.000000000000E+00   0.193750000000E+03   0.124417095772E-05   0.000000000000E+00
   33.   0.503125000000E+03  -0.166812698904E-06   0.000000000000E+00   0.196875000000E+03   0.252847596207E-05   0.000000000000E+00
   34.   0.500000000000E+03  -0.828885099769E-07   0.000000000000E+00   0.200000000000E+03   0.128430496884E-05   0.000000000000E+00
   35.   0.496875000000E+03  -0.164741301095E-06   0.000000000000E+00   0.203125000000E+03   0.260874333566E-05   0.000000000000E+00
   36.   0.493750000000E+03  -0.818528119430E-07   0.000000000000E+00   0.206250000000E+03   0.132443834852E-05   0.000000000000E+00
   37.   0.490625000000E+03  -0.162669885599E-06   0.000000000000E+00   0.209375000000E+03   0.268900848774E-05   0.000000000000E+00
   38.   0.487500000000E+03  -0.808171082955E-07   0.000000000000E+00   0.212500000000E+03   0.136457017330E-05   0.000000000000E+00
   39.   0.484375000000E+03  -0.160598451220E-06   0.000000000000E+00   0.215625000000E+03   0.276926814507E-05   0.000000000000E+00
   40.   0.481250000000E+03  -0.797814005924E-07   0.000000000000E+00   0.218750000000E+03   0.140469814197E-05   0.000000000000E+00
   41.   0.478125000000E+03  -0.158526995948E-06   0.000000000000E+00   0.221875000000E+03   0.284951415485E-05   0.000000000000E+00
   42.   0.475000000000E+03  -0.787456914300E-07   0.000000000000E+00   0.225000000000E+03   0.144481652273E-05   0.000000000000E+00
   43.   0.471875000000E+03  -0.156455516409E-06   0.000000000000E+00   0.228125000000E+03   0.292972621437E-05   0.000000000000E+00
   44.   0.468750000000E+03  -0.777099851404E-07   0.000000000000E+00   0.231250000000E+03   0.148491104400E-05   0.000000000000E+00
   45.   0.465625000000E+03  -0.154384006939E-06   0.000000000000E+00   0.234375000000E+03   0.300985378342E-05   0.000000000000E+00
   46.   0.462500000000E+03  -0.766742889572E-07   0.000000000000E+00   0.237500000000E+03   0.152494618642E-05   0.000000000000E+00
   47.   0.459375000000E+03  -0.152312458012E-06   0.000000000000E+00   0.240625000000E+03   0.308977111390E-05   0.000000000000E+00
   48.   0.456250000000E+03  -0.756386149617E-07   0.000000000000E+00   0.243750000000E+03   0.156483358205E-05   0.000000000000E+00
   49.   0.453125000000E+03  -0.150240853580E-06   0.000000000000E+00   0.246875000000E+03   0.316916560237E-05   0.000000000000E+00
   50.   0.450000000000E+03  -0.746029833319E-07   0.000000000000E+00   0.250000000000E+03   0.160435356096E-05   0.000000000000E+00
   51.   0.446875000000E+03  -0.148169166509E-06   0.000000000000E+00   0.253125000000E+03   0.324726127553E-05   0.000000000000E+00
   52.   0.443750000000E+03  -0.735674277499E-07   0.000000000000E+00   0.256250000000E+03   0.164296072259E-05   0.000000000000E+00
   53.   0.440625000000E+03  -0.146097350723E-06   0.000000000000E+00   0.259375000000E+03   0.332213814858E-05   0.000000000000E+00
   54.   0.437500000000E+03  -0.725320043758E-07   0.000000000000E+00   0.262500000000E+03   0.167930513256E-05   0.000000000000E+00
   55.   0.434375000000E+03  -0.144025327494E-06   0.000000000000E+00   0.265625000000E+03   0.338907869455E-05   0.000000000000E+00
   56.   0.431250000000E+03  -0.714968066518E-07   0.000000000000E+00   0.268750000000E+03   0.171006683079E-05   0.000000000000E+00
   57.   0.428125000000E+03  -0.141952961186E-06   0.000000000000E+00   0.271875000000E+03   0.343668125651E-05   0.000000000000E+00
   58.   0.425000000000E+03  -0.704619895231E-07   0.000000000000E+00   0.275000000000E+03   0.172721275559E-05   0.000000000000E+00
   59.   0.421875000000E+03  -0.139880015529E-06   0.000000000000E+00   0.278125000000E+03   0.343841399867E-05   0.000000000000E+00
   60.   0.418750000000E+03  -0.694278084589E-07   0.000000000000E+00   0.281250000000E+03   0.171206829015E-05   0.000000000000E+00
   61.   0.415625000000E+03  -0.137806072975E-06   0.000000000000E+00   0.284375000000E+03   0.333789629635E-05   0.000000000000E+00
   62.   0.412500000000E+03  -0.683946809998E-07   0.000000000000E+00   0.287500000000E+03   0.162575340011E-05   0.000000000000E+00
   63.   0.409375000000E+03  -0.135730381749E-06   0.000000000000E+00   0.290625000000E+03   0.303971275195E-05   0.000000000000E+00
   64.   0.406250000000E+03  -0.673632797073E-07   0.000000000000E+00   0.293750000000E+03   0.141036627064E-05   0.000000000000E+00
   65.   0.403125000000E+03  -0.133651557087E-06   0.000000000000E+00   0.296875000000E+03   0.246306786413E-05   0.000000000000E+00
   66.   0.400000000000E+03  -0.663346633915E-07   0.000000000000E+00   0.300000000000E+03   0.104835271927E-05   0.000000000000E+00
   67.   0.396875000000E+03  -0.131566977030E-06   0.000000000000E+00   0.303125000000E+03   0.169074373733E-05   0.000000000000E+00
   68.   0.393750000000E+03  -0.653104331014E-07   0.000000000000E+00   0.306250000000E+03   0.644486540697E-06   0.000000000000E+00
   69.   0.390625000000E+03  -0.129471523722E-06   0.000000000000E+00   0.309375000000E+03   0.983772468489E-06   0.000000000000E+00
   70.   0.387500000000E+03  -0.642928370182E-07   0.000000000000E+00   0.312500000000E+03   0.344168119837E-06   0.000000000000E+00
   71.   0.384375000000E+03  -0.127354869734E-06   0.000000000000E+00   0.315625000000E+03   0.524709915761E-06   0.000000000000E+00
   72.   0.381250000000E+03  -0.632845674654E-07   0.000000000000E+00   0.318750000000E+03   0.181833613367E-06   0.000000000000E+00
   73.   0.378125000000E+03  -0.125195493021E-06   0.000000000000E+00   0.321875000000E+03   0.290949741005E-06   0.000000000000E+00
   74.   0.375000000000E+03  -0.622873647275E-07   0.000000000000E+00   0.325000000000E+03   0.108335437434E-06   0.000000000000E+00
   75.   0.371875000000E+03  -0.122947137020E-06   0.000000000000E+00   0.328125000000E+03   0.186606701755E-06   0.000000000000E+00
   76.   0.368750000000E+03  -0.612977573906E-07   0.000000000000E+00   0.331250000000E+03   0.775297189791E-07   0.000000000000E+00
   77.   0.365625000000E+03  -0.120507594625E-06   0.000000000000E+00   0.334375000000E+03   0.143207082209E-06   0.000000000000E+00
   78.   0.362500000000E+03  -0.602915485195E-07   0.000000000000E+00   0.337500000000E+03   0.652833233900E-07   0.000000000000E+00
   79.   0.359375000000E+03  -0.117646623976E-06   0.000000000000E+00   0.340625000000E+03   0.126290623697E-06   0.000000000000E+00
   80.   0.356250000000E+03  -0.591938793790E-07   0.000000000000E+00   0.343750000000E+03   0.608292628278E-07   0.000000000000E+00
   81.   0.353125000000E+03  -0.113832053196E-06   0.000000000000E+00   0.346875000000E+03   0.120510489468E-06   0.000000000000E+00
   82.   0.350000000000E+03  -0.577423264335E-07   0.000000000000E+00   0.350000000000E+03   0.596052919642E-07   0.000000000000E+00
   83.   0.346875000000E+03  -0.107839127647E-06   0.000000000000E+00   0.353125000000E+03   0.119349119634E-06   0.000000000000E+00
   84.   0.343750000000E+03  -0.553709419831E-07   0.000000000000E+00   0.356250000000E+03   0.597123357192E-07   0.000000000000E+00
   85.   0.340625000000E+03  -0.967168409522E-07   0.000000000000E+00   0.359375000000E+03   0.120092077711E-06   0.000000000000E+00
   86.   0.337500000000E+03  -0.498578546575E-07   0.000000000000E+00   0.362500000000E+03   0.603668000210E-07   0.000000000000E+00
   87.   0.334375000000E+03  -0.737729857414E-07   0.000000000000E+00   0.365625000000E+03   0.121618181003E-06   0.000000000000E+00
   88.   0.331250000000E+03  -0.380357921320E-07   0.000000000000E+00   0.368750000000E+03   0.612460957338E-07   0.000000000000E+00
   89.   0.328125000000E+03  -0.216589227469E-07   0.000000000000E+00   0.371875000000E+03   0.123465960067E-06   0.000000000000E+00
   90.   0.325000000000E+03   0.108486852458E-08   0.000000000000E+00   0.375000000000E+03   0.622177012523E-07   0.000000000000E+00
   91.   0.321875000000E+03   0.957636715078E-07   0.000000000000E+00   0.378125000000E+03   0.125445786082E-06   0.000000000000E+00
   92.   0.318750000000E+03   0.817391413169E-07   0.000000000000E+00   0.381250000000E+03   0.632271856806E-07   0.000000000000E+00
   93.   0.315625000000E+03   0.388965655301E-06   0.000000000000E+00   0.384375000000E+03   0.127479792016E-06   0.000000000000E+00
   94.   0.312500000000E+03   0.488534878741E-06   0.000000000000E+00   0.387500000000E+03   0.642522104688E-07   0.000000000000E+00
   95.   0.309375000000E+03   0.991308931064E-06   0.000000000000E+00   0.390625000000E+03   0.129536016747E-06   0.000000000000E+00
   96.   0.306250000000E+03   0.356944194621E-05   0.000000000000E+00   0.393750000000E+03   0.652836076995E-07   0.000000000000E+00
   97.   0.303125000000E+03   0.955089831168E-05   0.000000000000E+00   0.396875000000E+03   0.131601344966E-06   0.000000000000E+00
   98.   0.300000000000E+03  -0.940051488321E-05   0.000000000000E+00   0.400000000000E+03   0.663176158947E-07   0.000000000000E+00
   99.   0.296875000000E+03  -0.966596253164E-05   0.000000000000E+00   0.403125000000E+03   0.133670396234E-06   0.000000000000E+00
  100.   0.293750000000E+03  -0.219023263845E-05   0.000000000000E+00   0.406250000000E+03   0.673526914337E-07   0.000000000000E+00
  101.   0.290625000000E+03  -0.505061730658E-05   0.000000000000E+00   0.409375000000E+03   0.135740963992E-06   0.000000000000E+00
  102.   0.287500000000E+03  -0.205231271010E-05   0.000000000000E+00   0.412500000000E+03   0.683882006738E-07   0.000000000000E+00
  103.   0.284375000000E+03  -0.405733760548E-05   0.000000000000E+00   0.415625000000E+03   0.137812143721E-06   0.000000000000E+00
  104.   0.281250000000E+03  -0.190993576515E-05   0.000000000000E+00   0.418750000000E+03   0.694238833212E-07   0.000000000000E+00
  105.   0.278125000000E+03  -0.371341928349E-05   0.000000000000E+00   0.421875000000E+03   0.139883564859E-06   0.000000000000E+00
  106.   0.275000000000E+03  -0.181041548446E-05   0.000000000000E+00   0.425000000000E+03   0.704596323525E-07   0.000000000000E+00
  107.   0.271875000000E+03  -0.354432605406E-05   0.000000000000E+00   0.428125000000E+03   0.141955075698E-06   0.000000000000E+00
  108.   0.268750000000E+03  -0.174571010777E-05   0.000000000000E+00   0.431250000000E+03   0.714954037230E-07   0.000000000000E+00
  109.   0.265625000000E+03  -0.343100642560E-05   0.000000000000E+00   0.434375000000E+03   0.144026614168E-06   0.000000000000E+00
  110.   0.262500000000E+03  -0.169443469044E-05   0.000000000000E+00   0.437500000000E+03   0.725311793067E-07   0.000000000000E+00
  111.   0.259375000000E+03  -0.333836827938E-05   0.000000000000E+00   0.440625000000E+03   0.146098154870E-06   0.000000000000E+00
  112.   0.256250000000E+03  -0.164953515613E-05   0.000000000000E+00   0.443750000000E+03   0.735669516643E-07   0.000000000000E+00
  113.   0.253125000000E+03  -0.325342632116E-05   0.000000000000E+00   0.446875000000E+03   0.148169687391E-06   0.000000000000E+00
  114.   0.250000000000E+03  -0.160725424043E-05   0.000000000000E+00   0.450000000000E+03   0.746027177710E-07   0.000000000000E+00
  115.   0.246875000000E+03  -0.317144475122E-05   0.000000000000E+00   0.453125000000E+03   0.150241207439E-06   0.000000000000E+00
  116.   0.243750000000E+03  -0.156615060385E-05   0.000000000000E+00   0.456250000000E+03   0.756384764268E-07   0.000000000000E+00
  117.   0.240625000000E+03  -0.309057215642E-05   0.000000000000E+00   0.459375000000E+03   0.152312713216E-06   0.000000000000E+00
  118.   0.237500000000E+03  -0.152556133728E-05   0.000000000000E+00   0.462500000000E+03   0.766742271818E-07   0.000000000000E+00
  119.   0.234375000000E+03  -0.301010981789E-05   0.000000000000E+00   0.465625000000E+03   0.154384203947E-06   0.000000000000E+00
  120.   0.231250000000E+03  -0.148520811940E-05   0.000000000000E+00   0.468750000000E+03   0.777099698904E-07   0.000000000000E+00
  121.   0.228125000000E+03  -0.292979098315E-05   0.000000000000E+00   0.471875000000E+03   0.156455679277E-06   0.000000000000E+00
  122.   0.225000000000E+03  -0.144496474547E-05   0.000000000000E+00   0.475000000000E+03   0.787457045252E-07   0.000000000000E+00
  123.   0.221875000000E+03  -0.284951816151E-05   0.000000000000E+00   0.478125000000E+03   0.158527139030E-06   0.000000000000E+00
  124.   0.218750000000E+03  -0.140477448016E-05   0.000000000000E+00   0.481250000000E+03   0.797814311005E-07   0.000000000000E+00
  125.   0.215625000000E+03  -0.276925701262E-05   0.000000000000E+00   0.484375000000E+03   0.160598583106E-06   0.000000000000E+00
  126.   0.212500000000E+03  -0.136461061595E-05   0.000000000000E+00   0.487500000000E+03   0.808171496402E-07   0.000000000000E+00
  127.   0.209375000000E+03  -0.268899665051E-05   0.000000000000E+00   0.490625000000E+03   0.162670011442E-06   0.000000000000E+00
  128.   0.206250000000E+03  -0.132446030358E-05   0.000000000000E+00   0.493750000000E+03   0.818528601668E-07   0.000000000000E+00
  129.   0.203125000000E+03  -0.260873433196E-05   0.000000000000E+00   0.496875000000E+03   0.164741423991E-06   0.000000000000E+00
  130.   0.200000000000E+03  -0.128431713183E-05   0.000000000000E+00   0.500000000000E+03   0.828885626975E-07   0.000000000000E+00
  131.   0.196875000000E+03  -0.252846990652E-05   0.000000000000E+00   0.503125000000E+03   0.166812820718E-06   0.000000000000E+00
  132.   0.193750000000E+03  -0.124417781059E-05   0.000000000000E+00   0.506250000000E+03   0.839242572431E-07   0.000000000000E+00
  133.   0.190625000000E+03  -0.244820386127E-05   0.000000000000E+00   0.509375000000E+03   0.168884201590E-06   0.000000000000E+00
  134.   0.187500000000E+03  -0.120404060299E-05   0.000000000000E+00   0.512500000000E+03   0.849599438087E-07   0.000000000000E+00
  135.   0.184375000000E+03  -0.236793671008E-05   0.000000000000E+00   0.515625000000E+03   0.170955566581E-06   0.000000000000E+00
  136.   0.181250000000E+03  -0.116390457099E-05   0.000000000000E+00   0.518750000000E+03   0.859956223953E-07   0.000000000000E+00
  137.   0.178125000000E+03  -0.228766884397E-05   0.000000000000E+00   0.521875000000E+03   0.173026915664E-06   0.000000000000E+00
  138.   0.175000000000E+03  -0.112376919829E-05   0.000000000000E+00   0.525000000000E+03   0.870312929994E-07   0.000000000000E+00
  139.   0.171875000000E+03  -0.220740052752E-05   0.000000000000E+00   0.528125000000E+03   0.175098248811E-06   0.000000000000E+00
  140.   0.168750000000E+03  -0.108363419654E-05   0.000000000000E+00   0.531250000000E+03   0.880669556149E-07   0.000000000000E+00
  141.   0.165625000000E+03  -0.212713192975E-05   0.000000000000E+00   0.534375000000E+03   0.177169565998E-06   0.000000000000E+00
  142.   0.162500000000E+03  -0.104349940294E-05   0.000000000000E+00   0.537500000000E+03   0.891026102334E-07   0.000000000000E+00
  143.   0.159375000000E+03  -0.204686315531E-05   0.000000000000E+00   0.540625000000E+03   0.179240867195E-06   0.000000000000E+00
  144.   0.156250000000E+03  -0.100336472490E-05   0.000000000000E+00   0.543750000000E+03   0.901382568440E-07   0.000000000000E+00
  145.   0.153125000000E+03  -0.196659426786E-05   0.000000000000E+00   0.546875000000E+03   0.181312152376E-06   0.000000000000E+00
  146.   0.150000000000E+03  -0.963230109497E-06   0.000000000000E+00   0.550000000000E+03   0.911738954345E-07   0.000000000000E+00
  147.   0.146875000000E+03  -0.188632530587E-05   0.000000000000E+00   0.553125000000E+03   0.183383421511E-06   0.000000000000E+00
  148.   0.143750000000E+03  -0.923095526449E-06   0.000000000000E+00   0.556250000000E+03   0.922095259913E-07   0.000000000000E+00
  149.   0.140625000000E+03  -0.180605629253E-05   0.000000000000E+00   0.559375000000E+03   0.185454674568E-06   0.000000000000E+00
  150.   0.137500000000E+03  -0.882960958466E-06   0.000000000000E+00   0.562500000000E+03   0.932451484992E-07   0.000000000000E+00
  151.   0.134375000000E+03  -0.172578724194E-05   0.000000000000E+00   0.565625000000E+03   0.187525911516E-06   0.000000000000E+00
  152.   0.131250000000E+03  -0.842826395755E-06   0.000000000000E+00   0.568750000000E+03   0.942807629427E-07   0.000000000000E+00
  153.   0.128125000000E+03  -0.164551816283E-05   0.000000000000E+00   0.571875000000E+03   0.189597132320E-06   0.000000000000E+00
  154.   0.125000000000E+03  -0.802691832855E-06   0.000000000000E+00   0.575000000000E+03   0.953163693008E-07   0.000000000000E+00
  155.   0.121875000000E+03  -0.156524906072E-05   0.000000000000E+00   0.578125000000E+03   0.191668336943E-06   0.000000000000E+00
  156.   0.118750000000E+03  -0.762557266843E-06   0.000000000000E+00   0.581250000000E+03   0.963519675644E-07   0.000000000000E+00
  157.   0.115625000000E+03  -0.148497993935E-05   0.000000000000E+00   0.584375000000E+03   0.193739525346E-06   0.000000000000E+00
  158.   0.112500000000E+03  -0.722422696221E-06   0.000000000000E+00   0.587500000000E+03   0.973875576751E-07   0.000000000000E+00
  159.   0.109375000000E+03  -0.140471080119E-05   0.000000000000E+00   0.590625000000E+03   0.195810697487E-06   0.000000000000E+00
  160.   0.106250000000E+03  -0.682288120349E-06   0.000000000000E+00   0.593750000000E+03   0.984231397251E-07   0.000000000000E+00
  161.   0.103125000000E+03  -0.132444164890E-05   0.000000000000E+00   0.596875000000E+03   0.197881853163E-06   0.000000000000E+00
