i  r_top  QtopRe  QtopIm  r_bot  QbotRe  QbotIm   [mm, mC]
    1.   0.600000000000E+03  -0.226288533778E-06   0.000000000000E+00   0.100000000000E+03   0.241530017890E-10   0.000000000000E+00
    2.   0.100000000000E+03   0.241530021593E-10   0.000000000000E+00   0.600000000000E+03  -0.226288533777E-06   0.000000000000E+00
    3.   0.598437500000E+03  -0.247560485764E-09   0.000000000000E+00   0.101562500000E+03   0.977460877707E-10   0.000000000000E+00
    4.   0.596875000000E+03  -0.765975370039E-08   0.000000000000E+00   0.103125000000E+03   0.497439779601E-10   0.000000000000E+00
    5.   0.595312500000E+03   0.204207731681E-07   0.000000000000E+00   0.104687500000E+03   0.101075244110E-09   0.000000000000E+00
    6.   0.593750000000E+03   0.551150170102E-08   0.000000000000E+00   0.106250000000E+03   0.510113929132E-10   0.000000000000E+00
    7.   0.592187500000E+03   0.177067700013E-07   0.000000000000E+00   0.107812500000E+03   0.103661415922E-09   0.000000000000E+00
    8.   0.590625000000E+03   0.621962235440E-08   0.000000000000E+00   0.109375000000E+03   0.524105551498E-10   0.000000000000E+00
    9.   0.589062500000E+03   0.124045261412E-07   0.000000000000E+00   0.110937500000E+03   0.106140670137E-09   0.000000000000E+00
   10.   0.587500000000E+03   0.423025790261E-08   0.000000000000E+00   0.112500000000E+03   0.536242374100E-10   0.000000000000E+00
   11.   0.585937500000E+03   0.798030988776E-08   0.000000000000E+00   0.114062500000E+03   0.108503031455E-09   0.000000000000E+00
   12.   0.584375000000E+03   0.297628598761E-08   0.000000000000E+00   0.115625000000E+03   0.547931742651E-10   0.000000000000E+00
   13.   0.582812500000E+03   0.513368846525E-08   0.000000000000E+00   0.117187500000E+03   0.110784388849E-09   0.000000000000E+00
   14.   0.581250000000E+03   0.191735841187E-08   0.000000000000E+00   0.118750000000E+03   0.559143967113E-10   0.000000000000E+00
   15.   0.579687500000E+03   0.326173513824E-08   0.000000000000E+00   0.120312500000E+03   0.112994541072E-09   0.000000000000E+00
   16.   0.578125000000E+03   0.124713546727E-08   0.000000000000E+00   0.121875000000E+03   0.570037455137E-10   0.000000000000E+00
   17.   0.576562500000E+03   0.207826177762E-08   0.000000000000E+00   0.123437500000E+03   0.115145326572E-09   0.000000000000E+00
   18.   0.575000000000E+03   0.798117248549E-09   0.000000000000E+00   0.125000000000E+03   0.580651604241E-10   0.000000000000E+00
   19.   0.573437500000E+03   0.132242840503E-08   0.000000000000E+00   0.126562500000E+03   0.117243872224E-09   0.000000000000E+00
   20.   0.571875000000E+03   0.511442408709E-09   0.000000000000E+00   0.128125000000E+03   0.591021538817E-10   0.000000000000E+00
   21.   0.570312500000E+03   0.843232498669E-09   0.000000000000E+00   0.129687500000E+03   0.119295320072E-09   0.000000000000E+00
   22.   0.568750000000E+03   0.327274499820E-09   0.000000000000E+00   0.131250000000E+03   0.601166362005E-10   0.000000000000E+00
   23.   0.567187500000E+03   0.538877158051E-09   0.000000000000E+00   0.132812500000E+03   0.121302939145E-09   0.000000000000E+00
   24.   0.565625000000E+03   0.210046577887E-09   0.000000000000E+00   0.134375000000E+03   0.611098759787E-10   0.000000000000E+00
   25.   0.564062500000E+03   0.345971179751E-09   0.000000000000E+00   0.135937500000E+03   0.123268801699E-09   0.000000000000E+00
   26.   0.562500000000E+03   0.135535403836E-09   0.000000000000E+00   0.137500000000E+03   0.620826306289E-10   0.000000000000E+00
   27.   0.560937500000E+03   0.223831748322E-09   0.000000000000E+00   0.139062500000E+03   0.125194145356E-09   0.000000000000E+00
   28.   0.559375000000E+03   0.883553842768E-10   0.000000000000E+00   0.140625000000E+03   0.630353527808E-10   0.000000000000E+00
   29.   0.557812500000E+03   0.146709990038E-09   0.000000000000E+00   0.142187500000E+03   0.127079666633E-09   0.000000000000E+00
   30.   0.556250000000E+03   0.585978620965E-10   0.000000000000E+00   0.143750000000E+03   0.639682793715E-10   0.000000000000E+00
   31.   0.554687500000E+03   0.982191560060E-10   0.000000000000E+00   0.145312500000E+03   0.128925697236E-09   0.000000000000E+00
   32.   0.553125000000E+03   0.399458059616E-10   0.000000000000E+00   0.146875000000E+03   0.648815086350E-10   0.000000000000E+00
   33.   0.551562500000E+03   0.679529402293E-10   0.000000000000E+00   0.148437500000E+03   0.130732333680E-09   0.000000000000E+00
   34.   0.550000000000E+03   0.283711621512E-10   0.000000000000E+00   0.150000000000E+03   0.657750411171E-10   0.000000000000E+00
   35.   0.548437500000E+03   0.492954556591E-10   0.000000000000E+00   0.151562500000E+03   0.132499526176E-09   0.000000000000E+00
   36.   0.546875000000E+03   0.213096675441E-10   0.000000000000E+00   0.153125000000E+03   0.666488177058E-10   0.000000000000E+00
   37.   0.545312500000E+03   0.380412301268E-10   0.000000000000E+00   0.154687500000E+03   0.134227117184E-09   0.000000000000E+00
   38.   0.543750000000E+03   0.171294704212E-10   0.000000000000E+00   0.156250000000E+03   0.675027485377E-10   0.000000000000E+00
   39.   0.542187500000E+03   0.315159749575E-10   0.000000000000E+00   0.157812500000E+03   0.135914887628E-09   0.000000000000E+00
   40.   0.540625000000E+03   0.147922819828E-10   0.000000000000E+00   0.159375000000E+03   0.683367061293E-10   0.000000000000E+00
   41.   0.539062500000E+03   0.280187323448E-10   0.000000000000E+00   0.160937500000E+03   0.137562575516E-09   0.000000000000E+00
   42.   0.537500000000E+03   0.136374204578E-10   0.000000000000E+00   0.162500000000E+03   0.691505518816E-10   0.000000000000E+00
   43.   0.535937500000E+03   0.264672163589E-10   0.000000000000E+00   0.164062500000E+03   0.139169884244E-09   0.000000000000E+00
   44.   0.534375000000E+03   0.132443487711E-10   0.000000000000E+00   0.165625000000E+03   0.699441335264E-10   0.000000000000E+00
   45.   0.532812500000E+03   0.261724502305E-10   0.000000000000E+00   0.167187500000E+03   0.140736500179E-09   0.000000000000E+00
   46.   0.531250000000E+03   0.133452358954E-10   0.000000000000E+00   0.168750000000E+03   0.707172920274E-10   0.000000000000E+00
   47.   0.529687500000E+03   0.266955008650E-10   0.000000000000E+00   0.170312500000E+03   0.142262096457E-09   0.000000000000E+00
   48.   0.528125000000E+03   0.137693482780E-10   0.000000000000E+00   0.171875000000E+03   0.714698609933E-10   0.000000000000E+00
   49.   0.526562500000E+03   0.277564073848E-10   0.000000000000E+00   0.173437500000E+03   0.143746337149E-09   0.000000000000E+00
   50.   0.525000000000E+03   0.144076871396E-10   0.000000000000E+00   0.175000000000E+03   0.722016695674E-10   0.000000000000E+00
   51.   0.523437500000E+03   0.291762807586E-10   0.000000000000E+00   0.176562500000E+03   0.145188876743E-09   0.000000000000E+00
   52.   0.521875000000E+03   0.151905054589E-10   0.000000000000E+00   0.178125000000E+03   0.729125483737E-10   0.000000000000E+00
   53.   0.520312500000E+03   0.308404942645E-10   0.000000000000E+00   0.179687500000E+03   0.146589369587E-09   0.000000000000E+00
   54.   0.518750000000E+03   0.160730135841E-10   0.000000000000E+00   0.181250000000E+03   0.736023149212E-10   0.000000000000E+00
   55.   0.517187500000E+03   0.326752827138E-10   0.000000000000E+00   0.182812500000E+03   0.147947464797E-09   0.000000000000E+00
   56.   0.515625000000E+03   0.170262922486E-10   0.000000000000E+00   0.184375000000E+03   0.742708040198E-10   0.000000000000E+00
   57.   0.514062500000E+03   0.346328630466E-10   0.000000000000E+00   0.185937500000E+03   0.149262809398E-09   0.000000000000E+00
   58.   0.512500000000E+03   0.180315148497E-10   0.000000000000E+00   0.187500000000E+03   0.749178345245E-10   0.000000000000E+00
   59.   0.510937500000E+03   0.366819765823E-10   0.000000000000E+00   0.189062500000E+03   0.150535048786E-09   0.000000000000E+00
   60.   0.509375000000E+03   0.190762742817E-10   0.000000000000E+00   0.190625000000E+03   0.755432284319E-10   0.000000000000E+00
   61.   0.507812500000E+03   0.388018758679E-10   0.000000000000E+00   0.192187500000E+03   0.151763829016E-09   0.000000000000E+00
   62.   0.506250000000E+03   0.201522480187E-10   0.000000000000E+00   0.193750000000E+03   0.761468119273E-10   0.000000000000E+00
   63.   0.504687500000E+03   0.409785027318E-10   0.000000000000E+00   0.195312500000E+03   0.152948795226E-09   0.000000000000E+00
   64.   0.503125000000E+03   0.212537119741E-10   0.000000000000E+00   0.196875000000E+03   0.767284051445E-10   0.000000000000E+00
   65.   0.501562500000E+03   0.432020588363E-10   0.000000000000E+00   0.198437500000E+03   0.154089595005E-09   0.000000000000E+00
   66.   0.500000000000E+03   0.223765975381E-10   0.000000000000E+00   0.200000000000E+03   0.772878335112E-10   0.000000000000E+00
   67.   0.498437500000E+03   0.454654577652E-10   0.000000000000E+00   0.201562500000E+03   0.155185872441E-09   0.000000000000E+00
   68.   0.496875000000E+03   0.235178936722E-10   0.000000000000E+00   0.203125000000E+03   0.778249224048E-10   0.000000000000E+00
   69.   0.495312500000E+03   0.477633473360E-10   0.000000000000E+00   0.204687500000E+03   0.156237276908E-09   0.000000000000E+00
   70.   0.493750000000E+03   0.246752645529E-10   0.000000000000E+00   0.206250000000E+03   0.783394915773E-10   0.000000000000E+00
   71.   0.492187500000E+03   0.500914825545E-10   0.000000000000E+00   0.207812500000E+03   0.157243454231E-09   0.000000000000E+00
   72.   0.490625000000E+03   0.258468050770E-10   0.000000000000E+00   0.209375000000E+03   0.788313707950E-10   0.000000000000E+00
   73.   0.489062500000E+03   0.524463310426E-10   0.000000000000E+00   0.210937500000E+03   0.158204056938E-09   0.000000000000E+00
   74.   0.487500000000E+03   0.270308869663E-10   0.000000000000E+00   0.212500000000E+03   0.793003825040E-10   0.000000000000E+00
   75.   0.485937500000E+03   0.548248209380E-10   0.000000000000E+00   0.214062500000E+03   0.159118735334E-09   0.000000000000E+00
   76.   0.484375000000E+03   0.282260716721E-10   0.000000000000E+00   0.215625000000E+03   0.797463537260E-10   0.000000000000E+00
   77.   0.482812500000E+03   0.572241799940E-10   0.000000000000E+00   0.217187500000E+03   0.159987145046E-09   0.000000000000E+00
   78.   0.481250000000E+03   0.294310323476E-10   0.000000000000E+00   0.218750000000E+03   0.801691169857E-10   0.000000000000E+00
   79.   0.479687500000E+03   0.596418368653E-10   0.000000000000E+00   0.220312500000E+03   0.160808948862E-09   0.000000000000E+00
   80.   0.478125000000E+03   0.306445221080E-10   0.000000000000E+00   0.221875000000E+03   0.805684999272E-10   0.000000000000E+00
   81.   0.476562500000E+03   0.620753530150E-10   0.000000000000E+00   0.223437500000E+03   0.161583810530E-09   0.000000000000E+00
   82.   0.475000000000E+03   0.318653527513E-10   0.000000000000E+00   0.225000000000E+03   0.809443381461E-10   0.000000000000E+00
   83.   0.473437500000E+03   0.645223894509E-10   0.000000000000E+00   0.226562500000E+03   0.162311394860E-09   0.000000000000E+00
   84.   0.471875000000E+03   0.330923765773E-10   0.000000000000E+00   0.228125000000E+03   0.812964654081E-10   0.000000000000E+00
   85.   0.470312500000E+03   0.669806787472E-10   0.000000000000E+00   0.229687500000E+03   0.162991385189E-09   0.000000000000E+00
   86.   0.468750000000E+03   0.343244772765E-10   0.000000000000E+00   0.231250000000E+03   0.816247255431E-10   0.000000000000E+00
   87.   0.467187500000E+03   0.694480167748E-10   0.000000000000E+00   0.232812500000E+03   0.163623469966E-09   0.000000000000E+00
   88.   0.465625000000E+03   0.355605656098E-10   0.000000000000E+00   0.234375000000E+03   0.819289696139E-10   0.000000000000E+00
   89.   0.464062500000E+03   0.719222555431E-10   0.000000000000E+00   0.235937500000E+03   0.164207353102E-09   0.000000000000E+00
   90.   0.462500000000E+03   0.367995878735E-10   0.000000000000E+00   0.237500000000E+03   0.822090530900E-10   0.000000000000E+00
   91.   0.460937500000E+03   0.744013101584E-10   0.000000000000E+00   0.239062500000E+03   0.164742769882E-09   0.000000000000E+00
   92.   0.459375000000E+03   0.380405130677E-10   0.000000000000E+00   0.240625000000E+03   0.824648528991E-10   0.000000000000E+00
   93.   0.457812500000E+03   0.768831662868E-10   0.000000000000E+00   0.242187500000E+03   0.165229492680E-09   0.000000000000E+00
   94.   0.456250000000E+03   0.392823594840E-10   0.000000000000E+00   0.243750000000E+03   0.826962629722E-10   0.000000000000E+00
   95.   0.454687500000E+03   0.793659092525E-10   0.000000000000E+00   0.245312500000E+03   0.165667352465E-09   0.000000000000E+00
   96.   0.453125000000E+03   0.405241982645E-10   0.000000000000E+00   0.246875000000E+03   0.829032219199E-10   0.000000000000E+00
   97.   0.451562500000E+03   0.818477601043E-10   0.000000000000E+00   0.248437500000E+03   0.166056273665E-09   0.000000000000E+00
   98.   0.450000000000E+03   0.417651830709E-10   0.000000000000E+00   0.250000000000E+03   0.830857118021E-10   0.000000000000E+00
   99.   0.448437500000E+03   0.843271388754E-10   0.000000000000E+00   0.251562500000E+03   0.166396317285E-09   0.000000000000E+00
  100.   0.446875000000E+03   0.430045803432E-10   0.000000000000E+00   0.253125000000E+03   0.832438164217E-10   0.000000000000E+00
  101.   0.445312500000E+03   0.868027591382E-10   0.000000000000E+00   0.254687500000E+03   0.166687778161E-09   0.000000000000E+00
  102.   0.443750000000E+03   0.442418367175E-10   0.000000000000E+00   0.256250000000E+03   0.833777548594E-10   0.000000000000E+00
  103.   0.442187500000E+03   0.892737811512E-10   0.000000000000E+00   0.257812500000E+03   0.166931303987E-09   0.000000000000E+00
  104.   0.440625000000E+03   0.454766740650E-10   0.000000000000E+00   0.259375000000E+03   0.834879410864E-10   0.000000000000E+00
  105.   0.439062500000E+03   0.917400551417E-10   0.000000000000E+00   0.260937500000E+03   0.167128078152E-09   0.000000000000E+00
  106.   0.437500000000E+03   0.467092140584E-10   0.000000000000E+00   0.262500000000E+03   0.835751467683E-10   0.000000000000E+00
  107.   0.435937500000E+03   0.942024907361E-10   0.000000000000E+00   0.264062500000E+03   0.167280166704E-09   0.000000000000E+00
  108.   0.434375000000E+03   0.479402429205E-10   0.000000000000E+00   0.265625000000E+03   0.836406611784E-10   0.000000000000E+00
  109.   0.432812500000E+03   0.966636453941E-10   0.000000000000E+00   0.267187500000E+03   0.167390996844E-09   0.000000000000E+00
  110.   0.431250000000E+03   0.491715385090E-10   0.000000000000E+00   0.268750000000E+03   0.836866304989E-10   0.000000000000E+00
  111.   0.429687500000E+03   0.991286329413E-10   0.000000000000E+00   0.270312500000E+03   0.167466153864E-09   0.000000000000E+00
  112.   0.428125000000E+03   0.504064335700E-10   0.000000000000E+00   0.271875000000E+03   0.837164914240E-10   0.000000000000E+00
  113.   0.426562500000E+03   0.101606556026E-09   0.000000000000E+00   0.273437500000E+03   0.167514613409E-09   0.000000000000E+00
  114.   0.425000000000E+03   0.516506872619E-10   0.000000000000E+00   0.275000000000E+03   0.837357654000E-10   0.000000000000E+00
  115.   0.423437500000E+03   0.104112733047E-09   0.000000000000E+00   0.276562500000E+03   0.167550694493E-09   0.000000000000E+00
  116.   0.421875000000E+03   0.529138472814E-10   0.000000000000E+00   0.278125000000E+03   0.837532363230E-10   0.000000000000E+00
  117.   0.420312500000E+03   0.106672176750E-09   0.000000000000E+00   0.279687500000E+03   0.167597148071E-09   0.000000000000E+00
  118.   0.418750000000E+03   0.542113663802E-10   0.000000000000E+00   0.281250000000E+03   0.837828654265E-10   0.000000000000E+00
  119.   0.417187500000E+03   0.109325039195E-09   0.000000000000E+00   0.282812500000E+03   0.167690012281E-09   0.000000000000E+00
  120.   0.415625000000E+03   0.555679146381E-10   0.000000000000E+00   0.284375000000E+03   0.838467056470E-10   0.000000000000E+00
  121.   0.414062500000E+03   0.112135112963E-09   0.000000000000E+00   0.285937500000E+03   0.167886264302E-09   0.000000000000E+00
  122.   0.412500000000E+03   0.570225659008E-10   0.000000000000E+00   0.287500000000E+03   0.839796193507E-10   0.000000000000E+00
  123.   0.410937500000E+03   0.115203102287E-09   0.000000000000E+00   0.289062500000E+03   0.168275896743E-09   0.000000000000E+00
  124.   0.409375000000E+03   0.586368846658E-10   0.000000000000E+00   0.290625000000E+03   0.842366695792E-10   0.000000000000E+00
  125.   0.407812500000E+03   0.118687367402E-09   0.000000000000E+00   0.292187500000E+03   0.169000931291E-09   0.000000000000E+00
  126.   0.406250000000E+03   0.605075441010E-10   0.000000000000E+00   0.293750000000E+03   0.847047175074E-10   0.000000000000E+00
  127.   0.404687500000E+03   0.122836320864E-09   0.000000000000E+00   0.295312500000E+03   0.170285410205E-09   0.000000000000E+00
  128.   0.403125000000E+03   0.627861117733E-10   0.000000000000E+00   0.296875000000E+03   0.855207798156E-10   0.000000000000E+00
  129.   0.401562500000E+03   0.128039027420E-09   0.000000000000E+00   0.298437500000E+03   0.172482645633E-09   0.000000000000E+00
  130.   0.400000000000E+03   0.657098433254E-10   0.000000000000E+00   0.300000000000E+03   0.869008990770E-10   0.000000000000E+00
  131.   0.398437500000E+03   0.134904239819E-09   0.000000000000E+00   0.301562500000E+03   0.176149687673E-09   0.000000000000E+00
  132.   0.396875000000E+03   0.696498732140E-10   0.000000000000E+00   0.303125000000E+03   0.891857249568E-10   0.000000000000E+00
  133.   0.395312500000E+03   0.144383839676E-09   0.000000000000E+00   0.304687500000E+03   0.182164677890E-09   0.000000000000E+00
  134.   0.393750000000E+03   0.751865107331E-10   0.000000000000E+00   0.306250000000E+03   0.929123165366E-10   0.000000000000E+00
  135.   0.392187500000E+03   0.157965561700E-09   0.000000000000E+00   0.307812500000E+03   0.191911714009E-09   0.000000000000E+00
  136.   0.390625000000E+03   0.832268027637E-10   0.000000000000E+00   0.309375000000E+03   0.989272857515E-10   0.000000000000E+00
  137.   0.389062500000E+03   0.177974129501E-09   0.000000000000E+00   0.310937500000E+03   0.207572297667E-09   0.000000000000E+00
  138.   0.387500000000E+03   0.951888626538E-10   0.000000000000E+00   0.312500000000E+03   0.108565776770E-09   0.000000000000E+00
  139.   0.385937500000E+03   0.208040737371E-09   0.000000000000E+00   0.314062500000E+03   0.232583827629E-09   0.000000000000E+00
  140.   0.384375000000E+03   0.113288133021E-09   0.000000000000E+00   0.315625000000E+03   0.123931983911E-09   0.000000000000E+00
  141.   0.382812500000E+03   0.253838476312E-09   0.000000000000E+00   0.317187500000E+03   0.272364050274E-09   0.000000000000E+00
  142.   0.381250000000E+03   0.140995117179E-09   0.000000000000E+00   0.318750000000E+03   0.148351051184E-09   0.000000000000E+00
  143.   0.379687500000E+03   0.324221121248E-09   0.000000000000E+00   0.320312500000E+03   0.335443667059E-09   0.000000000000E+00
  144.   0.378125000000E+03   0.183719073432E-09   0.000000000000E+00   0.321875000000E+03   0.187052292266E-09   0.000000000000E+00
  145.   0.376562500000E+03   0.433031605218E-09   0.000000000000E+00   0.323437500000E+03   0.435278399684E-09   0.000000000000E+00
  146.   0.375000000000E+03   0.250031189999E-09   0.000000000000E+00   0.325000000000E+03   0.248391604383E-09   0.000000000000E+00
  147.   0.373437500000E+03   0.601821309313E-09   0.000000000000E+00   0.326562500000E+03   0.593006794492E-09   0.000000000000E+00
  148.   0.371875000000E+03   0.353100884998E-09   0.000000000000E+00   0.328125000000E+03   0.345330888477E-09   0.000000000000E+00
  149.   0.370312500000E+03   0.864449645098E-09   0.000000000000E+00   0.329687500000E+03   0.842124009743E-09   0.000000000000E+00
  150.   0.368750000000E+03   0.515002915748E-09   0.000000000000E+00   0.331250000000E+03   0.499739793887E-09   0.000000000000E+00
  151.   0.367187500000E+03   0.127342616200E-08   0.000000000000E+00   0.332812500000E+03   0.123505855949E-08   0.000000000000E+00
  152.   0.365625000000E+03   0.767693280809E-09   0.000000000000E+00   0.334375000000E+03   0.743645529523E-09   0.000000000000E+00
  153.   0.364062500000E+03   0.191304094896E-08   0.000000000000E+00   0.335937500000E+03   0.185659665246E-08   0.000000000000E+00
  154.   0.362500000000E+03   0.117602459010E-08   0.000000000000E+00   0.337500000000E+03   0.114215648400E-08   0.000000000000E+00
  155.   0.360937500000E+03   0.292042391356E-08   0.000000000000E+00   0.339062500000E+03   0.284570092071E-08   0.000000000000E+00
  156.   0.359375000000E+03   0.183480076856E-08   0.000000000000E+00   0.340625000000E+03   0.179108114458E-08   0.000000000000E+00
  157.   0.357812500000E+03   0.452799275401E-08   0.000000000000E+00   0.342187500000E+03   0.443938114650E-08   0.000000000000E+00
  158.   0.356250000000E+03   0.293518068150E-08   0.000000000000E+00   0.343750000000E+03   0.288710372940E-08   0.000000000000E+00
  159.   0.354687500000E+03   0.738078171365E-08   0.000000000000E+00   0.345312500000E+03   0.728936903175E-08   0.000000000000E+00
  160.   0.353125000000E+03   0.559636026054E-08   0.000000000000E+00   0.346875000000E+03   0.554235443864E-08   0.000000000000E+00
  161.   0.351562500000E+03   0.124589970003E-07   0.000000000000E+00   0.348437500000E+03   0.124171974447E-07   0.000000000000E+00
  162.   0.350000000000E+03   0.227257270723E-07   0.000000000000E+00   0.350000000000E+03   0.227257270751E-07   0.000000000000E+00
  163.   0.348437500000E+03   0.124171974425E-07   0.000000000000E+00   0.351562500000E+03   0.124589970032E-07   0.000000000000E+00
  164.   0.346875000000E+03   0.554235443946E-08   0.000000000000E+00   0.353125000000E+03   0.559636026227E-08   0.000000000000E+00
  165.   0.345312500000E+03   0.728936903238E-08   0.000000000000E+00   0.354687500000E+03   0.738078171674E-08   0.000000000000E+00
  166.   0.343750000000E+03   0.288710373130E-08   0.000000000000E+00   0.356250000000E+03   0.293518068163E-08   0.000000000000E+00
  167.   0.342187500000E+03   0.443938114885E-08   0.000000000000E+00   0.357812500000E+03   0.452799275883E-08   0.000000000000E+00
  168.   0.340625000000E+03   0.179108114337E-08   0.000000000000E+00   0.359375000000E+03   0.183480076900E-08   0.000000000000E+00
  169.   0.339062500000E+03   0.284570092063E-08   0.000000000000E+00   0.360937500000E+03   0.292042391792E-08   0.000000000000E+00
  170.   0.337500000000E+03   0.114215648204E-08   0.000000000000E+00   0.362500000000E+03   0.117602459032E-08   0.000000000000E+00
  171.   0.335937500000E+03   0.185659665001E-08   0.000000000000E+00   0.364062500000E+03   0.191304094822E-08   0.000000000000E+00
  172.   0.334375000000E+03   0.743645531893E-09   0.000000000000E+00   0.365625000000E+03   0.767693282210E-09   0.000000000000E+00
  173.   0.332812500000E+03   0.123505855880E-08   0.000000000000E+00   0.367187500000E+03   0.127342615996E-08   0.000000000000E+00
  174.   0.331250000000E+03   0.499739791956E-09   0.000000000000E+00   0.368750000000E+03   0.515002914001E-09   0.000000000000E+00
  175.   0.329687500000E+03   0.842124010250E-09   0.000000000000E+00   0.370312500000E+03   0.864449644419E-09   0.000000000000E+00
  176.   0.328125000000E+03   0.345330886409E-09   0.000000000000E+00   0.371875000000E+03   0.353100887396E-09   0.000000000000E+00
  177.   0.326562500000E+03   0.593006794126E-09   0.000000000000E+00   0.373437500000E+03   0.601821309542E-09   0.000000000000E+00
  178.   0.325000000000E+03   0.248391604382E-09   0.000000000000E+00   0.375000000000E+03   0.250031190095E-09   0.000000000000E+00
  179.   0.323437500000E+03   0.435278397984E-09   0.000000000000E+00   0.376562500000E+03   0.433031605591E-09   0.000000000000E+00
  180.   0.321875000000E+03   0.187052292496E-09   0.000000000000E+00   0.378125000000E+03   0.183719071500E-09   0.000000000000E+00
  181.   0.320312500000E+03   0.335443666387E-09   0.000000000000E+00   0.379687500000E+03   0.324221121428E-09   0.000000000000E+00
  182.   0.318750000000E+03   0.148351051789E-09   0.000000000000E+00   0.381250000000E+03   0.140995113073E-09   0.000000000000E+00
  183.   0.317187500000E+03   0.272364050101E-09   0.000000000000E+00   0.382812500000E+03   0.253838476315E-09   0.000000000000E+00
  184.   0.315625000000E+03   0.123931986272E-09   0.000000000000E+00   0.384375000000E+03   0.113288132193E-09   0.000000000000E+00
  185.   0.314062500000E+03   0.232583828617E-09   0.000000000000E+00   0.385937500000E+03   0.208040736189E-09   0.000000000000E+00
  186.   0.312500000000E+03   0.108565780504E-09   0.000000000000E+00   0.387500000000E+03   0.951888631950E-10   0.000000000000E+00
  187.   0.310937500000E+03   0.207572299159E-09   0.000000000000E+00   0.389062500000E+03   0.177974128669E-09   0.000000000000E+00
  188.   0.309375000000E+03   0.989272931246E-10   0.000000000000E+00   0.390625000000E+03   0.832268022079E-10   0.000000000000E+00
  189.   0.307812500000E+03   0.191911711997E-09   0.000000000000E+00   0.392187500000E+03   0.157965562272E-09   0.000000000000E+00
  190.   0.306250000000E+03   0.929123180436E-10   0.000000000000E+00   0.393750000000E+03   0.751865075608E-10   0.000000000000E+00
  191.   0.304687500000E+03   0.182164675127E-09   0.000000000000E+00   0.395312500000E+03   0.144383841545E-09   0.000000000000E+00
  192.   0.303125000000E+03   0.891857320947E-10   0.000000000000E+00   0.396875000000E+03   0.696498709898E-10   0.000000000000E+00
  193.   0.301562500000E+03   0.176149684834E-09   0.000000000000E+00   0.398437500000E+03   0.134904241815E-09   0.000000000000E+00
  194.   0.300000000000E+03   0.869008997455E-10   0.000000000000E+00   0.400000000000E+03   0.657098428236E-10   0.000000000000E+00
  195.   0.298437500000E+03   0.172482643422E-09   0.000000000000E+00   0.401562500000E+03   0.128039028850E-09   0.000000000000E+00
  196.   0.296875000000E+03   0.855207748287E-10   0.000000000000E+00   0.403125000000E+03   0.627861151598E-10   0.000000000000E+00
  197.   0.295312500000E+03   0.170285408699E-09   0.000000000000E+00   0.404687500000E+03   0.122836320954E-09   0.000000000000E+00
  198.   0.293750000000E+03   0.847047154063E-10   0.000000000000E+00   0.406250000000E+03   0.605075446076E-10   0.000000000000E+00
  199.   0.292187500000E+03   0.169000930704E-09   0.000000000000E+00   0.407812500000E+03   0.118687367909E-09   0.000000000000E+00
  200.   0.290625000000E+03   0.842366652584E-10   0.000000000000E+00   0.409375000000E+03   0.586368820809E-10   0.000000000000E+00
  201.   0.289062500000E+03   0.168275898544E-09   0.000000000000E+00   0.410937500000E+03   0.115203102443E-09   0.000000000000E+00
  202.   0.287500000000E+03   0.839796215248E-10   0.000000000000E+00   0.412500000000E+03   0.570225689930E-10   0.000000000000E+00
  203.   0.285937500000E+03   0.167886268869E-09   0.000000000000E+00   0.414062500000E+03   0.112135113823E-09   0.000000000000E+00
  204.   0.284375000000E+03   0.838467049743E-10   0.000000000000E+00   0.415625000000E+03   0.555679166541E-10   0.000000000000E+00
  205.   0.282812500000E+03   0.167690017748E-09   0.000000000000E+00   0.417187500000E+03   0.109325041163E-09   0.000000000000E+00
  206.   0.281250000000E+03   0.837828677098E-10   0.000000000000E+00   0.418750000000E+03   0.542113677567E-10   0.000000000000E+00
  207.   0.279687500000E+03   0.167597151921E-09   0.000000000000E+00   0.420312500000E+03   0.106672179104E-09   0.000000000000E+00
  208.   0.278125000000E+03   0.837532431413E-10   0.000000000000E+00   0.421875000000E+03   0.529138480958E-10   0.000000000000E+00
  209.   0.276562500000E+03   0.167550696977E-09   0.000000000000E+00   0.423437500000E+03   0.104112735042E-09   0.000000000000E+00
  210.   0.275000000000E+03   0.837357656142E-10   0.000000000000E+00   0.425000000000E+03   0.516506863552E-10   0.000000000000E+00
  211.   0.273437500000E+03   0.167514615936E-09   0.000000000000E+00   0.426562500000E+03   0.101606556000E-09   0.000000000000E+00
  212.   0.271875000000E+03   0.837164936408E-10   0.000000000000E+00   0.428125000000E+03   0.504064293668E-10   0.000000000000E+00
  213.   0.270312500000E+03   0.167466156181E-09   0.000000000000E+00   0.429687500000E+03   0.991286312684E-10   0.000000000000E+00
  214.   0.268750000000E+03   0.836866307360E-10   0.000000000000E+00   0.431250000000E+03   0.491715379463E-10   0.000000000000E+00
  215.   0.267187500000E+03   0.167390996828E-09   0.000000000000E+00   0.432812500000E+03   0.966636437172E-10   0.000000000000E+00
  216.   0.265625000000E+03   0.836406638104E-10   0.000000000000E+00   0.434375000000E+03   0.479402443392E-10   0.000000000000E+00
  217.   0.264062500000E+03   0.167280164183E-09   0.000000000000E+00   0.435937500000E+03   0.942024900867E-10   0.000000000000E+00
  218.   0.262500000000E+03   0.835751439704E-10   0.000000000000E+00   0.437500000000E+03   0.467092129939E-10   0.000000000000E+00
  219.   0.260937500000E+03   0.167128076459E-09   0.000000000000E+00   0.439062500000E+03   0.917400555342E-10   0.000000000000E+00
  220.   0.259375000000E+03   0.834879364048E-10   0.000000000000E+00   0.440625000000E+03   0.454766711886E-10   0.000000000000E+00
  221.   0.257812500000E+03   0.166931302770E-09   0.000000000000E+00   0.442187500000E+03   0.892737812354E-10   0.000000000000E+00
  222.   0.256250000000E+03   0.833777495854E-10   0.000000000000E+00   0.443750000000E+03   0.442418391455E-10   0.000000000000E+00
  223.   0.254687500000E+03   0.166687780394E-09   0.000000000000E+00   0.445312500000E+03   0.868027588174E-10   0.000000000000E+00
  224.   0.253125000000E+03   0.832438224746E-10   0.000000000000E+00   0.446875000000E+03   0.430045812915E-10   0.000000000000E+00
  225.   0.251562500000E+03   0.166396317488E-09   0.000000000000E+00   0.448437500000E+03   0.843271386842E-10   0.000000000000E+00
  226.   0.250000000000E+03   0.830857120949E-10   0.000000000000E+00   0.450000000000E+03   0.417651811225E-10   0.000000000000E+00
  227.   0.248437500000E+03   0.166056271191E-09   0.000000000000E+00   0.451562500000E+03   0.818477594264E-10   0.000000000000E+00
  228.   0.246875000000E+03   0.829032152692E-10   0.000000000000E+00   0.453125000000E+03   0.405241971252E-10   0.000000000000E+00
  229.   0.245312500000E+03   0.165667351478E-09   0.000000000000E+00   0.454687500000E+03   0.793659074506E-10   0.000000000000E+00
  230.   0.243750000000E+03   0.826962633142E-10   0.000000000000E+00   0.456250000000E+03   0.392823582077E-10   0.000000000000E+00
  231.   0.242187500000E+03   0.165229492918E-09   0.000000000000E+00   0.457812500000E+03   0.768831640316E-10   0.000000000000E+00
  232.   0.240625000000E+03   0.824648556538E-10   0.000000000000E+00   0.459375000000E+03   0.380405131484E-10   0.000000000000E+00
  233.   0.239062500000E+03   0.164742770555E-09   0.000000000000E+00   0.460937500000E+03   0.744013083165E-10   0.000000000000E+00
  234.   0.237500000000E+03   0.822090541509E-10   0.000000000000E+00   0.462500000000E+03   0.367995861639E-10   0.000000000000E+00
  235.   0.235937500000E+03   0.164207351467E-09   0.000000000000E+00   0.464062500000E+03   0.719222542750E-10   0.000000000000E+00
  236.   0.234375000000E+03   0.819289675976E-10   0.000000000000E+00   0.465625000000E+03   0.355605658359E-10   0.000000000000E+00
  237.   0.232812500000E+03   0.163623467636E-09   0.000000000000E+00   0.467187500000E+03   0.694480147854E-10   0.000000000000E+00
  238.   0.231250000000E+03   0.816247271233E-10   0.000000000000E+00   0.468750000000E+03   0.343244764893E-10   0.000000000000E+00
  239.   0.229687500000E+03   0.162991385179E-09   0.000000000000E+00   0.470312500000E+03   0.669806769413E-10   0.000000000000E+00
  240.   0.228125000000E+03   0.812964655229E-10   0.000000000000E+00   0.471875000000E+03   0.330923774481E-10   0.000000000000E+00
  241.   0.226562500000E+03   0.162311394274E-09   0.000000000000E+00   0.473437500000E+03   0.645223877072E-10   0.000000000000E+00
  242.   0.225000000000E+03   0.809443361488E-10   0.000000000000E+00   0.475000000000E+03   0.318653531435E-10   0.000000000000E+00
  243.   0.223437500000E+03   0.161583808670E-09   0.000000000000E+00   0.476562500000E+03   0.620753524321E-10   0.000000000000E+00
  244.   0.221875000000E+03   0.805684985156E-10   0.000000000000E+00   0.478125000000E+03   0.306445227943E-10   0.000000000000E+00
  245.   0.220312500000E+03   0.160808949648E-09   0.000000000000E+00   0.479687500000E+03   0.596418365501E-10   0.000000000000E+00
  246.   0.218750000000E+03   0.801691168031E-10   0.000000000000E+00   0.481250000000E+03   0.294310315701E-10   0.000000000000E+00
  247.   0.217187500000E+03   0.159987143679E-09   0.000000000000E+00   0.482812500000E+03   0.572241794555E-10   0.000000000000E+00
  248.   0.215625000000E+03   0.797463552886E-10   0.000000000000E+00   0.484375000000E+03   0.282260722842E-10   0.000000000000E+00
  249.   0.214062500000E+03   0.159118731876E-09   0.000000000000E+00   0.485937500000E+03   0.548248196671E-10   0.000000000000E+00
  250.   0.212500000000E+03   0.793003812553E-10   0.000000000000E+00   0.487500000000E+03   0.270308866752E-10   0.000000000000E+00
  251.   0.210937500000E+03   0.158204052537E-09   0.000000000000E+00   0.489062500000E+03   0.524463293603E-10   0.000000000000E+00
  252.   0.209375000000E+03   0.788313676746E-10   0.000000000000E+00   0.490625000000E+03   0.258468027725E-10   0.000000000000E+00
  253.   0.207812500000E+03   0.157243449517E-09   0.000000000000E+00   0.492187500000E+03   0.500914805305E-10   0.000000000000E+00
  254.   0.206250000000E+03   0.783394915528E-10   0.000000000000E+00   0.493750000000E+03   0.246752638343E-10   0.000000000000E+00
  255.   0.204687500000E+03   0.156237273034E-09   0.000000000000E+00   0.495312500000E+03   0.477633456865E-10   0.000000000000E+00
  256.   0.203125000000E+03   0.778249185987E-10   0.000000000000E+00   0.496875000000E+03   0.235178927008E-10   0.000000000000E+00
  257.   0.201562500000E+03   0.155185869531E-09   0.000000000000E+00   0.498437500000E+03   0.454654566464E-10   0.000000000000E+00
  258.   0.200000000000E+03   0.772878342565E-10   0.000000000000E+00   0.500000000000E+03   0.223765972873E-10   0.000000000000E+00
  259.   0.198437500000E+03   0.154089593290E-09   0.000000000000E+00   0.501562500000E+03   0.432020577967E-10   0.000000000000E+00
  260.   0.196875000000E+03   0.767284070268E-10   0.000000000000E+00   0.503125000000E+03   0.212537116334E-10   0.000000000000E+00
  261.   0.195312500000E+03   0.152948796085E-09   0.000000000000E+00   0.504687500000E+03   0.409785022712E-10   0.000000000000E+00
  262.   0.193750000000E+03   0.761468098451E-10   0.000000000000E+00   0.506250000000E+03   0.201522471375E-10   0.000000000000E+00
  263.   0.192187500000E+03   0.151763830361E-09   0.000000000000E+00   0.507812500000E+03   0.388018750775E-10   0.000000000000E+00
  264.   0.190625000000E+03   0.755432286820E-10   0.000000000000E+00   0.509375000000E+03   0.190762740273E-10   0.000000000000E+00
  265.   0.189062500000E+03   0.150535048277E-09   0.000000000000E+00   0.510937500000E+03   0.366819757341E-10   0.000000000000E+00
  266.   0.187500000000E+03   0.749178326243E-10   0.000000000000E+00   0.512500000000E+03   0.180315139868E-10   0.000000000000E+00
  267.   0.185937500000E+03   0.149262807483E-09   0.000000000000E+00   0.514062500000E+03   0.346328624864E-10   0.000000000000E+00
  268.   0.184375000000E+03   0.742708045228E-10   0.000000000000E+00   0.515625000000E+03   0.170262912534E-10   0.000000000000E+00
  269.   0.182812500000E+03   0.147947463094E-09   0.000000000000E+00   0.517187500000E+03   0.326752818156E-10   0.000000000000E+00
  270.   0.181250000000E+03   0.736023159899E-10   0.000000000000E+00   0.518750000000E+03   0.160730133923E-10   0.000000000000E+00
  271.   0.179687500000E+03   0.146589367952E-09   0.000000000000E+00   0.520312500000E+03   0.308404931381E-10   0.000000000000E+00
  272.   0.178125000000E+03   0.729125471986E-10   0.000000000000E+00   0.521875000000E+03   0.151905048036E-10   0.000000000000E+00
  273.   0.176562500000E+03   0.145188874672E-09   0.000000000000E+00   0.523437500000E+03   0.291762791395E-10   0.000000000000E+00
  274.   0.175000000000E+03   0.722016701922E-10   0.000000000000E+00   0.525000000000E+03   0.144076868794E-10   0.000000000000E+00
  275.   0.173437500000E+03   0.143746334025E-09   0.000000000000E+00   0.526562500000E+03   0.277564058812E-10   0.000000000000E+00
  276.   0.171875000000E+03   0.714698661941E-10   0.000000000000E+00   0.528125000000E+03   0.137693486016E-10   0.000000000000E+00
  277.   0.170312500000E+03   0.142262094186E-09   0.000000000000E+00   0.529687500000E+03   0.266954995490E-10   0.000000000000E+00
  278.   0.168750000000E+03   0.707172966017E-10   0.000000000000E+00   0.531250000000E+03   0.133452351930E-10   0.000000000000E+00
  279.   0.167187500000E+03   0.140736499749E-09   0.000000000000E+00   0.532812500000E+03   0.261724490103E-10   0.000000000000E+00
  280.   0.165625000000E+03   0.699441369553E-10   0.000000000000E+00   0.534375000000E+03   0.132443475246E-10   0.000000000000E+00
  281.   0.164062500000E+03   0.139169885156E-09   0.000000000000E+00   0.535937500000E+03   0.264672155425E-10   0.000000000000E+00
  282.   0.162500000000E+03   0.691505521895E-10   0.000000000000E+00   0.537500000000E+03   0.136374195428E-10   0.000000000000E+00
  283.   0.160937500000E+03   0.137562576701E-09   0.000000000000E+00   0.539062500000E+03   0.280187314727E-10   0.000000000000E+00
  284.   0.159375000000E+03   0.683367081706E-10   0.000000000000E+00   0.540625000000E+03   0.147922817388E-10   0.000000000000E+00
  285.   0.157812500000E+03   0.135914889016E-09   0.000000000000E+00   0.542187500000E+03   0.315159740188E-10   0.000000000000E+00
  286.   0.156250000000E+03   0.675027501840E-10   0.000000000000E+00   0.543750000000E+03   0.171294703390E-10   0.000000000000E+00
  287.   0.154687500000E+03   0.134227117078E-09   0.000000000000E+00   0.545312500000E+03   0.380412290970E-10   0.000000000000E+00
  288.   0.153125000000E+03   0.666488188758E-10   0.000000000000E+00   0.546875000000E+03   0.213096671871E-10   0.000000000000E+00
  289.   0.151562500000E+03   0.132499524807E-09   0.000000000000E+00   0.548437500000E+03   0.492954544274E-10   0.000000000000E+00
  290.   0.150000000000E+03   0.657750410735E-10   0.000000000000E+00   0.550000000000E+03   0.283711614472E-10   0.000000000000E+00
  291.   0.148437500000E+03   0.130732333361E-09   0.000000000000E+00   0.551562500000E+03   0.679529388526E-10   0.000000000000E+00
  292.   0.146875000000E+03   0.648815083130E-10   0.000000000000E+00   0.553125000000E+03   0.399458050970E-10   0.000000000000E+00
  293.   0.145312500000E+03   0.128925695749E-09   0.000000000000E+00   0.554687500000E+03   0.982191546256E-10   0.000000000000E+00
  294.   0.143750000000E+03   0.639682809774E-10   0.000000000000E+00   0.556250000000E+03   0.585978615782E-10   0.000000000000E+00
  295.   0.142187500000E+03   0.127079666102E-09   0.000000000000E+00   0.557812500000E+03   0.146709988759E-09   0.000000000000E+00
  296.   0.140625000000E+03   0.630353559547E-10   0.000000000000E+00   0.559375000000E+03   0.883553838019E-10   0.000000000000E+00
  297.   0.139062500000E+03   0.125194146092E-09   0.000000000000E+00   0.560937500000E+03   0.223831747219E-09   0.000000000000E+00
  298.   0.137500000000E+03   0.620826301194E-10   0.000000000000E+00   0.562500000000E+03   0.135535403647E-09   0.000000000000E+00
  299.   0.135937500000E+03   0.123268801547E-09   0.000000000000E+00   0.564062500000E+03   0.345971178828E-09   0.000000000000E+00
  300.   0.134375000000E+03   0.611098705785E-10   0.000000000000E+00   0.565625000000E+03   0.210046577549E-09   0.000000000000E+00
  301.   0.132812500000E+03   0.121302938305E-09   0.000000000000E+00   0.567187500000E+03   0.538877157172E-09   0.000000000000E+00
  302.   0.131250000000E+03   0.601166350051E-10   0.000000000000E+00   0.568750000000E+03   0.327274499277E-09   0.000000000000E+00
  303.   0.129687500000E+03   0.119295318911E-09   0.000000000000E+00   0.570312500000E+03   0.843232497647E-09   0.000000000000E+00
  304.   0.128125000000E+03   0.591021506496E-10   0.000000000000E+00   0.571875000000E+03   0.511442408196E-09   0.000000000000E+00
  305.   0.126562500000E+03   0.117243871297E-09   0.000000000000E+00   0.573437500000E+03   0.132242840404E-08   0.000000000000E+00
  306.   0.125000000000E+03   0.580651620995E-10   0.000000000000E+00   0.575000000000E+03   0.798117248165E-09   0.000000000000E+00
  307.   0.123437500000E+03   0.115145325388E-09   0.000000000000E+00   0.576562500000E+03   0.207826177664E-08   0.000000000000E+00
  308.   0.121875000000E+03   0.570037467289E-10   0.000000000000E+00   0.578125000000E+03   0.124713546678E-08   0.000000000000E+00
  309.   0.120312500000E+03   0.112994539944E-09   0.000000000000E+00   0.579687500000E+03   0.326173513722E-08   0.000000000000E+00
  310.   0.118750000000E+03   0.559143957886E-10   0.000000000000E+00   0.581250000000E+03   0.191735841140E-08   0.000000000000E+00
  311.   0.117187500000E+03   0.110784387793E-09   0.000000000000E+00   0.582812500000E+03   0.513368846422E-08   0.000000000000E+00
  312.   0.115625000000E+03   0.547931726727E-10   0.000000000000E+00   0.584375000000E+03   0.297628598715E-08   0.000000000000E+00
  313.   0.114062500000E+03   0.108503031146E-09   0.000000000000E+00   0.585937500000E+03   0.798030988674E-08   0.000000000000E+00
  314.   0.112500000000E+03   0.536242383200E-10   0.000000000000E+00   0.587500000000E+03   0.423025790215E-08   0.000000000000E+00
  315.   0.110937500000E+03   0.106140671034E-09   0.000000000000E+00   0.589062500000E+03   0.124045261402E-07   0.000000000000E+00
  316.   0.109375000000E+03   0.524105535436E-10   0.000000000000E+00   0.590625000000E+03   0.621962235391E-08   0.000000000000E+00
  317.   0.107812500000E+03   0.103661417331E-09   0.000000000000E+00   0.592187500000E+03   0.177067700003E-07   0.000000000000E+00
  318.   0.106250000000E+03   0.510113948108E-10   0.000000000000E+00   0.593750000000E+03   0.551150170053E-08   0.000000000000E+00
  319.   0.104687500000E+03   0.101075245052E-09   0.000000000000E+00   0.595312500000E+03   0.204207731672E-07   0.000000000000E+00
  320.   0.103125000000E+03   0.497439788606E-10   0.000000000000E+00   0.596875000000E+03  -0.765975370076E-08   0.000000000000E+00
  321.   0.101562500000E+03   0.977460879430E-10   0.000000000000E+00   0.598437500000E+03  -0.247560486461E-09   0.000000000000E+00
