i  r_top  QtopRe  QtopIm  r_bot  QbotRe  QbotIm   [mm, mC]
    1.   0.600000000000E+03  -0.315443345217E-09   0.000000000000E+00   0.100000000000E+03   0.951337339379E-07   0.000000000000E+00
    2.   0.100000000000E+03   0.951337339501E-07   0.000000000000E+00   0.600000000000E+03  -0.315443333300E-09   0.000000000000E+00
    3.   0.599218750000E+03  -0.125831702725E-08   0.000000000000E+00   0.100781250000E+03   0.332923849605E-07   0.000000000000E+00
    4.   0.598437500000E+03  -0.629481984594E-09   0.000000000000E+00   0.101562500000E+03   0.117406840874E-07   0.000000000000E+00
    5.   0.597656250000E+03  -0.125782461054E-08   0.000000000000E+00   0.102343750000E+03   0.529751748666E-08   0.000000000000E+00
    6.   0.596875000000E+03  -0.627524909497E-09   0.000000000000E+00   0.103125000000E+03   0.103068258009E-08   0.000000000000E+00
    7.   0.596093750000E+03  -0.125427691097E-08   0.000000000000E+00   0.103906250000E+03  -0.304977594602E-08   0.000000000000E+00
    8.   0.595312500000E+03  -0.625832137623E-09   0.000000000000E+00   0.104687500000E+03  -0.205897220991E-08   0.000000000000E+00
    9.   0.594531250000E+03  -0.124975553200E-08   0.000000000000E+00   0.105468750000E+03  -0.512443750097E-08   0.000000000000E+00
   10.   0.593750000000E+03  -0.623429313726E-09   0.000000000000E+00   0.106250000000E+03  -0.247468790957E-08   0.000000000000E+00
   11.   0.592968750000E+03  -0.124443725816E-08   0.000000000000E+00   0.107031250000E+03  -0.519708724922E-08   0.000000000000E+00
   12.   0.592187500000E+03  -0.620684631387E-09   0.000000000000E+00   0.107812500000E+03  -0.247952507610E-08   0.000000000000E+00
   13.   0.591406250000E+03  -0.123857189260E-08   0.000000000000E+00   0.108593750000E+03  -0.470184075129E-08   0.000000000000E+00
   14.   0.590625000000E+03  -0.617664465756E-09   0.000000000000E+00   0.109375000000E+03  -0.216655893762E-08   0.000000000000E+00
   15.   0.589843750000E+03  -0.123229054138E-08   0.000000000000E+00   0.110156250000E+03  -0.402486307211E-08   0.000000000000E+00
   16.   0.589062500000E+03  -0.614452737198E-09   0.000000000000E+00   0.110937500000E+03  -0.183796991176E-08   0.000000000000E+00
   17.   0.588281250000E+03  -0.122569862780E-08   0.000000000000E+00   0.111718750000E+03  -0.336129124841E-08   0.000000000000E+00
   18.   0.587500000000E+03  -0.611098179612E-09   0.000000000000E+00   0.112500000000E+03  -0.152032878249E-08   0.000000000000E+00
   19.   0.586718750000E+03  -0.121886962733E-08   0.000000000000E+00   0.113281250000E+03  -0.276540063601E-08   0.000000000000E+00
   20.   0.585937500000E+03  -0.607636442458E-09   0.000000000000E+00   0.114062500000E+03  -0.124476351336E-08   0.000000000000E+00
   21.   0.585156250000E+03  -0.121185837956E-08   0.000000000000E+00   0.114843750000E+03  -0.225627764854E-08   0.000000000000E+00
   22.   0.584375000000E+03  -0.604092986063E-09   0.000000000000E+00   0.115625000000E+03  -0.101198532437E-08   0.000000000000E+00
   23.   0.583593750000E+03  -0.120470609640E-08   0.000000000000E+00   0.116406250000E+03  -0.183129183874E-08   0.000000000000E+00
   24.   0.582812500000E+03  -0.600486953175E-09   0.000000000000E+00   0.117187500000E+03  -0.819576705903E-09   0.000000000000E+00
   25.   0.582031250000E+03  -0.119744465637E-08   0.000000000000E+00   0.117968750000E+03  -0.148161703354E-08   0.000000000000E+00
   26.   0.581250000000E+03  -0.596832773707E-09   0.000000000000E+00   0.118750000000E+03  -0.662111625823E-09   0.000000000000E+00
   27.   0.580468750000E+03  -0.119009911010E-08   0.000000000000E+00   0.119531250000E+03  -0.119627917366E-08   0.000000000000E+00
   28.   0.579687500000E+03  -0.593141891664E-09   0.000000000000E+00   0.120312500000E+03  -0.534099024027E-09   0.000000000000E+00
   29.   0.578906250000E+03  -0.118268949296E-08   0.000000000000E+00   0.121093750000E+03  -0.964668873446E-09   0.000000000000E+00
   30.   0.578125000000E+03  -0.589423369924E-09   0.000000000000E+00   0.121875000000E+03  -0.430437399817E-09   0.000000000000E+00
   31.   0.577343750000E+03  -0.117523194180E-08   0.000000000000E+00   0.122656250000E+03  -0.777302109463E-09   0.000000000000E+00
   32.   0.576562500000E+03  -0.585684492429E-09   0.000000000000E+00   0.123437500000E+03  -0.346713508473E-09   0.000000000000E+00
   33.   0.575781250000E+03  -0.116773950771E-08   0.000000000000E+00   0.124218750000E+03  -0.626071744089E-09   0.000000000000E+00
   34.   0.575000000000E+03  -0.581931145691E-09   0.000000000000E+00   0.125000000000E+03  -0.279211470184E-09   0.000000000000E+00
   35.   0.574218750000E+03  -0.116022277196E-08   0.000000000000E+00   0.125781250000E+03  -0.504202479704E-09   0.000000000000E+00
   36.   0.573437500000E+03  -0.578168015305E-09   0.000000000000E+00   0.126562500000E+03  -0.224857547825E-09   0.000000000000E+00
   37.   0.572656250000E+03  -0.115269029051E-08   0.000000000000E+00   0.127343750000E+03  -0.406109924484E-09   0.000000000000E+00
   38.   0.571875000000E+03  -0.574399000008E-09   0.000000000000E+00   0.128125000000E+03  -0.181133718010E-09   0.000000000000E+00
   39.   0.571093750000E+03  -0.114514899146E-08   0.000000000000E+00   0.128906250000E+03  -0.327229195478E-09   0.000000000000E+00
   40.   0.570312500000E+03  -0.570627137921E-09   0.000000000000E+00   0.129687500000E+03  -0.145989922124E-09   0.000000000000E+00
   41.   0.569531250000E+03  -0.113760447621E-08   0.000000000000E+00   0.130468750000E+03  -0.263848627353E-09   0.000000000000E+00
   42.   0.568750000000E+03  -0.566854874434E-09   0.000000000000E+00   0.131250000000E+03  -0.117763602297E-09   0.000000000000E+00
   43.   0.567968750000E+03  -0.113006126982E-08   0.000000000000E+00   0.132031250000E+03  -0.212960794408E-09   0.000000000000E+00
   44.   0.567187500000E+03  -0.563084311111E-09   0.000000000000E+00   0.132812500000E+03  -0.951099788062E-10   0.000000000000E+00
   45.   0.566406250000E+03  -0.112252296370E-08   0.000000000000E+00   0.133593750000E+03  -0.172134665386E-09   0.000000000000E+00
   46.   0.565625000000E+03  -0.559317021348E-09   0.000000000000E+00   0.134375000000E+03  -0.769432665410E-10   0.000000000000E+00
   47.   0.564843750000E+03  -0.111499250128E-08   0.000000000000E+00   0.135156250000E+03  -0.139408382132E-09   0.000000000000E+00
   48.   0.564062500000E+03  -0.555554274949E-09   0.000000000000E+00   0.135937500000E+03  -0.623879182912E-10   0.000000000000E+00
   49.   0.563281250000E+03  -0.110747222586E-08   0.000000000000E+00   0.136718750000E+03  -0.113200587781E-09   0.000000000000E+00
   50.   0.562500000000E+03  -0.551797175485E-09   0.000000000000E+00   0.137500000000E+03  -0.507385794993E-10   0.000000000000E+00
   51.   0.561718750000E+03  -0.109996401433E-08   0.000000000000E+00   0.138281250000E+03  -0.922377320348E-10   0.000000000000E+00
   52.   0.560937500000E+03  -0.548046464408E-09   0.000000000000E+00   0.139062500000E+03  -0.414274033462E-10   0.000000000000E+00
   53.   0.560156250000E+03  -0.109246936286E-08   0.000000000000E+00   0.139843750000E+03  -0.754948175768E-10   0.000000000000E+00
   54.   0.559375000000E+03  -0.544302938786E-09   0.000000000000E+00   0.140625000000E+03  -0.339974881771E-10   0.000000000000E+00
   55.   0.558593750000E+03  -0.108498947453E-08   0.000000000000E+00   0.141406250000E+03  -0.621472918756E-10   0.000000000000E+00
   56.   0.557812500000E+03  -0.540567035369E-09   0.000000000000E+00   0.142187500000E+03  -0.280813526960E-10   0.000000000000E+00
   57.   0.557031250000E+03  -0.107752537809E-08   0.000000000000E+00   0.142968750000E+03  -0.515320955555E-10   0.000000000000E+00
   58.   0.556250000000E+03  -0.536839260632E-09   0.000000000000E+00   0.143750000000E+03  -0.233835307000E-10   0.000000000000E+00
   59.   0.555468750000E+03  -0.107007784911E-08   0.000000000000E+00   0.144531250000E+03  -0.431161879404E-10   0.000000000000E+00
   60.   0.554687500000E+03  -0.533119938936E-09   0.000000000000E+00   0.145312500000E+03  -0.196665197247E-10   0.000000000000E+00
   61.   0.553906250000E+03  -0.106264755627E-08   0.000000000000E+00   0.146093750000E+03  -0.364711503787E-10   0.000000000000E+00
   62.   0.553125000000E+03  -0.529409350107E-09   0.000000000000E+00   0.146875000000E+03  -0.167394501939E-10   0.000000000000E+00
   63.   0.552343750000E+03  -0.105523499830E-08   0.000000000000E+00   0.147656250000E+03  -0.312527166505E-10   0.000000000000E+00
   64.   0.551562500000E+03  -0.525707792823E-09   0.000000000000E+00   0.148437500000E+03  -0.144489554885E-10   0.000000000000E+00
   65.   0.550781250000E+03  -0.104784059222E-08   0.000000000000E+00   0.149218750000E+03  -0.271842884940E-10   0.000000000000E+00
   66.   0.550000000000E+03  -0.522015384927E-09   0.000000000000E+00   0.150000000000E+03  -0.126718232856E-10   0.000000000000E+00
   67.   0.549218750000E+03  -0.104046471404E-08   0.000000000000E+00   0.150781250000E+03  -0.240436659771E-10   0.000000000000E+00
   68.   0.548437500000E+03  -0.518332319452E-09   0.000000000000E+00   0.151562500000E+03  -0.113090792226E-10   0.000000000000E+00
   69.   0.547656250000E+03  -0.103310764557E-08   0.000000000000E+00   0.152343750000E+03  -0.216523729075E-10   0.000000000000E+00
   70.   0.546875000000E+03  -0.514658767161E-09   0.000000000000E+00   0.153125000000E+03  -0.102812314513E-10   0.000000000000E+00
   71.   0.546093750000E+03  -0.102576965152E-08   0.000000000000E+00   0.153906250000E+03  -0.198670711789E-10   0.000000000000E+00
   72.   0.545312500000E+03  -0.510994746963E-09   0.000000000000E+00   0.154687500000E+03  -0.952444039485E-11   0.000000000000E+00
   73.   0.544531250000E+03  -0.101845092846E-08   0.000000000000E+00   0.155468750000E+03  -0.185726584860E-10   0.000000000000E+00
   74.   0.543750000000E+03  -0.507340437385E-09   0.000000000000E+00   0.156250000000E+03  -0.898744773605E-11   0.000000000000E+00
   75.   0.542968750000E+03  -0.101115168203E-08   0.000000000000E+00   0.157031250000E+03  -0.176767187389E-10   0.000000000000E+00
   76.   0.542187500000E+03  -0.503695928856E-09   0.000000000000E+00   0.157812500000E+03  -0.862910012987E-11   0.000000000000E+00
   77.   0.541406250000E+03  -0.100387204332E-08   0.000000000000E+00   0.158593750000E+03  -0.171050614708E-10   0.000000000000E+00
   78.   0.540625000000E+03  -0.500061229613E-09   0.000000000000E+00   0.159375000000E+03  -0.841636458687E-11   0.000000000000E+00
   79.   0.539843750000E+03  -0.996612189060E-09   0.000000000000E+00   0.160156250000E+03  -0.167981369118E-10   0.000000000000E+00
   80.   0.539062500000E+03  -0.496436491847E-09   0.000000000000E+00   0.160937500000E+03  -0.832272739562E-11   0.000000000000E+00
   81.   0.538281250000E+03  -0.989372204061E-09   0.000000000000E+00   0.161718750000E+03  -0.167081562991E-10   0.000000000000E+00
   82.   0.537500000000E+03  -0.492821634460E-09   0.000000000000E+00   0.162500000000E+03  -0.832691257908E-11   0.000000000000E+00
   83.   0.536718750000E+03  -0.982152249323E-09   0.000000000000E+00   0.163281250000E+03  -0.167967773869E-10   0.000000000000E+00
   84.   0.535937500000E+03  -0.489216915163E-09   0.000000000000E+00   0.164062500000E+03  -0.841185840680E-11   0.000000000000E+00
   85.   0.535156250000E+03  -0.974952417897E-09   0.000000000000E+00   0.164843750000E+03  -0.170332439641E-10   0.000000000000E+00
   86.   0.534375000000E+03  -0.485622248471E-09   0.000000000000E+00   0.165625000000E+03  -0.856387325038E-11   0.000000000000E+00
   87.   0.533593750000E+03  -0.967772810731E-09   0.000000000000E+00   0.166406250000E+03  -0.173928915048E-10   0.000000000000E+00
   88.   0.532812500000E+03  -0.482037697507E-09   0.000000000000E+00   0.167187500000E+03  -0.877198301247E-11   0.000000000000E+00
   89.   0.532031250000E+03  -0.960613501759E-09   0.000000000000E+00   0.167968750000E+03  -0.178559489622E-10   0.000000000000E+00
   90.   0.531250000000E+03  -0.478463329186E-09   0.000000000000E+00   0.168750000000E+03  -0.902739217816E-11   0.000000000000E+00
   91.   0.530468750000E+03  -0.953474600069E-09   0.000000000000E+00   0.169531250000E+03  -0.184065727716E-10   0.000000000000E+00
   92.   0.529687500000E+03  -0.474899168759E-09   0.000000000000E+00   0.170312500000E+03  -0.932305470164E-11   0.000000000000E+00
   93.   0.528906250000E+03  -0.946356201801E-09   0.000000000000E+00   0.171093750000E+03  -0.190320730908E-10   0.000000000000E+00
   94.   0.528125000000E+03  -0.471345321948E-09   0.000000000000E+00   0.171875000000E+03  -0.965332801325E-11   0.000000000000E+00
   95.   0.527343750000E+03  -0.939258394469E-09   0.000000000000E+00   0.172656250000E+03  -0.197222919020E-10   0.000000000000E+00
   96.   0.526562500000E+03  -0.467801751429E-09   0.000000000000E+00   0.173437500000E+03  -0.100136955113E-10   0.000000000000E+00
   97.   0.525781250000E+03  -0.932181229176E-09   0.000000000000E+00   0.174218750000E+03  -0.204691037700E-10   0.000000000000E+00
   98.   0.525000000000E+03  -0.464268553488E-09   0.000000000000E+00   0.175000000000E+03  -0.104005493938E-10   0.000000000000E+00
   99.   0.524218750000E+03  -0.925124818955E-09   0.000000000000E+00   0.175781250000E+03  -0.212660148356E-10   0.000000000000E+00
  100.   0.523437500000E+03  -0.460745760135E-09   0.000000000000E+00   0.176562500000E+03  -0.108110061664E-10   0.000000000000E+00
  101.   0.522656250000E+03  -0.918089271658E-09   0.000000000000E+00   0.177343750000E+03  -0.221078405713E-10   0.000000000000E+00
  102.   0.521875000000E+03  -0.457233390933E-09   0.000000000000E+00   0.178125000000E+03  -0.112427631459E-10   0.000000000000E+00
  103.   0.521093750000E+03  -0.911074640206E-09   0.000000000000E+00   0.178906250000E+03  -0.229904460301E-10   0.000000000000E+00
  104.   0.520312500000E+03  -0.453731482506E-09   0.000000000000E+00   0.179687500000E+03  -0.116939888557E-10   0.000000000000E+00
  105.   0.519531250000E+03  -0.904081013939E-09   0.000000000000E+00   0.180468750000E+03  -0.239105392275E-10   0.000000000000E+00
  106.   0.518750000000E+03  -0.450240130319E-09   0.000000000000E+00   0.181250000000E+03  -0.121632233039E-10   0.000000000000E+00
  107.   0.517968750000E+03  -0.897108471981E-09   0.000000000000E+00   0.182031250000E+03  -0.248655051432E-10   0.000000000000E+00
  108.   0.517187500000E+03  -0.446759335737E-09   0.000000000000E+00   0.182812500000E+03  -0.126493109118E-10   0.000000000000E+00
  109.   0.516406250000E+03  -0.890157102913E-09   0.000000000000E+00   0.183593750000E+03  -0.258532703513E-10   0.000000000000E+00
  110.   0.515625000000E+03  -0.443289162877E-09   0.000000000000E+00   0.184375000000E+03  -0.131513362156E-10   0.000000000000E+00
  111.   0.514843750000E+03  -0.883227012648E-09   0.000000000000E+00   0.185156250000E+03  -0.268721979951E-10   0.000000000000E+00
  112.   0.514062500000E+03  -0.439829635844E-09   0.000000000000E+00   0.185937500000E+03  -0.136685764230E-10   0.000000000000E+00
  113.   0.513281250000E+03  -0.876318277177E-09   0.000000000000E+00   0.186718750000E+03  -0.279209977854E-10   0.000000000000E+00
  114.   0.512500000000E+03  -0.436380790131E-09   0.000000000000E+00   0.187500000000E+03  -0.142004647968E-10   0.000000000000E+00
  115.   0.511718750000E+03  -0.869430982020E-09   0.000000000000E+00   0.188281250000E+03  -0.289986607008E-10   0.000000000000E+00
  116.   0.510937500000E+03  -0.432942699074E-09   0.000000000000E+00   0.189062500000E+03  -0.147465596725E-10   0.000000000000E+00
  117.   0.510156250000E+03  -0.862565217920E-09   0.000000000000E+00   0.189843750000E+03  -0.301044002189E-10   0.000000000000E+00
  118.   0.509375000000E+03  -0.429515412705E-09   0.000000000000E+00   0.190625000000E+03  -0.153065148488E-10   0.000000000000E+00
  119.   0.508593750000E+03  -0.855721060631E-09   0.000000000000E+00   0.191406250000E+03  -0.312376090876E-10   0.000000000000E+00
  120.   0.507812500000E+03  -0.426098921910E-09   0.000000000000E+00   0.192187500000E+03  -0.158800685023E-10   0.000000000000E+00
  121.   0.507031250000E+03  -0.848898613070E-09   0.000000000000E+00   0.192968750000E+03  -0.323978243918E-10   0.000000000000E+00
  122.   0.506250000000E+03  -0.422693326738E-09   0.000000000000E+00   0.193750000000E+03  -0.164670241407E-10   0.000000000000E+00
  123.   0.505468750000E+03  -0.842097945716E-09   0.000000000000E+00   0.194531250000E+03  -0.335846986413E-10   0.000000000000E+00
  124.   0.504687500000E+03  -0.419298654789E-09   0.000000000000E+00   0.195312500000E+03  -0.170672308257E-10   0.000000000000E+00
  125.   0.503906250000E+03  -0.835319173986E-09   0.000000000000E+00   0.196093750000E+03  -0.347979768893E-10   0.000000000000E+00
  126.   0.503125000000E+03  -0.415914926696E-09   0.000000000000E+00   0.196875000000E+03  -0.176805800000E-10   0.000000000000E+00
  127.   0.502343750000E+03  -0.828562371406E-09   0.000000000000E+00   0.197656250000E+03  -0.360374755865E-10   0.000000000000E+00
  128.   0.501562500000E+03  -0.412542186036E-09   0.000000000000E+00   0.198437500000E+03  -0.183069987061E-10   0.000000000000E+00
  129.   0.500781250000E+03  -0.821827623841E-09   0.000000000000E+00   0.199218750000E+03  -0.373030708227E-10   0.000000000000E+00
  130.   0.500000000000E+03  -0.409180541081E-09   0.000000000000E+00   0.200000000000E+03  -0.189464367659E-10   0.000000000000E+00
  131.   0.499218750000E+03  -0.815115039260E-09   0.000000000000E+00   0.200781250000E+03  -0.385946848877E-10   0.000000000000E+00
  132.   0.498437500000E+03  -0.405829960443E-09   0.000000000000E+00   0.201562500000E+03  -0.195988674917E-10   0.000000000000E+00
  133.   0.497656250000E+03  -0.808424697473E-09   0.000000000000E+00   0.202343750000E+03  -0.399122777207E-10   0.000000000000E+00
  134.   0.496875000000E+03  -0.402490553954E-09   0.000000000000E+00   0.203125000000E+03  -0.202642760024E-10   0.000000000000E+00
  135.   0.496093750000E+03  -0.801756737156E-09   0.000000000000E+00   0.203906250000E+03  -0.412558387437E-10   0.000000000000E+00
  136.   0.495312500000E+03  -0.399162336960E-09   0.000000000000E+00   0.204687500000E+03  -0.209426672865E-10   0.000000000000E+00
  137.   0.494531250000E+03  -0.795111214312E-09   0.000000000000E+00   0.205468750000E+03  -0.426253791798E-10   0.000000000000E+00
  138.   0.493750000000E+03  -0.395845388736E-09   0.000000000000E+00   0.206250000000E+03  -0.216340504194E-10   0.000000000000E+00
  139.   0.492968750000E+03  -0.788488234991E-09   0.000000000000E+00   0.207031250000E+03  -0.440209313734E-10   0.000000000000E+00
  140.   0.492187500000E+03  -0.392539705363E-09   0.000000000000E+00   0.207812500000E+03  -0.223384460389E-10   0.000000000000E+00
  141.   0.491406250000E+03  -0.781887893392E-09   0.000000000000E+00   0.208593750000E+03  -0.454425414089E-10   0.000000000000E+00
  142.   0.490625000000E+03  -0.389245383710E-09   0.000000000000E+00   0.209375000000E+03  -0.230558777292E-10   0.000000000000E+00
  143.   0.489843750000E+03  -0.775310300870E-09   0.000000000000E+00   0.210156250000E+03  -0.468902653658E-10   0.000000000000E+00
  144.   0.489062500000E+03  -0.385962474590E-09   0.000000000000E+00   0.210937500000E+03  -0.237863791219E-10   0.000000000000E+00
  145.   0.488281250000E+03  -0.768755542900E-09   0.000000000000E+00   0.211718750000E+03  -0.483641701499E-10   0.000000000000E+00
  146.   0.487500000000E+03  -0.382690983442E-09   0.000000000000E+00   0.212500000000E+03  -0.245299868285E-10   0.000000000000E+00
  147.   0.486718750000E+03  -0.762223707569E-09   0.000000000000E+00   0.213281250000E+03  -0.498643278927E-10   0.000000000000E+00
  148.   0.485937500000E+03  -0.379430989268E-09   0.000000000000E+00   0.214062500000E+03  -0.252867339710E-10   0.000000000000E+00
  149.   0.485156250000E+03  -0.755714909257E-09   0.000000000000E+00   0.214843750000E+03  -0.513908166082E-10   0.000000000000E+00
  150.   0.484375000000E+03  -0.376182504860E-09   0.000000000000E+00   0.215625000000E+03  -0.260566655367E-10   0.000000000000E+00
  151.   0.483593750000E+03  -0.749229240979E-09   0.000000000000E+00   0.216406250000E+03  -0.529437179528E-10   0.000000000000E+00
  152.   0.482812500000E+03  -0.372945663236E-09   0.000000000000E+00   0.217187500000E+03  -0.268398206036E-10   0.000000000000E+00
  153.   0.482031250000E+03  -0.742766837819E-09   0.000000000000E+00   0.217968750000E+03  -0.545231185034E-10   0.000000000000E+00
  154.   0.481250000000E+03  -0.369720431461E-09   0.000000000000E+00   0.218750000000E+03  -0.276362444653E-10   0.000000000000E+00
  155.   0.480468750000E+03  -0.736327768279E-09   0.000000000000E+00   0.219531250000E+03  -0.561291043492E-10   0.000000000000E+00
  156.   0.479687500000E+03  -0.366506927632E-09   0.000000000000E+00   0.220312500000E+03  -0.284459786978E-10   0.000000000000E+00
  157.   0.478906250000E+03  -0.729912157338E-09   0.000000000000E+00   0.221093750000E+03  -0.577617636472E-10   0.000000000000E+00
  158.   0.478125000000E+03  -0.363305133398E-09   0.000000000000E+00   0.221875000000E+03  -0.292690685579E-10   0.000000000000E+00
  159.   0.477343750000E+03  -0.723520076655E-09   0.000000000000E+00   0.222656250000E+03  -0.594211846841E-10   0.000000000000E+00
  160.   0.476562500000E+03  -0.360115175618E-09   0.000000000000E+00   0.223437500000E+03  -0.301055579530E-10   0.000000000000E+00
  161.   0.475781250000E+03  -0.717151645228E-09   0.000000000000E+00   0.224218750000E+03  -0.611074580393E-10   0.000000000000E+00
  162.   0.475000000000E+03  -0.356937041002E-09   0.000000000000E+00   0.225000000000E+03  -0.309554944135E-10   0.000000000000E+00
  163.   0.474218750000E+03  -0.710806964821E-09   0.000000000000E+00   0.225781250000E+03  -0.628206727795E-10   0.000000000000E+00
  164.   0.473437500000E+03  -0.353770815068E-09   0.000000000000E+00   0.226562500000E+03  -0.318189196601E-10   0.000000000000E+00
  165.   0.472656250000E+03  -0.704486130575E-09   0.000000000000E+00   0.227343750000E+03  -0.645609169190E-10   0.000000000000E+00
  166.   0.471875000000E+03  -0.350616520926E-09   0.000000000000E+00   0.228125000000E+03  -0.326958790164E-10   0.000000000000E+00
  167.   0.471093750000E+03  -0.698189252372E-09   0.000000000000E+00   0.228906250000E+03  -0.663282798706E-10   0.000000000000E+00
  168.   0.470312500000E+03  -0.347474243439E-09   0.000000000000E+00   0.229687500000E+03  -0.335864195038E-10   0.000000000000E+00
  169.   0.469531250000E+03  -0.691916442938E-09   0.000000000000E+00   0.230468750000E+03  -0.681228497442E-10   0.000000000000E+00
  170.   0.468750000000E+03  -0.344344037390E-09   0.000000000000E+00   0.231250000000E+03  -0.344905820224E-10   0.000000000000E+00
  171.   0.467968750000E+03  -0.685667779318E-09   0.000000000000E+00   0.232031250000E+03  -0.699447127707E-10   0.000000000000E+00
  172.   0.467187500000E+03  -0.341225900150E-09   0.000000000000E+00   0.232812500000E+03  -0.354084037408E-10   0.000000000000E+00
  173.   0.466406250000E+03  -0.679443389951E-09   0.000000000000E+00   0.233593750000E+03  -0.717939550741E-10   0.000000000000E+00
  174.   0.465625000000E+03  -0.338119960158E-09   0.000000000000E+00   0.234375000000E+03  -0.363399399183E-10   0.000000000000E+00
  175.   0.464843750000E+03  -0.673243366434E-09   0.000000000000E+00   0.235156250000E+03  -0.736706598477E-10   0.000000000000E+00
  176.   0.464062500000E+03  -0.335026182981E-09   0.000000000000E+00   0.235937500000E+03  -0.372852207326E-10   0.000000000000E+00
  177.   0.463281250000E+03  -0.667067823703E-09   0.000000000000E+00   0.236718750000E+03  -0.755749101726E-10   0.000000000000E+00
  178.   0.462500000000E+03  -0.331944702990E-09   0.000000000000E+00   0.237500000000E+03  -0.382442937081E-10   0.000000000000E+00
  179.   0.461718750000E+03  -0.660916850774E-09   0.000000000000E+00   0.238281250000E+03  -0.775067865397E-10   0.000000000000E+00
  180.   0.460937500000E+03  -0.328875518590E-09   0.000000000000E+00   0.239062500000E+03  -0.392172016514E-10   0.000000000000E+00
  181.   0.460156250000E+03  -0.654790540140E-09   0.000000000000E+00   0.239843750000E+03  -0.794663689327E-10   0.000000000000E+00
  182.   0.459375000000E+03  -0.325818683267E-09   0.000000000000E+00   0.240625000000E+03  -0.402039746962E-10   0.000000000000E+00
  183.   0.458593750000E+03  -0.648688986363E-09   0.000000000000E+00   0.241406250000E+03  -0.814537324426E-10   0.000000000000E+00
  184.   0.457812500000E+03  -0.322774273653E-09   0.000000000000E+00   0.242187500000E+03  -0.412046556493E-10   0.000000000000E+00
  185.   0.457031250000E+03  -0.642612312951E-09   0.000000000000E+00   0.242968750000E+03  -0.834689489243E-10   0.000000000000E+00
  186.   0.456250000000E+03  -0.319742307529E-09   0.000000000000E+00   0.243750000000E+03  -0.422192771739E-10   0.000000000000E+00
  187.   0.455468750000E+03  -0.636560591755E-09   0.000000000000E+00   0.244531250000E+03  -0.855120905621E-10   0.000000000000E+00
  188.   0.454687500000E+03  -0.316722835856E-09   0.000000000000E+00   0.245312500000E+03  -0.432478763751E-10   0.000000000000E+00
  189.   0.453906250000E+03  -0.630533922454E-09   0.000000000000E+00   0.246093750000E+03  -0.875832212351E-10   0.000000000000E+00
  190.   0.453125000000E+03  -0.313715919262E-09   0.000000000000E+00   0.246875000000E+03  -0.442904834195E-10   0.000000000000E+00
  191.   0.452343750000E+03  -0.624532404236E-09   0.000000000000E+00   0.247656250000E+03  -0.896824043344E-10   0.000000000000E+00
  192.   0.451562500000E+03  -0.310721604873E-09   0.000000000000E+00   0.248437500000E+03  -0.453471270478E-10   0.000000000000E+00
  193.   0.450781250000E+03  -0.618556096862E-09   0.000000000000E+00   0.249218750000E+03  -0.918096948729E-10   0.000000000000E+00
  194.   0.450000000000E+03  -0.307739905437E-09   0.000000000000E+00   0.250000000000E+03  -0.464178391731E-10   0.000000000000E+00
  195.   0.449218750000E+03  -0.612605064778E-09   0.000000000000E+00   0.250781250000E+03  -0.939651433850E-10   0.000000000000E+00
  196.   0.448437500000E+03  -0.304770866527E-09   0.000000000000E+00   0.251562500000E+03  -0.475026329991E-10   0.000000000000E+00
  197.   0.447656250000E+03  -0.606679380929E-09   0.000000000000E+00   0.252343750000E+03  -0.961487887876E-10   0.000000000000E+00
  198.   0.446875000000E+03  -0.301814508237E-09   0.000000000000E+00   0.253125000000E+03  -0.486015346237E-10   0.000000000000E+00
  199.   0.446093750000E+03  -0.600779101312E-09   0.000000000000E+00   0.253906250000E+03  -0.983606562912E-10   0.000000000000E+00
  200.   0.445312500000E+03  -0.298870855247E-09   0.000000000000E+00   0.254687500000E+03  -0.497145490230E-10   0.000000000000E+00
  201.   0.444531250000E+03  -0.594904249728E-09   0.000000000000E+00   0.255468750000E+03  -0.100600761782E-09   0.000000000000E+00
  202.   0.443750000000E+03  -0.295939921213E-09   0.000000000000E+00   0.256250000000E+03  -0.508416874639E-10   0.000000000000E+00
  203.   0.442968750000E+03  -0.589054859955E-09   0.000000000000E+00   0.257031250000E+03  -0.102869109563E-09   0.000000000000E+00
  204.   0.442187500000E+03  -0.293021725777E-09   0.000000000000E+00   0.257812500000E+03  -0.519829389228E-10   0.000000000000E+00
  205.   0.441406250000E+03  -0.583230910386E-09   0.000000000000E+00   0.258593750000E+03  -0.105165683377E-09   0.000000000000E+00
  206.   0.440625000000E+03  -0.290116251444E-09   0.000000000000E+00   0.259375000000E+03  -0.531382988088E-10   0.000000000000E+00
  207.   0.439843750000E+03  -0.577432374342E-09   0.000000000000E+00   0.260156250000E+03  -0.107490433107E-09   0.000000000000E+00
  208.   0.439062500000E+03  -0.287223458005E-09   0.000000000000E+00   0.260937500000E+03  -0.543077200275E-10   0.000000000000E+00
  209.   0.438281250000E+03  -0.571659199726E-09   0.000000000000E+00   0.261718750000E+03  -0.109843284470E-09   0.000000000000E+00
  210.   0.437500000000E+03  -0.284343308515E-09   0.000000000000E+00   0.262500000000E+03  -0.554911760843E-10   0.000000000000E+00
  211.   0.436718750000E+03  -0.565911255989E-09   0.000000000000E+00   0.263281250000E+03  -0.112224126974E-09   0.000000000000E+00
  212.   0.435937500000E+03  -0.281475747771E-09   0.000000000000E+00   0.264062500000E+03  -0.566885850951E-10   0.000000000000E+00
  213.   0.435156250000E+03  -0.560188364594E-09   0.000000000000E+00   0.264843750000E+03  -0.114632799847E-09   0.000000000000E+00
  214.   0.434375000000E+03  -0.278620687093E-09   0.000000000000E+00   0.265625000000E+03  -0.578998637243E-10   0.000000000000E+00
  215.   0.433593750000E+03  -0.554490297662E-09   0.000000000000E+00   0.266406250000E+03  -0.117069077472E-09   0.000000000000E+00
  216.   0.432812500000E+03  -0.275777947937E-09   0.000000000000E+00   0.267187500000E+03  -0.591248764969E-10   0.000000000000E+00
  217.   0.432031250000E+03  -0.548816740549E-09   0.000000000000E+00   0.267968750000E+03  -0.119532666858E-09   0.000000000000E+00
  218.   0.431250000000E+03  -0.272947368341E-09   0.000000000000E+00   0.268750000000E+03  -0.603634611314E-10   0.000000000000E+00
  219.   0.430468750000E+03  -0.543167232424E-09   0.000000000000E+00   0.269531250000E+03  -0.122023174979E-09   0.000000000000E+00
  220.   0.429687500000E+03  -0.270128668967E-09   0.000000000000E+00   0.270312500000E+03  -0.616153908642E-10   0.000000000000E+00
  221.   0.428906250000E+03  -0.537541199903E-09   0.000000000000E+00   0.271093750000E+03  -0.124540094202E-09   0.000000000000E+00
  222.   0.428125000000E+03  -0.267321584319E-09   0.000000000000E+00   0.271875000000E+03  -0.628803820936E-10   0.000000000000E+00
  223.   0.427343750000E+03  -0.531937889613E-09   0.000000000000E+00   0.272656250000E+03  -0.127082765466E-09   0.000000000000E+00
  224.   0.426562500000E+03  -0.264525626581E-09   0.000000000000E+00   0.273437500000E+03  -0.641580551268E-10   0.000000000000E+00
  225.   0.425781250000E+03  -0.526356359905E-09   0.000000000000E+00   0.274218750000E+03  -0.129650353048E-09   0.000000000000E+00
  226.   0.425000000000E+03  -0.261740296528E-09   0.000000000000E+00   0.275000000000E+03  -0.654479549428E-10   0.000000000000E+00
  227.   0.424218750000E+03  -0.520795379762E-09   0.000000000000E+00   0.275781250000E+03  -0.132241776742E-09   0.000000000000E+00
  228.   0.423437500000E+03  -0.258964866056E-09   0.000000000000E+00   0.276562500000E+03  -0.667494724022E-10   0.000000000000E+00
  229.   0.422656250000E+03  -0.515253385576E-09   0.000000000000E+00   0.277343750000E+03  -0.134855668917E-09   0.000000000000E+00
  230.   0.421875000000E+03  -0.256198510735E-09   0.000000000000E+00   0.278125000000E+03  -0.680618292571E-10   0.000000000000E+00
  231.   0.421093750000E+03  -0.509728385819E-09   0.000000000000E+00   0.278906250000E+03  -0.137490291960E-09   0.000000000000E+00
  232.   0.420312500000E+03  -0.253440099229E-09   0.000000000000E+00   0.279687500000E+03  -0.693840700936E-10   0.000000000000E+00
  233.   0.419531250000E+03  -0.504217893115E-09   0.000000000000E+00   0.280468750000E+03  -0.140143453819E-09   0.000000000000E+00
  234.   0.418750000000E+03  -0.250688229087E-09   0.000000000000E+00   0.281250000000E+03  -0.707149672241E-10   0.000000000000E+00
  235.   0.417968750000E+03  -0.498718733357E-09   0.000000000000E+00   0.282031250000E+03  -0.142812380460E-09   0.000000000000E+00
  236.   0.417187500000E+03  -0.247941160745E-09   0.000000000000E+00   0.282812500000E+03  -0.720529738982E-10   0.000000000000E+00
  237.   0.416406250000E+03  -0.493226935599E-09   0.000000000000E+00   0.283593750000E+03  -0.145493580117E-09   0.000000000000E+00
  238.   0.415625000000E+03  -0.245196683711E-09   0.000000000000E+00   0.284375000000E+03  -0.733961355480E-10   0.000000000000E+00
  239.   0.414843750000E+03  -0.487737508098E-09   0.000000000000E+00   0.285156250000E+03  -0.148182641533E-09   0.000000000000E+00
  240.   0.414062500000E+03  -0.242451951968E-09   0.000000000000E+00   0.285937500000E+03  -0.747419965833E-10   0.000000000000E+00
  241.   0.413281250000E+03  -0.482244190227E-09   0.000000000000E+00   0.286718750000E+03  -0.150874011100E-09   0.000000000000E+00
  242.   0.412500000000E+03  -0.239703561388E-09   0.000000000000E+00   0.287500000000E+03  -0.760874678529E-10   0.000000000000E+00
  243.   0.411718750000E+03  -0.476739109229E-09   0.000000000000E+00   0.288281250000E+03  -0.153560704231E-09   0.000000000000E+00
  244.   0.410937500000E+03  -0.236947106881E-09   0.000000000000E+00   0.289062500000E+03  -0.774286493128E-10   0.000000000000E+00
  245.   0.410156250000E+03  -0.471212419735E-09   0.000000000000E+00   0.289843750000E+03  -0.156233934820E-09   0.000000000000E+00
  246.   0.409375000000E+03  -0.234177094256E-09   0.000000000000E+00   0.290625000000E+03  -0.787606538560E-10   0.000000000000E+00
  247.   0.408593750000E+03  -0.465651749752E-09   0.000000000000E+00   0.291406250000E+03  -0.158882652095E-09   0.000000000000E+00
  248.   0.407812500000E+03  -0.231386649592E-09   0.000000000000E+00   0.292187500000E+03  -0.800773238578E-10   0.000000000000E+00
  249.   0.407031250000E+03  -0.460041640902E-09   0.000000000000E+00   0.292968750000E+03  -0.161492964421E-09   0.000000000000E+00
  250.   0.406250000000E+03  -0.228567192218E-09   0.000000000000E+00   0.293750000000E+03  -0.813709154908E-10   0.000000000000E+00
  251.   0.405468750000E+03  -0.454362746121E-09   0.000000000000E+00   0.294531250000E+03  -0.164047424285E-09   0.000000000000E+00
  252.   0.404687500000E+03  -0.225707960438E-09   0.000000000000E+00   0.295312500000E+03  -0.826317252162E-10   0.000000000000E+00
  253.   0.403906250000E+03  -0.448590841087E-09   0.000000000000E+00   0.296093750000E+03  -0.166524098591E-09   0.000000000000E+00
  254.   0.403125000000E+03  -0.222795502245E-09   0.000000000000E+00   0.296875000000E+03  -0.838475497653E-10   0.000000000000E+00
  255.   0.402343750000E+03  -0.442695636555E-09   0.000000000000E+00   0.297656250000E+03  -0.168895443531E-09   0.000000000000E+00
  256.   0.401562500000E+03  -0.219812972532E-09   0.000000000000E+00   0.298437500000E+03  -0.850030374141E-10   0.000000000000E+00
  257.   0.400781250000E+03  -0.436639231810E-09   0.000000000000E+00   0.299218750000E+03  -0.171126856880E-09   0.000000000000E+00
  258.   0.400000000000E+03  -0.216739332402E-09   0.000000000000E+00   0.300000000000E+03  -0.860789245052E-10   0.000000000000E+00
  259.   0.399218750000E+03  -0.430374254604E-09   0.000000000000E+00   0.300781250000E+03  -0.173174892783E-09   0.000000000000E+00
  260.   0.398437500000E+03  -0.213548224221E-09   0.000000000000E+00   0.301562500000E+03  -0.870510401928E-10   0.000000000000E+00
  261.   0.397656250000E+03  -0.423841452366E-09   0.000000000000E+00   0.302343750000E+03  -0.174984980065E-09   0.000000000000E+00
  262.   0.396875000000E+03  -0.210206759493E-09   0.000000000000E+00   0.303125000000E+03  -0.878889994287E-10   0.000000000000E+00
  263.   0.396093750000E+03  -0.416966723732E-09   0.000000000000E+00   0.303906250000E+03  -0.176488590977E-09   0.000000000000E+00
  264.   0.395312500000E+03  -0.206673753083E-09   0.000000000000E+00   0.304687500000E+03  -0.885546478866E-10   0.000000000000E+00
  265.   0.394531250000E+03  -0.409657460333E-09   0.000000000000E+00   0.305468750000E+03  -0.177599685756E-09   0.000000000000E+00
  266.   0.393750000000E+03  -0.202897751969E-09   0.000000000000E+00   0.306250000000E+03  -0.890001024205E-10   0.000000000000E+00
  267.   0.392968750000E+03  -0.401797876652E-09   0.000000000000E+00   0.307031250000E+03  -0.178210231066E-09   0.000000000000E+00
  268.   0.392187500000E+03  -0.198814469144E-09   0.000000000000E+00   0.307812500000E+03  -0.891652133693E-10   0.000000000000E+00
  269.   0.391406250000E+03  -0.393243228390E-09   0.000000000000E+00   0.308593750000E+03  -0.178184576059E-09   0.000000000000E+00
  270.   0.390625000000E+03  -0.194343437647E-09   0.000000000000E+00   0.309375000000E+03  -0.889744946484E-10   0.000000000000E+00
  271.   0.389843750000E+03  -0.383812597112E-09   0.000000000000E+00   0.310156250000E+03  -0.177352412677E-09   0.000000000000E+00
  272.   0.389062500000E+03  -0.189384189003E-09   0.000000000000E+00   0.310937500000E+03  -0.883331374549E-10   0.000000000000E+00
  273.   0.388281250000E+03  -0.373279820198E-09   0.000000000000E+00   0.311718750000E+03  -0.175499906900E-09   0.000000000000E+00
  274.   0.387500000000E+03  -0.183811072814E-09   0.000000000000E+00   0.312500000000E+03  -0.871221216986E-10   0.000000000000E+00
  275.   0.386718750000E+03  -0.361362221751E-09   0.000000000000E+00   0.313281250000E+03  -0.172358593788E-09   0.000000000000E+00
  276.   0.385937500000E+03  -0.177467055062E-09   0.000000000000E+00   0.314062500000E+03  -0.851920175221E-10   0.000000000000E+00
  277.   0.385156250000E+03  -0.347706454484E-09   0.000000000000E+00   0.314843750000E+03  -0.167591403935E-09   0.000000000000E+00
  278.   0.384375000000E+03  -0.170155837891E-09   0.000000000000E+00   0.315625000000E+03  -0.823551960276E-10   0.000000000000E+00
  279.   0.383593750000E+03  -0.331870819643E-09   0.000000000000E+00   0.316406250000E+03  -0.160775127460E-09   0.000000000000E+00
  280.   0.382812500000E+03  -0.161632036616E-09   0.000000000000E+00   0.317187500000E+03  -0.783761046428E-10   0.000000000000E+00
  281.   0.382031250000E+03  -0.313303191636E-09   0.000000000000E+00   0.317968750000E+03  -0.151378389237E-09   0.000000000000E+00
  282.   0.381250000000E+03  -0.151588964713E-09   0.000000000000E+00   0.318750000000E+03  -0.729589570216E-10   0.000000000000E+00
  283.   0.380468750000E+03  -0.291313372052E-09   0.000000000000E+00   0.319531250000E+03  -0.138733963888E-09   0.000000000000E+00
  284.   0.379687500000E+03  -0.139643183384E-09   0.000000000000E+00   0.320312500000E+03  -0.657323659356E-10   0.000000000000E+00
  285.   0.378906250000E+03  -0.265038397151E-09   0.000000000000E+00   0.321093750000E+03  -0.122003923950E-09   0.000000000000E+00
  286.   0.378125000000E+03  -0.125315268406E-09   0.000000000000E+00   0.321875000000E+03  -0.562298926976E-10   0.000000000000E+00
  287.   0.377343750000E+03  -0.233399167844E-09   0.000000000000E+00   0.322656250000E+03  -0.100135790973E-09   0.000000000000E+00
  288.   0.376562500000E+03  -0.108005673679E-09   0.000000000000E+00   0.323437500000E+03  -0.438656542000E-10   0.000000000000E+00
  289.   0.375781250000E+03  -0.195045883074E-09   0.000000000000E+00   0.324218750000E+03  -0.718072598379E-10   0.000000000000E+00
  290.   0.375000000000E+03  -0.869643922317E-10   0.000000000000E+00   0.325000000000E+03  -0.279034631667E-10   0.000000000000E+00
  291.   0.374218750000E+03  -0.148289299692E-09   0.000000000000E+00   0.325781250000E+03  -0.353561983062E-10   0.000000000000E+00
  292.   0.373437500000E+03  -0.612525761030E-10   0.000000000000E+00   0.326562500000E+03  -0.741773626565E-11   0.000000000000E+00
  293.   0.372656250000E+03  -0.910137123050E-10   0.000000000000E+00   0.327343750000E+03   0.113082932688E-10   0.000000000000E+00
  294.   0.371875000000E+03  -0.296939084082E-10   0.000000000000E+00   0.328125000000E+03   0.187563148729E-10   0.000000000000E+00
  295.   0.371093750000E+03  -0.205658430747E-10   0.000000000000E+00   0.328906250000E+03   0.708197136707E-10   0.000000000000E+00
  296.   0.370312500000E+03   0.918782970009E-11   0.000000000000E+00   0.329687500000E+03   0.520867163767E-10   0.000000000000E+00
  297.   0.369531250000E+03   0.663887399319E-10   0.000000000000E+00   0.330468750000E+03   0.146501716220E-09   0.000000000000E+00
  298.   0.368750000000E+03   0.572502744329E-10   0.000000000000E+00   0.331250000000E+03   0.944285415006E-10   0.000000000000E+00
  299.   0.367968750000E+03   0.174054257501E-09   0.000000000000E+00   0.332031250000E+03   0.242562205069E-09   0.000000000000E+00
  300.   0.367187500000E+03   0.116840120697E-09   0.000000000000E+00   0.332812500000E+03   0.148134749764E-09   0.000000000000E+00
  301.   0.366406250000E+03   0.307760774016E-09   0.000000000000E+00   0.333593750000E+03   0.364356832485E-09   0.000000000000E+00
  302.   0.365625000000E+03   0.190946047258E-09   0.000000000000E+00   0.334375000000E+03   0.216213197127E-09   0.000000000000E+00
  303.   0.364843750000E+03   0.474318643158E-09   0.000000000000E+00   0.335156250000E+03   0.518753594294E-09   0.000000000000E+00
  304.   0.364062500000E+03   0.283402414377E-09   0.000000000000E+00   0.335937500000E+03   0.302536399363E-09   0.000000000000E+00
  305.   0.363281250000E+03   0.682554432040E-09   0.000000000000E+00   0.336718750000E+03   0.714681587436E-09   0.000000000000E+00
  306.   0.362500000000E+03   0.399274037151E-09   0.000000000000E+00   0.337500000000E+03   0.412231743539E-09   0.000000000000E+00
  307.   0.361718750000E+03   0.944091621414E-09   0.000000000000E+00   0.338281250000E+03   0.963930840201E-09   0.000000000000E+00
  308.   0.360937500000E+03   0.545228883408E-09   0.000000000000E+00   0.339062500000E+03   0.552068736092E-09   0.000000000000E+00
  309.   0.360156250000E+03   0.127481752420E-08   0.000000000000E+00   0.339843750000E+03   0.128263946305E-08   0.000000000000E+00
  310.   0.359375000000E+03   0.731224643798E-09   0.000000000000E+00   0.340625000000E+03   0.732141675656E-09   0.000000000000E+00
  311.   0.358593750000E+03   0.169698798222E-08   0.000000000000E+00   0.341406250000E+03   0.169344273060E-08   0.000000000000E+00
  312.   0.357812500000E+03   0.970407362942E-09   0.000000000000E+00   0.342187500000E+03   0.965824575064E-09   0.000000000000E+00
  313.   0.357031250000E+03   0.224470094154E-08   0.000000000000E+00   0.342968750000E+03   0.223097753471E-08   0.000000000000E+00
  314.   0.356250000000E+03   0.129021329246E-08   0.000000000000E+00   0.343750000000E+03   0.128081870534E-08   0.000000000000E+00
  315.   0.355468750000E+03   0.297384112337E-08   0.000000000000E+00   0.344531250000E+03   0.295193698854E-08   0.000000000000E+00
  316.   0.354687500000E+03   0.173060929740E-08   0.000000000000E+00   0.345312500000E+03   0.171748423528E-08   0.000000000000E+00
  317.   0.353906250000E+03   0.398423283516E-08   0.000000000000E+00   0.346093750000E+03   0.395746364449E-08   0.000000000000E+00
  318.   0.353125000000E+03   0.237897668276E-08   0.000000000000E+00   0.346875000000E+03   0.236461769650E-08   0.000000000000E+00
  319.   0.352343750000E+03   0.558390260901E-08   0.000000000000E+00   0.347656250000E+03   0.555711440444E-08   0.000000000000E+00
  320.   0.351562500000E+03   0.379407510547E-08   0.000000000000E+00   0.348437500000E+03   0.377899030744E-08   0.000000000000E+00
  321.   0.350781250000E+03   0.825854015019E-08   0.000000000000E+00   0.349218750000E+03   0.824654561447E-08   0.000000000000E+00
  322.   0.350000000000E+03   0.125604044083E-07   0.000000000000E+00   0.350000000000E+03   0.125604044619E-07   0.000000000000E+00
  323.   0.349218750000E+03   0.824654550865E-08   0.000000000000E+00   0.350781250000E+03   0.825854026150E-08   0.000000000000E+00
  324.   0.348437500000E+03   0.377899025907E-08   0.000000000000E+00   0.351562500000E+03   0.379407514845E-08   0.000000000000E+00
  325.   0.347656250000E+03   0.555711430797E-08   0.000000000000E+00   0.352343750000E+03   0.558390271597E-08   0.000000000000E+00
  326.   0.346875000000E+03   0.236461764334E-08   0.000000000000E+00   0.353125000000E+03   0.237897671823E-08   0.000000000000E+00
  327.   0.346093750000E+03   0.395746355294E-08   0.000000000000E+00   0.353906250000E+03   0.398423293086E-08   0.000000000000E+00
  328.   0.345312500000E+03   0.171748418116E-08   0.000000000000E+00   0.354687500000E+03   0.173060933824E-08   0.000000000000E+00
  329.   0.344531250000E+03   0.295193690070E-08   0.000000000000E+00   0.355468750000E+03   0.297384121170E-08   0.000000000000E+00
  330.   0.343750000000E+03   0.128081865468E-08   0.000000000000E+00   0.356250000000E+03   0.129021334091E-08   0.000000000000E+00
  331.   0.342968750000E+03   0.223097745113E-08   0.000000000000E+00   0.357031250000E+03   0.224470103259E-08   0.000000000000E+00
  332.   0.342187500000E+03   0.965824534029E-09   0.000000000000E+00   0.357812500000E+03   0.970407401702E-09   0.000000000000E+00
  333.   0.341406250000E+03   0.169344265271E-08   0.000000000000E+00   0.358593750000E+03   0.169698807217E-08   0.000000000000E+00
  334.   0.340625000000E+03   0.732141638503E-09   0.000000000000E+00   0.359375000000E+03   0.731224695575E-09   0.000000000000E+00
  335.   0.339843750000E+03   0.128263938845E-08   0.000000000000E+00   0.360156250000E+03   0.127481760921E-08   0.000000000000E+00
  336.   0.339062500000E+03   0.552068683643E-09   0.000000000000E+00   0.360937500000E+03   0.545228922810E-09   0.000000000000E+00
  337.   0.338281250000E+03   0.963930765211E-09   0.000000000000E+00   0.361718750000E+03   0.944091707083E-09   0.000000000000E+00
  338.   0.337500000000E+03   0.412231686533E-09   0.000000000000E+00   0.362500000000E+03   0.399274071924E-09   0.000000000000E+00
  339.   0.336718750000E+03   0.714681506843E-09   0.000000000000E+00   0.363281250000E+03   0.682554525485E-09   0.000000000000E+00
  340.   0.335937500000E+03   0.302536359552E-09   0.000000000000E+00   0.364062500000E+03   0.283402473619E-09   0.000000000000E+00
  341.   0.335156250000E+03   0.518753515225E-09   0.000000000000E+00   0.364843750000E+03   0.474318740987E-09   0.000000000000E+00
  342.   0.334375000000E+03   0.216213160995E-09   0.000000000000E+00   0.365625000000E+03   0.190946087497E-09   0.000000000000E+00
  343.   0.333593750000E+03   0.364356751272E-09   0.000000000000E+00   0.366406250000E+03   0.307760871881E-09   0.000000000000E+00
  344.   0.332812500000E+03   0.148134708842E-09   0.000000000000E+00   0.367187500000E+03   0.116840168251E-09   0.000000000000E+00
  345.   0.332031250000E+03   0.242562119146E-09   0.000000000000E+00   0.367968750000E+03   0.174054349004E-09   0.000000000000E+00
  346.   0.331250000000E+03   0.944284938259E-10   0.000000000000E+00   0.368750000000E+03   0.572503216225E-10   0.000000000000E+00
  347.   0.330468750000E+03   0.146501626943E-09   0.000000000000E+00   0.369531250000E+03   0.663888290104E-10   0.000000000000E+00
  348.   0.329687500000E+03   0.520866704239E-10   0.000000000000E+00   0.370312500000E+03   0.918786266674E-11   0.000000000000E+00
  349.   0.328906250000E+03   0.708196248308E-10   0.000000000000E+00   0.371093750000E+03  -0.205657588397E-10   0.000000000000E+00
  350.   0.328125000000E+03   0.187562651133E-10   0.000000000000E+00   0.371875000000E+03  -0.296938751441E-10   0.000000000000E+00
  351.   0.327343750000E+03   0.113082082389E-10   0.000000000000E+00   0.372656250000E+03  -0.910136304863E-10   0.000000000000E+00
  352.   0.326562500000E+03  -0.741778982891E-11   0.000000000000E+00   0.373437500000E+03  -0.612525311123E-10   0.000000000000E+00
  353.   0.325781250000E+03  -0.353562867423E-10   0.000000000000E+00   0.374218750000E+03  -0.148289217941E-09   0.000000000000E+00
  354.   0.325000000000E+03  -0.279035084677E-10   0.000000000000E+00   0.375000000000E+03  -0.869643436994E-10   0.000000000000E+00
  355.   0.324218750000E+03  -0.718073551543E-10   0.000000000000E+00   0.375781250000E+03  -0.195045790306E-09   0.000000000000E+00
  356.   0.323437500000E+03  -0.438656908967E-10   0.000000000000E+00   0.376562500000E+03  -0.108005614576E-09   0.000000000000E+00
  357.   0.322656250000E+03  -0.100135878736E-09   0.000000000000E+00   0.377343750000E+03  -0.233399069550E-09   0.000000000000E+00
  358.   0.321875000000E+03  -0.562299413428E-10   0.000000000000E+00   0.378125000000E+03  -0.125315221707E-09   0.000000000000E+00
  359.   0.321093750000E+03  -0.122004003723E-09   0.000000000000E+00   0.378906250000E+03  -0.265038305670E-09   0.000000000000E+00
  360.   0.320312500000E+03  -0.657324068385E-10   0.000000000000E+00   0.379687500000E+03  -0.139643145073E-09   0.000000000000E+00
  361.   0.319531250000E+03  -0.138734045845E-09   0.000000000000E+00   0.380468750000E+03  -0.291313291805E-09   0.000000000000E+00
  362.   0.318750000000E+03  -0.729589999577E-10   0.000000000000E+00   0.381250000000E+03  -0.151588924225E-09   0.000000000000E+00
  363.   0.317968750000E+03  -0.151378474736E-09   0.000000000000E+00   0.382031250000E+03  -0.313303119188E-09   0.000000000000E+00
  364.   0.317187500000E+03  -0.783761383679E-10   0.000000000000E+00   0.382812500000E+03  -0.161632010316E-09   0.000000000000E+00
  365.   0.316406250000E+03  -0.160775208549E-09   0.000000000000E+00   0.383593750000E+03  -0.331870729094E-09   0.000000000000E+00
  366.   0.315625000000E+03  -0.823552316424E-10   0.000000000000E+00   0.384375000000E+03  -0.170155797111E-09   0.000000000000E+00
  367.   0.314843750000E+03  -0.167591483250E-09   0.000000000000E+00   0.385156250000E+03  -0.347706360533E-09   0.000000000000E+00
  368.   0.314062500000E+03  -0.851920586241E-10   0.000000000000E+00   0.385937500000E+03  -0.177467016576E-09   0.000000000000E+00
  369.   0.313281250000E+03  -0.172358677565E-09   0.000000000000E+00   0.386718750000E+03  -0.361362131303E-09   0.000000000000E+00
  370.   0.312500000000E+03  -0.871221714330E-10   0.000000000000E+00   0.387500000000E+03  -0.183811035363E-09   0.000000000000E+00
  371.   0.311718750000E+03  -0.175499991458E-09   0.000000000000E+00   0.388281250000E+03  -0.373279731257E-09   0.000000000000E+00
  372.   0.310937500000E+03  -0.883331829976E-10   0.000000000000E+00   0.389062500000E+03  -0.189384164415E-09   0.000000000000E+00
  373.   0.310156250000E+03  -0.177352496141E-09   0.000000000000E+00   0.389843750000E+03  -0.383812504892E-09   0.000000000000E+00
  374.   0.309375000000E+03  -0.889745373016E-10   0.000000000000E+00   0.390625000000E+03  -0.194343399320E-09   0.000000000000E+00
  375.   0.308593750000E+03  -0.178184661769E-09   0.000000000000E+00   0.391406250000E+03  -0.393243132056E-09   0.000000000000E+00
  376.   0.307812500000E+03  -0.891652587472E-10   0.000000000000E+00   0.392187500000E+03  -0.198814407184E-09   0.000000000000E+00
  377.   0.307031250000E+03  -0.178210316641E-09   0.000000000000E+00   0.392968750000E+03  -0.401797780407E-09   0.000000000000E+00
  378.   0.306250000000E+03  -0.890001404860E-10   0.000000000000E+00   0.393750000000E+03  -0.202897727908E-09   0.000000000000E+00
  379.   0.305468750000E+03  -0.177599770634E-09   0.000000000000E+00   0.394531250000E+03  -0.409657360942E-09   0.000000000000E+00
  380.   0.304687500000E+03  -0.885546825428E-10   0.000000000000E+00   0.395312500000E+03  -0.206673714039E-09   0.000000000000E+00
  381.   0.303906250000E+03  -0.176488674221E-09   0.000000000000E+00   0.396093750000E+03  -0.416966625691E-09   0.000000000000E+00
  382.   0.303125000000E+03  -0.878890375647E-10   0.000000000000E+00   0.396875000000E+03  -0.210206705314E-09   0.000000000000E+00
  383.   0.302343750000E+03  -0.174985063822E-09   0.000000000000E+00   0.397656250000E+03  -0.423841347376E-09   0.000000000000E+00
  384.   0.301562500000E+03  -0.870510810293E-10   0.000000000000E+00   0.398437500000E+03  -0.213548190123E-09   0.000000000000E+00
  385.   0.300781250000E+03  -0.173174979197E-09   0.000000000000E+00   0.399218750000E+03  -0.430374155625E-09   0.000000000000E+00
  386.   0.300000000000E+03  -0.860789681589E-10   0.000000000000E+00   0.400000000000E+03  -0.216739270110E-09   0.000000000000E+00
  387.   0.299218750000E+03  -0.171126940971E-09   0.000000000000E+00   0.400781250000E+03  -0.436639134863E-09   0.000000000000E+00
  388.   0.298437500000E+03  -0.850030761275E-10   0.000000000000E+00   0.401562500000E+03  -0.219812924801E-09   0.000000000000E+00
  389.   0.297656250000E+03  -0.168895523010E-09   0.000000000000E+00   0.402343750000E+03  -0.442695528889E-09   0.000000000000E+00
  390.   0.296875000000E+03  -0.838475883594E-10   0.000000000000E+00   0.403125000000E+03  -0.222795444936E-09   0.000000000000E+00
  391.   0.296093750000E+03  -0.166524177458E-09   0.000000000000E+00   0.403906250000E+03  -0.448590733356E-09   0.000000000000E+00
  392.   0.295312500000E+03  -0.826317764764E-10   0.000000000000E+00   0.404687500000E+03  -0.225707910769E-09   0.000000000000E+00
  393.   0.294531250000E+03  -0.164047504424E-09   0.000000000000E+00   0.405468750000E+03  -0.454362639794E-09   0.000000000000E+00
  394.   0.293750000000E+03  -0.813709599755E-10   0.000000000000E+00   0.406250000000E+03  -0.228567148256E-09   0.000000000000E+00
  395.   0.292968750000E+03  -0.161493046709E-09   0.000000000000E+00   0.407031250000E+03  -0.460041535912E-09   0.000000000000E+00
  396.   0.292187500000E+03  -0.800773593042E-10   0.000000000000E+00   0.407812500000E+03  -0.231386595847E-09   0.000000000000E+00
  397.   0.291406250000E+03  -0.158882732128E-09   0.000000000000E+00   0.408593750000E+03  -0.465651642943E-09   0.000000000000E+00
  398.   0.290625000000E+03  -0.787606964313E-10   0.000000000000E+00   0.409375000000E+03  -0.234177048635E-09   0.000000000000E+00
  399.   0.289843750000E+03  -0.156234016584E-09   0.000000000000E+00   0.410156250000E+03  -0.471212327971E-09   0.000000000000E+00
  400.   0.289062500000E+03  -0.774286893455E-10   0.000000000000E+00   0.410937500000E+03  -0.236947065591E-09   0.000000000000E+00
  401.   0.288281250000E+03  -0.153560784999E-09   0.000000000000E+00   0.411718750000E+03  -0.476739030377E-09   0.000000000000E+00
  402.   0.287500000000E+03  -0.760875079475E-10   0.000000000000E+00   0.412500000000E+03  -0.239703520610E-09   0.000000000000E+00
  403.   0.286718750000E+03  -0.150874093224E-09   0.000000000000E+00   0.413281250000E+03  -0.482244105164E-09   0.000000000000E+00
  404.   0.285937500000E+03  -0.747420378908E-10   0.000000000000E+00   0.414062500000E+03  -0.242451912806E-09   0.000000000000E+00
  405.   0.285156250000E+03  -0.148182725016E-09   0.000000000000E+00   0.414843750000E+03  -0.487737423089E-09   0.000000000000E+00
  406.   0.284375000000E+03  -0.733961743794E-10   0.000000000000E+00   0.415625000000E+03  -0.245196622892E-09   0.000000000000E+00
  407.   0.283593750000E+03  -0.145493665923E-09   0.000000000000E+00   0.416406250000E+03  -0.493226851186E-09   0.000000000000E+00
  408.   0.282812500000E+03  -0.720530098990E-10   0.000000000000E+00   0.417187500000E+03  -0.247941109398E-09   0.000000000000E+00
  409.   0.282031250000E+03  -0.142812466657E-09   0.000000000000E+00   0.417968750000E+03  -0.498718640683E-09   0.000000000000E+00
  410.   0.281250000000E+03  -0.707150037732E-10   0.000000000000E+00   0.418750000000E+03  -0.250688189385E-09   0.000000000000E+00
  411.   0.280468750000E+03  -0.140143533682E-09   0.000000000000E+00   0.419531250000E+03  -0.504217798907E-09   0.000000000000E+00
  412.   0.279687500000E+03  -0.693841076021E-10   0.000000000000E+00   0.420312500000E+03  -0.253440061388E-09   0.000000000000E+00
  413.   0.278906250000E+03  -0.137490366842E-09   0.000000000000E+00   0.421093750000E+03  -0.509728288758E-09   0.000000000000E+00
  414.   0.278125000000E+03  -0.680618656005E-10   0.000000000000E+00   0.421875000000E+03  -0.256198460821E-09   0.000000000000E+00
  415.   0.277343750000E+03  -0.134855742086E-09   0.000000000000E+00   0.422656250000E+03  -0.515253279513E-09   0.000000000000E+00
  416.   0.276562500000E+03  -0.667495080683E-10   0.000000000000E+00   0.423437500000E+03  -0.258964823229E-09   0.000000000000E+00
  417.   0.275781250000E+03  -0.132241853063E-09   0.000000000000E+00   0.424218750000E+03  -0.520795283511E-09   0.000000000000E+00
  418.   0.275000000000E+03  -0.654479878932E-10   0.000000000000E+00   0.425000000000E+03  -0.261740240299E-09   0.000000000000E+00
  419.   0.274218750000E+03  -0.129650430082E-09   0.000000000000E+00   0.425781250000E+03  -0.526356273859E-09   0.000000000000E+00
  420.   0.273437500000E+03  -0.641580921368E-10   0.000000000000E+00   0.426562500000E+03  -0.264525584512E-09   0.000000000000E+00
  421.   0.272656250000E+03  -0.127082843638E-09   0.000000000000E+00   0.427343750000E+03  -0.531937800343E-09   0.000000000000E+00
  422.   0.271875000000E+03  -0.628804105896E-10   0.000000000000E+00   0.428125000000E+03  -0.267321516823E-09   0.000000000000E+00
  423.   0.271093750000E+03  -0.124540173036E-09   0.000000000000E+00   0.428906250000E+03  -0.537541094068E-09   0.000000000000E+00
  424.   0.270312500000E+03  -0.616154255481E-10   0.000000000000E+00   0.429687500000E+03  -0.270128620080E-09   0.000000000000E+00
  425.   0.269531250000E+03  -0.122023255454E-09   0.000000000000E+00   0.430468750000E+03  -0.543167121855E-09   0.000000000000E+00
  426.   0.268750000000E+03  -0.603635016757E-10   0.000000000000E+00   0.431250000000E+03  -0.272947315336E-09   0.000000000000E+00
  427.   0.267968750000E+03  -0.119532746192E-09   0.000000000000E+00   0.432031250000E+03  -0.548816643059E-09   0.000000000000E+00
  428.   0.267187500000E+03  -0.591249181287E-10   0.000000000000E+00   0.432812500000E+03  -0.275777907968E-09   0.000000000000E+00
  429.   0.266406250000E+03  -0.117069155460E-09   0.000000000000E+00   0.433593750000E+03  -0.554490218551E-09   0.000000000000E+00
  430.   0.265625000000E+03  -0.578999005403E-10   0.000000000000E+00   0.434375000000E+03  -0.278620641739E-09   0.000000000000E+00
  431.   0.264843750000E+03  -0.114632877061E-09   0.000000000000E+00   0.435156250000E+03  -0.560188283113E-09   0.000000000000E+00
  432.   0.264062500000E+03  -0.566886248533E-10   0.000000000000E+00   0.435937500000E+03  -0.281475734182E-09   0.000000000000E+00
  433.   0.263281250000E+03  -0.112224207968E-09   0.000000000000E+00   0.436718750000E+03  -0.565911177600E-09   0.000000000000E+00
  434.   0.262500000000E+03  -0.554912147446E-10   0.000000000000E+00   0.437500000000E+03  -0.284343280789E-09   0.000000000000E+00
  435.   0.261718750000E+03  -0.109843365823E-09   0.000000000000E+00   0.438281250000E+03  -0.571659122717E-09   0.000000000000E+00
  436.   0.260937500000E+03  -0.543077668140E-10   0.000000000000E+00   0.439062500000E+03  -0.287223421264E-09   0.000000000000E+00
  437.   0.260156250000E+03  -0.107490511690E-09   0.000000000000E+00   0.439843750000E+03  -0.577432306821E-09   0.000000000000E+00
  438.   0.259375000000E+03  -0.531383345940E-10   0.000000000000E+00   0.440625000000E+03  -0.290116200140E-09   0.000000000000E+00
  439.   0.258593750000E+03  -0.105165761136E-09   0.000000000000E+00   0.441406250000E+03  -0.583230829226E-09   0.000000000000E+00
  440.   0.257812500000E+03  -0.519829797147E-10   0.000000000000E+00   0.442187500000E+03  -0.293021675970E-09   0.000000000000E+00
  441.   0.257031250000E+03  -0.102869187110E-09   0.000000000000E+00   0.442968750000E+03  -0.589054766789E-09   0.000000000000E+00
  442.   0.256250000000E+03  -0.508417228179E-10   0.000000000000E+00   0.443750000000E+03  -0.295939846154E-09   0.000000000000E+00
  443.   0.255468750000E+03  -0.100600835859E-09   0.000000000000E+00   0.444531250000E+03  -0.594904154119E-09   0.000000000000E+00
  444.   0.254687500000E+03  -0.497145888896E-10   0.000000000000E+00   0.445312500000E+03  -0.298870802136E-09   0.000000000000E+00
  445.   0.253906250000E+03  -0.983607285681E-10   0.000000000000E+00   0.446093750000E+03  -0.600779003737E-09   0.000000000000E+00
  446.   0.253125000000E+03  -0.486015745128E-10   0.000000000000E+00   0.446875000000E+03  -0.301814468511E-09   0.000000000000E+00
  447.   0.252343750000E+03  -0.961488603180E-10   0.000000000000E+00   0.447656250000E+03  -0.606679302509E-09   0.000000000000E+00
  448.   0.251562500000E+03  -0.475026721437E-10   0.000000000000E+00   0.448437500000E+03  -0.304770818877E-09   0.000000000000E+00
  449.   0.250781250000E+03  -0.939652171754E-10   0.000000000000E+00   0.449218750000E+03  -0.612604991823E-09   0.000000000000E+00
  450.   0.250000000000E+03  -0.464178767799E-10   0.000000000000E+00   0.450000000000E+03  -0.307739851850E-09   0.000000000000E+00
  451.   0.249218750000E+03  -0.918097684841E-10   0.000000000000E+00   0.450781250000E+03  -0.618556018662E-09   0.000000000000E+00
  452.   0.248437500000E+03  -0.453471665213E-10   0.000000000000E+00   0.451562500000E+03  -0.310721561676E-09   0.000000000000E+00
  453.   0.247656250000E+03  -0.896824766956E-10   0.000000000000E+00   0.452343750000E+03  -0.624532328801E-09   0.000000000000E+00
  454.   0.246875000000E+03  -0.442905176552E-10   0.000000000000E+00   0.453125000000E+03  -0.313715870055E-09   0.000000000000E+00
  455.   0.246093750000E+03  -0.875832931104E-10   0.000000000000E+00   0.453906250000E+03  -0.630533849141E-09   0.000000000000E+00
  456.   0.245312500000E+03  -0.432479084758E-10   0.000000000000E+00   0.454687500000E+03  -0.316722780119E-09   0.000000000000E+00
  457.   0.244531250000E+03  -0.855121629854E-10   0.000000000000E+00   0.455468750000E+03  -0.636560517580E-09   0.000000000000E+00
  458.   0.243750000000E+03  -0.422193155319E-10   0.000000000000E+00   0.456250000000E+03  -0.319742265083E-09   0.000000000000E+00
  459.   0.242968750000E+03  -0.834690217232E-10   0.000000000000E+00   0.457031250000E+03  -0.642612233299E-09   0.000000000000E+00
  460.   0.242187500000E+03  -0.412046933707E-10   0.000000000000E+00   0.457812500000E+03  -0.322774222900E-09   0.000000000000E+00
  461.   0.241406250000E+03  -0.814538041362E-10   0.000000000000E+00   0.458593750000E+03  -0.648688896056E-09   0.000000000000E+00
  462.   0.240625000000E+03  -0.402040124285E-10   0.000000000000E+00   0.459375000000E+03  -0.325818645444E-09   0.000000000000E+00
  463.   0.239843750000E+03  -0.794664409723E-10   0.000000000000E+00   0.460156250000E+03  -0.654790444044E-09   0.000000000000E+00
  464.   0.239062500000E+03  -0.392172375795E-10   0.000000000000E+00   0.460937500000E+03  -0.328875466410E-09   0.000000000000E+00
  465.   0.238281250000E+03  -0.775068599181E-10   0.000000000000E+00   0.461718750000E+03  -0.660916746688E-09   0.000000000000E+00
  466.   0.237500000000E+03  -0.382443311013E-10   0.000000000000E+00   0.462500000000E+03  -0.331944634377E-09   0.000000000000E+00
  467.   0.236718750000E+03  -0.755749833739E-10   0.000000000000E+00   0.463281250000E+03  -0.667067720211E-09   0.000000000000E+00
  468.   0.235937500000E+03  -0.372852567418E-10   0.000000000000E+00   0.464062500000E+03  -0.335026155608E-09   0.000000000000E+00
  469.   0.235156250000E+03  -0.736707328658E-10   0.000000000000E+00   0.464843750000E+03  -0.673243267415E-09   0.000000000000E+00
  470.   0.234375000000E+03  -0.363399750407E-10   0.000000000000E+00   0.465625000000E+03  -0.338119917754E-09   0.000000000000E+00
  471.   0.233593750000E+03  -0.717940259617E-10   0.000000000000E+00   0.466406250000E+03  -0.679443292113E-09   0.000000000000E+00
  472.   0.232812500000E+03  -0.354084392841E-10   0.000000000000E+00   0.467187500000E+03  -0.341225892360E-09   0.000000000000E+00
  473.   0.232031250000E+03  -0.699447828086E-10   0.000000000000E+00   0.467968750000E+03  -0.685667689801E-09   0.000000000000E+00
  474.   0.231250000000E+03  -0.344906141585E-10   0.000000000000E+00   0.468750000000E+03  -0.344343989781E-09   0.000000000000E+00
  475.   0.230468750000E+03  -0.681229197395E-10   0.000000000000E+00   0.469531250000E+03  -0.691916337092E-09   0.000000000000E+00
  476.   0.229687500000E+03  -0.335864508466E-10   0.000000000000E+00   0.470312500000E+03  -0.347474205384E-09   0.000000000000E+00
  477.   0.228906250000E+03  -0.663283507234E-10   0.000000000000E+00   0.471093750000E+03  -0.698189146882E-09   0.000000000000E+00
  478.   0.228125000000E+03  -0.326959151182E-10   0.000000000000E+00   0.471875000000E+03  -0.350616457925E-09   0.000000000000E+00
  479.   0.227343750000E+03  -0.645609874569E-10   0.000000000000E+00   0.472656250000E+03  -0.704486015849E-09   0.000000000000E+00
  480.   0.226562500000E+03  -0.318189536908E-10   0.000000000000E+00   0.473437500000E+03  -0.353770713949E-09   0.000000000000E+00
  481.   0.225781250000E+03  -0.628207426480E-10   0.000000000000E+00   0.474218750000E+03  -0.710806844132E-09   0.000000000000E+00
  482.   0.225000000000E+03  -0.309555265458E-10   0.000000000000E+00   0.475000000000E+03  -0.356936948090E-09   0.000000000000E+00
  483.   0.224218750000E+03  -0.611075264672E-10   0.000000000000E+00   0.475781250000E+03  -0.717151527646E-09   0.000000000000E+00
  484.   0.223437500000E+03  -0.301055915437E-10   0.000000000000E+00   0.476562500000E+03  -0.360115106682E-09   0.000000000000E+00
  485.   0.222656250000E+03  -0.594212520661E-10   0.000000000000E+00   0.477343750000E+03  -0.723519967887E-09   0.000000000000E+00
  486.   0.221875000000E+03  -0.292691037977E-10   0.000000000000E+00   0.478125000000E+03  -0.363305083566E-09   0.000000000000E+00
  487.   0.221093750000E+03  -0.577618311220E-10   0.000000000000E+00   0.478906250000E+03  -0.729912044276E-09   0.000000000000E+00
  488.   0.220312500000E+03  -0.284460114522E-10   0.000000000000E+00   0.479687500000E+03  -0.366506874899E-09   0.000000000000E+00
  489.   0.219531250000E+03  -0.561291713807E-10   0.000000000000E+00   0.480468750000E+03  -0.736327683739E-09   0.000000000000E+00
  490.   0.218750000000E+03  -0.276362771869E-10   0.000000000000E+00   0.481250000000E+03  -0.369720398772E-09   0.000000000000E+00
  491.   0.217968750000E+03  -0.545231843831E-10   0.000000000000E+00   0.482031250000E+03  -0.742766743838E-09   0.000000000000E+00
  492.   0.217187500000E+03  -0.268398537777E-10   0.000000000000E+00   0.482812500000E+03  -0.372945620873E-09   0.000000000000E+00
  493.   0.216406250000E+03  -0.529437829445E-10   0.000000000000E+00   0.483593750000E+03  -0.749229157808E-09   0.000000000000E+00
  494.   0.215625000000E+03  -0.260566974562E-10   0.000000000000E+00   0.484375000000E+03  -0.376182463622E-09   0.000000000000E+00
  495.   0.214843750000E+03  -0.513908800823E-10   0.000000000000E+00   0.485156250000E+03  -0.755714824305E-09   0.000000000000E+00
  496.   0.214062500000E+03  -0.252867675938E-10   0.000000000000E+00   0.485937500000E+03  -0.379430938072E-09   0.000000000000E+00
  497.   0.213281250000E+03  -0.498643906114E-10   0.000000000000E+00   0.486718750000E+03  -0.762223617709E-09   0.000000000000E+00
  498.   0.212500000000E+03  -0.245300187250E-10   0.000000000000E+00   0.487500000000E+03  -0.382690932054E-09   0.000000000000E+00
  499.   0.211718750000E+03  -0.483642326917E-10   0.000000000000E+00   0.488281250000E+03  -0.768755460010E-09   0.000000000000E+00
  500.   0.210937500000E+03  -0.237864113318E-10   0.000000000000E+00   0.489062500000E+03  -0.385962413580E-09   0.000000000000E+00
  501.   0.210156250000E+03  -0.468903279086E-10   0.000000000000E+00   0.489843750000E+03  -0.775310232838E-09   0.000000000000E+00
  502.   0.209375000000E+03  -0.230559088580E-10   0.000000000000E+00   0.490625000000E+03  -0.389245382736E-09   0.000000000000E+00
  503.   0.208593750000E+03  -0.454426024762E-10   0.000000000000E+00   0.491406250000E+03  -0.781887825906E-09   0.000000000000E+00
  504.   0.207812500000E+03  -0.223384743113E-10   0.000000000000E+00   0.492187500000E+03  -0.392539668676E-09   0.000000000000E+00
  505.   0.207031250000E+03  -0.440209922301E-10   0.000000000000E+00   0.492968750000E+03  -0.788488164310E-09   0.000000000000E+00
  506.   0.206250000000E+03  -0.216340801442E-10   0.000000000000E+00   0.493750000000E+03  -0.395845353324E-09   0.000000000000E+00
  507.   0.205468750000E+03  -0.426254393070E-10   0.000000000000E+00   0.494531250000E+03  -0.795111146203E-09   0.000000000000E+00
  508.   0.204687500000E+03  -0.209426967894E-10   0.000000000000E+00   0.495312500000E+03  -0.399162324957E-09   0.000000000000E+00
  509.   0.203906250000E+03  -0.412558984294E-10   0.000000000000E+00   0.496093750000E+03  -0.801756673025E-09   0.000000000000E+00
  510.   0.203125000000E+03  -0.202643063488E-10   0.000000000000E+00   0.496875000000E+03  -0.402490522031E-09   0.000000000000E+00
  511.   0.202343750000E+03  -0.399123374537E-10   0.000000000000E+00   0.497656250000E+03  -0.808424645818E-09   0.000000000000E+00
  512.   0.201562500000E+03  -0.195988969252E-10   0.000000000000E+00   0.498437500000E+03  -0.405829942061E-09   0.000000000000E+00
  513.   0.200781250000E+03  -0.385947444834E-10   0.000000000000E+00   0.499218750000E+03  -0.815114978064E-09   0.000000000000E+00
  514.   0.200000000000E+03  -0.189464667206E-10   0.000000000000E+00   0.500000000000E+03  -0.409180507905E-09   0.000000000000E+00
  515.   0.199218750000E+03  -0.373031301893E-10   0.000000000000E+00   0.500781250000E+03  -0.821827568254E-09   0.000000000000E+00
  516.   0.198437500000E+03  -0.183070277782E-10   0.000000000000E+00   0.501562500000E+03  -0.412542167443E-09   0.000000000000E+00
  517.   0.197656250000E+03  -0.360375344711E-10   0.000000000000E+00   0.502343750000E+03  -0.828562308433E-09   0.000000000000E+00
  518.   0.196875000000E+03  -0.176806091350E-10   0.000000000000E+00   0.503125000000E+03  -0.415914893467E-09   0.000000000000E+00
  519.   0.196093750000E+03  -0.347980350911E-10   0.000000000000E+00   0.503906250000E+03  -0.835319115708E-09   0.000000000000E+00
  520.   0.195312500000E+03  -0.170672586263E-10   0.000000000000E+00   0.504687500000E+03  -0.419298613805E-09   0.000000000000E+00
  521.   0.194531250000E+03  -0.335847552276E-10   0.000000000000E+00   0.505468750000E+03  -0.842097877512E-09   0.000000000000E+00
  522.   0.193750000000E+03  -0.164670501207E-10   0.000000000000E+00   0.506250000000E+03  -0.422693306603E-09   0.000000000000E+00
  523.   0.192968750000E+03  -0.323978804243E-10   0.000000000000E+00   0.507031250000E+03  -0.848898541312E-09   0.000000000000E+00
  524.   0.192187500000E+03  -0.158800984195E-10   0.000000000000E+00   0.507812500000E+03  -0.426098899282E-09   0.000000000000E+00
  525.   0.191406250000E+03  -0.312376649732E-10   0.000000000000E+00   0.508593750000E+03  -0.855721007431E-09   0.000000000000E+00
  526.   0.190625000000E+03  -0.153065425566E-10   0.000000000000E+00   0.509375000000E+03  -0.429515397878E-09   0.000000000000E+00
  527.   0.189843750000E+03  -0.301044558666E-10   0.000000000000E+00   0.510156250000E+03  -0.862565168705E-09   0.000000000000E+00
  528.   0.189062500000E+03  -0.147465862644E-10   0.000000000000E+00   0.510937500000E+03  -0.432942673148E-09   0.000000000000E+00
  529.   0.188281250000E+03  -0.289987160215E-10   0.000000000000E+00   0.511718750000E+03  -0.869430938220E-09   0.000000000000E+00
  530.   0.187500000000E+03  -0.142004924392E-10   0.000000000000E+00   0.512500000000E+03  -0.436380751703E-09   0.000000000000E+00
  531.   0.186718750000E+03  -0.279210528912E-10   0.000000000000E+00   0.513281250000E+03  -0.876318233260E-09   0.000000000000E+00
  532.   0.185937500000E+03  -0.136686040003E-10   0.000000000000E+00   0.514062500000E+03  -0.439829623634E-09   0.000000000000E+00
  533.   0.185156250000E+03  -0.268722523760E-10   0.000000000000E+00   0.514843750000E+03  -0.883226982921E-09   0.000000000000E+00
  534.   0.184375000000E+03  -0.131513635900E-10   0.000000000000E+00   0.515625000000E+03  -0.443289192060E-09   0.000000000000E+00
  535.   0.183593750000E+03  -0.258533246460E-10   0.000000000000E+00   0.516406250000E+03  -0.890157055533E-09   0.000000000000E+00
  536.   0.182812500000E+03  -0.126493375756E-10   0.000000000000E+00   0.517187500000E+03  -0.446759333457E-09   0.000000000000E+00
  537.   0.182031250000E+03  -0.248655585251E-10   0.000000000000E+00   0.517968750000E+03  -0.897108401803E-09   0.000000000000E+00
  538.   0.181250000000E+03  -0.121632502473E-10   0.000000000000E+00   0.518750000000E+03  -0.450240091317E-09   0.000000000000E+00
  539.   0.180468750000E+03  -0.239105918540E-10   0.000000000000E+00   0.519531250000E+03  -0.904080935009E-09   0.000000000000E+00
  540.   0.179687500000E+03  -0.116940144873E-10   0.000000000000E+00   0.520312500000E+03  -0.453731450327E-09   0.000000000000E+00
  541.   0.178906250000E+03  -0.229904981408E-10   0.000000000000E+00   0.521093750000E+03  -0.911074565334E-09   0.000000000000E+00
  542.   0.178125000000E+03  -0.112427881458E-10   0.000000000000E+00   0.521875000000E+03  -0.457233340326E-09   0.000000000000E+00
  543.   0.177343750000E+03  -0.221078924970E-10   0.000000000000E+00   0.522656250000E+03  -0.918089185624E-09   0.000000000000E+00
  544.   0.176562500000E+03  -0.108110304831E-10   0.000000000000E+00   0.523437500000E+03  -0.460745662541E-09   0.000000000000E+00
  545.   0.175781250000E+03  -0.212660667485E-10   0.000000000000E+00   0.524218750000E+03  -0.925124735334E-09   0.000000000000E+00
  546.   0.175000000000E+03  -0.104005753315E-10   0.000000000000E+00   0.525000000000E+03  -0.464268512125E-09   0.000000000000E+00
  547.   0.174218750000E+03  -0.204691549072E-10   0.000000000000E+00   0.525781250000E+03  -0.932181138563E-09   0.000000000000E+00
  548.   0.173437500000E+03  -0.100137208768E-10   0.000000000000E+00   0.526562500000E+03  -0.467801719238E-09   0.000000000000E+00
  549.   0.172656250000E+03  -0.197223420924E-10   0.000000000000E+00   0.527343750000E+03  -0.939258294902E-09   0.000000000000E+00
  550.   0.171875000000E+03  -0.965335228685E-11   0.000000000000E+00   0.528125000000E+03  -0.471345295759E-09   0.000000000000E+00
  551.   0.171093750000E+03  -0.190321229913E-10   0.000000000000E+00   0.528906250000E+03  -0.946356127188E-09   0.000000000000E+00
  552.   0.170312500000E+03  -0.932307951688E-11   0.000000000000E+00   0.529687500000E+03  -0.474899159165E-09   0.000000000000E+00
  553.   0.169531250000E+03  -0.184066224650E-10   0.000000000000E+00   0.530468750000E+03  -0.953474510679E-09   0.000000000000E+00
  554.   0.168750000000E+03  -0.902741729213E-11   0.000000000000E+00   0.531250000000E+03  -0.478463325806E-09   0.000000000000E+00
  555.   0.167968750000E+03  -0.178559984555E-10   0.000000000000E+00   0.532031250000E+03  -0.960613412508E-09   0.000000000000E+00
  556.   0.167187500000E+03  -0.877200765289E-11   0.000000000000E+00   0.532812500000E+03  -0.482037653500E-09   0.000000000000E+00
  557.   0.166406250000E+03  -0.173929406373E-10   0.000000000000E+00   0.533593750000E+03  -0.967772726925E-09   0.000000000000E+00
  558.   0.165625000000E+03  -0.856389710666E-11   0.000000000000E+00   0.534375000000E+03  -0.485622158626E-09   0.000000000000E+00
  559.   0.164843750000E+03  -0.170332926332E-10   0.000000000000E+00   0.535156250000E+03  -0.974952345834E-09   0.000000000000E+00
  560.   0.164062500000E+03  -0.841188245457E-11   0.000000000000E+00   0.535937500000E+03  -0.489216881654E-09   0.000000000000E+00
  561.   0.163281250000E+03  -0.167968259000E-10   0.000000000000E+00   0.536718750000E+03  -0.982152188543E-09   0.000000000000E+00
  562.   0.162500000000E+03  -0.832693719432E-11   0.000000000000E+00   0.537500000000E+03  -0.492821626625E-09   0.000000000000E+00
  563.   0.161718750000E+03  -0.167082043653E-10   0.000000000000E+00   0.538281250000E+03  -0.989372144348E-09   0.000000000000E+00
  564.   0.160937500000E+03  -0.832275015047E-11   0.000000000000E+00   0.539062500000E+03  -0.496436437315E-09   0.000000000000E+00
  565.   0.160156250000E+03  -0.167981841798E-10   0.000000000000E+00   0.539843750000E+03  -0.996612113939E-09   0.000000000000E+00
  566.   0.159375000000E+03  -0.841638762878E-11   0.000000000000E+00   0.540625000000E+03  -0.500061183247E-09   0.000000000000E+00
  567.   0.158593750000E+03  -0.171051081826E-10   0.000000000000E+00   0.541406250000E+03  -0.100387196982E-08   0.000000000000E+00
  568.   0.157812500000E+03  -0.862912336514E-11   0.000000000000E+00   0.542187500000E+03  -0.503695890463E-09   0.000000000000E+00
  569.   0.157031250000E+03  -0.176767650046E-10   0.000000000000E+00   0.542968750000E+03  -0.101115158308E-08   0.000000000000E+00
  570.   0.156250000000E+03  -0.898747091031E-11   0.000000000000E+00   0.543750000000E+03  -0.507340408844E-09   0.000000000000E+00
  571.   0.155468750000E+03  -0.185727041205E-10   0.000000000000E+00   0.544531250000E+03  -0.101845083874E-08   0.000000000000E+00
  572.   0.154687500000E+03  -0.952446302022E-11   0.000000000000E+00   0.545312500000E+03  -0.510994732793E-09   0.000000000000E+00
  573.   0.153906250000E+03  -0.198671161249E-10   0.000000000000E+00   0.546093750000E+03  -0.102576958681E-08   0.000000000000E+00
  574.   0.153125000000E+03  -0.102812537268E-10   0.000000000000E+00   0.546875000000E+03  -0.514658716447E-09   0.000000000000E+00
  575.   0.152343750000E+03  -0.216524174182E-10   0.000000000000E+00   0.547656250000E+03  -0.103310758129E-08   0.000000000000E+00
  576.   0.151562500000E+03  -0.113091019080E-10   0.000000000000E+00   0.548437500000E+03  -0.518332304359E-09   0.000000000000E+00
  577.   0.150781250000E+03  -0.240437103930E-10   0.000000000000E+00   0.549218750000E+03  -0.104046462638E-08   0.000000000000E+00
  578.   0.150000000000E+03  -0.126718454364E-10   0.000000000000E+00   0.550000000000E+03  -0.522015337480E-09   0.000000000000E+00
  579.   0.149218750000E+03  -0.271843324819E-10   0.000000000000E+00   0.550781250000E+03  -0.104784051053E-08   0.000000000000E+00
  580.   0.148437500000E+03  -0.144489773701E-10   0.000000000000E+00   0.551562500000E+03  -0.525707755499E-09   0.000000000000E+00
  581.   0.147656250000E+03  -0.312527600305E-10   0.000000000000E+00   0.552343750000E+03  -0.105523490632E-08   0.000000000000E+00
  582.   0.146875000000E+03  -0.167394717745E-10   0.000000000000E+00   0.553125000000E+03  -0.529409311174E-09   0.000000000000E+00
  583.   0.146093750000E+03  -0.364711930029E-10   0.000000000000E+00   0.553906250000E+03  -0.106264748733E-08   0.000000000000E+00
  584.   0.145312500000E+03  -0.196665413539E-10   0.000000000000E+00   0.554687500000E+03  -0.533119900437E-09   0.000000000000E+00
  585.   0.144531250000E+03  -0.431162299605E-10   0.000000000000E+00   0.555468750000E+03  -0.107007781125E-08   0.000000000000E+00
  586.   0.143750000000E+03  -0.233835517883E-10   0.000000000000E+00   0.556250000000E+03  -0.536839251108E-09   0.000000000000E+00
  587.   0.142968750000E+03  -0.515321372543E-10   0.000000000000E+00   0.557031250000E+03  -0.107752533118E-08   0.000000000000E+00
  588.   0.142187500000E+03  -0.280813735423E-10   0.000000000000E+00   0.557812500000E+03  -0.540567045169E-09   0.000000000000E+00
  589.   0.141406250000E+03  -0.621473332718E-10   0.000000000000E+00   0.558593750000E+03  -0.108498943641E-08   0.000000000000E+00
  590.   0.140625000000E+03  -0.339975088370E-10   0.000000000000E+00   0.559375000000E+03  -0.544302917844E-09   0.000000000000E+00
  591.   0.139843750000E+03  -0.754948585701E-10   0.000000000000E+00   0.560156250000E+03  -0.109246931987E-08   0.000000000000E+00
  592.   0.139062500000E+03  -0.414274236094E-10   0.000000000000E+00   0.560937500000E+03  -0.548046490225E-09   0.000000000000E+00
  593.   0.138281250000E+03  -0.922377725079E-10   0.000000000000E+00   0.561718750000E+03  -0.109996398613E-08   0.000000000000E+00
  594.   0.137500000000E+03  -0.507385996513E-10   0.000000000000E+00   0.562500000000E+03  -0.551797151636E-09   0.000000000000E+00
  595.   0.136718750000E+03  -0.113200627804E-09   0.000000000000E+00   0.563281250000E+03  -0.110747219398E-08   0.000000000000E+00
  596.   0.135937500000E+03  -0.623879383771E-10   0.000000000000E+00   0.564062500000E+03  -0.555554251982E-09   0.000000000000E+00
  597.   0.135156250000E+03  -0.139408421676E-09   0.000000000000E+00   0.564843750000E+03  -0.111499246510E-08   0.000000000000E+00
  598.   0.134375000000E+03  -0.769432860813E-10   0.000000000000E+00   0.565625000000E+03  -0.559317034735E-09   0.000000000000E+00
  599.   0.133593750000E+03  -0.172134704438E-09   0.000000000000E+00   0.566406250000E+03  -0.112252294712E-08   0.000000000000E+00
  600.   0.132812500000E+03  -0.951099979861E-10   0.000000000000E+00   0.567187500000E+03  -0.563084326187E-09   0.000000000000E+00
  601.   0.132031250000E+03  -0.212960833053E-09   0.000000000000E+00   0.567968750000E+03  -0.113006127353E-08   0.000000000000E+00
  602.   0.131250000000E+03  -0.117763621335E-09   0.000000000000E+00   0.568750000000E+03  -0.566854902195E-09   0.000000000000E+00
  603.   0.130468750000E+03  -0.263848665525E-09   0.000000000000E+00   0.569531250000E+03  -0.113760450980E-08   0.000000000000E+00
  604.   0.129687500000E+03  -0.145989940916E-09   0.000000000000E+00   0.570312500000E+03  -0.570627111926E-09   0.000000000000E+00
  605.   0.128906250000E+03  -0.327229233163E-09   0.000000000000E+00   0.571093750000E+03  -0.114514903521E-08   0.000000000000E+00
  606.   0.128125000000E+03  -0.181133736666E-09   0.000000000000E+00   0.571875000000E+03  -0.574399010930E-09   0.000000000000E+00
  607.   0.127343750000E+03  -0.406109961694E-09   0.000000000000E+00   0.572656250000E+03  -0.115269031355E-08   0.000000000000E+00
  608.   0.126562500000E+03  -0.224857566407E-09   0.000000000000E+00   0.573437500000E+03  -0.578168041340E-09   0.000000000000E+00
  609.   0.125781250000E+03  -0.504202516439E-09   0.000000000000E+00   0.574218750000E+03  -0.116022276381E-08   0.000000000000E+00
  610.   0.125000000000E+03  -0.279211488425E-09   0.000000000000E+00   0.575000000000E+03  -0.581931152480E-09   0.000000000000E+00
  611.   0.124218750000E+03  -0.626071780372E-09   0.000000000000E+00   0.575781250000E+03  -0.116773946766E-08   0.000000000000E+00
  612.   0.123437500000E+03  -0.346713526523E-09   0.000000000000E+00   0.576562500000E+03  -0.585684476093E-09   0.000000000000E+00
  613.   0.122656250000E+03  -0.777302145286E-09   0.000000000000E+00   0.577343750000E+03  -0.117523189671E-08   0.000000000000E+00
  614.   0.121875000000E+03  -0.430437417610E-09   0.000000000000E+00   0.578125000000E+03  -0.589423339993E-09   0.000000000000E+00
  615.   0.121093750000E+03  -0.964668908824E-09   0.000000000000E+00   0.578906250000E+03  -0.118268944859E-08   0.000000000000E+00
  616.   0.120312500000E+03  -0.534099041608E-09   0.000000000000E+00   0.579687500000E+03  -0.593141867608E-09   0.000000000000E+00
  617.   0.119531250000E+03  -0.119627920854E-08   0.000000000000E+00   0.580468750000E+03  -0.119009907408E-08   0.000000000000E+00
  618.   0.118750000000E+03  -0.662111643128E-09   0.000000000000E+00   0.581250000000E+03  -0.596832764078E-09   0.000000000000E+00
  619.   0.117968750000E+03  -0.148161706792E-08   0.000000000000E+00   0.582031250000E+03  -0.119744463720E-08   0.000000000000E+00
  620.   0.117187500000E+03  -0.819576723048E-09   0.000000000000E+00   0.582812500000E+03  -0.600486898920E-09   0.000000000000E+00
  621.   0.116406250000E+03  -0.183129187262E-08   0.000000000000E+00   0.583593750000E+03  -0.120470606885E-08   0.000000000000E+00
  622.   0.115625000000E+03  -0.101198534122E-08   0.000000000000E+00   0.584375000000E+03  -0.604092988506E-09   0.000000000000E+00
  623.   0.114843750000E+03  -0.225627768190E-08   0.000000000000E+00   0.585156250000E+03  -0.121185834721E-08   0.000000000000E+00
  624.   0.114062500000E+03  -0.124476352992E-08   0.000000000000E+00   0.585937500000E+03  -0.607636421307E-09   0.000000000000E+00
  625.   0.113281250000E+03  -0.276540066881E-08   0.000000000000E+00   0.586718750000E+03  -0.121886960505E-08   0.000000000000E+00
  626.   0.112500000000E+03  -0.152032879876E-08   0.000000000000E+00   0.587500000000E+03  -0.611098144726E-09   0.000000000000E+00
  627.   0.111718750000E+03  -0.336129128059E-08   0.000000000000E+00   0.588281250000E+03  -0.122569860987E-08   0.000000000000E+00
  628.   0.110937500000E+03  -0.183796992770E-08   0.000000000000E+00   0.589062500000E+03  -0.614452686194E-09   0.000000000000E+00
  629.   0.110156250000E+03  -0.402486310361E-08   0.000000000000E+00   0.589843750000E+03  -0.123229051814E-08   0.000000000000E+00
  630.   0.109375000000E+03  -0.216655895317E-08   0.000000000000E+00   0.590625000000E+03  -0.617664449415E-09   0.000000000000E+00
  631.   0.108593750000E+03  -0.470184078195E-08   0.000000000000E+00   0.591406250000E+03  -0.123857185896E-08   0.000000000000E+00
  632.   0.107812500000E+03  -0.247952509118E-08   0.000000000000E+00   0.592187500000E+03  -0.620684647155E-09   0.000000000000E+00
  633.   0.107031250000E+03  -0.519708727878E-08   0.000000000000E+00   0.592968750000E+03  -0.124443721946E-08   0.000000000000E+00
  634.   0.106250000000E+03  -0.247468792399E-08   0.000000000000E+00   0.593750000000E+03  -0.623429255579E-09   0.000000000000E+00
  635.   0.105468750000E+03  -0.512443752900E-08   0.000000000000E+00   0.594531250000E+03  -0.124975547620E-08   0.000000000000E+00
  636.   0.104687500000E+03  -0.205897222343E-08   0.000000000000E+00   0.595312500000E+03  -0.625832050951E-09   0.000000000000E+00
  637.   0.103906250000E+03  -0.304977597163E-08   0.000000000000E+00   0.596093750000E+03  -0.125427683376E-08   0.000000000000E+00
  638.   0.103125000000E+03   0.103068256832E-08   0.000000000000E+00   0.596875000000E+03  -0.627524808631E-09   0.000000000000E+00
  639.   0.102343750000E+03   0.529751746547E-08   0.000000000000E+00   0.597656250000E+03  -0.125782457298E-08   0.000000000000E+00
  640.   0.101562500000E+03   0.117406840791E-07   0.000000000000E+00   0.598437500000E+03  -0.629481966535E-09   0.000000000000E+00
  641.   0.100781250000E+03   0.332923849487E-07   0.000000000000E+00   0.599218750000E+03  -0.125831700852E-08   0.000000000000E+00
