i  r_top  QtopRe  QtopIm  r_bot  QbotRe  QbotIm   [mm, mC]
    1.   0.600000000000E+03  -0.173334877741E-10   0.000000000000E+00   0.100000000000E+03  -0.265078629416E-07   0.000000000000E+00
    2.   0.100000000000E+03  -0.265078629416E-07   0.000000000000E+00   0.600000000000E+03  -0.173334840931E-10   0.000000000000E+00
    3.   0.596875000000E+03  -0.628484309344E-10   0.000000000000E+00   0.103125000000E+03  -0.137606672632E-08   0.000000000000E+00
    4.   0.593750000000E+03  -0.276842688056E-10   0.000000000000E+00   0.106250000000E+03   0.698034934386E-08   0.000000000000E+00
    5.   0.590625000000E+03  -0.661223517576E-10   0.000000000000E+00   0.109375000000E+03   0.840250236519E-08   0.000000000000E+00
    6.   0.587500000000E+03  -0.353640904491E-10   0.000000000000E+00   0.112500000000E+03   0.360226985273E-08   0.000000000000E+00
    7.   0.584375000000E+03  -0.732329194277E-10   0.000000000000E+00   0.115625000000E+03   0.394118429759E-08   0.000000000000E+00
    8.   0.581250000000E+03  -0.360923207169E-10   0.000000000000E+00   0.118750000000E+03   0.103209655099E-08   0.000000000000E+00
    9.   0.578125000000E+03  -0.720190134552E-10   0.000000000000E+00   0.121875000000E+03   0.120121121113E-08   0.000000000000E+00
   10.   0.575000000000E+03  -0.344828877136E-10   0.000000000000E+00   0.125000000000E+03   0.290227729371E-09   0.000000000000E+00
   11.   0.571875000000E+03  -0.690726147898E-10   0.000000000000E+00   0.128125000000E+03   0.400735182664E-09   0.000000000000E+00
   12.   0.568750000000E+03  -0.330020298144E-10   0.000000000000E+00   0.131250000000E+03   0.127788245246E-09   0.000000000000E+00
   13.   0.565625000000E+03  -0.660661149055E-10   0.000000000000E+00   0.134375000000E+03   0.160872369336E-09   0.000000000000E+00
   14.   0.562500000000E+03  -0.315061180059E-10   0.000000000000E+00   0.137500000000E+03   0.482447977993E-10   0.000000000000E+00
   15.   0.559375000000E+03  -0.630109673593E-10   0.000000000000E+00   0.140625000000E+03   0.586198316271E-10   0.000000000000E+00
   16.   0.556250000000E+03  -0.300001720363E-10   0.000000000000E+00   0.143750000000E+03   0.177978107217E-10   0.000000000000E+00
   17.   0.553125000000E+03  -0.599605982997E-10   0.000000000000E+00   0.146875000000E+03   0.223834618579E-10   0.000000000000E+00
   18.   0.550000000000E+03  -0.285067937978E-10   0.000000000000E+00   0.150000000000E+03   0.667853988798E-11   0.000000000000E+00
   19.   0.546875000000E+03  -0.569443263087E-10   0.000000000000E+00   0.153125000000E+03   0.915827686229E-11   0.000000000000E+00
   20.   0.543750000000E+03  -0.270345551384E-10   0.000000000000E+00   0.156250000000E+03   0.286040261212E-11   0.000000000000E+00
   21.   0.540625000000E+03  -0.539728027474E-10   0.000000000000E+00   0.159375000000E+03   0.461672065986E-11   0.000000000000E+00
   22.   0.537500000000E+03  -0.255856756864E-10   0.000000000000E+00   0.162500000000E+03   0.146775408395E-11   0.000000000000E+00
   23.   0.534375000000E+03  -0.510501052472E-10   0.000000000000E+00   0.165625000000E+03   0.310318502770E-11   0.000000000000E+00
   24.   0.531250000000E+03  -0.241616612257E-10   0.000000000000E+00   0.168750000000E+03   0.104191562448E-11   0.000000000000E+00
   25.   0.528125000000E+03  -0.481787981380E-10   0.000000000000E+00   0.171875000000E+03   0.274681191764E-11   0.000000000000E+00
   26.   0.525000000000E+03  -0.227635025958E-10   0.000000000000E+00   0.175000000000E+03   0.974388793317E-12   0.000000000000E+00
   27.   0.521875000000E+03  -0.453608126516E-10   0.000000000000E+00   0.178125000000E+03   0.280580611620E-11   0.000000000000E+00
   28.   0.518750000000E+03  -0.213920865082E-10   0.000000000000E+00   0.181250000000E+03   0.105022888022E-11   0.000000000000E+00
   29.   0.515625000000E+03  -0.425979356646E-10   0.000000000000E+00   0.184375000000E+03   0.302495003666E-11   0.000000000000E+00
   30.   0.512500000000E+03  -0.200482736913E-10   0.000000000000E+00   0.187500000000E+03   0.118248716317E-11   0.000000000000E+00
   31.   0.509375000000E+03  -0.398919340328E-10   0.000000000000E+00   0.190625000000E+03   0.330819344095E-11   0.000000000000E+00
   32.   0.506250000000E+03  -0.187329230593E-10   0.000000000000E+00   0.193750000000E+03   0.133864301835E-11   0.000000000000E+00
   33.   0.503125000000E+03  -0.372446032472E-10   0.000000000000E+00   0.196875000000E+03   0.362020101876E-11   0.000000000000E+00
   34.   0.500000000000E+03  -0.174469280606E-10   0.000000000000E+00   0.200000000000E+03   0.150527570734E-11   0.000000000000E+00
   35.   0.496875000000E+03  -0.346577869614E-10   0.000000000000E+00   0.203125000000E+03   0.394597026858E-11   0.000000000000E+00
   36.   0.493750000000E+03  -0.161911965977E-10   0.000000000000E+00   0.206250000000E+03   0.167660266323E-11   0.000000000000E+00
   37.   0.490625000000E+03  -0.321333647949E-10   0.000000000000E+00   0.209375000000E+03   0.427807194517E-11   0.000000000000E+00
   38.   0.487500000000E+03  -0.149666496520E-10   0.000000000000E+00   0.212500000000E+03   0.184949265606E-11   0.000000000000E+00
   39.   0.484375000000E+03  -0.296732458111E-10   0.000000000000E+00   0.215625000000E+03   0.461165273568E-11   0.000000000000E+00
   40.   0.481250000000E+03  -0.137742287618E-10   0.000000000000E+00   0.218750000000E+03   0.202177462226E-11   0.000000000000E+00
   41.   0.478125000000E+03  -0.272793642997E-10   0.000000000000E+00   0.221875000000E+03   0.494274382667E-11   0.000000000000E+00
   42.   0.475000000000E+03  -0.126148808321E-10   0.000000000000E+00   0.225000000000E+03   0.219157104851E-11   0.000000000000E+00
   43.   0.471875000000E+03  -0.249536689636E-10   0.000000000000E+00   0.228125000000E+03   0.526761255601E-11   0.000000000000E+00
   44.   0.468750000000E+03  -0.114895628567E-10   0.000000000000E+00   0.231250000000E+03   0.235707351379E-11   0.000000000000E+00
   45.   0.465625000000E+03  -0.226981177583E-10   0.000000000000E+00   0.234375000000E+03   0.558253675173E-11   0.000000000000E+00
   46.   0.462500000000E+03  -0.103992283798E-10   0.000000000000E+00   0.237500000000E+03   0.251645822951E-11   0.000000000000E+00
   47.   0.459375000000E+03  -0.205146854207E-10   0.000000000000E+00   0.240625000000E+03   0.588371301868E-11   0.000000000000E+00
   48.   0.456250000000E+03  -0.934485094081E-11   0.000000000000E+00   0.243750000000E+03   0.266784835298E-11   0.000000000000E+00
   49.   0.453125000000E+03  -0.184053788546E-10   0.000000000000E+00   0.246875000000E+03   0.616720806200E-11   0.000000000000E+00
   50.   0.450000000000E+03  -0.832744117631E-11   0.000000000000E+00   0.250000000000E+03   0.280928228287E-11   0.000000000000E+00
   51.   0.446875000000E+03  -0.163723330730E-10   0.000000000000E+00   0.253125000000E+03   0.642887391324E-11   0.000000000000E+00
   52.   0.443750000000E+03  -0.734813009591E-11   0.000000000000E+00   0.256250000000E+03   0.293864383403E-11   0.000000000000E+00
   53.   0.440625000000E+03  -0.144180446927E-10   0.000000000000E+00   0.259375000000E+03   0.666415097844E-11   0.000000000000E+00
   54.   0.437500000000E+03  -0.640842359190E-11   0.000000000000E+00   0.262500000000E+03   0.305344871360E-11   0.000000000000E+00
   55.   0.434375000000E+03  -0.125461348924E-10   0.000000000000E+00   0.265625000000E+03   0.686743829011E-11   0.000000000000E+00
   56.   0.431250000000E+03  -0.551080628934E-11   0.000000000000E+00   0.268750000000E+03   0.315034216888E-11   0.000000000000E+00
   57.   0.428125000000E+03  -0.107631686428E-10   0.000000000000E+00   0.271875000000E+03   0.703055787298E-11   0.000000000000E+00
   58.   0.425000000000E+03  -0.466076561867E-11   0.000000000000E+00   0.275000000000E+03   0.322340344021E-11   0.000000000000E+00
   59.   0.421875000000E+03  -0.908503536296E-11   0.000000000000E+00   0.278125000000E+03   0.713732453840E-11   0.000000000000E+00
   60.   0.418750000000E+03  -0.387061319168E-11   0.000000000000E+00   0.281250000000E+03   0.326074440828E-11   0.000000000000E+00
   61.   0.415625000000E+03  -0.755097405106E-11   0.000000000000E+00   0.284375000000E+03   0.715124927592E-11   0.000000000000E+00
   62.   0.412500000000E+03  -0.317563805941E-11   0.000000000000E+00   0.287500000000E+03   0.323065655422E-11   0.000000000000E+00
   63.   0.409375000000E+03  -0.627683258484E-11   0.000000000000E+00   0.290625000000E+03   0.696861083619E-11   0.000000000000E+00
   64.   0.406250000000E+03  -0.265521387597E-11   0.000000000000E+00   0.293750000000E+03   0.306151139203E-11   0.000000000000E+00
   65.   0.403125000000E+03  -0.554715165014E-11   0.000000000000E+00   0.296875000000E+03   0.633384581221E-11   0.000000000000E+00
   66.   0.400000000000E+03  -0.257253267661E-11   0.000000000000E+00   0.300000000000E+03   0.251897549626E-11   0.000000000000E+00
   67.   0.396875000000E+03  -0.627176043763E-11   0.000000000000E+00   0.303125000000E+03   0.442432350603E-11   0.000000000000E+00
   68.   0.393750000000E+03  -0.352639063686E-11   0.000000000000E+00   0.306250000000E+03   0.105277163482E-11   0.000000000000E+00
   69.   0.390625000000E+03  -0.106829833810E-10   0.000000000000E+00   0.309375000000E+03  -0.814202547589E-12   0.000000000000E+00
   70.   0.387500000000E+03  -0.796993000962E-11   0.000000000000E+00   0.312500000000E+03  -0.357270821436E-11   0.000000000000E+00
   71.   0.384375000000E+03  -0.256526012238E-10   0.000000000000E+00   0.315625000000E+03  -0.158181648474E-10   0.000000000000E+00
   72.   0.381250000000E+03  -0.181983642402E-10   0.000000000000E+00   0.318750000000E+03  -0.136488487809E-10   0.000000000000E+00
   73.   0.378125000000E+03  -0.629262206219E-10   0.000000000000E+00   0.321875000000E+03  -0.519077838163E-10   0.000000000000E+00
   74.   0.375000000000E+03  -0.485723265892E-10   0.000000000000E+00   0.325000000000E+03  -0.426441227038E-10   0.000000000000E+00
   75.   0.371875000000E+03  -0.198819119661E-09   0.000000000000E+00   0.328125000000E+03  -0.182271200913E-09   0.000000000000E+00
   76.   0.368750000000E+03  -0.160136738682E-09   0.000000000000E+00   0.331250000000E+03  -0.149571127964E-09   0.000000000000E+00
   77.   0.365625000000E+03  -0.646464447250E-09   0.000000000000E+00   0.334375000000E+03  -0.615841764328E-09   0.000000000000E+00
   78.   0.362500000000E+03  -0.637369058570E-09   0.000000000000E+00   0.337500000000E+03  -0.609518663646E-09   0.000000000000E+00
   79.   0.359375000000E+03  -0.117486644377E-08   0.000000000000E+00   0.340625000000E+03  -0.114922426980E-08   0.000000000000E+00
   80.   0.356250000000E+03  -0.633867881091E-09   0.000000000000E+00   0.343750000000E+03  -0.616735978828E-09   0.000000000000E+00
   81.   0.353125000000E+03   0.107969534653E-08   0.000000000000E+00   0.346875000000E+03   0.107008664284E-08   0.000000000000E+00
   82.   0.350000000000E+03   0.812590503841E-08   0.000000000000E+00   0.350000000000E+03   0.812590503750E-08   0.000000000000E+00
   83.   0.346875000000E+03   0.107008664419E-08   0.000000000000E+00   0.353125000000E+03   0.107969534509E-08   0.000000000000E+00
   84.   0.343750000000E+03  -0.616735978236E-09   0.000000000000E+00   0.356250000000E+03  -0.633867882076E-09   0.000000000000E+00
   85.   0.340625000000E+03  -0.114922426875E-08   0.000000000000E+00   0.359375000000E+03  -0.117486644525E-08   0.000000000000E+00
   86.   0.337500000000E+03  -0.609518663136E-09   0.000000000000E+00   0.362500000000E+03  -0.637369059239E-09   0.000000000000E+00
   87.   0.334375000000E+03  -0.615841763189E-09   0.000000000000E+00   0.365625000000E+03  -0.646464448594E-09   0.000000000000E+00
   88.   0.331250000000E+03  -0.149571126776E-09   0.000000000000E+00   0.368750000000E+03  -0.160136739355E-09   0.000000000000E+00
   89.   0.328125000000E+03  -0.182271199898E-09   0.000000000000E+00   0.371875000000E+03  -0.198819121165E-09   0.000000000000E+00
   90.   0.325000000000E+03  -0.426441219673E-10   0.000000000000E+00   0.375000000000E+03  -0.485723271871E-10   0.000000000000E+00
   91.   0.321875000000E+03  -0.519077826709E-10   0.000000000000E+00   0.378125000000E+03  -0.629262221524E-10   0.000000000000E+00
   92.   0.318750000000E+03  -0.136488480863E-10   0.000000000000E+00   0.381250000000E+03  -0.181983650256E-10   0.000000000000E+00
   93.   0.315625000000E+03  -0.158181632471E-10   0.000000000000E+00   0.384375000000E+03  -0.256526028027E-10   0.000000000000E+00
   94.   0.312500000000E+03  -0.357270735344E-11   0.000000000000E+00   0.387500000000E+03  -0.796993077110E-11   0.000000000000E+00
   95.   0.309375000000E+03  -0.814200551185E-12   0.000000000000E+00   0.390625000000E+03  -0.106829848950E-10   0.000000000000E+00
   96.   0.306250000000E+03   0.105277291212E-11   0.000000000000E+00   0.393750000000E+03  -0.352639146923E-11   0.000000000000E+00
   97.   0.303125000000E+03   0.442432530523E-11   0.000000000000E+00   0.396875000000E+03  -0.627176205424E-11   0.000000000000E+00
   98.   0.300000000000E+03   0.251897651983E-11   0.000000000000E+00   0.400000000000E+03  -0.257253353926E-11   0.000000000000E+00
   99.   0.296875000000E+03   0.633384741893E-11   0.000000000000E+00   0.403125000000E+03  -0.554715350408E-11   0.000000000000E+00
  100.   0.293750000000E+03   0.306151254623E-11   0.000000000000E+00   0.406250000000E+03  -0.265521458788E-11   0.000000000000E+00
  101.   0.290625000000E+03   0.696861208975E-11   0.000000000000E+00   0.409375000000E+03  -0.627683437447E-11   0.000000000000E+00
  102.   0.287500000000E+03   0.323065684797E-11   0.000000000000E+00   0.412500000000E+03  -0.317563872811E-11   0.000000000000E+00
  103.   0.284375000000E+03   0.715124995831E-11   0.000000000000E+00   0.415625000000E+03  -0.755097656495E-11   0.000000000000E+00
  104.   0.281250000000E+03   0.326074445327E-11   0.000000000000E+00   0.418750000000E+03  -0.387061494840E-11   0.000000000000E+00
  105.   0.278125000000E+03   0.713732561704E-11   0.000000000000E+00   0.421875000000E+03  -0.908503788591E-11   0.000000000000E+00
  106.   0.275000000000E+03   0.322340377796E-11   0.000000000000E+00   0.425000000000E+03  -0.466076683075E-11   0.000000000000E+00
  107.   0.271875000000E+03   0.703055929438E-11   0.000000000000E+00   0.428125000000E+03  -0.107631710423E-10   0.000000000000E+00
  108.   0.268750000000E+03   0.315034272712E-11   0.000000000000E+00   0.431250000000E+03  -0.551080775115E-11   0.000000000000E+00
  109.   0.265625000000E+03   0.686743928643E-11   0.000000000000E+00   0.434375000000E+03  -0.125461375099E-10   0.000000000000E+00
  110.   0.262500000000E+03   0.305344895801E-11   0.000000000000E+00   0.437500000000E+03  -0.640842494627E-11   0.000000000000E+00
  111.   0.259375000000E+03   0.666415101291E-11   0.000000000000E+00   0.440625000000E+03  -0.144180469130E-10   0.000000000000E+00
  112.   0.256250000000E+03   0.293864394618E-11   0.000000000000E+00   0.443750000000E+03  -0.734813164354E-11   0.000000000000E+00
  113.   0.253125000000E+03   0.642887359653E-11   0.000000000000E+00   0.446875000000E+03  -0.163723354258E-10   0.000000000000E+00
  114.   0.250000000000E+03   0.280928246998E-11   0.000000000000E+00   0.450000000000E+03  -0.832744351401E-11   0.000000000000E+00
  115.   0.246875000000E+03   0.616720854656E-11   0.000000000000E+00   0.453125000000E+03  -0.184053811546E-10   0.000000000000E+00
  116.   0.243750000000E+03   0.266784858005E-11   0.000000000000E+00   0.456250000000E+03  -0.934485301148E-11   0.000000000000E+00
  117.   0.240625000000E+03   0.588371383972E-11   0.000000000000E+00   0.459375000000E+03  -0.205146877638E-10   0.000000000000E+00
  118.   0.237500000000E+03   0.251645876793E-11   0.000000000000E+00   0.462500000000E+03  -0.103992286986E-10   0.000000000000E+00
  119.   0.234375000000E+03   0.558253731980E-11   0.000000000000E+00   0.465625000000E+03  -0.226981193277E-10   0.000000000000E+00
  120.   0.231250000000E+03   0.235707384172E-11   0.000000000000E+00   0.468750000000E+03  -0.114895630893E-10   0.000000000000E+00
  121.   0.228125000000E+03   0.526761345952E-11   0.000000000000E+00   0.471875000000E+03  -0.249536693744E-10   0.000000000000E+00
  122.   0.225000000000E+03   0.219157155791E-11   0.000000000000E+00   0.475000000000E+03  -0.126148828980E-10   0.000000000000E+00
  123.   0.221875000000E+03   0.494274493982E-11   0.000000000000E+00   0.478125000000E+03  -0.272793661064E-10   0.000000000000E+00
  124.   0.218750000000E+03   0.202177508788E-11   0.000000000000E+00   0.481250000000E+03  -0.137742315985E-10   0.000000000000E+00
  125.   0.215625000000E+03   0.461165359802E-11   0.000000000000E+00   0.484375000000E+03  -0.296732497694E-10   0.000000000000E+00
  126.   0.212500000000E+03   0.184949313522E-11   0.000000000000E+00   0.487500000000E+03  -0.149666525465E-10   0.000000000000E+00
  127.   0.209375000000E+03   0.427807246816E-11   0.000000000000E+00   0.490625000000E+03  -0.321333690836E-10   0.000000000000E+00
  128.   0.206250000000E+03   0.167660235484E-11   0.000000000000E+00   0.493750000000E+03  -0.161911975206E-10   0.000000000000E+00
  129.   0.203125000000E+03   0.394597100337E-11   0.000000000000E+00   0.496875000000E+03  -0.346577914105E-10   0.000000000000E+00
  130.   0.200000000000E+03   0.150527617843E-11   0.000000000000E+00   0.500000000000E+03  -0.174469283741E-10   0.000000000000E+00
  131.   0.196875000000E+03   0.362020188882E-11   0.000000000000E+00   0.503125000000E+03  -0.372446067683E-10   0.000000000000E+00
  132.   0.193750000000E+03   0.133864344835E-11   0.000000000000E+00   0.506250000000E+03  -0.187329260142E-10   0.000000000000E+00
  133.   0.190625000000E+03   0.330819434214E-11   0.000000000000E+00   0.509375000000E+03  -0.398919356203E-10   0.000000000000E+00
  134.   0.187500000000E+03   0.118248766814E-11   0.000000000000E+00   0.512500000000E+03  -0.200482753869E-10   0.000000000000E+00
  135.   0.184375000000E+03   0.302495105528E-11   0.000000000000E+00   0.515625000000E+03  -0.425979375835E-10   0.000000000000E+00
  136.   0.181250000000E+03   0.105022963966E-11   0.000000000000E+00   0.518750000000E+03  -0.213920887699E-10   0.000000000000E+00
  137.   0.178125000000E+03   0.280580691895E-11   0.000000000000E+00   0.521875000000E+03  -0.453608103193E-10   0.000000000000E+00
  138.   0.175000000000E+03   0.974389032293E-12   0.000000000000E+00   0.525000000000E+03  -0.227635001626E-10   0.000000000000E+00
  139.   0.171875000000E+03   0.274681247978E-11   0.000000000000E+00   0.528125000000E+03  -0.481787943821E-10   0.000000000000E+00
  140.   0.168750000000E+03   0.104191571162E-11   0.000000000000E+00   0.531250000000E+03  -0.241616584384E-10   0.000000000000E+00
  141.   0.165625000000E+03   0.310318556517E-11   0.000000000000E+00   0.534375000000E+03  -0.510501016514E-10   0.000000000000E+00
  142.   0.162500000000E+03   0.146775444717E-11   0.000000000000E+00   0.537500000000E+03  -0.255856704139E-10   0.000000000000E+00
  143.   0.159375000000E+03   0.461672117824E-11   0.000000000000E+00   0.540625000000E+03  -0.539727998021E-10   0.000000000000E+00
  144.   0.156250000000E+03   0.286040283174E-11   0.000000000000E+00   0.543750000000E+03  -0.270345537932E-10   0.000000000000E+00
  145.   0.153125000000E+03   0.915827736691E-11   0.000000000000E+00   0.546875000000E+03  -0.569443264015E-10   0.000000000000E+00
  146.   0.150000000000E+03   0.667854012756E-11   0.000000000000E+00   0.550000000000E+03  -0.285067941315E-10   0.000000000000E+00
  147.   0.146875000000E+03   0.223834624060E-10   0.000000000000E+00   0.553125000000E+03  -0.599606006676E-10   0.000000000000E+00
  148.   0.143750000000E+03   0.177978109054E-10   0.000000000000E+00   0.556250000000E+03  -0.300001750565E-10   0.000000000000E+00
  149.   0.140625000000E+03   0.586198321820E-10   0.000000000000E+00   0.559375000000E+03  -0.630109689556E-10   0.000000000000E+00
  150.   0.137500000000E+03   0.482447980931E-10   0.000000000000E+00   0.562500000000E+03  -0.315061169543E-10   0.000000000000E+00
  151.   0.134375000000E+03   0.160872369889E-09   0.000000000000E+00   0.565625000000E+03  -0.660661120063E-10   0.000000000000E+00
  152.   0.131250000000E+03   0.127788245514E-09   0.000000000000E+00   0.568750000000E+03  -0.330020289481E-10   0.000000000000E+00
  153.   0.128125000000E+03   0.400735183211E-09   0.000000000000E+00   0.571875000000E+03  -0.690726130313E-10   0.000000000000E+00
  154.   0.125000000000E+03   0.290227729634E-09   0.000000000000E+00   0.575000000000E+03  -0.344828886796E-10   0.000000000000E+00
  155.   0.121875000000E+03   0.120121121165E-08   0.000000000000E+00   0.578125000000E+03  -0.720190180968E-10   0.000000000000E+00
  156.   0.118750000000E+03   0.103209655123E-08   0.000000000000E+00   0.581250000000E+03  -0.360923231383E-10   0.000000000000E+00
  157.   0.115625000000E+03   0.394118429807E-08   0.000000000000E+00   0.584375000000E+03  -0.732329258060E-10   0.000000000000E+00
  158.   0.112500000000E+03   0.360226985296E-08   0.000000000000E+00   0.587500000000E+03  -0.353640955724E-10   0.000000000000E+00
  159.   0.109375000000E+03   0.840250236561E-08   0.000000000000E+00   0.590625000000E+03  -0.661223543418E-10   0.000000000000E+00
  160.   0.106250000000E+03   0.698034934405E-08   0.000000000000E+00   0.593750000000E+03  -0.276842608934E-10   0.000000000000E+00
  161.   0.103125000000E+03  -0.137606672602E-08   0.000000000000E+00   0.596875000000E+03  -0.628484267052E-10   0.000000000000E+00
