i  r_top  QtopRe  QtopIm  r_bot  QbotRe  QbotIm   [mm, mC]
    1.   0.600000000000E+03  -0.102398818306E-09   0.000000000000E+00   0.100000000000E+03  -0.159766557642E-10   0.000000000000E+00
    2.   0.100000000000E+03  -0.159766929396E-10   0.000000000000E+00   0.600000000000E+03  -0.102398746022E-09   0.000000000000E+00
    3.   0.599218750000E+03  -0.408201192578E-09   0.000000000000E+00   0.100781250000E+03  -0.642659194064E-10   0.000000000000E+00
    4.   0.598437500000E+03  -0.204069496753E-09   0.000000000000E+00   0.101562500000E+03  -0.324153578987E-10   0.000000000000E+00
    5.   0.597656250000E+03  -0.407740752315E-09   0.000000000000E+00   0.102343750000E+03  -0.653528388683E-10   0.000000000000E+00
    6.   0.596875000000E+03  -0.203410259961E-09   0.000000000000E+00   0.103125000000E+03  -0.328941984361E-10   0.000000000000E+00
    7.   0.596093750000E+03  -0.406696619680E-09   0.000000000000E+00   0.103906250000E+03  -0.663554250500E-10   0.000000000000E+00
    8.   0.595312500000E+03  -0.202992784826E-09   0.000000000000E+00   0.104687500000E+03  -0.334140789172E-10   0.000000000000E+00
    9.   0.594531250000E+03  -0.405617622294E-09   0.000000000000E+00   0.105468750000E+03  -0.673582467100E-10   0.000000000000E+00
   10.   0.593750000000E+03  -0.202466639898E-09   0.000000000000E+00   0.106250000000E+03  -0.339188838545E-10   0.000000000000E+00
   11.   0.592968750000E+03  -0.404491170064E-09   0.000000000000E+00   0.107031250000E+03  -0.683577029214E-10   0.000000000000E+00
   12.   0.592187500000E+03  -0.201920594455E-09   0.000000000000E+00   0.107812500000E+03  -0.344223391520E-10   0.000000000000E+00
   13.   0.591406250000E+03  -0.403348754680E-09   0.000000000000E+00   0.108593750000E+03  -0.693577821921E-10   0.000000000000E+00
   14.   0.590625000000E+03  -0.201356129706E-09   0.000000000000E+00   0.109375000000E+03  -0.349241188025E-10   0.000000000000E+00
   15.   0.589843750000E+03  -0.402196756482E-09   0.000000000000E+00   0.110156250000E+03  -0.703588170536E-10   0.000000000000E+00
   16.   0.589062500000E+03  -0.200784417813E-09   0.000000000000E+00   0.110937500000E+03  -0.354258595409E-10   0.000000000000E+00
   17.   0.588281250000E+03  -0.401041601693E-09   0.000000000000E+00   0.111718750000E+03  -0.713613434778E-10   0.000000000000E+00
   18.   0.587500000000E+03  -0.200209033053E-09   0.000000000000E+00   0.112500000000E+03  -0.359279614563E-10   0.000000000000E+00
   19.   0.586718750000E+03  -0.399885607152E-09   0.000000000000E+00   0.113281250000E+03  -0.723653669154E-10   0.000000000000E+00
   20.   0.585937500000E+03  -0.199632267904E-09   0.000000000000E+00   0.114062500000E+03  -0.364305358358E-10   0.000000000000E+00
   21.   0.585156250000E+03  -0.398729640052E-09   0.000000000000E+00   0.114843750000E+03  -0.733707559515E-10   0.000000000000E+00
   22.   0.584375000000E+03  -0.199054931762E-09   0.000000000000E+00   0.115625000000E+03  -0.369336327688E-10   0.000000000000E+00
   23.   0.583593750000E+03  -0.397573735372E-09   0.000000000000E+00   0.116406250000E+03  -0.743773054199E-10   0.000000000000E+00
   24.   0.582812500000E+03  -0.198477228629E-09   0.000000000000E+00   0.117187500000E+03  -0.374371437651E-10   0.000000000000E+00
   25.   0.582031250000E+03  -0.396417932898E-09   0.000000000000E+00   0.117968750000E+03  -0.753847797745E-10   0.000000000000E+00
   26.   0.581250000000E+03  -0.197899448856E-09   0.000000000000E+00   0.118750000000E+03  -0.379411051234E-10   0.000000000000E+00
   27.   0.580468750000E+03  -0.395261869011E-09   0.000000000000E+00   0.119531250000E+03  -0.763930023555E-10   0.000000000000E+00
   28.   0.579687500000E+03  -0.197321218661E-09   0.000000000000E+00   0.120312500000E+03  -0.384453948312E-10   0.000000000000E+00
   29.   0.578906250000E+03  -0.394105321390E-09   0.000000000000E+00   0.121093750000E+03  -0.774018457849E-10   0.000000000000E+00
   30.   0.578125000000E+03  -0.196742754829E-09   0.000000000000E+00   0.121875000000E+03  -0.389499200564E-10   0.000000000000E+00
   31.   0.577343750000E+03  -0.392948323545E-09   0.000000000000E+00   0.122656250000E+03  -0.784111947985E-10   0.000000000000E+00
   32.   0.576562500000E+03  -0.196164027412E-09   0.000000000000E+00   0.123437500000E+03  -0.394546740304E-10   0.000000000000E+00
   33.   0.575781250000E+03  -0.391790833623E-09   0.000000000000E+00   0.124218750000E+03  -0.794209739642E-10   0.000000000000E+00
   34.   0.575000000000E+03  -0.195585141923E-09   0.000000000000E+00   0.125000000000E+03  -0.399596722964E-10   0.000000000000E+00
   35.   0.574218750000E+03  -0.390632988182E-09   0.000000000000E+00   0.125781250000E+03  -0.804311296571E-10   0.000000000000E+00
   36.   0.573437500000E+03  -0.195006084607E-09   0.000000000000E+00   0.126562500000E+03  -0.404648240961E-10   0.000000000000E+00
   37.   0.572656250000E+03  -0.389474764628E-09   0.000000000000E+00   0.127343750000E+03  -0.814416118707E-10   0.000000000000E+00
   38.   0.571875000000E+03  -0.194426866725E-09   0.000000000000E+00   0.128125000000E+03  -0.409701537099E-10   0.000000000000E+00
   39.   0.571093750000E+03  -0.388316327838E-09   0.000000000000E+00   0.128906250000E+03  -0.824524068562E-10   0.000000000000E+00
   40.   0.570312500000E+03  -0.193847720570E-09   0.000000000000E+00   0.129687500000E+03  -0.414756212399E-10   0.000000000000E+00
   41.   0.569531250000E+03  -0.387157814616E-09   0.000000000000E+00   0.130468750000E+03  -0.834635175116E-10   0.000000000000E+00
   42.   0.568750000000E+03  -0.193268662515E-09   0.000000000000E+00   0.131250000000E+03  -0.419812175410E-10   0.000000000000E+00
   43.   0.567968750000E+03  -0.385999223620E-09   0.000000000000E+00   0.132031250000E+03  -0.844749066459E-10   0.000000000000E+00
   44.   0.567187500000E+03  -0.192689202909E-09   0.000000000000E+00   0.132812500000E+03  -0.424869078782E-10   0.000000000000E+00
   45.   0.566406250000E+03  -0.384840630941E-09   0.000000000000E+00   0.133593750000E+03  -0.854865622086E-10   0.000000000000E+00
   46.   0.565625000000E+03  -0.192109853178E-09   0.000000000000E+00   0.134375000000E+03  -0.429928183527E-10   0.000000000000E+00
   47.   0.564843750000E+03  -0.383682191975E-09   0.000000000000E+00   0.135156250000E+03  -0.864985354974E-10   0.000000000000E+00
   48.   0.564062500000E+03  -0.191530603357E-09   0.000000000000E+00   0.135937500000E+03  -0.434989073497E-10   0.000000000000E+00
   49.   0.563281250000E+03  -0.382523976869E-09   0.000000000000E+00   0.136718750000E+03  -0.875107614281E-10   0.000000000000E+00
   50.   0.562500000000E+03  -0.190951593924E-09   0.000000000000E+00   0.137500000000E+03  -0.440050198024E-10   0.000000000000E+00
   51.   0.561718750000E+03  -0.381366011676E-09   0.000000000000E+00   0.138281250000E+03  -0.885232359761E-10   0.000000000000E+00
   52.   0.560937500000E+03  -0.190372713330E-09   0.000000000000E+00   0.139062500000E+03  -0.445113425373E-10   0.000000000000E+00
   53.   0.560156250000E+03  -0.380208352649E-09   0.000000000000E+00   0.139843750000E+03  -0.895359999852E-10   0.000000000000E+00
   54.   0.559375000000E+03  -0.189794108786E-09   0.000000000000E+00   0.140625000000E+03  -0.450177654616E-10   0.000000000000E+00
   55.   0.558593750000E+03  -0.379050866824E-09   0.000000000000E+00   0.141406250000E+03  -0.905490141973E-10   0.000000000000E+00
   56.   0.557812500000E+03  -0.189215312114E-09   0.000000000000E+00   0.142187500000E+03  -0.455243463756E-10   0.000000000000E+00
   57.   0.557031250000E+03  -0.377893784156E-09   0.000000000000E+00   0.142968750000E+03  -0.915623184641E-10   0.000000000000E+00
   58.   0.556250000000E+03  -0.188636832374E-09   0.000000000000E+00   0.143750000000E+03  -0.460310464954E-10   0.000000000000E+00
   59.   0.555468750000E+03  -0.376737104929E-09   0.000000000000E+00   0.144531250000E+03  -0.925758922006E-10   0.000000000000E+00
   60.   0.554687500000E+03  -0.188058474216E-09   0.000000000000E+00   0.145312500000E+03  -0.465379034910E-10   0.000000000000E+00
   61.   0.553906250000E+03  -0.375580764537E-09   0.000000000000E+00   0.146093750000E+03  -0.935897393261E-10   0.000000000000E+00
   62.   0.553125000000E+03  -0.187480456002E-09   0.000000000000E+00   0.146875000000E+03  -0.470449001949E-10   0.000000000000E+00
   63.   0.552343750000E+03  -0.374424649511E-09   0.000000000000E+00   0.147656250000E+03  -0.946038467509E-10   0.000000000000E+00
   64.   0.551562500000E+03  -0.186902576188E-09   0.000000000000E+00   0.148437500000E+03  -0.475519513207E-10   0.000000000000E+00
   65.   0.550781250000E+03  -0.373269084968E-09   0.000000000000E+00   0.149218750000E+03  -0.956182367332E-10   0.000000000000E+00
   66.   0.550000000000E+03  -0.186324827439E-09   0.000000000000E+00   0.150000000000E+03  -0.480592078696E-10   0.000000000000E+00
   67.   0.549218750000E+03  -0.372114027749E-09   0.000000000000E+00   0.150781250000E+03  -0.966329276400E-10   0.000000000000E+00
   68.   0.548437500000E+03  -0.185747563792E-09   0.000000000000E+00   0.151562500000E+03  -0.485666648976E-10   0.000000000000E+00
   69.   0.547656250000E+03  -0.370959392784E-09   0.000000000000E+00   0.152343750000E+03  -0.976479113019E-10   0.000000000000E+00
   70.   0.546875000000E+03  -0.185170256529E-09   0.000000000000E+00   0.153125000000E+03  -0.490741815521E-10   0.000000000000E+00
   71.   0.546093750000E+03  -0.369805127830E-09   0.000000000000E+00   0.153906250000E+03  -0.986631462573E-10   0.000000000000E+00
   72.   0.545312500000E+03  -0.184593277419E-09   0.000000000000E+00   0.154687500000E+03  -0.495818253815E-10   0.000000000000E+00
   73.   0.544531250000E+03  -0.368651201994E-09   0.000000000000E+00   0.155468750000E+03  -0.996786450915E-10   0.000000000000E+00
   74.   0.543750000000E+03  -0.184016339891E-09   0.000000000000E+00   0.156250000000E+03  -0.500896694075E-10   0.000000000000E+00
   75.   0.542968750000E+03  -0.367497710873E-09   0.000000000000E+00   0.157031250000E+03  -0.100694436012E-09   0.000000000000E+00
   76.   0.542187500000E+03  -0.183439651221E-09   0.000000000000E+00   0.157812500000E+03  -0.505976035344E-10   0.000000000000E+00
   77.   0.541406250000E+03  -0.366344549400E-09   0.000000000000E+00   0.158593750000E+03  -0.101710515326E-09   0.000000000000E+00
   78.   0.540625000000E+03  -0.182863211048E-09   0.000000000000E+00   0.159375000000E+03  -0.511056785261E-10   0.000000000000E+00
   79.   0.539843750000E+03  -0.365191868476E-09   0.000000000000E+00   0.160156250000E+03  -0.102726884762E-09   0.000000000000E+00
   80.   0.539062500000E+03  -0.182287183637E-09   0.000000000000E+00   0.160937500000E+03  -0.516139306275E-10   0.000000000000E+00
   81.   0.538281250000E+03  -0.364039692683E-09   0.000000000000E+00   0.161718750000E+03  -0.103743523136E-09   0.000000000000E+00
   82.   0.537500000000E+03  -0.181711290163E-09   0.000000000000E+00   0.162500000000E+03  -0.521223125905E-10   0.000000000000E+00
   83.   0.536718750000E+03  -0.362888024258E-09   0.000000000000E+00   0.163281250000E+03  -0.104760461431E-09   0.000000000000E+00
   84.   0.535937500000E+03  -0.181135488792E-09   0.000000000000E+00   0.164062500000E+03  -0.526308285262E-10   0.000000000000E+00
   85.   0.535156250000E+03  -0.361736819391E-09   0.000000000000E+00   0.164843750000E+03  -0.105777690613E-09   0.000000000000E+00
   86.   0.534375000000E+03  -0.180559940543E-09   0.000000000000E+00   0.165625000000E+03  -0.531394960700E-10   0.000000000000E+00
   87.   0.533593750000E+03  -0.360586064319E-09   0.000000000000E+00   0.166406250000E+03  -0.106795193863E-09   0.000000000000E+00
   88.   0.532812500000E+03  -0.179984525259E-09   0.000000000000E+00   0.167187500000E+03  -0.536482577191E-10   0.000000000000E+00
   89.   0.532031250000E+03  -0.359435747547E-09   0.000000000000E+00   0.167968750000E+03  -0.107813004385E-09   0.000000000000E+00
   90.   0.531250000000E+03  -0.179409477201E-09   0.000000000000E+00   0.168750000000E+03  -0.541572729521E-10   0.000000000000E+00
   91.   0.530468750000E+03  -0.358285859876E-09   0.000000000000E+00   0.169531250000E+03  -0.108831135907E-09   0.000000000000E+00
   92.   0.529687500000E+03  -0.178834660429E-09   0.000000000000E+00   0.170312500000E+03  -0.546663654840E-10   0.000000000000E+00
   93.   0.528906250000E+03  -0.357136414244E-09   0.000000000000E+00   0.171093750000E+03  -0.109849545331E-09   0.000000000000E+00
   94.   0.528125000000E+03  -0.178260071932E-09   0.000000000000E+00   0.171875000000E+03  -0.551756679313E-10   0.000000000000E+00
   95.   0.527343750000E+03  -0.355987437595E-09   0.000000000000E+00   0.172656250000E+03  -0.110868248022E-09   0.000000000000E+00
   96.   0.526562500000E+03  -0.177685731477E-09   0.000000000000E+00   0.173437500000E+03  -0.556850443499E-10   0.000000000000E+00
   97.   0.525781250000E+03  -0.354838883026E-09   0.000000000000E+00   0.174218750000E+03  -0.111887274203E-09   0.000000000000E+00
   98.   0.525000000000E+03  -0.177111575086E-09   0.000000000000E+00   0.175000000000E+03  -0.561945929121E-10   0.000000000000E+00
   99.   0.524218750000E+03  -0.353690877732E-09   0.000000000000E+00   0.175781250000E+03  -0.112906625490E-09   0.000000000000E+00
  100.   0.523437500000E+03  -0.176537525026E-09   0.000000000000E+00   0.176562500000E+03  -0.567042974631E-10   0.000000000000E+00
  101.   0.522656250000E+03  -0.352543290853E-09   0.000000000000E+00   0.177343750000E+03  -0.113926288123E-09   0.000000000000E+00
  102.   0.521875000000E+03  -0.175963972584E-09   0.000000000000E+00   0.178125000000E+03  -0.572142336753E-10   0.000000000000E+00
  103.   0.521093750000E+03  -0.351396113189E-09   0.000000000000E+00   0.178906250000E+03  -0.114946224549E-09   0.000000000000E+00
  104.   0.520312500000E+03  -0.175390475669E-09   0.000000000000E+00   0.179687500000E+03  -0.577242585052E-10   0.000000000000E+00
  105.   0.519531250000E+03  -0.350249483224E-09   0.000000000000E+00   0.180468750000E+03  -0.115966489000E-09   0.000000000000E+00
  106.   0.518750000000E+03  -0.174817273854E-09   0.000000000000E+00   0.181250000000E+03  -0.582344648408E-10   0.000000000000E+00
  107.   0.517968750000E+03  -0.349103278719E-09   0.000000000000E+00   0.182031250000E+03  -0.116987080782E-09   0.000000000000E+00
  108.   0.517187500000E+03  -0.174244227527E-09   0.000000000000E+00   0.182812500000E+03  -0.587448173543E-10   0.000000000000E+00
  109.   0.516406250000E+03  -0.347957522871E-09   0.000000000000E+00   0.183593750000E+03  -0.118007956102E-09   0.000000000000E+00
  110.   0.515625000000E+03  -0.173671620418E-09   0.000000000000E+00   0.184375000000E+03  -0.592553648180E-10   0.000000000000E+00
  111.   0.514843750000E+03  -0.346812326226E-09   0.000000000000E+00   0.185156250000E+03  -0.119029160185E-09   0.000000000000E+00
  112.   0.514062500000E+03  -0.173099108588E-09   0.000000000000E+00   0.185937500000E+03  -0.597660165496E-10   0.000000000000E+00
  113.   0.513281250000E+03  -0.345667439039E-09   0.000000000000E+00   0.186718750000E+03  -0.120050672334E-09   0.000000000000E+00
  114.   0.512500000000E+03  -0.172526820469E-09   0.000000000000E+00   0.187500000000E+03  -0.602767961520E-10   0.000000000000E+00
  115.   0.511718750000E+03  -0.344523096952E-09   0.000000000000E+00   0.188281250000E+03  -0.121072523997E-09   0.000000000000E+00
  116.   0.510937500000E+03  -0.171954869549E-09   0.000000000000E+00   0.189062500000E+03  -0.607878154233E-10   0.000000000000E+00
  117.   0.510156250000E+03  -0.343379354515E-09   0.000000000000E+00   0.189843750000E+03  -0.122094712995E-09   0.000000000000E+00
  118.   0.509375000000E+03  -0.171383056121E-09   0.000000000000E+00   0.190625000000E+03  -0.612989741394E-10   0.000000000000E+00
  119.   0.508593750000E+03  -0.342236064245E-09   0.000000000000E+00   0.191406250000E+03  -0.123117269425E-09   0.000000000000E+00
  120.   0.507812500000E+03  -0.170811377784E-09   0.000000000000E+00   0.192187500000E+03  -0.618102999568E-10   0.000000000000E+00
  121.   0.507031250000E+03  -0.341093283813E-09   0.000000000000E+00   0.192968750000E+03  -0.124140141875E-09   0.000000000000E+00
  122.   0.506250000000E+03  -0.170240227247E-09   0.000000000000E+00   0.193750000000E+03  -0.623218247166E-10   0.000000000000E+00
  123.   0.505468750000E+03  -0.339951040650E-09   0.000000000000E+00   0.194531250000E+03  -0.125163307555E-09   0.000000000000E+00
  124.   0.504687500000E+03  -0.169669145841E-09   0.000000000000E+00   0.195312500000E+03  -0.628334045291E-10   0.000000000000E+00
  125.   0.503906250000E+03  -0.338809323293E-09   0.000000000000E+00   0.196093750000E+03  -0.126186830899E-09   0.000000000000E+00
  126.   0.503125000000E+03  -0.169098416556E-09   0.000000000000E+00   0.196875000000E+03  -0.633452506600E-10   0.000000000000E+00
  127.   0.502343750000E+03  -0.337668142803E-09   0.000000000000E+00   0.197656250000E+03  -0.127210713955E-09   0.000000000000E+00
  128.   0.501562500000E+03  -0.168527969534E-09   0.000000000000E+00   0.198437500000E+03  -0.638572492273E-10   0.000000000000E+00
  129.   0.500781250000E+03  -0.336527337608E-09   0.000000000000E+00   0.199218750000E+03  -0.128234927552E-09   0.000000000000E+00
  130.   0.500000000000E+03  -0.167957677279E-09   0.000000000000E+00   0.200000000000E+03  -0.643694146325E-10   0.000000000000E+00
  131.   0.499218750000E+03  -0.335387016548E-09   0.000000000000E+00   0.200781250000E+03  -0.129259496398E-09   0.000000000000E+00
  132.   0.498437500000E+03  -0.167387583649E-09   0.000000000000E+00   0.201562500000E+03  -0.648818294373E-10   0.000000000000E+00
  133.   0.497656250000E+03  -0.334247177210E-09   0.000000000000E+00   0.202343750000E+03  -0.130284396347E-09   0.000000000000E+00
  134.   0.496875000000E+03  -0.166817780237E-09   0.000000000000E+00   0.203125000000E+03  -0.653943055960E-10   0.000000000000E+00
  135.   0.496093750000E+03  -0.333107965501E-09   0.000000000000E+00   0.203906250000E+03  -0.131309631492E-09   0.000000000000E+00
  136.   0.495312500000E+03  -0.166248325660E-09   0.000000000000E+00   0.204687500000E+03  -0.659070171491E-10   0.000000000000E+00
  137.   0.494531250000E+03  -0.331969191150E-09   0.000000000000E+00   0.205468750000E+03  -0.132335271538E-09   0.000000000000E+00
  138.   0.493750000000E+03  -0.165679035660E-09   0.000000000000E+00   0.206250000000E+03  -0.664198913869E-10   0.000000000000E+00
  139.   0.492968750000E+03  -0.330830907080E-09   0.000000000000E+00   0.207031250000E+03  -0.133361265366E-09   0.000000000000E+00
  140.   0.492187500000E+03  -0.165109989535E-09   0.000000000000E+00   0.207812500000E+03  -0.669329468130E-10   0.000000000000E+00
  141.   0.491406250000E+03  -0.329693132210E-09   0.000000000000E+00   0.208593750000E+03  -0.134387589470E-09   0.000000000000E+00
  142.   0.490625000000E+03  -0.164541082083E-09   0.000000000000E+00   0.209375000000E+03  -0.674461674308E-10   0.000000000000E+00
  143.   0.489843750000E+03  -0.328555869343E-09   0.000000000000E+00   0.210156250000E+03  -0.135414273562E-09   0.000000000000E+00
  144.   0.489062500000E+03  -0.163972613901E-09   0.000000000000E+00   0.210937500000E+03  -0.679595825442E-10   0.000000000000E+00
  145.   0.488281250000E+03  -0.327419157137E-09   0.000000000000E+00   0.211718750000E+03  -0.136441342321E-09   0.000000000000E+00
  146.   0.487500000000E+03  -0.163404530454E-09   0.000000000000E+00   0.212500000000E+03  -0.684732025496E-10   0.000000000000E+00
  147.   0.486718750000E+03  -0.326282956513E-09   0.000000000000E+00   0.213281250000E+03  -0.137468755522E-09   0.000000000000E+00
  148.   0.485937500000E+03  -0.162836508006E-09   0.000000000000E+00   0.214062500000E+03  -0.689869996367E-10   0.000000000000E+00
  149.   0.485156250000E+03  -0.325147260790E-09   0.000000000000E+00   0.214843750000E+03  -0.138496567290E-09   0.000000000000E+00
  150.   0.484375000000E+03  -0.162268809529E-09   0.000000000000E+00   0.215625000000E+03  -0.695009993029E-10   0.000000000000E+00
  151.   0.483593750000E+03  -0.324012010669E-09   0.000000000000E+00   0.216406250000E+03  -0.139524756410E-09   0.000000000000E+00
  152.   0.482812500000E+03  -0.161701341008E-09   0.000000000000E+00   0.217187500000E+03  -0.700151064861E-10   0.000000000000E+00
  153.   0.482031250000E+03  -0.322877458484E-09   0.000000000000E+00   0.217968750000E+03  -0.140553349442E-09   0.000000000000E+00
  154.   0.481250000000E+03  -0.161134197148E-09   0.000000000000E+00   0.218750000000E+03  -0.705294830180E-10   0.000000000000E+00
  155.   0.480468750000E+03  -0.321743405215E-09   0.000000000000E+00   0.219531250000E+03  -0.141582296679E-09   0.000000000000E+00
  156.   0.479687500000E+03  -0.160567293609E-09   0.000000000000E+00   0.220312500000E+03  -0.710440666676E-10   0.000000000000E+00
  157.   0.478906250000E+03  -0.320609969530E-09   0.000000000000E+00   0.221093750000E+03  -0.142611635739E-09   0.000000000000E+00
  158.   0.478125000000E+03  -0.160000801850E-09   0.000000000000E+00   0.221875000000E+03  -0.715587982623E-10   0.000000000000E+00
  159.   0.477343750000E+03  -0.319476989458E-09   0.000000000000E+00   0.222656250000E+03  -0.143641371926E-09   0.000000000000E+00
  160.   0.476562500000E+03  -0.159434356463E-09   0.000000000000E+00   0.223437500000E+03  -0.720737377222E-10   0.000000000000E+00
  161.   0.475781250000E+03  -0.318344563575E-09   0.000000000000E+00   0.224218750000E+03  -0.144671464221E-09   0.000000000000E+00
  162.   0.475000000000E+03  -0.158868190443E-09   0.000000000000E+00   0.225000000000E+03  -0.725887861204E-10   0.000000000000E+00
  163.   0.474218750000E+03  -0.317212780572E-09   0.000000000000E+00   0.225781250000E+03  -0.145701963708E-09   0.000000000000E+00
  164.   0.473437500000E+03  -0.158302409660E-09   0.000000000000E+00   0.226562500000E+03  -0.731042093431E-10   0.000000000000E+00
  165.   0.472656250000E+03  -0.316081546545E-09   0.000000000000E+00   0.227343750000E+03  -0.146732857667E-09   0.000000000000E+00
  166.   0.471875000000E+03  -0.157736887624E-09   0.000000000000E+00   0.228125000000E+03  -0.736197279534E-10   0.000000000000E+00
  167.   0.471093750000E+03  -0.314950721965E-09   0.000000000000E+00   0.228906250000E+03  -0.147764173039E-09   0.000000000000E+00
  168.   0.470312500000E+03  -0.157171574941E-09   0.000000000000E+00   0.229687500000E+03  -0.741354770964E-10   0.000000000000E+00
  169.   0.469531250000E+03  -0.313820511498E-09   0.000000000000E+00   0.230468750000E+03  -0.148795888122E-09   0.000000000000E+00
  170.   0.468750000000E+03  -0.156606583515E-09   0.000000000000E+00   0.231250000000E+03  -0.746514150647E-10   0.000000000000E+00
  171.   0.467968750000E+03  -0.312690780014E-09   0.000000000000E+00   0.232031250000E+03  -0.149827968990E-09   0.000000000000E+00
  172.   0.467187500000E+03  -0.156041828544E-09   0.000000000000E+00   0.232812500000E+03  -0.751675189490E-10   0.000000000000E+00
  173.   0.466406250000E+03  -0.311561624075E-09   0.000000000000E+00   0.233593750000E+03  -0.150860450172E-09   0.000000000000E+00
  174.   0.465625000000E+03  -0.155477550260E-09   0.000000000000E+00   0.234375000000E+03  -0.756838120386E-10   0.000000000000E+00
  175.   0.464843750000E+03  -0.310432971681E-09   0.000000000000E+00   0.235156250000E+03  -0.151893348175E-09   0.000000000000E+00
  176.   0.464062500000E+03  -0.154913316804E-09   0.000000000000E+00   0.235937500000E+03  -0.762002536846E-10   0.000000000000E+00
  177.   0.463281250000E+03  -0.309304940317E-09   0.000000000000E+00   0.236718750000E+03  -0.152926666576E-09   0.000000000000E+00
  178.   0.462500000000E+03  -0.154349389483E-09   0.000000000000E+00   0.237500000000E+03  -0.767170528994E-10   0.000000000000E+00
  179.   0.461718750000E+03  -0.308177411160E-09   0.000000000000E+00   0.238281250000E+03  -0.153960382662E-09   0.000000000000E+00
  180.   0.460937500000E+03  -0.153785855277E-09   0.000000000000E+00   0.239062500000E+03  -0.772340685455E-10   0.000000000000E+00
  181.   0.460156250000E+03  -0.307050406713E-09   0.000000000000E+00   0.239843750000E+03  -0.154994527109E-09   0.000000000000E+00
  182.   0.459375000000E+03  -0.153222483622E-09   0.000000000000E+00   0.240625000000E+03  -0.777511592403E-10   0.000000000000E+00
  183.   0.458593750000E+03  -0.305923948572E-09   0.000000000000E+00   0.241406250000E+03  -0.156029032127E-09   0.000000000000E+00
  184.   0.457812500000E+03  -0.152659279232E-09   0.000000000000E+00   0.242187500000E+03  -0.782684863480E-10   0.000000000000E+00
  185.   0.457031250000E+03  -0.304798052494E-09   0.000000000000E+00   0.242968750000E+03  -0.157063883833E-09   0.000000000000E+00
  186.   0.456250000000E+03  -0.152096327989E-09   0.000000000000E+00   0.243750000000E+03  -0.787859874942E-10   0.000000000000E+00
  187.   0.455468750000E+03  -0.303672638342E-09   0.000000000000E+00   0.244531250000E+03  -0.158099140520E-09   0.000000000000E+00
  188.   0.454687500000E+03  -0.151533676641E-09   0.000000000000E+00   0.245312500000E+03  -0.793037283429E-10   0.000000000000E+00
  189.   0.453906250000E+03  -0.302547736478E-09   0.000000000000E+00   0.246093750000E+03  -0.159134770003E-09   0.000000000000E+00
  190.   0.453125000000E+03  -0.150971465177E-09   0.000000000000E+00   0.246875000000E+03  -0.798215389344E-10   0.000000000000E+00
  191.   0.452343750000E+03  -0.301423349267E-09   0.000000000000E+00   0.247656250000E+03  -0.160170795025E-09   0.000000000000E+00
  192.   0.451562500000E+03  -0.150409404858E-09   0.000000000000E+00   0.248437500000E+03  -0.803396733139E-10   0.000000000000E+00
  193.   0.450781250000E+03  -0.300299370526E-09   0.000000000000E+00   0.249218750000E+03  -0.161207152592E-09   0.000000000000E+00
  194.   0.450000000000E+03  -0.149847389198E-09   0.000000000000E+00   0.250000000000E+03  -0.808578628463E-10   0.000000000000E+00
  195.   0.449218750000E+03  -0.299175753299E-09   0.000000000000E+00   0.250781250000E+03  -0.162243791318E-09   0.000000000000E+00
  196.   0.448437500000E+03  -0.149285866609E-09   0.000000000000E+00   0.251562500000E+03  -0.813762431781E-10   0.000000000000E+00
  197.   0.447656250000E+03  -0.298052558502E-09   0.000000000000E+00   0.252343750000E+03  -0.163280702481E-09   0.000000000000E+00
  198.   0.446875000000E+03  -0.148724189393E-09   0.000000000000E+00   0.253125000000E+03  -0.818947788184E-10   0.000000000000E+00
  199.   0.446093750000E+03  -0.296929611033E-09   0.000000000000E+00   0.253906250000E+03  -0.164317839257E-09   0.000000000000E+00
  200.   0.445312500000E+03  -0.148162792985E-09   0.000000000000E+00   0.254687500000E+03  -0.824133534601E-10   0.000000000000E+00
  201.   0.444531250000E+03  -0.295806935590E-09   0.000000000000E+00   0.255468750000E+03  -0.165355151841E-09   0.000000000000E+00
  202.   0.443750000000E+03  -0.147601286493E-09   0.000000000000E+00   0.256250000000E+03  -0.829319790589E-10   0.000000000000E+00
  203.   0.442968750000E+03  -0.294684507253E-09   0.000000000000E+00   0.257031250000E+03  -0.166392569837E-09   0.000000000000E+00
  204.   0.442187500000E+03  -0.147040216041E-09   0.000000000000E+00   0.257812500000E+03  -0.834506728415E-10   0.000000000000E+00
  205.   0.441406250000E+03  -0.293562041809E-09   0.000000000000E+00   0.258593750000E+03  -0.167430012819E-09   0.000000000000E+00
  206.   0.440625000000E+03  -0.146479092273E-09   0.000000000000E+00   0.259375000000E+03  -0.839694160188E-10   0.000000000000E+00
  207.   0.439843750000E+03  -0.292439526716E-09   0.000000000000E+00   0.260156250000E+03  -0.168467354919E-09   0.000000000000E+00
  208.   0.439062500000E+03  -0.145917622463E-09   0.000000000000E+00   0.260937500000E+03  -0.844880359659E-10   0.000000000000E+00
  209.   0.438281250000E+03  -0.291316762787E-09   0.000000000000E+00   0.261718750000E+03  -0.169504460317E-09   0.000000000000E+00
  210.   0.437500000000E+03  -0.145356150694E-09   0.000000000000E+00   0.262500000000E+03  -0.850064599841E-10   0.000000000000E+00
  211.   0.436718750000E+03  -0.290193515961E-09   0.000000000000E+00   0.263281250000E+03  -0.170541214981E-09   0.000000000000E+00
  212.   0.435937500000E+03  -0.144794404694E-09   0.000000000000E+00   0.264062500000E+03  -0.855247171161E-10   0.000000000000E+00
  213.   0.435156250000E+03  -0.289069431281E-09   0.000000000000E+00   0.264843750000E+03  -0.171577347504E-09   0.000000000000E+00
  214.   0.434375000000E+03  -0.144232111141E-09   0.000000000000E+00   0.265625000000E+03  -0.860425789406E-10   0.000000000000E+00
  215.   0.433593750000E+03  -0.287944199393E-09   0.000000000000E+00   0.266406250000E+03  -0.172612513986E-09   0.000000000000E+00
  216.   0.432812500000E+03  -0.143669160610E-09   0.000000000000E+00   0.267187500000E+03  -0.865598043537E-10   0.000000000000E+00
  217.   0.432031250000E+03  -0.286817460402E-09   0.000000000000E+00   0.267968750000E+03  -0.173646408047E-09   0.000000000000E+00
  218.   0.431250000000E+03  -0.143105296228E-09   0.000000000000E+00   0.268750000000E+03  -0.870764359943E-10   0.000000000000E+00
  219.   0.430468750000E+03  -0.285688609371E-09   0.000000000000E+00   0.269531250000E+03  -0.174678505637E-09   0.000000000000E+00
  220.   0.429687500000E+03  -0.142540271925E-09   0.000000000000E+00   0.270312500000E+03  -0.875919006327E-10   0.000000000000E+00
  221.   0.428906250000E+03  -0.284557013698E-09   0.000000000000E+00   0.271093750000E+03  -0.175708296385E-09   0.000000000000E+00
  222.   0.428125000000E+03  -0.141973635572E-09   0.000000000000E+00   0.271875000000E+03  -0.881061542979E-10   0.000000000000E+00
  223.   0.427343750000E+03  -0.283421824217E-09   0.000000000000E+00   0.272656250000E+03  -0.176735085353E-09   0.000000000000E+00
  224.   0.426562500000E+03  -0.141404988552E-09   0.000000000000E+00   0.273437500000E+03  -0.886185929749E-10   0.000000000000E+00
  225.   0.425781250000E+03  -0.282281876681E-09   0.000000000000E+00   0.274218750000E+03  -0.177757988139E-09   0.000000000000E+00
  226.   0.425000000000E+03  -0.140833682623E-09   0.000000000000E+00   0.275000000000E+03  -0.891289428585E-10   0.000000000000E+00
  227.   0.424218750000E+03  -0.281135929426E-09   0.000000000000E+00   0.275781250000E+03  -0.178775800762E-09   0.000000000000E+00
  228.   0.423437500000E+03  -0.140258997919E-09   0.000000000000E+00   0.276562500000E+03  -0.896364570236E-10   0.000000000000E+00
  229.   0.422656250000E+03  -0.279982284171E-09   0.000000000000E+00   0.277343750000E+03  -0.179787103554E-09   0.000000000000E+00
  230.   0.421875000000E+03  -0.139680029305E-09   0.000000000000E+00   0.278125000000E+03  -0.901402206451E-10   0.000000000000E+00
  231.   0.421093750000E+03  -0.278818797528E-09   0.000000000000E+00   0.278906250000E+03  -0.180790025693E-09   0.000000000000E+00
  232.   0.420312500000E+03  -0.139095483581E-09   0.000000000000E+00   0.279687500000E+03  -0.906393738439E-10   0.000000000000E+00
  233.   0.419531250000E+03  -0.277642928828E-09   0.000000000000E+00   0.280468750000E+03  -0.181782426644E-09   0.000000000000E+00
  234.   0.418750000000E+03  -0.138504012208E-09   0.000000000000E+00   0.281250000000E+03  -0.911325722929E-10   0.000000000000E+00
  235.   0.417968750000E+03  -0.276451344143E-09   0.000000000000E+00   0.282031250000E+03  -0.182761458546E-09   0.000000000000E+00
  236.   0.417187500000E+03  -0.137903906304E-09   0.000000000000E+00   0.282812500000E+03  -0.916183585003E-10   0.000000000000E+00
  237.   0.416406250000E+03  -0.275240075837E-09   0.000000000000E+00   0.283593750000E+03  -0.183723606904E-09   0.000000000000E+00
  238.   0.415625000000E+03  -0.137292801880E-09   0.000000000000E+00   0.284375000000E+03  -0.920946609741E-10   0.000000000000E+00
  239.   0.414843750000E+03  -0.274003962650E-09   0.000000000000E+00   0.285156250000E+03  -0.184664353770E-09   0.000000000000E+00
  240.   0.414062500000E+03  -0.136667764860E-09   0.000000000000E+00   0.285937500000E+03  -0.925590576539E-10   0.000000000000E+00
  241.   0.413281250000E+03  -0.272736672897E-09   0.000000000000E+00   0.286718750000E+03  -0.185578101224E-09   0.000000000000E+00
  242.   0.412500000000E+03  -0.136025518141E-09   0.000000000000E+00   0.287500000000E+03  -0.930084101981E-10   0.000000000000E+00
  243.   0.411718750000E+03  -0.271430197374E-09   0.000000000000E+00   0.288281250000E+03  -0.186457782293E-09   0.000000000000E+00
  244.   0.410937500000E+03  -0.135361353915E-09   0.000000000000E+00   0.289062500000E+03  -0.934386356374E-10   0.000000000000E+00
  245.   0.410156250000E+03  -0.270074555794E-09   0.000000000000E+00   0.289843750000E+03  -0.187294603005E-09   0.000000000000E+00
  246.   0.409375000000E+03  -0.134669671380E-09   0.000000000000E+00   0.290625000000E+03  -0.938451644823E-10   0.000000000000E+00
  247.   0.408593750000E+03  -0.268657296930E-09   0.000000000000E+00   0.291406250000E+03  -0.188077487517E-09   0.000000000000E+00
  248.   0.407812500000E+03  -0.133943898627E-09   0.000000000000E+00   0.292187500000E+03  -0.942215942377E-10   0.000000000000E+00
  249.   0.407031250000E+03  -0.267162860378E-09   0.000000000000E+00   0.292968750000E+03  -0.188792471830E-09   0.000000000000E+00
  250.   0.406250000000E+03  -0.133175264138E-09   0.000000000000E+00   0.293750000000E+03  -0.945601295965E-10   0.000000000000E+00
  251.   0.405468750000E+03  -0.265571837229E-09   0.000000000000E+00   0.294531250000E+03  -0.189422022853E-09   0.000000000000E+00
  252.   0.404687500000E+03  -0.132352826866E-09   0.000000000000E+00   0.295312500000E+03  -0.948510658596E-10   0.000000000000E+00
  253.   0.403906250000E+03  -0.263859805999E-09   0.000000000000E+00   0.296093750000E+03  -0.189944101899E-09   0.000000000000E+00
  254.   0.403125000000E+03  -0.131463189673E-09   0.000000000000E+00   0.296875000000E+03  -0.950821421028E-10   0.000000000000E+00
  255.   0.402343750000E+03  -0.261996446149E-09   0.000000000000E+00   0.297656250000E+03  -0.190331152498E-09   0.000000000000E+00
  256.   0.401562500000E+03  -0.130489555356E-09   0.000000000000E+00   0.298437500000E+03  -0.952381526807E-10   0.000000000000E+00
  257.   0.400781250000E+03  -0.259943758432E-09   0.000000000000E+00   0.299218750000E+03  -0.190548589306E-09   0.000000000000E+00
  258.   0.400000000000E+03  -0.129410564695E-09   0.000000000000E+00   0.300000000000E+03  -0.952996888776E-10   0.000000000000E+00
  259.   0.399218750000E+03  -0.257654296345E-09   0.000000000000E+00   0.300781250000E+03  -0.190552912475E-09   0.000000000000E+00
  260.   0.398437500000E+03  -0.128199937735E-09   0.000000000000E+00   0.301562500000E+03  -0.952425059358E-10   0.000000000000E+00
  261.   0.397656250000E+03  -0.255068735423E-09   0.000000000000E+00   0.302343750000E+03  -0.190289522891E-09   0.000000000000E+00
  262.   0.396875000000E+03  -0.126824860896E-09   0.000000000000E+00   0.303125000000E+03  -0.950362095886E-10   0.000000000000E+00
  263.   0.396093750000E+03  -0.252112705616E-09   0.000000000000E+00   0.303906250000E+03  -0.189689742817E-09   0.000000000000E+00
  264.   0.395312500000E+03  -0.125243974870E-09   0.000000000000E+00   0.304687500000E+03  -0.946426951126E-10   0.000000000000E+00
  265.   0.394531250000E+03  -0.248693586162E-09   0.000000000000E+00   0.305468750000E+03  -0.188667455361E-09   0.000000000000E+00
  266.   0.393750000000E+03  -0.123405844889E-09   0.000000000000E+00   0.306250000000E+03  -0.940139787261E-10   0.000000000000E+00
  267.   0.392968750000E+03  -0.244695523809E-09   0.000000000000E+00   0.307031250000E+03  -0.187114664128E-09   0.000000000000E+00
  268.   0.392187500000E+03  -0.121246071630E-09   0.000000000000E+00   0.307812500000E+03  -0.930898493340E-10   0.000000000000E+00
  269.   0.391406250000E+03  -0.239973671787E-09   0.000000000000E+00   0.308593750000E+03  -0.184895693903E-09   0.000000000000E+00
  270.   0.390625000000E+03  -0.118683987185E-09   0.000000000000E+00   0.309375000000E+03  -0.917950920465E-10   0.000000000000E+00
  271.   0.389843750000E+03  -0.234347013163E-09   0.000000000000E+00   0.310156250000E+03  -0.181840117543E-09   0.000000000000E+00
  272.   0.389062500000E+03  -0.115619406497E-09   0.000000000000E+00   0.310937500000E+03  -0.900345395028E-10   0.000000000000E+00
  273.   0.388281250000E+03  -0.227589260595E-09   0.000000000000E+00   0.311718750000E+03  -0.177734108475E-09   0.000000000000E+00
  274.   0.387500000000E+03  -0.111926460533E-09   0.000000000000E+00   0.312500000000E+03  -0.876892905307E-10   0.000000000000E+00
  275.   0.386718750000E+03  -0.219417609304E-09   0.000000000000E+00   0.313281250000E+03  -0.172309160881E-09   0.000000000000E+00
  276.   0.385937500000E+03  -0.107448070418E-09   0.000000000000E+00   0.314062500000E+03  -0.846097887941E-10   0.000000000000E+00
  277.   0.385156250000E+03  -0.209478656986E-09   0.000000000000E+00   0.314843750000E+03  -0.165228159999E-09   0.000000000000E+00
  278.   0.384375000000E+03  -0.101987883695E-09   0.000000000000E+00   0.315625000000E+03  -0.806085695220E-10   0.000000000000E+00
  279.   0.383593750000E+03  -0.197330623125E-09   0.000000000000E+00   0.316406250000E+03  -0.156067878140E-09   0.000000000000E+00
  280.   0.382812500000E+03  -0.953004639448E-10   0.000000000000E+00   0.317187500000E+03  -0.754499636980E-10   0.000000000000E+00
  281.   0.382031250000E+03  -0.182421265638E-09   0.000000000000E+00   0.317968750000E+03  -0.144296752732E-09   0.000000000000E+00
  282.   0.381250000000E+03  -0.870790907960E-10   0.000000000000E+00   0.318750000000E+03  -0.688381649253E-10   0.000000000000E+00
  283.   0.380468750000E+03  -0.164060387581E-09   0.000000000000E+00   0.319531250000E+03  -0.129247596814E-09   0.000000000000E+00
  284.   0.379687500000E+03  -0.769402536208E-10   0.000000000000E+00   0.320312500000E+03  -0.604015483255E-10   0.000000000000E+00
  285.   0.378906250000E+03  -0.141384777561E-09   0.000000000000E+00   0.321093750000E+03  -0.110082532118E-09   0.000000000000E+00
  286.   0.378125000000E+03  -0.644045540383E-10   0.000000000000E+00   0.321875000000E+03  -0.496740173698E-10   0.000000000000E+00
  287.   0.377343750000E+03  -0.113315282673E-09   0.000000000000E+00   0.322656250000E+03  -0.857489508349E-10   0.000000000000E+00
  288.   0.376562500000E+03  -0.488724538000E-10   0.000000000000E+00   0.323437500000E+03  -0.360694813644E-10   0.000000000000E+00
  289.   0.375781250000E+03  -0.785020920123E-10   0.000000000000E+00   0.324218750000E+03  -0.549245066182E-10   0.000000000000E+00
  290.   0.375000000000E+03  -0.295936849597E-10   0.000000000000E+00   0.325000000000E+03  -0.188517838165E-10   0.000000000000E+00
  291.   0.374218750000E+03  -0.352558320943E-10   0.000000000000E+00   0.325781250000E+03  -0.159470766095E-10   0.000000000000E+00
  292.   0.373437500000E+03  -0.562938679109E-11   0.000000000000E+00   0.326562500000E+03   0.290472774988E-11   0.000000000000E+00
  293.   0.372656250000E+03   0.185393468710E-10   0.000000000000E+00   0.327343750000E+03   0.332743482236E-10   0.000000000000E+00
  294.   0.371875000000E+03   0.241966823241E-10   0.000000000000E+00   0.328125000000E+03   0.303648368488E-10   0.000000000000E+00
  295.   0.371093750000E+03   0.855367905530E-10   0.000000000000E+00   0.328906250000E+03   0.953732756759E-10   0.000000000000E+00
  296.   0.370312500000E+03   0.613608034577E-10   0.000000000000E+00   0.329687500000E+03   0.649965813895E-10   0.000000000000E+00
  297.   0.369531250000E+03   0.169070998487E-09   0.000000000000E+00   0.330468750000E+03   0.173673438614E-09   0.000000000000E+00
  298.   0.368750000000E+03   0.107720674588E-09   0.000000000000E+00   0.331250000000E+03   0.108655077189E-09   0.000000000000E+00
  299.   0.367968750000E+03   0.273346325868E-09   0.000000000000E+00   0.332031250000E+03   0.272382764803E-09   0.000000000000E+00
  300.   0.367187500000E+03   0.165623148005E-09   0.000000000000E+00   0.332812500000E+03   0.163693185155E-09   0.000000000000E+00
  301.   0.366406250000E+03   0.403692855166E-09   0.000000000000E+00   0.333593750000E+03   0.396856969368E-09   0.000000000000E+00
  302.   0.365625000000E+03   0.238056678500E-09   0.000000000000E+00   0.334375000000E+03   0.233119190830E-09   0.000000000000E+00
  303.   0.364843750000E+03   0.566921091257E-09   0.000000000000E+00   0.335156250000E+03   0.553964030431E-09   0.000000000000E+00
  304.   0.364062500000E+03   0.328855809878E-09   0.000000000000E+00   0.335937500000E+03   0.320805118695E-09   0.000000000000E+00
  305.   0.363281250000E+03   0.771857676893E-09   0.000000000000E+00   0.336718750000E+03   0.752633060886E-09   0.000000000000E+00
  306.   0.362500000000E+03   0.443085648817E-09   0.000000000000E+00   0.337500000000E+03   0.431878653165E-09   0.000000000000E+00
  307.   0.361718750000E+03   0.103012611293E-08   0.000000000000E+00   0.338281250000E+03   0.100465420135E-08   0.000000000000E+00
  308.   0.360937500000E+03   0.587413844906E-09   0.000000000000E+00   0.339062500000E+03   0.573109280456E-09   0.000000000000E+00
  309.   0.360156250000E+03   0.135761388879E-08   0.000000000000E+00   0.339843750000E+03   0.132616567827E-08   0.000000000000E+00
  310.   0.359375000000E+03   0.771798237484E-09   0.000000000000E+00   0.340625000000E+03   0.754591232135E-09   0.000000000000E+00
  311.   0.358593750000E+03   0.177657686233E-08   0.000000000000E+00   0.341406250000E+03   0.173980271573E-08   0.000000000000E+00
  312.   0.357812500000E+03   0.100938498635E-08   0.000000000000E+00   0.342187500000E+03   0.989698775362E-09   0.000000000000E+00
  313.   0.357031250000E+03   0.232111317820E-08   0.000000000000E+00   0.342968750000E+03   0.228020227598E-08   0.000000000000E+00
  314.   0.356250000000E+03   0.132761040514E-08   0.000000000000E+00   0.343750000000E+03   0.130613298761E-08   0.000000000000E+00
  315.   0.355468750000E+03   0.304710757655E-08   0.000000000000E+00   0.344531250000E+03   0.300405747783E-08   0.000000000000E+00
  316.   0.354687500000E+03   0.176644126718E-08   0.000000000000E+00   0.345312500000E+03   0.174425410119E-08   0.000000000000E+00
  317.   0.353906250000E+03   0.405438441840E-08   0.000000000000E+00   0.346093750000E+03   0.401251097718E-08   0.000000000000E+00
  318.   0.353125000000E+03   0.241325905865E-08   0.000000000000E+00   0.346875000000E+03   0.239285878345E-08   0.000000000000E+00
  319.   0.352343750000E+03   0.565097043369E-08   0.000000000000E+00   0.347656250000E+03   0.561511979609E-08   0.000000000000E+00
  320.   0.351562500000E+03   0.382682351593E-08   0.000000000000E+00   0.348437500000E+03   0.380871819969E-08   0.000000000000E+00
  321.   0.350781250000E+03   0.832255545968E-08   0.000000000000E+00   0.349218750000E+03   0.830754036010E-08   0.000000000000E+00
  322.   0.350000000000E+03   0.125916344770E-07   0.000000000000E+00   0.350000000000E+03   0.125916347537E-07   0.000000000000E+00
  323.   0.349218750000E+03   0.830753992230E-08   0.000000000000E+00   0.350781250000E+03   0.832255602994E-08   0.000000000000E+00
  324.   0.348437500000E+03   0.380871780171E-08   0.000000000000E+00   0.351562500000E+03   0.382682372771E-08   0.000000000000E+00
  325.   0.347656250000E+03   0.561511941329E-08   0.000000000000E+00   0.352343750000E+03   0.565097096813E-08   0.000000000000E+00
  326.   0.346875000000E+03   0.239285846406E-08   0.000000000000E+00   0.353125000000E+03   0.241325925468E-08   0.000000000000E+00
  327.   0.346093750000E+03   0.401251059979E-08   0.000000000000E+00   0.353906250000E+03   0.405438487314E-08   0.000000000000E+00
  328.   0.345312500000E+03   0.174425382372E-08   0.000000000000E+00   0.354687500000E+03   0.176644149947E-08   0.000000000000E+00
  329.   0.344531250000E+03   0.300405708626E-08   0.000000000000E+00   0.355468750000E+03   0.304710799051E-08   0.000000000000E+00
  330.   0.343750000000E+03   0.130613269469E-08   0.000000000000E+00   0.356250000000E+03   0.132761067650E-08   0.000000000000E+00
  331.   0.342968750000E+03   0.228020177309E-08   0.000000000000E+00   0.357031250000E+03   0.232111368262E-08   0.000000000000E+00
  332.   0.342187500000E+03   0.989698474340E-09   0.000000000000E+00   0.357812500000E+03   0.100938528831E-08   0.000000000000E+00
  333.   0.341406250000E+03   0.173980219591E-08   0.000000000000E+00   0.358593750000E+03   0.177657738971E-08   0.000000000000E+00
  334.   0.340625000000E+03   0.754591087346E-09   0.000000000000E+00   0.359375000000E+03   0.771798537138E-09   0.000000000000E+00
  335.   0.339843750000E+03   0.132616514966E-08   0.000000000000E+00   0.360156250000E+03   0.135761436625E-08   0.000000000000E+00
  336.   0.339062500000E+03   0.573109059238E-09   0.000000000000E+00   0.360937500000E+03   0.587414116599E-09   0.000000000000E+00
  337.   0.338281250000E+03   0.100465375590E-08   0.000000000000E+00   0.361718750000E+03   0.103012661347E-08   0.000000000000E+00
  338.   0.337500000000E+03   0.431878450889E-09   0.000000000000E+00   0.362500000000E+03   0.443085868366E-09   0.000000000000E+00
  339.   0.336718750000E+03   0.752632585676E-09   0.000000000000E+00   0.363281250000E+03   0.771858141466E-09   0.000000000000E+00
  340.   0.335937500000E+03   0.320804903729E-09   0.000000000000E+00   0.364062500000E+03   0.328856221614E-09   0.000000000000E+00
  341.   0.335156250000E+03   0.553963540134E-09   0.000000000000E+00   0.364843750000E+03   0.566921578150E-09   0.000000000000E+00
  342.   0.334375000000E+03   0.233118909629E-09   0.000000000000E+00   0.365625000000E+03   0.238056796656E-09   0.000000000000E+00
  343.   0.333593750000E+03   0.396856451081E-09   0.000000000000E+00   0.366406250000E+03   0.403693349206E-09   0.000000000000E+00
  344.   0.332812500000E+03   0.163693084952E-09   0.000000000000E+00   0.367187500000E+03   0.165623338560E-09   0.000000000000E+00
  345.   0.332031250000E+03   0.272382280296E-09   0.000000000000E+00   0.367968750000E+03   0.273346806411E-09   0.000000000000E+00
  346.   0.331250000000E+03   0.108654776009E-09   0.000000000000E+00   0.368750000000E+03   0.107720915388E-09   0.000000000000E+00
  347.   0.330468750000E+03   0.173672931076E-09   0.000000000000E+00   0.369531250000E+03   0.169071523525E-09   0.000000000000E+00
  348.   0.329687500000E+03   0.649962811399E-10   0.000000000000E+00   0.370312500000E+03   0.613611223172E-10   0.000000000000E+00
  349.   0.328906250000E+03   0.953727443869E-10   0.000000000000E+00   0.371093750000E+03   0.855372850653E-10   0.000000000000E+00
  350.   0.328125000000E+03   0.303645795423E-10   0.000000000000E+00   0.371875000000E+03   0.241969151071E-10   0.000000000000E+00
  351.   0.327343750000E+03   0.332737729125E-10   0.000000000000E+00   0.372656250000E+03   0.185397628671E-10   0.000000000000E+00
  352.   0.326562500000E+03   0.290441171162E-11   0.000000000000E+00   0.373437500000E+03  -0.562920870457E-11   0.000000000000E+00
  353.   0.325781250000E+03  -0.159476959835E-10   0.000000000000E+00   0.374218750000E+03  -0.352554082669E-10   0.000000000000E+00
  354.   0.325000000000E+03  -0.188521134154E-10   0.000000000000E+00   0.375000000000E+03  -0.295934142994E-10   0.000000000000E+00
  355.   0.324218750000E+03  -0.549251362055E-10   0.000000000000E+00   0.375781250000E+03  -0.785017039191E-10   0.000000000000E+00
  356.   0.323437500000E+03  -0.360698788900E-10   0.000000000000E+00   0.376562500000E+03  -0.488721613638E-10   0.000000000000E+00
  357.   0.322656250000E+03  -0.857495764485E-10   0.000000000000E+00   0.377343750000E+03  -0.113314884618E-09   0.000000000000E+00
  358.   0.321875000000E+03  -0.496744160772E-10   0.000000000000E+00   0.378125000000E+03  -0.644043362970E-10   0.000000000000E+00
  359.   0.321093750000E+03  -0.110083143672E-09   0.000000000000E+00   0.378906250000E+03  -0.141384335908E-09   0.000000000000E+00
  360.   0.320312500000E+03  -0.604018544511E-10   0.000000000000E+00   0.379687500000E+03  -0.769400967260E-10   0.000000000000E+00
  361.   0.319531250000E+03  -0.129248203761E-09   0.000000000000E+00   0.380468750000E+03  -0.164059913388E-09   0.000000000000E+00
  362.   0.318750000000E+03  -0.688383663722E-10   0.000000000000E+00   0.381250000000E+03  -0.870788469745E-10   0.000000000000E+00
  363.   0.317968750000E+03  -0.144297307467E-09   0.000000000000E+00   0.382031250000E+03  -0.182420819607E-09   0.000000000000E+00
  364.   0.317187500000E+03  -0.754501927175E-10   0.000000000000E+00   0.382812500000E+03  -0.953002467752E-10   0.000000000000E+00
  365.   0.316406250000E+03  -0.156068337641E-09   0.000000000000E+00   0.383593750000E+03  -0.197330153605E-09   0.000000000000E+00
  366.   0.315625000000E+03  -0.806088259603E-10   0.000000000000E+00   0.384375000000E+03  -0.101987698727E-09   0.000000000000E+00
  367.   0.314843750000E+03  -0.165228652827E-09   0.000000000000E+00   0.385156250000E+03  -0.209478171562E-09   0.000000000000E+00
  368.   0.314062500000E+03  -0.846101084384E-10   0.000000000000E+00   0.385937500000E+03  -0.107447861678E-09   0.000000000000E+00
  369.   0.313281250000E+03  -0.172309713594E-09   0.000000000000E+00   0.386718750000E+03  -0.219417108406E-09   0.000000000000E+00
  370.   0.312500000000E+03  -0.876896163811E-10   0.000000000000E+00   0.387500000000E+03  -0.111926237504E-09   0.000000000000E+00
  371.   0.311718750000E+03  -0.177734633399E-09   0.000000000000E+00   0.388281250000E+03  -0.227588787448E-09   0.000000000000E+00
  372.   0.310937500000E+03  -0.900348147316E-10   0.000000000000E+00   0.389062500000E+03  -0.115619249036E-09   0.000000000000E+00
  373.   0.310156250000E+03  -0.181840638912E-09   0.000000000000E+00   0.389843750000E+03  -0.234346529832E-09   0.000000000000E+00
  374.   0.309375000000E+03  -0.917953169151E-10   0.000000000000E+00   0.390625000000E+03  -0.118683823328E-09   0.000000000000E+00
  375.   0.308593750000E+03  -0.184896200746E-09   0.000000000000E+00   0.391406250000E+03  -0.239973227740E-09   0.000000000000E+00
  376.   0.307812500000E+03  -0.930901473352E-10   0.000000000000E+00   0.392187500000E+03  -0.121245854835E-09   0.000000000000E+00
  377.   0.307031250000E+03  -0.187115167531E-09   0.000000000000E+00   0.392968750000E+03  -0.244695157845E-09   0.000000000000E+00
  378.   0.306250000000E+03  -0.940142260689E-10   0.000000000000E+00   0.393750000000E+03  -0.123405593766E-09   0.000000000000E+00
  379.   0.305468750000E+03  -0.188667890659E-09   0.000000000000E+00   0.394531250000E+03  -0.248693157442E-09   0.000000000000E+00
  380.   0.304687500000E+03  -0.946429296339E-10   0.000000000000E+00   0.395312500000E+03  -0.125243722184E-09   0.000000000000E+00
  381.   0.303906250000E+03  -0.189690176109E-09   0.000000000000E+00   0.396093750000E+03  -0.252112239315E-09   0.000000000000E+00
  382.   0.303125000000E+03  -0.950364846675E-10   0.000000000000E+00   0.396875000000E+03  -0.126824778566E-09   0.000000000000E+00
  383.   0.302343750000E+03  -0.190290021950E-09   0.000000000000E+00   0.397656250000E+03  -0.255068229790E-09   0.000000000000E+00
  384.   0.301562500000E+03  -0.952426591627E-10   0.000000000000E+00   0.398437500000E+03  -0.128199775606E-09   0.000000000000E+00
  385.   0.300781250000E+03  -0.190553473073E-09   0.000000000000E+00   0.399218750000E+03  -0.257653916590E-09   0.000000000000E+00
  386.   0.300000000000E+03  -0.952998786673E-10   0.000000000000E+00   0.400000000000E+03  -0.129410313563E-09   0.000000000000E+00
  387.   0.299218750000E+03  -0.190549143778E-09   0.000000000000E+00   0.400781250000E+03  -0.259943428462E-09   0.000000000000E+00
  388.   0.298437500000E+03  -0.952383864795E-10   0.000000000000E+00   0.401562500000E+03  -0.130489162735E-09   0.000000000000E+00
  389.   0.297656250000E+03  -0.190331656846E-09   0.000000000000E+00   0.402343750000E+03  -0.261996055179E-09   0.000000000000E+00
  390.   0.296875000000E+03  -0.950824349745E-10   0.000000000000E+00   0.403125000000E+03  -0.131462932240E-09   0.000000000000E+00
  391.   0.296093750000E+03  -0.189944527037E-09   0.000000000000E+00   0.403906250000E+03  -0.263859375657E-09   0.000000000000E+00
  392.   0.295312500000E+03  -0.948513145024E-10   0.000000000000E+00   0.404687500000E+03  -0.132352593975E-09   0.000000000000E+00
  393.   0.294531250000E+03  -0.189422427164E-09   0.000000000000E+00   0.405468750000E+03  -0.265571354075E-09   0.000000000000E+00
  394.   0.293750000000E+03  -0.945603974282E-10   0.000000000000E+00   0.406250000000E+03  -0.133174945076E-09   0.000000000000E+00
  395.   0.292968750000E+03  -0.188792934706E-09   0.000000000000E+00   0.407031250000E+03  -0.267162340747E-09   0.000000000000E+00
  396.   0.292187500000E+03  -0.942218722756E-10   0.000000000000E+00   0.407812500000E+03  -0.133943615545E-09   0.000000000000E+00
  397.   0.291406250000E+03  -0.188077987412E-09   0.000000000000E+00   0.408593750000E+03  -0.268656696669E-09   0.000000000000E+00
  398.   0.290625000000E+03  -0.938454356828E-10   0.000000000000E+00   0.409375000000E+03  -0.134669385464E-09   0.000000000000E+00
  399.   0.289843750000E+03  -0.187295098019E-09   0.000000000000E+00   0.410156250000E+03  -0.270073981606E-09   0.000000000000E+00
  400.   0.289062500000E+03  -0.934389835942E-10   0.000000000000E+00   0.410937500000E+03  -0.135360987692E-09   0.000000000000E+00
  401.   0.288281250000E+03  -0.186458256835E-09   0.000000000000E+00   0.411718750000E+03  -0.271429709427E-09   0.000000000000E+00
  402.   0.287500000000E+03  -0.930085874091E-10   0.000000000000E+00   0.412500000000E+03  -0.136025157575E-09   0.000000000000E+00
  403.   0.286718750000E+03  -0.185578577402E-09   0.000000000000E+00   0.413281250000E+03  -0.272736238649E-09   0.000000000000E+00
  404.   0.285937500000E+03  -0.925593173706E-10   0.000000000000E+00   0.414062500000E+03  -0.136667646142E-09   0.000000000000E+00
  405.   0.285156250000E+03  -0.184664842731E-09   0.000000000000E+00   0.414843750000E+03  -0.274003599222E-09   0.000000000000E+00
  406.   0.284375000000E+03  -0.920948943906E-10   0.000000000000E+00   0.415625000000E+03  -0.137292546773E-09   0.000000000000E+00
  407.   0.283593750000E+03  -0.183724106672E-09   0.000000000000E+00   0.416406250000E+03  -0.275239661439E-09   0.000000000000E+00
  408.   0.282812500000E+03  -0.916186011424E-10   0.000000000000E+00   0.417187500000E+03  -0.137903557207E-09   0.000000000000E+00
  409.   0.282031250000E+03  -0.182761986231E-09   0.000000000000E+00   0.417968750000E+03  -0.276450922566E-09   0.000000000000E+00
  410.   0.281250000000E+03  -0.911327966326E-10   0.000000000000E+00   0.418750000000E+03  -0.138503790633E-09   0.000000000000E+00
  411.   0.280468750000E+03  -0.181782942681E-09   0.000000000000E+00   0.419531250000E+03  -0.277642433928E-09   0.000000000000E+00
  412.   0.279687500000E+03  -0.906395898157E-10   0.000000000000E+00   0.420312500000E+03  -0.139095259211E-09   0.000000000000E+00
  413.   0.278906250000E+03  -0.180790499211E-09   0.000000000000E+00   0.421093750000E+03  -0.278818297100E-09   0.000000000000E+00
  414.   0.278125000000E+03  -0.901404795271E-10   0.000000000000E+00   0.421875000000E+03  -0.139679772448E-09   0.000000000000E+00
  415.   0.277343750000E+03  -0.179787499830E-09   0.000000000000E+00   0.422656250000E+03  -0.279981784710E-09   0.000000000000E+00
  416.   0.276562500000E+03  -0.896365775757E-10   0.000000000000E+00   0.423437500000E+03  -0.140258823152E-09   0.000000000000E+00
  417.   0.275781250000E+03  -0.178776199632E-09   0.000000000000E+00   0.424218750000E+03  -0.281135471296E-09   0.000000000000E+00
  418.   0.275000000000E+03  -0.891291376510E-10   0.000000000000E+00   0.425000000000E+03  -0.140833561252E-09   0.000000000000E+00
  419.   0.274218750000E+03  -0.177758395978E-09   0.000000000000E+00   0.425781250000E+03  -0.282281450468E-09   0.000000000000E+00
  420.   0.273437500000E+03  -0.886188951440E-10   0.000000000000E+00   0.426562500000E+03  -0.141404855976E-09   0.000000000000E+00
  421.   0.272656250000E+03  -0.176735551981E-09   0.000000000000E+00   0.427343750000E+03  -0.283421449179E-09   0.000000000000E+00
  422.   0.271875000000E+03  -0.881063885800E-10   0.000000000000E+00   0.428125000000E+03  -0.141973386797E-09   0.000000000000E+00
  423.   0.271093750000E+03  -0.175708767492E-09   0.000000000000E+00   0.428906250000E+03  -0.284556719023E-09   0.000000000000E+00
  424.   0.270312500000E+03  -0.875920920028E-10   0.000000000000E+00   0.429687500000E+03  -0.142540026608E-09   0.000000000000E+00
  425.   0.269531250000E+03  -0.174678964161E-09   0.000000000000E+00   0.430468750000E+03  -0.285688222225E-09   0.000000000000E+00
  426.   0.268750000000E+03  -0.870766519692E-10   0.000000000000E+00   0.431250000000E+03  -0.143105104053E-09   0.000000000000E+00
  427.   0.267968750000E+03  -0.173646856716E-09   0.000000000000E+00   0.432031250000E+03  -0.286817054069E-09   0.000000000000E+00
  428.   0.267187500000E+03  -0.865601061698E-10   0.000000000000E+00   0.432812500000E+03  -0.143668938634E-09   0.000000000000E+00
  429.   0.266406250000E+03  -0.172612988547E-09   0.000000000000E+00   0.433593750000E+03  -0.287943768804E-09   0.000000000000E+00
  430.   0.265625000000E+03  -0.860428439695E-10   0.000000000000E+00   0.434375000000E+03  -0.144231867932E-09   0.000000000000E+00
  431.   0.264843750000E+03  -0.171577808781E-09   0.000000000000E+00   0.435156250000E+03  -0.289068970496E-09   0.000000000000E+00
  432.   0.264062500000E+03  -0.855249931216E-10   0.000000000000E+00   0.435937500000E+03  -0.144794235323E-09   0.000000000000E+00
  433.   0.263281250000E+03  -0.170541747130E-09   0.000000000000E+00   0.436718750000E+03  -0.290193102835E-09   0.000000000000E+00
  434.   0.262500000000E+03  -0.850068087411E-10   0.000000000000E+00   0.437500000000E+03  -0.145356070580E-09   0.000000000000E+00
  435.   0.261718750000E+03  -0.169504961655E-09   0.000000000000E+00   0.438281250000E+03  -0.291316360212E-09   0.000000000000E+00
  436.   0.260937500000E+03  -0.844882916630E-10   0.000000000000E+00   0.439062500000E+03  -0.145917524574E-09   0.000000000000E+00
  437.   0.260156250000E+03  -0.168467811900E-09   0.000000000000E+00   0.439843750000E+03  -0.292439172492E-09   0.000000000000E+00
  438.   0.259375000000E+03  -0.839696197850E-10   0.000000000000E+00   0.440625000000E+03  -0.146478796716E-09   0.000000000000E+00
  439.   0.258593750000E+03  -0.167430503314E-09   0.000000000000E+00   0.441406250000E+03  -0.293561667148E-09   0.000000000000E+00
  440.   0.257812500000E+03  -0.834510180465E-10   0.000000000000E+00   0.442187500000E+03  -0.147040002660E-09   0.000000000000E+00
  441.   0.257031250000E+03  -0.166393019492E-09   0.000000000000E+00   0.442968750000E+03  -0.294684063475E-09   0.000000000000E+00
  442.   0.256250000000E+03  -0.829322745527E-10   0.000000000000E+00   0.443750000000E+03  -0.147601456135E-09   0.000000000000E+00
  443.   0.255468750000E+03  -0.165355597022E-09   0.000000000000E+00   0.444531250000E+03  -0.295806571430E-09   0.000000000000E+00
  444.   0.254687500000E+03  -0.824136192836E-10   0.000000000000E+00   0.445312500000E+03  -0.148162641477E-09   0.000000000000E+00
  445.   0.253906250000E+03  -0.164318291167E-09   0.000000000000E+00   0.446093750000E+03  -0.296929221605E-09   0.000000000000E+00
  446.   0.253125000000E+03  -0.818950284932E-10   0.000000000000E+00   0.446875000000E+03  -0.148724052032E-09   0.000000000000E+00
  447.   0.252343750000E+03  -0.163281167654E-09   0.000000000000E+00   0.447656250000E+03  -0.298052103595E-09   0.000000000000E+00
  448.   0.251562500000E+03  -0.813765297994E-10   0.000000000000E+00   0.448437500000E+03  -0.149285623019E-09   0.000000000000E+00
  449.   0.250781250000E+03  -0.162244265166E-09   0.000000000000E+00   0.449218750000E+03  -0.299175297348E-09   0.000000000000E+00
  450.   0.250000000000E+03  -0.808581460562E-10   0.000000000000E+00   0.450000000000E+03  -0.149847114246E-09   0.000000000000E+00
  451.   0.249218750000E+03  -0.161207590464E-09   0.000000000000E+00   0.450781250000E+03  -0.300298843504E-09   0.000000000000E+00
  452.   0.248437500000E+03  -0.803399730159E-10   0.000000000000E+00   0.451562500000E+03  -0.150409074835E-09   0.000000000000E+00
  453.   0.247656250000E+03  -0.160171273028E-09   0.000000000000E+00   0.452343750000E+03  -0.301422771545E-09   0.000000000000E+00
  454.   0.246875000000E+03  -0.798218366178E-10   0.000000000000E+00   0.453125000000E+03  -0.150971216997E-09   0.000000000000E+00
  455.   0.246093750000E+03  -0.159135302533E-09   0.000000000000E+00   0.453906250000E+03  -0.302547191832E-09   0.000000000000E+00
  456.   0.245312500000E+03  -0.793039110361E-10   0.000000000000E+00   0.454687500000E+03  -0.151533482683E-09   0.000000000000E+00
  457.   0.244531250000E+03  -0.158099690073E-09   0.000000000000E+00   0.455468750000E+03  -0.303672187304E-09   0.000000000000E+00
  458.   0.243750000000E+03  -0.787863016149E-10   0.000000000000E+00   0.456250000000E+03  -0.152096012430E-09   0.000000000000E+00
  459.   0.242968750000E+03  -0.157064438657E-09   0.000000000000E+00   0.457031250000E+03  -0.304797680916E-09   0.000000000000E+00
  460.   0.242187500000E+03  -0.782688061019E-10   0.000000000000E+00   0.457812500000E+03  -0.152659048835E-09   0.000000000000E+00
  461.   0.241406250000E+03  -0.156029532744E-09   0.000000000000E+00   0.458593750000E+03  -0.305923624169E-09   0.000000000000E+00
  462.   0.240625000000E+03  -0.777514808333E-10   0.000000000000E+00   0.459375000000E+03  -0.153222210871E-09   0.000000000000E+00
  463.   0.239843750000E+03  -0.154995041895E-09   0.000000000000E+00   0.460156250000E+03  -0.307050029676E-09   0.000000000000E+00
  464.   0.239062500000E+03  -0.772343688833E-10   0.000000000000E+00   0.460937500000E+03  -0.153785476679E-09   0.000000000000E+00
  465.   0.238281250000E+03  -0.153960966099E-09   0.000000000000E+00   0.461718750000E+03  -0.308176995316E-09   0.000000000000E+00
  466.   0.237500000000E+03  -0.767173939931E-10   0.000000000000E+00   0.462500000000E+03  -0.154349188951E-09   0.000000000000E+00
  467.   0.236718750000E+03  -0.152927209517E-09   0.000000000000E+00   0.463281250000E+03  -0.309304576849E-09   0.000000000000E+00
  468.   0.235937500000E+03  -0.762006313270E-10   0.000000000000E+00   0.464062500000E+03  -0.154913103514E-09   0.000000000000E+00
  469.   0.235156250000E+03  -0.151893897024E-09   0.000000000000E+00   0.464843750000E+03  -0.310432619319E-09   0.000000000000E+00
  470.   0.234375000000E+03  -0.756841091840E-10   0.000000000000E+00   0.465625000000E+03  -0.155477355804E-09   0.000000000000E+00
  471.   0.233593750000E+03  -0.150860989702E-09   0.000000000000E+00   0.466406250000E+03  -0.311561180472E-09   0.000000000000E+00
  472.   0.232812500000E+03  -0.751677425640E-10   0.000000000000E+00   0.467187500000E+03  -0.156041779300E-09   0.000000000000E+00
  473.   0.232031250000E+03  -0.149828470333E-09   0.000000000000E+00   0.467968750000E+03  -0.312690382272E-09   0.000000000000E+00
  474.   0.231250000000E+03  -0.746516065185E-10   0.000000000000E+00   0.468750000000E+03  -0.156606429645E-09   0.000000000000E+00
  475.   0.230468750000E+03  -0.148796381047E-09   0.000000000000E+00   0.469531250000E+03  -0.313820077401E-09   0.000000000000E+00
  476.   0.229687500000E+03  -0.741356834276E-10   0.000000000000E+00   0.470312500000E+03  -0.157171458351E-09   0.000000000000E+00
  477.   0.228906250000E+03  -0.147764712249E-09   0.000000000000E+00   0.471093750000E+03  -0.314950344792E-09   0.000000000000E+00
  478.   0.228125000000E+03  -0.736200026202E-10   0.000000000000E+00   0.471875000000E+03  -0.157736681839E-09   0.000000000000E+00
  479.   0.227343750000E+03  -0.146733387957E-09   0.000000000000E+00   0.472656250000E+03  -0.316081123908E-09   0.000000000000E+00
  480.   0.226562500000E+03  -0.731044629547E-10   0.000000000000E+00   0.473437500000E+03  -0.158302263766E-09   0.000000000000E+00
  481.   0.225781250000E+03  -0.145702493513E-09   0.000000000000E+00   0.474218750000E+03  -0.317212447588E-09   0.000000000000E+00
  482.   0.225000000000E+03  -0.725891090428E-10   0.000000000000E+00   0.475000000000E+03  -0.158868048762E-09   0.000000000000E+00
  483.   0.224218750000E+03  -0.144671957608E-09   0.000000000000E+00   0.475781250000E+03  -0.318344356792E-09   0.000000000000E+00
  484.   0.223437500000E+03  -0.720740048837E-10   0.000000000000E+00   0.476562500000E+03  -0.159434088530E-09   0.000000000000E+00
  485.   0.222656250000E+03  -0.143641848023E-09   0.000000000000E+00   0.477343750000E+03  -0.319476773992E-09   0.000000000000E+00
  486.   0.221875000000E+03  -0.715590524453E-10   0.000000000000E+00   0.478125000000E+03  -0.160000486441E-09   0.000000000000E+00
  487.   0.221093750000E+03  -0.142612128732E-09   0.000000000000E+00   0.478906250000E+03  -0.320609657393E-09   0.000000000000E+00
  488.   0.220312500000E+03  -0.710443077466E-10   0.000000000000E+00   0.479687500000E+03  -0.160567140237E-09   0.000000000000E+00
  489.   0.219531250000E+03  -0.141582774293E-09   0.000000000000E+00   0.480468750000E+03  -0.321743190329E-09   0.000000000000E+00
  490.   0.218750000000E+03  -0.705297391446E-10   0.000000000000E+00   0.481250000000E+03  -0.161133975021E-09   0.000000000000E+00
  491.   0.217968750000E+03  -0.140553816181E-09   0.000000000000E+00   0.482031250000E+03  -0.322877228196E-09   0.000000000000E+00
  492.   0.217187500000E+03  -0.700153885752E-10   0.000000000000E+00   0.482812500000E+03  -0.161701220418E-09   0.000000000000E+00
  493.   0.216406250000E+03  -0.139525260943E-09   0.000000000000E+00   0.483593750000E+03  -0.324011807156E-09   0.000000000000E+00
  494.   0.215625000000E+03  -0.695012152901E-10   0.000000000000E+00   0.484375000000E+03  -0.162268433782E-09   0.000000000000E+00
  495.   0.214843750000E+03  -0.138497057444E-09   0.000000000000E+00   0.485156250000E+03  -0.325146848593E-09   0.000000000000E+00
  496.   0.214062500000E+03  -0.689872241892E-10   0.000000000000E+00   0.485937500000E+03  -0.162836427964E-09   0.000000000000E+00
  497.   0.213281250000E+03  -0.137469224855E-09   0.000000000000E+00   0.486718750000E+03  -0.326282473720E-09   0.000000000000E+00
  498.   0.212500000000E+03  -0.684734578425E-10   0.000000000000E+00   0.487500000000E+03  -0.163404402899E-09   0.000000000000E+00
  499.   0.211718750000E+03  -0.136441781181E-09   0.000000000000E+00   0.488281250000E+03  -0.327418743865E-09   0.000000000000E+00
  500.   0.210937500000E+03  -0.679598359325E-10   0.000000000000E+00   0.489062500000E+03  -0.163972579814E-09   0.000000000000E+00
  501.   0.210156250000E+03  -0.135414706921E-09   0.000000000000E+00   0.489843750000E+03  -0.328555481269E-09   0.000000000000E+00
  502.   0.209375000000E+03  -0.674464663562E-10   0.000000000000E+00   0.490625000000E+03  -0.164541101641E-09   0.000000000000E+00
  503.   0.208593750000E+03  -0.134387982405E-09   0.000000000000E+00   0.491406250000E+03  -0.329692645684E-09   0.000000000000E+00
  504.   0.207812500000E+03  -0.669331188581E-10   0.000000000000E+00   0.492187500000E+03  -0.165109680331E-09   0.000000000000E+00
  505.   0.207031250000E+03  -0.133361646098E-09   0.000000000000E+00   0.492968750000E+03  -0.330830421331E-09   0.000000000000E+00
  506.   0.206250000000E+03  -0.664201147181E-10   0.000000000000E+00   0.493750000000E+03  -0.165678786881E-09   0.000000000000E+00
  507.   0.205468750000E+03  -0.132335681181E-09   0.000000000000E+00   0.494531250000E+03  -0.331968757859E-09   0.000000000000E+00
  508.   0.204687500000E+03  -0.659072580646E-10   0.000000000000E+00   0.495312500000E+03  -0.166248145095E-09   0.000000000000E+00
  509.   0.203906250000E+03  -0.131310081381E-09   0.000000000000E+00   0.496093750000E+03  -0.333107504590E-09   0.000000000000E+00
  510.   0.203125000000E+03  -0.653945420061E-10   0.000000000000E+00   0.496875000000E+03  -0.166817579829E-09   0.000000000000E+00
  511.   0.202343750000E+03  -0.130284842633E-09   0.000000000000E+00   0.497656250000E+03  -0.334246758339E-09   0.000000000000E+00
  512.   0.201562500000E+03  -0.648820303520E-10   0.000000000000E+00   0.498437500000E+03  -0.167387306981E-09   0.000000000000E+00
  513.   0.200781250000E+03  -0.129259905267E-09   0.000000000000E+00   0.499218750000E+03  -0.335386590908E-09   0.000000000000E+00
  514.   0.200000000000E+03  -0.643696540612E-10   0.000000000000E+00   0.500000000000E+03  -0.167957427163E-09   0.000000000000E+00
  515.   0.199218750000E+03  -0.128235319510E-09   0.000000000000E+00   0.500781250000E+03  -0.336526930117E-09   0.000000000000E+00
  516.   0.198437500000E+03  -0.638574657887E-10   0.000000000000E+00   0.501562500000E+03  -0.168527769982E-09   0.000000000000E+00
  517.   0.197656250000E+03  -0.127211102700E-09   0.000000000000E+00   0.502343750000E+03  -0.337667701646E-09   0.000000000000E+00
  518.   0.196875000000E+03  -0.633454952731E-10   0.000000000000E+00   0.503125000000E+03  -0.169098153785E-09   0.000000000000E+00
  519.   0.196093750000E+03  -0.126187231746E-09   0.000000000000E+00   0.503906250000E+03  -0.338809047404E-09   0.000000000000E+00
  520.   0.195312500000E+03  -0.628336042345E-10   0.000000000000E+00   0.504687500000E+03  -0.169668846695E-09   0.000000000000E+00
  521.   0.194531250000E+03  -0.125163688454E-09   0.000000000000E+00   0.505468750000E+03  -0.339950816044E-09   0.000000000000E+00
  522.   0.193750000000E+03  -0.623219830711E-10   0.000000000000E+00   0.506250000000E+03  -0.170239824668E-09   0.000000000000E+00
  523.   0.192968750000E+03  -0.124140523812E-09   0.000000000000E+00   0.507031250000E+03  -0.341093116884E-09   0.000000000000E+00
  524.   0.192187500000E+03  -0.618104947968E-10   0.000000000000E+00   0.507812500000E+03  -0.170811320828E-09   0.000000000000E+00
  525.   0.191406250000E+03  -0.123117673562E-09   0.000000000000E+00   0.508593750000E+03  -0.342235955326E-09   0.000000000000E+00
  526.   0.190625000000E+03  -0.612991520545E-10   0.000000000000E+00   0.509375000000E+03  -0.171382888267E-09   0.000000000000E+00
  527.   0.189843750000E+03  -0.122095100459E-09   0.000000000000E+00   0.510156250000E+03  -0.343379239803E-09   0.000000000000E+00
  528.   0.189062500000E+03  -0.607879995057E-10   0.000000000000E+00   0.510937500000E+03  -0.171954581570E-09   0.000000000000E+00
  529.   0.188281250000E+03  -0.121072889578E-09   0.000000000000E+00   0.511718750000E+03  -0.344522986061E-09   0.000000000000E+00
  530.   0.187500000000E+03  -0.602769813508E-10   0.000000000000E+00   0.512500000000E+03  -0.172526653186E-09   0.000000000000E+00
  531.   0.186718750000E+03  -0.120051028948E-09   0.000000000000E+00   0.513281250000E+03  -0.345667201095E-09   0.000000000000E+00
  532.   0.185937500000E+03  -0.597661002002E-10   0.000000000000E+00   0.514062500000E+03  -0.173098816148E-09   0.000000000000E+00
  533.   0.185156250000E+03  -0.119029467954E-09   0.000000000000E+00   0.514843750000E+03  -0.346812021145E-09   0.000000000000E+00
  534.   0.184375000000E+03  -0.592554859473E-10   0.000000000000E+00   0.515625000000E+03  -0.173671468382E-09   0.000000000000E+00
  535.   0.183593750000E+03  -0.118008272695E-09   0.000000000000E+00   0.516406250000E+03  -0.347957281472E-09   0.000000000000E+00
  536.   0.182812500000E+03  -0.587450093024E-10   0.000000000000E+00   0.517187500000E+03  -0.174244232388E-09   0.000000000000E+00
  537.   0.182031250000E+03  -0.116987380071E-09   0.000000000000E+00   0.517968750000E+03  -0.349102995320E-09   0.000000000000E+00
  538.   0.181250000000E+03  -0.582346356806E-10   0.000000000000E+00   0.518750000000E+03  -0.174817009655E-09   0.000000000000E+00
  539.   0.180468750000E+03  -0.115966788208E-09   0.000000000000E+00   0.519531250000E+03  -0.350249076518E-09   0.000000000000E+00
  540.   0.179687500000E+03  -0.577244761513E-10   0.000000000000E+00   0.520312500000E+03  -0.175390291976E-09   0.000000000000E+00
  541.   0.178906250000E+03  -0.114946541229E-09   0.000000000000E+00   0.521093750000E+03  -0.351395721172E-09   0.000000000000E+00
  542.   0.178125000000E+03  -0.572144230734E-10   0.000000000000E+00   0.521875000000E+03  -0.175963673385E-09   0.000000000000E+00
  543.   0.177343750000E+03  -0.113926610211E-09   0.000000000000E+00   0.522656250000E+03  -0.352542910199E-09   0.000000000000E+00
  544.   0.176562500000E+03  -0.567045513417E-10   0.000000000000E+00   0.523437500000E+03  -0.176537299400E-09   0.000000000000E+00
  545.   0.175781250000E+03  -0.112906964384E-09   0.000000000000E+00   0.524218750000E+03  -0.353690526774E-09   0.000000000000E+00
  546.   0.175000000000E+03  -0.561948358350E-10   0.000000000000E+00   0.525000000000E+03  -0.177111305721E-09   0.000000000000E+00
  547.   0.174218750000E+03  -0.111887612652E-09   0.000000000000E+00   0.525781250000E+03  -0.354838540349E-09   0.000000000000E+00
  548.   0.173437500000E+03  -0.556852268058E-10   0.000000000000E+00   0.526562500000E+03  -0.177685489198E-09   0.000000000000E+00
  549.   0.172656250000E+03  -0.110868566278E-09   0.000000000000E+00   0.527343750000E+03  -0.355987108323E-09   0.000000000000E+00
  550.   0.171875000000E+03  -0.551758083466E-10   0.000000000000E+00   0.528125000000E+03  -0.178259973360E-09   0.000000000000E+00
  551.   0.171093750000E+03  -0.109849839657E-09   0.000000000000E+00   0.528906250000E+03  -0.357136163022E-09   0.000000000000E+00
  552.   0.170312500000E+03  -0.546665612447E-10   0.000000000000E+00   0.529687500000E+03  -0.178834377145E-09   0.000000000000E+00
  553.   0.169531250000E+03  -0.108831433882E-09   0.000000000000E+00   0.530468750000E+03  -0.358285588781E-09   0.000000000000E+00
  554.   0.168750000000E+03  -0.541574191881E-10   0.000000000000E+00   0.531250000000E+03  -0.179409469804E-09   0.000000000000E+00
  555.   0.167968750000E+03  -0.107813316766E-09   0.000000000000E+00   0.532031250000E+03  -0.359435487554E-09   0.000000000000E+00
  556.   0.167187500000E+03  -0.536484509045E-10   0.000000000000E+00   0.532812500000E+03  -0.179984720072E-09   0.000000000000E+00
  557.   0.166406250000E+03  -0.106795518707E-09   0.000000000000E+00   0.533593750000E+03  -0.360585807198E-09   0.000000000000E+00
  558.   0.165625000000E+03  -0.531396701233E-10   0.000000000000E+00   0.534375000000E+03  -0.180559646510E-09   0.000000000000E+00
  559.   0.164843750000E+03  -0.105777994174E-09   0.000000000000E+00   0.535156250000E+03  -0.361736633653E-09   0.000000000000E+00
  560.   0.164062500000E+03  -0.526310038619E-10   0.000000000000E+00   0.535937500000E+03  -0.181135086135E-09   0.000000000000E+00
  561.   0.163281250000E+03  -0.104760733233E-09   0.000000000000E+00   0.536718750000E+03  -0.362887880736E-09   0.000000000000E+00
  562.   0.162500000000E+03  -0.521224545751E-10   0.000000000000E+00   0.537500000000E+03  -0.181711054078E-09   0.000000000000E+00
  563.   0.161718750000E+03  -0.103743793665E-09   0.000000000000E+00   0.538281250000E+03  -0.364039554723E-09   0.000000000000E+00
  564.   0.160937500000E+03  -0.516141168611E-10   0.000000000000E+00   0.539062500000E+03  -0.182286942124E-09   0.000000000000E+00
  565.   0.160156250000E+03  -0.102727163295E-09   0.000000000000E+00   0.539843750000E+03  -0.365191734510E-09   0.000000000000E+00
  566.   0.159375000000E+03  -0.511058225483E-10   0.000000000000E+00   0.540625000000E+03  -0.182863119481E-09   0.000000000000E+00
  567.   0.158593750000E+03  -0.101710794880E-09   0.000000000000E+00   0.541406250000E+03  -0.366344326358E-09   0.000000000000E+00
  568.   0.157812500000E+03  -0.505977230255E-10   0.000000000000E+00   0.542187500000E+03  -0.183439718286E-09   0.000000000000E+00
  569.   0.157031250000E+03  -0.100694715017E-09   0.000000000000E+00   0.542968750000E+03  -0.367497454582E-09   0.000000000000E+00
  570.   0.156250000000E+03  -0.500898259596E-10   0.000000000000E+00   0.543750000000E+03  -0.184016317587E-09   0.000000000000E+00
  571.   0.155468750000E+03  -0.996789219064E-10   0.000000000000E+00   0.544531250000E+03  -0.368650970883E-09   0.000000000000E+00
  572.   0.154687500000E+03  -0.495819477749E-10   0.000000000000E+00   0.545312500000E+03  -0.184593172065E-09   0.000000000000E+00
  573.   0.153906250000E+03  -0.986634186011E-10   0.000000000000E+00   0.546093750000E+03  -0.369804775767E-09   0.000000000000E+00
  574.   0.153125000000E+03  -0.490742879692E-10   0.000000000000E+00   0.546875000000E+03  -0.185170179968E-09   0.000000000000E+00
  575.   0.152343750000E+03  -0.976482135234E-10   0.000000000000E+00   0.547656250000E+03  -0.370959066728E-09   0.000000000000E+00
  576.   0.151562500000E+03  -0.485667766742E-10   0.000000000000E+00   0.548437500000E+03  -0.185747442220E-09   0.000000000000E+00
  577.   0.150781250000E+03  -0.966332520581E-10   0.000000000000E+00   0.549218750000E+03  -0.372113743882E-09   0.000000000000E+00
  578.   0.150000000000E+03  -0.480594024569E-10   0.000000000000E+00   0.550000000000E+03  -0.186324718322E-09   0.000000000000E+00
  579.   0.149218750000E+03  -0.956185532998E-10   0.000000000000E+00   0.550781250000E+03  -0.373268858280E-09   0.000000000000E+00
  580.   0.148437500000E+03  -0.475520914517E-10   0.000000000000E+00   0.551562500000E+03  -0.186902819486E-09   0.000000000000E+00
  581.   0.147656250000E+03  -0.946041189370E-10   0.000000000000E+00   0.552343750000E+03  -0.374424335157E-09   0.000000000000E+00
  582.   0.146875000000E+03  -0.470449697088E-10   0.000000000000E+00   0.553125000000E+03  -0.187480343828E-09   0.000000000000E+00
  583.   0.146093750000E+03  -0.935899884631E-10   0.000000000000E+00   0.553906250000E+03  -0.375580407348E-09   0.000000000000E+00
  584.   0.145312500000E+03  -0.465379776495E-10   0.000000000000E+00   0.554687500000E+03  -0.188058568587E-09   0.000000000000E+00
  585.   0.144531250000E+03  -0.925761511017E-10   0.000000000000E+00   0.555468750000E+03  -0.376736795475E-09   0.000000000000E+00
  586.   0.143750000000E+03  -0.460311471413E-10   0.000000000000E+00   0.556250000000E+03  -0.188636851386E-09   0.000000000000E+00
  587.   0.142968750000E+03  -0.915625669235E-10   0.000000000000E+00   0.557031250000E+03  -0.377893629687E-09   0.000000000000E+00
  588.   0.142187500000E+03  -0.455244731773E-10   0.000000000000E+00   0.557812500000E+03  -0.189215249427E-09   0.000000000000E+00
  589.   0.141406250000E+03  -0.905492478685E-10   0.000000000000E+00   0.558593750000E+03  -0.379050739835E-09   0.000000000000E+00
  590.   0.140625000000E+03  -0.450178865049E-10   0.000000000000E+00   0.559375000000E+03  -0.189793894728E-09   0.000000000000E+00
  591.   0.139843750000E+03  -0.895362028226E-10   0.000000000000E+00   0.560156250000E+03  -0.380208085726E-09   0.000000000000E+00
  592.   0.139062500000E+03  -0.445113860524E-10   0.000000000000E+00   0.560937500000E+03  -0.190372592943E-09   0.000000000000E+00
  593.   0.138281250000E+03  -0.885234247303E-10   0.000000000000E+00   0.561718750000E+03  -0.381365756775E-09   0.000000000000E+00
  594.   0.137500000000E+03  -0.440051037040E-10   0.000000000000E+00   0.562500000000E+03  -0.190951531565E-09   0.000000000000E+00
  595.   0.136718750000E+03  -0.875109338593E-10   0.000000000000E+00   0.563281250000E+03  -0.382523766193E-09   0.000000000000E+00
  596.   0.135937500000E+03  -0.434989578083E-10   0.000000000000E+00   0.564062500000E+03  -0.191530637233E-09   0.000000000000E+00
  597.   0.135156250000E+03  -0.864987169536E-10   0.000000000000E+00   0.564843750000E+03  -0.383681989389E-09   0.000000000000E+00
  598.   0.134375000000E+03  -0.429929496059E-10   0.000000000000E+00   0.565625000000E+03  -0.192109847200E-09   0.000000000000E+00
  599.   0.133593750000E+03  -0.854867570536E-10   0.000000000000E+00   0.566406250000E+03  -0.384840372544E-09   0.000000000000E+00
  600.   0.132812500000E+03  -0.424870561456E-10   0.000000000000E+00   0.567187500000E+03  -0.192689021421E-09   0.000000000000E+00
  601.   0.132031250000E+03  -0.844750905286E-10   0.000000000000E+00   0.567968750000E+03  -0.385998948405E-09   0.000000000000E+00
  602.   0.131250000000E+03  -0.419812741654E-10   0.000000000000E+00   0.568750000000E+03  -0.193268296263E-09   0.000000000000E+00
  603.   0.130468750000E+03  -0.834637059015E-10   0.000000000000E+00   0.569531250000E+03  -0.387157525796E-09   0.000000000000E+00
  604.   0.129687500000E+03  -0.414756855884E-10   0.000000000000E+00   0.570312500000E+03  -0.193847542959E-09   0.000000000000E+00
  605.   0.128906250000E+03  -0.824526271883E-10   0.000000000000E+00   0.571093750000E+03  -0.388316123696E-09   0.000000000000E+00
  606.   0.128125000000E+03  -0.409702355208E-10   0.000000000000E+00   0.571875000000E+03  -0.194426978349E-09   0.000000000000E+00
  607.   0.127343750000E+03  -0.814418392810E-10   0.000000000000E+00   0.572656250000E+03  -0.389474613049E-09   0.000000000000E+00
  608.   0.126562500000E+03  -0.404649475586E-10   0.000000000000E+00   0.573437500000E+03  -0.195006118750E-09   0.000000000000E+00
  609.   0.125781250000E+03  -0.804313710504E-10   0.000000000000E+00   0.574218750000E+03  -0.390632847444E-09   0.000000000000E+00
  610.   0.125000000000E+03  -0.399597683558E-10   0.000000000000E+00   0.575000000000E+03  -0.195585156819E-09   0.000000000000E+00
  611.   0.124218750000E+03  -0.794212116617E-10   0.000000000000E+00   0.575781250000E+03  -0.391790595435E-09   0.000000000000E+00
  612.   0.123437500000E+03  -0.394547966098E-10   0.000000000000E+00   0.576562500000E+03  -0.196164126940E-09   0.000000000000E+00
  613.   0.122656250000E+03  -0.784114075395E-10   0.000000000000E+00   0.577343750000E+03  -0.392948048609E-09   0.000000000000E+00
  614.   0.121875000000E+03  -0.389499833111E-10   0.000000000000E+00   0.578125000000E+03  -0.196742705132E-09   0.000000000000E+00
  615.   0.121093750000E+03  -0.774020614366E-10   0.000000000000E+00   0.578906250000E+03  -0.394105040471E-09   0.000000000000E+00
  616.   0.120312500000E+03  -0.384454829870E-10   0.000000000000E+00   0.579687500000E+03  -0.197321075044E-09   0.000000000000E+00
  617.   0.119531250000E+03  -0.763932274467E-10   0.000000000000E+00   0.580468750000E+03  -0.395261552407E-09   0.000000000000E+00
  618.   0.118750000000E+03  -0.379411828208E-10   0.000000000000E+00   0.581250000000E+03  -0.197899245361E-09   0.000000000000E+00
  619.   0.117968750000E+03  -0.753850016975E-10   0.000000000000E+00   0.582031250000E+03  -0.396417632044E-09   0.000000000000E+00
  620.   0.117187500000E+03  -0.374372916649E-10   0.000000000000E+00   0.582812500000E+03  -0.198477213890E-09   0.000000000000E+00
  621.   0.116406250000E+03  -0.743775235240E-10   0.000000000000E+00   0.583593750000E+03  -0.397573415134E-09   0.000000000000E+00
  622.   0.115625000000E+03  -0.369337126459E-10   0.000000000000E+00   0.584375000000E+03  -0.199055048883E-09   0.000000000000E+00
  623.   0.114843750000E+03  -0.733709800792E-10   0.000000000000E+00   0.585156250000E+03  -0.398729278252E-09   0.000000000000E+00
  624.   0.114062500000E+03  -0.364306174726E-10   0.000000000000E+00   0.585937500000E+03  -0.199632205106E-09   0.000000000000E+00
  625.   0.113281250000E+03  -0.723655733367E-10   0.000000000000E+00   0.586718750000E+03  -0.399885277994E-09   0.000000000000E+00
  626.   0.112500000000E+03  -0.359280357828E-10   0.000000000000E+00   0.587500000000E+03  -0.200208797904E-09   0.000000000000E+00
  627.   0.111718750000E+03  -0.713615228198E-10   0.000000000000E+00   0.588281250000E+03  -0.401041282521E-09   0.000000000000E+00
  628.   0.110937500000E+03  -0.354259406351E-10   0.000000000000E+00   0.589062500000E+03  -0.200784073817E-09   0.000000000000E+00
  629.   0.110156250000E+03  -0.703589879639E-10   0.000000000000E+00   0.589843750000E+03  -0.402196426917E-09   0.000000000000E+00
  630.   0.109375000000E+03  -0.349242035103E-10   0.000000000000E+00   0.590625000000E+03  -0.201355973146E-09   0.000000000000E+00
  631.   0.108593750000E+03  -0.693579458736E-10   0.000000000000E+00   0.591406250000E+03  -0.403348330479E-09   0.000000000000E+00
  632.   0.107812500000E+03  -0.344224068428E-10   0.000000000000E+00   0.592187500000E+03  -0.201920527823E-09   0.000000000000E+00
  633.   0.107031250000E+03  -0.683578510969E-10   0.000000000000E+00   0.592968750000E+03  -0.404490684983E-09   0.000000000000E+00
  634.   0.106250000000E+03  -0.339189456294E-10   0.000000000000E+00   0.593750000000E+03  -0.202466414469E-09   0.000000000000E+00
  635.   0.105468750000E+03  -0.673584072532E-10   0.000000000000E+00   0.594531250000E+03  -0.405617220682E-09   0.000000000000E+00
  636.   0.104687500000E+03  -0.334141663295E-10   0.000000000000E+00   0.595312500000E+03  -0.202992510185E-09   0.000000000000E+00
  637.   0.103906250000E+03  -0.663555748458E-10   0.000000000000E+00   0.596093750000E+03  -0.406696421854E-09   0.000000000000E+00
  638.   0.103125000000E+03  -0.328942881821E-10   0.000000000000E+00   0.596875000000E+03  -0.203410008929E-09   0.000000000000E+00
  639.   0.102343750000E+03  -0.653529895687E-10   0.000000000000E+00   0.597656250000E+03  -0.407740651991E-09   0.000000000000E+00
  640.   0.101562500000E+03  -0.324154230695E-10   0.000000000000E+00   0.598437500000E+03  -0.204069465743E-09   0.000000000000E+00
  641.   0.100781250000E+03  -0.642660586374E-10   0.000000000000E+00   0.599218750000E+03  -0.408201102813E-09   0.000000000000E+00
