mode   UX_top        UY_top        UX_bot        UY_bot      (bending: UY_top~UY_bot, UX_top~-UX_bot)
  1.     0.8496E-04    -0.3867E-02    -0.8496E-04    -0.3867E-02
  2.    -0.5174E-04     0.5462E-03     0.5174E-04     0.5462E-03
  3.     0.2824E-04    -0.1813E-03    -0.2824E-04    -0.1813E-03
  4.    -0.1949E-04     0.8989E-04     0.1949E-04     0.8989E-04
  5.    -0.1391E-03     0.7276E-06    -0.1391E-03    -0.7276E-06
  6.     0.1482E-04    -0.5371E-04    -0.1482E-04    -0.5371E-04
  7.    -0.1196E-04     0.3589E-04     0.1196E-04     0.3589E-04
  8.     0.1006E-04    -0.2586E-04    -0.1006E-04    -0.2586E-04
  9.    -0.3806E-04     0.2462E-06    -0.3806E-04    -0.2462E-06
 10.    -0.8726E-05     0.1969E-04     0.8726E-05     0.1969E-04
 11.     0.7750E-05    -0.1563E-04    -0.7750E-05    -0.1563E-04
 12.     0.2187E-04    -0.1935E-06     0.2187E-04     0.1935E-06
 13.    -0.7018E-05     0.1281E-04     0.7018E-05     0.1281E-04
 14.     0.6458E-05    -0.1079E-04    -0.6458E-05    -0.1079E-04
 15.     0.1534E-04    -0.1905E-06     0.1534E-04     0.1905E-06
 16.    -0.6024E-05     0.9280E-05     0.6024E-05     0.9280E-05
 17.     0.5685E-05    -0.8126E-05    -0.5685E-05    -0.8126E-05
 18.    -0.1180E-04     0.2035E-06    -0.1180E-04    -0.2035E-06
 19.    -0.5420E-05     0.7221E-05     0.5420E-05     0.7221E-05
 20.     0.5213E-05    -0.6495E-05    -0.5213E-05    -0.6495E-05
