mode  f_Hz  UX_top  UY_top  UX_bot  UY_bot  UX_mid   [r = RO; extensional: UX_top ~ +UX_bot]
  1.   0.355970764123E-02  -0.12560E-10   0.10000E+01   0.12961E-10   0.10000E+01   0.20959E-12
  2.   0.826400931497E+02   0.18284E-04  -0.37309E-03  -0.18284E-04  -0.37309E-03  -0.24849E-16
  3.   0.380041255259E+03  -0.11167E-04   0.10773E-03   0.11167E-04   0.10773E-03  -0.25589E-16
  4.   0.921204200504E+03  -0.65421E-05   0.40017E-04   0.65421E-05   0.40017E-04   0.24637E-15
  5.   0.171955277680E+04   0.42691E-05  -0.19053E-04  -0.42691E-05  -0.19053E-04   0.99235E-14
  6.   0.185232916318E+04  -0.10209E-04  -0.32742E-07  -0.10209E-04   0.32742E-07  -0.10213E-04
  7.   0.276342230388E+04  -0.31360E-05   0.10994E-04   0.31360E-05   0.10994E-04  -0.13651E-14
  8.   0.403732172368E+04   0.24717E-05  -0.71326E-05  -0.24717E-05  -0.71326E-05  -0.86878E-14
  9.   0.447453131969E+04  -0.61300E-05  -0.63597E-07  -0.61300E-05   0.63597E-07  -0.61435E-05
 10.   0.552366341127E+04  -0.20410E-05   0.50045E-05   0.20410E-05   0.50045E-05  -0.86445E-14
 11.   0.720418230736E+04   0.17435E-05  -0.37167E-05  -0.17435E-05  -0.37167E-05   0.23443E-12
 12.   0.725061840881E+04  -0.14593E-04   0.60957E-09  -0.14593E-04  -0.61303E-09  -0.14678E-04
 13.   0.906072854813E+04  -0.15255E-05   0.28763E-05   0.15255E-05   0.28763E-05  -0.35500E-14
 14.   0.105154163853E+05  -0.58912E-05  -0.66032E-07  -0.58912E-05   0.66032E-07  -0.59650E-05
 15.   0.110758316963E+05   0.13599E-05  -0.22981E-05  -0.13599E-05  -0.22981E-05   0.56056E-14
 16.   0.132330725436E+05  -0.12314E-05   0.18846E-05   0.12314E-05   0.18846E-05  -0.52461E-13
 17.   0.136941804731E+05  -0.14180E-04  -0.19688E-08  -0.14180E-04   0.19678E-08  -0.14487E-04
 18.   0.155172983832E+05   0.11296E-05  -0.15788E-05  -0.11296E-05  -0.15788E-05   0.82094E-15
 19.   0.170183942738E+05  -0.57846E-05  -0.68368E-07  -0.57846E-05   0.68369E-07  -0.59833E-05
 20.   0.179147160133E+05  -0.10465E-05   0.13448E-05   0.10465E-05   0.13448E-05   0.37923E-14
 21.   0.202294825052E+05  -0.13371E-04  -0.54287E-08  -0.13371E-04   0.54285E-08  -0.14041E-04
 22.   0.204128997250E+05   0.98082E-06  -0.11651E-05  -0.98082E-06  -0.11651E-05  -0.20718E-14
 23.   0.230007386208E+05  -0.92457E-06   0.10197E-05   0.92457E-06   0.10197E-05   0.12277E-12
 24.   0.235025330002E+05  -0.55381E-05  -0.71927E-07  -0.55380E-05   0.71931E-07  -0.59282E-05
 25.   0.256683508340E+05   0.87326E-06  -0.89734E-06  -0.87326E-06  -0.89734E-06  -0.30601E-12
 26.   0.266637543792E+05  -0.10620E-04  -0.93216E-08  -0.10620E-04   0.93321E-08  -0.11627E-04
 27.   0.284069798809E+05  -0.83663E-06   0.80312E-06   0.83663E-06   0.80312E-06   0.13457E-12
 28.   0.298445666023E+05  -0.47050E-05  -0.70279E-07  -0.47050E-05   0.70280E-07  -0.52961E-05
 29.   0.312088780049E+05   0.79701E-06  -0.71616E-06  -0.79701E-06  -0.71616E-06   0.86668E-14
 30.   0.329085672380E+05  -0.74214E-05  -0.12382E-07  -0.74214E-05   0.12382E-07  -0.86238E-05
