i  r_top  QtopRe  QtopIm  r_bot  QbotRe  QbotIm   [mm, mC]
    1.   0.600000000000E+03  -0.173486002718E-06   0.000000000000E+00   0.100000000000E+03   0.751677653894E-12   0.000000000000E+00
    2.   0.100000000000E+03   0.751677418568E-12   0.000000000000E+00   0.600000000000E+03  -0.173486002719E-06   0.000000000000E+00
    3.   0.598437500000E+03  -0.354314296560E-07   0.000000000000E+00   0.101562500000E+03   0.274273286140E-11   0.000000000000E+00
    4.   0.596875000000E+03   0.844426652842E-08   0.000000000000E+00   0.103125000000E+03   0.118942448712E-11   0.000000000000E+00
    5.   0.595312500000E+03   0.281277252074E-07   0.000000000000E+00   0.104687500000E+03   0.239499215684E-11   0.000000000000E+00
    6.   0.593750000000E+03   0.186806251412E-07   0.000000000000E+00   0.106250000000E+03   0.114432250147E-11   0.000000000000E+00
    7.   0.592187500000E+03   0.343997107383E-07   0.000000000000E+00   0.107812500000E+03   0.250379596340E-11   0.000000000000E+00
    8.   0.590625000000E+03   0.178557107953E-07   0.000000000000E+00   0.109375000000E+03   0.128252761914E-11   0.000000000000E+00
    9.   0.589062500000E+03   0.291051833572E-07   0.000000000000E+00   0.110937500000E+03   0.275375429305E-11   0.000000000000E+00
   10.   0.587500000000E+03   0.117342584390E-07   0.000000000000E+00   0.112500000000E+03   0.140494594172E-11   0.000000000000E+00
   11.   0.585937500000E+03   0.184855146600E-07   0.000000000000E+00   0.114062500000E+03   0.294795142839E-11   0.000000000000E+00
   12.   0.584375000000E+03   0.695388379513E-08   0.000000000000E+00   0.115625000000E+03   0.148208621580E-11   0.000000000000E+00
   13.   0.582812500000E+03   0.104383747347E-07   0.000000000000E+00   0.117187500000E+03   0.306524938802E-11   0.000000000000E+00
   14.   0.581250000000E+03   0.358766846362E-08   0.000000000000E+00   0.118750000000E+03   0.152505229401E-11   0.000000000000E+00
   15.   0.579687500000E+03   0.546210442976E-08   0.000000000000E+00   0.120312500000E+03   0.313767952391E-11   0.000000000000E+00
   16.   0.578125000000E+03   0.187681103926E-08   0.000000000000E+00   0.121875000000E+03   0.155485599120E-11   0.000000000000E+00
   17.   0.576562500000E+03   0.293552796861E-08   0.000000000000E+00   0.123437500000E+03   0.319491474900E-11   0.000000000000E+00
   18.   0.575000000000E+03   0.104254424087E-08   0.000000000000E+00   0.125000000000E+03   0.158207969085E-11   0.000000000000E+00
   19.   0.573437500000E+03   0.168886042071E-08   0.000000000000E+00   0.126562500000E+03   0.324992028336E-11   0.000000000000E+00
   20.   0.571875000000E+03   0.631995421927E-09   0.000000000000E+00   0.128125000000E+03   0.160972052832E-11   0.000000000000E+00
   21.   0.570312500000E+03   0.103185524367E-08   0.000000000000E+00   0.129687500000E+03   0.330539231141E-11   0.000000000000E+00
   22.   0.568750000000E+03   0.394499993485E-09   0.000000000000E+00   0.131250000000E+03   0.163760486053E-11   0.000000000000E+00
   23.   0.567187500000E+03   0.640470363917E-09   0.000000000000E+00   0.132812500000E+03   0.336069434304E-11   0.000000000000E+00
   24.   0.565625000000E+03   0.244672900484E-09   0.000000000000E+00   0.134375000000E+03   0.166515424546E-11   0.000000000000E+00
   25.   0.564062500000E+03   0.392727330671E-09   0.000000000000E+00   0.135937500000E+03   0.341504250697E-11   0.000000000000E+00
   26.   0.562500000000E+03   0.148178773811E-09   0.000000000000E+00   0.137500000000E+03   0.169209331209E-11   0.000000000000E+00
   27.   0.560937500000E+03   0.236074348636E-09   0.000000000000E+00   0.139062500000E+03   0.346814158010E-11   0.000000000000E+00
   28.   0.559375000000E+03   0.881480224062E-10   0.000000000000E+00   0.140625000000E+03   0.171838301710E-11   0.000000000000E+00
   29.   0.557812500000E+03   0.140036555991E-09   0.000000000000E+00   0.142187500000E+03   0.351999201530E-11   0.000000000000E+00
   30.   0.556250000000E+03   0.520843760918E-10   0.000000000000E+00   0.143750000000E+03   0.174405961623E-11   0.000000000000E+00
   31.   0.554687500000E+03   0.828116729559E-10   0.000000000000E+00   0.145312500000E+03   0.357066646158E-11   0.000000000000E+00
   32.   0.553125000000E+03   0.309038967991E-10   0.000000000000E+00   0.146875000000E+03   0.176916194623E-11   0.000000000000E+00
   33.   0.551562500000E+03   0.492066302777E-10   0.000000000000E+00   0.148437500000E+03   0.362021964825E-11   0.000000000000E+00
   34.   0.550000000000E+03   0.185127904310E-10   0.000000000000E+00   0.150000000000E+03   0.179371078574E-11   0.000000000000E+00
   35.   0.548437500000E+03   0.294763517796E-10   0.000000000000E+00   0.151562500000E+03   0.366867095499E-11   0.000000000000E+00
   36.   0.546875000000E+03   0.112142931323E-10   0.000000000000E+00   0.153125000000E+03   0.181771005008E-11   0.000000000000E+00
   37.   0.545312500000E+03   0.178106632502E-10   0.000000000000E+00   0.154687500000E+03   0.371602280872E-11   0.000000000000E+00
   38.   0.543750000000E+03   0.687686585818E-11   0.000000000000E+00   0.156250000000E+03   0.184115958448E-11   0.000000000000E+00
   39.   0.542187500000E+03   0.108675698034E-10   0.000000000000E+00   0.157812500000E+03   0.376227064144E-11   0.000000000000E+00
   40.   0.540625000000E+03   0.428827088084E-11   0.000000000000E+00   0.159375000000E+03   0.186405395582E-11   0.000000000000E+00
   41.   0.539062500000E+03   0.672789074376E-11   0.000000000000E+00   0.160937500000E+03   0.380740557763E-11   0.000000000000E+00
   42.   0.537500000000E+03   0.274624189083E-11   0.000000000000E+00   0.162500000000E+03   0.188639236659E-11   0.000000000000E+00
   43.   0.535937500000E+03   0.426851981837E-11   0.000000000000E+00   0.164062500000E+03   0.385142112603E-11   0.000000000000E+00
   44.   0.534375000000E+03   0.183388580104E-11   0.000000000000E+00   0.165625000000E+03   0.190816821121E-11   0.000000000000E+00
   45.   0.532812500000E+03   0.281900755210E-11   0.000000000000E+00   0.167187500000E+03   0.389430897559E-11   0.000000000000E+00
   46.   0.531250000000E+03   0.129983538193E-11   0.000000000000E+00   0.168750000000E+03   0.192937984385E-11   0.000000000000E+00
   47.   0.529687500000E+03   0.197517861454E-11   0.000000000000E+00   0.170312500000E+03   0.393606067131E-11   0.000000000000E+00
   48.   0.528125000000E+03   0.992219839499E-12   0.000000000000E+00   0.171875000000E+03   0.195002395774E-11   0.000000000000E+00
   49.   0.526562500000E+03   0.149351177886E-11   0.000000000000E+00   0.173437500000E+03   0.397666372496E-11   0.000000000000E+00
   50.   0.525000000000E+03   0.819778321429E-12   0.000000000000E+00   0.175000000000E+03   0.197009304153E-11   0.000000000000E+00
   51.   0.523437500000E+03   0.122807227648E-11   0.000000000000E+00   0.176562500000E+03   0.401611104283E-11   0.000000000000E+00
   52.   0.521875000000E+03   0.728027919219E-12   0.000000000000E+00   0.178125000000E+03   0.198958519464E-11   0.000000000000E+00
   53.   0.520312500000E+03   0.109184643980E-11   0.000000000000E+00   0.179687500000E+03   0.405439148120E-11   0.000000000000E+00
   54.   0.518750000000E+03   0.684560363665E-12   0.000000000000E+00   0.181250000000E+03   0.200849593877E-11   0.000000000000E+00
   55.   0.517187500000E+03   0.103306593669E-11   0.000000000000E+00   0.182812500000E+03   0.409149658910E-11   0.000000000000E+00
   56.   0.515625000000E+03   0.670101943031E-12   0.000000000000E+00   0.184375000000E+03   0.202681908650E-11   0.000000000000E+00
   57.   0.514062500000E+03   0.102091426936E-11   0.000000000000E+00   0.185937500000E+03   0.412741536761E-11   0.000000000000E+00
   58.   0.512500000000E+03   0.673167825185E-12   0.000000000000E+00   0.187500000000E+03   0.204454966120E-11   0.000000000000E+00
   59.   0.510937500000E+03   0.103700916771E-11   0.000000000000E+00   0.189062500000E+03   0.416213820048E-11   0.000000000000E+00
   60.   0.509375000000E+03   0.686897611813E-12   0.000000000000E+00   0.190625000000E+03   0.206168395564E-11   0.000000000000E+00
   61.   0.507812500000E+03   0.107035916200E-11   0.000000000000E+00   0.192187500000E+03   0.419565570901E-11   0.000000000000E+00
   62.   0.506250000000E+03   0.707181184063E-12   0.000000000000E+00   0.193750000000E+03   0.207822104910E-11   0.000000000000E+00
   63.   0.504687500000E+03   0.111437893429E-11   0.000000000000E+00   0.195312500000E+03   0.422795737025E-11   0.000000000000E+00
   64.   0.503125000000E+03   0.731557444868E-12   0.000000000000E+00   0.196875000000E+03   0.209415363280E-11   0.000000000000E+00
   65.   0.501562500000E+03   0.116511163078E-11   0.000000000000E+00   0.198437500000E+03   0.425903390333E-11   0.000000000000E+00
   66.   0.500000000000E+03   0.758539917882E-12   0.000000000000E+00   0.200000000000E+03   0.210947105286E-11   0.000000000000E+00
   67.   0.498437500000E+03   0.122017038722E-11   0.000000000000E+00   0.201562500000E+03   0.428887170349E-11   0.000000000000E+00
   68.   0.496875000000E+03   0.787232705450E-12   0.000000000000E+00   0.203125000000E+03   0.212417723811E-11   0.000000000000E+00
   69.   0.495312500000E+03   0.127810582589E-11   0.000000000000E+00   0.204687500000E+03   0.431746571797E-11   0.000000000000E+00
   70.   0.493750000000E+03   0.817086784599E-12   0.000000000000E+00   0.206250000000E+03   0.213826170670E-11   0.000000000000E+00
   71.   0.492187500000E+03   0.133802768414E-11   0.000000000000E+00   0.207812500000E+03   0.434480161110E-11   0.000000000000E+00
   72.   0.490625000000E+03   0.847764046590E-12   0.000000000000E+00   0.209375000000E+03   0.215172388143E-11   0.000000000000E+00
   73.   0.489062500000E+03   0.139937980274E-11   0.000000000000E+00   0.210937500000E+03   0.437087327707E-11   0.000000000000E+00
   74.   0.487500000000E+03   0.879048322739E-12   0.000000000000E+00   0.212500000000E+03   0.216455672614E-11   0.000000000000E+00
   75.   0.485937500000E+03   0.146180378133E-11   0.000000000000E+00   0.214062500000E+03   0.439566777765E-11   0.000000000000E+00
   76.   0.484375000000E+03   0.910799258653E-12   0.000000000000E+00   0.215625000000E+03   0.217675596994E-11   0.000000000000E+00
   77.   0.482812500000E+03   0.152506069258E-11   0.000000000000E+00   0.217187500000E+03   0.441917871243E-11   0.000000000000E+00
   78.   0.481250000000E+03   0.942922529433E-12   0.000000000000E+00   0.218750000000E+03   0.218831450252E-11   0.000000000000E+00
   79.   0.479687500000E+03   0.158898439714E-11   0.000000000000E+00   0.220312500000E+03   0.444139401330E-11   0.000000000000E+00
   80.   0.478125000000E+03   0.975346550940E-12   0.000000000000E+00   0.221875000000E+03   0.219923157211E-11   0.000000000000E+00
   81.   0.476562500000E+03   0.165344710821E-11   0.000000000000E+00   0.223437500000E+03   0.446230580172E-11   0.000000000000E+00
   82.   0.475000000000E+03   0.100801756507E-11   0.000000000000E+00   0.225000000000E+03   0.220950411866E-11   0.000000000000E+00
   83.   0.473437500000E+03   0.171834971863E-11   0.000000000000E+00   0.226562500000E+03   0.448190128464E-11   0.000000000000E+00
   84.   0.471875000000E+03   0.104089201838E-11   0.000000000000E+00   0.228125000000E+03   0.221912102760E-11   0.000000000000E+00
   85.   0.470312500000E+03   0.178360877183E-11   0.000000000000E+00   0.229687500000E+03   0.450017326595E-11   0.000000000000E+00
   86.   0.468750000000E+03   0.107393105461E-11   0.000000000000E+00   0.231250000000E+03   0.222808218733E-11   0.000000000000E+00
   87.   0.467187500000E+03   0.184914836490E-11   0.000000000000E+00   0.232812500000E+03   0.451710995332E-11   0.000000000000E+00
   88.   0.465625000000E+03   0.110709874084E-11   0.000000000000E+00   0.234375000000E+03   0.223638044477E-11   0.000000000000E+00
   89.   0.464062500000E+03   0.191489739047E-11   0.000000000000E+00   0.235937500000E+03   0.453270040633E-11   0.000000000000E+00
   90.   0.462500000000E+03   0.114036288461E-11   0.000000000000E+00   0.237500000000E+03   0.224401119813E-11   0.000000000000E+00
   91.   0.460937500000E+03   0.198078854766E-11   0.000000000000E+00   0.239062500000E+03   0.454693329452E-11   0.000000000000E+00
   92.   0.459375000000E+03   0.117368976369E-11   0.000000000000E+00   0.240625000000E+03   0.225096744472E-11   0.000000000000E+00
   93.   0.457812500000E+03   0.204675457156E-11   0.000000000000E+00   0.242187500000E+03   0.455979648768E-11   0.000000000000E+00
   94.   0.456250000000E+03   0.120704696641E-11   0.000000000000E+00   0.243750000000E+03   0.225724744549E-11   0.000000000000E+00
   95.   0.454687500000E+03   0.211272721172E-11   0.000000000000E+00   0.245312500000E+03   0.457127579841E-11   0.000000000000E+00
   96.   0.453125000000E+03   0.124040129492E-11   0.000000000000E+00   0.246875000000E+03   0.226283896030E-11   0.000000000000E+00
   97.   0.451562500000E+03   0.217863280185E-11   0.000000000000E+00   0.248437500000E+03   0.458135089472E-11   0.000000000000E+00
   98.   0.450000000000E+03   0.127371442837E-11   0.000000000000E+00   0.250000000000E+03   0.226772962442E-11   0.000000000000E+00
   99.   0.448437500000E+03   0.224439059412E-11   0.000000000000E+00   0.251562500000E+03   0.458999607519E-11   0.000000000000E+00
  100.   0.446875000000E+03   0.130694392537E-11   0.000000000000E+00   0.253125000000E+03   0.227190648342E-11   0.000000000000E+00
  101.   0.445312500000E+03   0.230990575636E-11   0.000000000000E+00   0.254687500000E+03   0.459717182947E-11   0.000000000000E+00
  102.   0.443750000000E+03   0.134004034292E-11   0.000000000000E+00   0.256250000000E+03   0.227534638631E-11   0.000000000000E+00
  103.   0.442187500000E+03   0.237505853710E-11   0.000000000000E+00   0.257812500000E+03   0.460282201076E-11   0.000000000000E+00
  104.   0.440625000000E+03   0.137293400393E-11   0.000000000000E+00   0.259375000000E+03   0.227801751579E-11   0.000000000000E+00
  105.   0.439062500000E+03   0.243968983453E-11   0.000000000000E+00   0.260937500000E+03   0.460685034448E-11   0.000000000000E+00
  106.   0.437500000000E+03   0.140553902645E-11   0.000000000000E+00   0.262500000000E+03   0.227985536194E-11   0.000000000000E+00
  107.   0.435937500000E+03   0.250357008500E-11   0.000000000000E+00   0.264062500000E+03   0.460910712054E-11   0.000000000000E+00
  108.   0.434375000000E+03   0.143771461032E-11   0.000000000000E+00   0.265625000000E+03   0.228077250684E-11   0.000000000000E+00
  109.   0.432812500000E+03   0.256635686129E-11   0.000000000000E+00   0.267187500000E+03   0.460935198848E-11   0.000000000000E+00
  110.   0.431250000000E+03   0.146925732127E-11   0.000000000000E+00   0.268750000000E+03   0.228061990309E-11   0.000000000000E+00
  111.   0.429687500000E+03   0.262751554954E-11   0.000000000000E+00   0.270312500000E+03   0.460718000724E-11   0.000000000000E+00
  112.   0.428125000000E+03   0.149984098618E-11   0.000000000000E+00   0.271875000000E+03   0.227914130220E-11   0.000000000000E+00
  113.   0.426562500000E+03   0.268619135520E-11   0.000000000000E+00   0.273437500000E+03   0.460190910767E-11   0.000000000000E+00
  114.   0.425000000000E+03   0.152894267781E-11   0.000000000000E+00   0.275000000000E+03   0.227591182509E-11   0.000000000000E+00
  115.   0.423437500000E+03   0.274099263870E-11   0.000000000000E+00   0.276562500000E+03   0.459240591937E-11   0.000000000000E+00
  116.   0.421875000000E+03   0.155569645333E-11   0.000000000000E+00   0.278125000000E+03   0.227022430890E-11   0.000000000000E+00
  117.   0.420312500000E+03   0.278963125491E-11   0.000000000000E+00   0.279687500000E+03   0.457676082498E-11   0.000000000000E+00
  118.   0.418750000000E+03   0.157868231988E-11   0.000000000000E+00   0.281250000000E+03   0.226088233306E-11   0.000000000000E+00
  119.   0.417187500000E+03   0.282833522077E-11   0.000000000000E+00   0.282812500000E+03   0.455177640384E-11   0.000000000000E+00
  120.   0.415625000000E+03   0.159555620741E-11   0.000000000000E+00   0.284375000000E+03   0.224588700769E-11   0.000000000000E+00
  121.   0.414062500000E+03   0.285090310360E-11   0.000000000000E+00   0.285937500000E+03   0.451211323908E-11   0.000000000000E+00
  122.   0.412500000000E+03   0.160247371631E-11   0.000000000000E+00   0.287500000000E+03   0.222190636091E-11   0.000000000000E+00
  123.   0.410937500000E+03   0.284715239841E-11   0.000000000000E+00   0.289062500000E+03   0.444890065372E-11   0.000000000000E+00
  124.   0.409375000000E+03   0.159312690410E-11   0.000000000000E+00   0.290625000000E+03   0.218342849489E-11   0.000000000000E+00
  125.   0.407812500000E+03   0.280030012855E-11   0.000000000000E+00   0.292187500000E+03   0.434735932929E-11   0.000000000000E+00
  126.   0.406250000000E+03   0.155709715025E-11   0.000000000000E+00   0.293750000000E+03   0.212123878777E-11   0.000000000000E+00
  127.   0.404687500000E+03   0.268226662684E-11   0.000000000000E+00   0.295312500000E+03   0.418253152271E-11   0.000000000000E+00
  128.   0.403125000000E+03   0.147681630228E-11   0.000000000000E+00   0.296875000000E+03   0.201966862289E-11   0.000000000000E+00
  129.   0.401562500000E+03   0.244504376420E-11   0.000000000000E+00   0.298437500000E+03   0.391137152318E-11   0.000000000000E+00
  130.   0.400000000000E+03   0.132191942872E-11   0.000000000000E+00   0.300000000000E+03   0.185141442723E-11   0.000000000000E+00
  131.   0.398437500000E+03   0.200538465051E-11   0.000000000000E+00   0.301562500000E+03   0.345863369086E-11   0.000000000000E+00
  132.   0.396875000000E+03   0.103938910106E-11   0.000000000000E+00   0.303125000000E+03   0.156841458676E-11   0.000000000000E+00
  133.   0.395312500000E+03   0.122098336883E-11   0.000000000000E+00   0.304687500000E+03   0.269450796746E-11   0.000000000000E+00
  134.   0.393750000000E+03   0.539375722616E-12   0.000000000000E+00   0.306250000000E+03   0.108843474009E-11   0.000000000000E+00
  135.   0.392187500000E+03  -0.139806949232E-12   0.000000000000E+00   0.307812500000E+03   0.140539573333E-11   0.000000000000E+00
  136.   0.390625000000E+03  -0.320739922097E-12   0.000000000000E+00   0.309375000000E+03   0.279373756239E-12   0.000000000000E+00
  137.   0.389062500000E+03  -0.242342762384E-11   0.000000000000E+00   0.310937500000E+03  -0.732535822807E-12   0.000000000000E+00
  138.   0.387500000000E+03  -0.174346973029E-11   0.000000000000E+00   0.312500000000E+03  -0.104928401225E-11   0.000000000000E+00
  139.   0.385937500000E+03  -0.611436196411E-11   0.000000000000E+00   0.314062500000E+03  -0.417912782102E-11   0.000000000000E+00
  140.   0.384375000000E+03  -0.400178053052E-11   0.000000000000E+00   0.315625000000E+03  -0.315862640374E-11   0.000000000000E+00
  141.   0.382812500000E+03  -0.119094721479E-10   0.000000000000E+00   0.317187500000E+03  -0.960379589818E-11   0.000000000000E+00
  142.   0.381250000000E+03  -0.749417128027E-11   0.000000000000E+00   0.318750000000E+03  -0.643325814345E-11   0.000000000000E+00
  143.   0.379687500000E+03  -0.211826345676E-10   0.000000000000E+00   0.320312500000E+03  -0.183216300965E-10   0.000000000000E+00
  144.   0.378125000000E+03  -0.131592604907E-10   0.000000000000E+00   0.321875000000E+03  -0.117695511017E-10   0.000000000000E+00
  145.   0.376562500000E+03  -0.372782152374E-10   0.000000000000E+00   0.323437500000E+03  -0.335211969383E-10   0.000000000000E+00
  146.   0.375000000000E+03  -0.234307542554E-10   0.000000000000E+00   0.325000000000E+03  -0.214836367698E-10   0.000000000000E+00
  147.   0.373437500000E+03  -0.688285790177E-10   0.000000000000E+00   0.326562500000E+03  -0.634521477295E-10   0.000000000000E+00
  148.   0.371875000000E+03  -0.447100468211E-10   0.000000000000E+00   0.328125000000E+03  -0.417059159062E-10   0.000000000000E+00
  149.   0.370312500000E+03  -0.131851724039E-09   0.000000000000E+00   0.329687500000E+03  -0.123625681702E-09   0.000000000000E+00
  150.   0.368750000000E+03  -0.875435321228E-10   0.000000000000E+00   0.331250000000E+03  -0.826892778650E-10   0.000000000000E+00
  151.   0.367187500000E+03  -0.249694512093E-09   0.000000000000E+00   0.332812500000E+03  -0.237091452402E-09   0.000000000000E+00
  152.   0.365625000000E+03  -0.163865639235E-09   0.000000000000E+00   0.334375000000E+03  -0.156466238275E-09   0.000000000000E+00
  153.   0.364062500000E+03  -0.418011845925E-09   0.000000000000E+00   0.335937500000E+03  -0.401037774551E-09   0.000000000000E+00
  154.   0.362500000000E+03  -0.262434588835E-09   0.000000000000E+00   0.337500000000E+03  -0.252896178074E-09   0.000000000000E+00
  155.   0.360937500000E+03  -0.599225767936E-09   0.000000000000E+00   0.339062500000E+03  -0.580499890275E-09   0.000000000000E+00
  156.   0.359375000000E+03  -0.331769510751E-09   0.000000000000E+00   0.340625000000E+03  -0.323125777550E-09   0.000000000000E+00
  157.   0.357812500000E+03  -0.565310609841E-09   0.000000000000E+00   0.342187500000E+03  -0.552188385219E-09   0.000000000000E+00
  158.   0.356250000000E+03  -0.323651365138E-09   0.000000000000E+00   0.343750000000E+03  -0.316854041238E-09   0.000000000000E+00
  159.   0.354687500000E+03  -0.204494392241E-09   0.000000000000E+00   0.345312500000E+03  -0.203006281000E-09   0.000000000000E+00
  160.   0.353125000000E+03   0.386623444115E-09   0.000000000000E+00   0.346875000000E+03   0.380834900871E-09   0.000000000000E+00
  161.   0.351562500000E+03   0.130888308685E-08   0.000000000000E+00   0.348437500000E+03   0.130809724953E-08   0.000000000000E+00
  162.   0.350000000000E+03   0.692834167416E-08   0.000000000000E+00   0.350000000000E+03   0.692834166986E-08   0.000000000000E+00
  163.   0.348437500000E+03   0.130809725587E-08   0.000000000000E+00   0.351562500000E+03   0.130888308165E-08   0.000000000000E+00
  164.   0.346875000000E+03   0.380834902201E-09   0.000000000000E+00   0.353125000000E+03   0.386623442590E-09   0.000000000000E+00
  165.   0.345312500000E+03  -0.203006276346E-09   0.000000000000E+00   0.354687500000E+03  -0.204494396622E-09   0.000000000000E+00
  166.   0.343750000000E+03  -0.316854039785E-09   0.000000000000E+00   0.356250000000E+03  -0.323651367487E-09   0.000000000000E+00
  167.   0.342187500000E+03  -0.552188382643E-09   0.000000000000E+00   0.357812500000E+03  -0.565310616120E-09   0.000000000000E+00
  168.   0.340625000000E+03  -0.323125777488E-09   0.000000000000E+00   0.359375000000E+03  -0.331769511854E-09   0.000000000000E+00
  169.   0.339062500000E+03  -0.580499888934E-09   0.000000000000E+00   0.360937500000E+03  -0.599225772223E-09   0.000000000000E+00
  170.   0.337500000000E+03  -0.252896177803E-09   0.000000000000E+00   0.362500000000E+03  -0.262434590878E-09   0.000000000000E+00
  171.   0.335937500000E+03  -0.401037773128E-09   0.000000000000E+00   0.364062500000E+03  -0.418011849172E-09   0.000000000000E+00
  172.   0.334375000000E+03  -0.156466239454E-09   0.000000000000E+00   0.365625000000E+03  -0.163865642407E-09   0.000000000000E+00
  173.   0.332812500000E+03  -0.237091450584E-09   0.000000000000E+00   0.367187500000E+03  -0.249694514399E-09   0.000000000000E+00
  174.   0.331250000000E+03  -0.826892768437E-10   0.000000000000E+00   0.368750000000E+03  -0.875435345550E-10   0.000000000000E+00
  175.   0.329687500000E+03  -0.123625678011E-09   0.000000000000E+00   0.370312500000E+03  -0.131851726965E-09   0.000000000000E+00
  176.   0.328125000000E+03  -0.417059118206E-10   0.000000000000E+00   0.371875000000E+03  -0.447100472672E-10   0.000000000000E+00
  177.   0.326562500000E+03  -0.634521412640E-10   0.000000000000E+00   0.373437500000E+03  -0.688285806391E-10   0.000000000000E+00
  178.   0.325000000000E+03  -0.214836326774E-10   0.000000000000E+00   0.375000000000E+03  -0.234307561457E-10   0.000000000000E+00
  179.   0.323437500000E+03  -0.335211894973E-10   0.000000000000E+00   0.376562500000E+03  -0.372782175190E-10   0.000000000000E+00
  180.   0.321875000000E+03  -0.117695462084E-10   0.000000000000E+00   0.378125000000E+03  -0.131592624218E-10   0.000000000000E+00
  181.   0.320312500000E+03  -0.183216217355E-10   0.000000000000E+00   0.379687500000E+03  -0.211826373879E-10   0.000000000000E+00
  182.   0.318750000000E+03  -0.643325338481E-11   0.000000000000E+00   0.381250000000E+03  -0.749417389637E-11   0.000000000000E+00
  183.   0.317187500000E+03  -0.960378709155E-11   0.000000000000E+00   0.382812500000E+03  -0.119094751733E-10   0.000000000000E+00
  184.   0.315625000000E+03  -0.315862401527E-11   0.000000000000E+00   0.384375000000E+03  -0.400178035862E-11   0.000000000000E+00
  185.   0.314062500000E+03  -0.417912028944E-11   0.000000000000E+00   0.385937500000E+03  -0.611436405852E-11   0.000000000000E+00
  186.   0.312500000000E+03  -0.104927837424E-11   0.000000000000E+00   0.387500000000E+03  -0.174347052579E-11   0.000000000000E+00
  187.   0.310937500000E+03  -0.732527003129E-12   0.000000000000E+00   0.389062500000E+03  -0.242342891271E-11   0.000000000000E+00
  188.   0.309375000000E+03   0.279379065547E-12   0.000000000000E+00   0.390625000000E+03  -0.320739975910E-12   0.000000000000E+00
  189.   0.307812500000E+03   0.140540541230E-11   0.000000000000E+00   0.392187500000E+03  -0.139807379842E-12   0.000000000000E+00
  190.   0.306250000000E+03   0.108843908066E-11   0.000000000000E+00   0.393750000000E+03   0.539375161189E-12   0.000000000000E+00
  191.   0.304687500000E+03   0.269451591303E-11   0.000000000000E+00   0.395312500000E+03   0.122098414906E-11   0.000000000000E+00
  192.   0.303125000000E+03   0.156842064700E-11   0.000000000000E+00   0.396875000000E+03   0.103939083427E-11   0.000000000000E+00
  193.   0.301562500000E+03   0.345864059024E-11   0.000000000000E+00   0.398437500000E+03   0.200538510295E-11   0.000000000000E+00
  194.   0.300000000000E+03   0.185141995319E-11   0.000000000000E+00   0.400000000000E+03   0.132192001610E-11   0.000000000000E+00
  195.   0.298437500000E+03   0.391137960348E-11   0.000000000000E+00   0.401562500000E+03   0.244504296084E-11   0.000000000000E+00
  196.   0.296875000000E+03   0.201967250887E-11   0.000000000000E+00   0.403125000000E+03   0.147681701624E-11   0.000000000000E+00
  197.   0.295312500000E+03   0.418253765276E-11   0.000000000000E+00   0.404687500000E+03   0.268226671992E-11   0.000000000000E+00
  198.   0.293750000000E+03   0.212123966638E-11   0.000000000000E+00   0.406250000000E+03   0.155709602773E-11   0.000000000000E+00
  199.   0.292187500000E+03   0.434736523345E-11   0.000000000000E+00   0.407812500000E+03   0.280030103818E-11   0.000000000000E+00
  200.   0.290625000000E+03   0.218342967260E-11   0.000000000000E+00   0.409375000000E+03   0.159312610968E-11   0.000000000000E+00
  201.   0.289062500000E+03   0.444890401980E-11   0.000000000000E+00   0.410937500000E+03   0.284715323594E-11   0.000000000000E+00
  202.   0.287500000000E+03   0.222191011310E-11   0.000000000000E+00   0.412500000000E+03   0.160247399414E-11   0.000000000000E+00
  203.   0.285937500000E+03   0.451211679206E-11   0.000000000000E+00   0.414062500000E+03   0.285090383590E-11   0.000000000000E+00
  204.   0.284375000000E+03   0.224588768309E-11   0.000000000000E+00   0.415625000000E+03   0.159555775001E-11   0.000000000000E+00
  205.   0.282812500000E+03   0.455178083107E-11   0.000000000000E+00   0.417187500000E+03   0.282833589250E-11   0.000000000000E+00
  206.   0.281250000000E+03   0.226088368299E-11   0.000000000000E+00   0.418750000000E+03   0.157868244424E-11   0.000000000000E+00
  207.   0.279687500000E+03   0.457676687092E-11   0.000000000000E+00   0.420312500000E+03   0.278963204971E-11   0.000000000000E+00
  208.   0.278125000000E+03   0.227022569270E-11   0.000000000000E+00   0.421875000000E+03   0.155569638352E-11   0.000000000000E+00
  209.   0.276562500000E+03   0.459241100228E-11   0.000000000000E+00   0.423437500000E+03   0.274099495933E-11   0.000000000000E+00
  210.   0.275000000000E+03   0.227591554404E-11   0.000000000000E+00   0.425000000000E+03   0.152894398052E-11   0.000000000000E+00
  211.   0.273437500000E+03   0.460191525855E-11   0.000000000000E+00   0.426562500000E+03   0.268619471190E-11   0.000000000000E+00
  212.   0.271875000000E+03   0.227914389703E-11   0.000000000000E+00   0.428125000000E+03   0.149984399030E-11   0.000000000000E+00
  213.   0.270312500000E+03   0.460718566754E-11   0.000000000000E+00   0.429687500000E+03   0.262751838333E-11   0.000000000000E+00
  214.   0.268750000000E+03   0.228062190375E-11   0.000000000000E+00   0.431250000000E+03   0.146925827196E-11   0.000000000000E+00
  215.   0.267187500000E+03   0.460935852249E-11   0.000000000000E+00   0.432812500000E+03   0.256635980034E-11   0.000000000000E+00
  216.   0.265625000000E+03   0.228077609600E-11   0.000000000000E+00   0.434375000000E+03   0.143771588778E-11   0.000000000000E+00
  217.   0.264062500000E+03   0.460911261366E-11   0.000000000000E+00   0.435937500000E+03   0.250357318350E-11   0.000000000000E+00
  218.   0.262500000000E+03   0.227985839115E-11   0.000000000000E+00   0.437500000000E+03   0.140553952156E-11   0.000000000000E+00
  219.   0.260937500000E+03   0.460685365320E-11   0.000000000000E+00   0.439062500000E+03   0.243969234451E-11   0.000000000000E+00
  220.   0.259375000000E+03   0.227801644350E-11   0.000000000000E+00   0.440625000000E+03   0.137293612527E-11   0.000000000000E+00
  221.   0.257812500000E+03   0.460282560618E-11   0.000000000000E+00   0.442187500000E+03   0.237506021619E-11   0.000000000000E+00
  222.   0.256250000000E+03   0.227534879254E-11   0.000000000000E+00   0.443750000000E+03   0.134003977755E-11   0.000000000000E+00
  223.   0.254687500000E+03   0.459717652262E-11   0.000000000000E+00   0.445312500000E+03   0.230990704438E-11   0.000000000000E+00
  224.   0.253125000000E+03   0.227190791362E-11   0.000000000000E+00   0.446875000000E+03   0.130694510461E-11   0.000000000000E+00
  225.   0.251562500000E+03   0.459000028873E-11   0.000000000000E+00   0.448437500000E+03   0.224439246532E-11   0.000000000000E+00
  226.   0.250000000000E+03   0.226772949602E-11   0.000000000000E+00   0.450000000000E+03   0.127371570725E-11   0.000000000000E+00
  227.   0.248437500000E+03   0.458135505551E-11   0.000000000000E+00   0.451562500000E+03   0.217863521965E-11   0.000000000000E+00
  228.   0.246875000000E+03   0.226283827541E-11   0.000000000000E+00   0.453125000000E+03   0.124040270956E-11   0.000000000000E+00
  229.   0.245312500000E+03   0.457128078524E-11   0.000000000000E+00   0.454687500000E+03   0.211272970361E-11   0.000000000000E+00
  230.   0.243750000000E+03   0.225724915593E-11   0.000000000000E+00   0.456250000000E+03   0.120704882707E-11   0.000000000000E+00
  231.   0.242187500000E+03   0.455980166257E-11   0.000000000000E+00   0.457812500000E+03   0.204675779290E-11   0.000000000000E+00
  232.   0.240625000000E+03   0.225097032098E-11   0.000000000000E+00   0.459375000000E+03   0.117369246127E-11   0.000000000000E+00
  233.   0.239062500000E+03   0.454693693620E-11   0.000000000000E+00   0.460937500000E+03   0.198079209318E-11   0.000000000000E+00
  234.   0.237500000000E+03   0.224401227623E-11   0.000000000000E+00   0.462500000000E+03   0.114036436739E-11   0.000000000000E+00
  235.   0.235937500000E+03   0.453270410194E-11   0.000000000000E+00   0.464062500000E+03   0.191490066335E-11   0.000000000000E+00
  236.   0.234375000000E+03   0.223638037982E-11   0.000000000000E+00   0.465625000000E+03   0.110710114305E-11   0.000000000000E+00
  237.   0.232812500000E+03   0.451711260692E-11   0.000000000000E+00   0.467187500000E+03   0.184915169699E-11   0.000000000000E+00
  238.   0.231250000000E+03   0.222808164197E-11   0.000000000000E+00   0.468750000000E+03   0.107393238940E-11   0.000000000000E+00
  239.   0.229687500000E+03   0.450017482987E-11   0.000000000000E+00   0.470312500000E+03   0.178361248098E-11   0.000000000000E+00
  240.   0.228125000000E+03   0.221911994805E-11   0.000000000000E+00   0.471875000000E+03   0.104089359728E-11   0.000000000000E+00
  241.   0.226562500000E+03   0.448190264042E-11   0.000000000000E+00   0.473437500000E+03   0.171835401441E-11   0.000000000000E+00
  242.   0.225000000000E+03   0.220950053621E-11   0.000000000000E+00   0.475000000000E+03   0.100802027839E-11   0.000000000000E+00
  243.   0.223437500000E+03   0.446230842305E-11   0.000000000000E+00   0.476562500000E+03   0.165345073528E-11   0.000000000000E+00
  244.   0.221875000000E+03   0.219923411409E-11   0.000000000000E+00   0.478125000000E+03   0.975348731097E-12   0.000000000000E+00
  245.   0.220312500000E+03   0.444139809978E-11   0.000000000000E+00   0.479687500000E+03   0.158898782633E-11   0.000000000000E+00
  246.   0.218750000000E+03   0.218831622050E-11   0.000000000000E+00   0.481250000000E+03   0.942924736655E-12   0.000000000000E+00
  247.   0.217187500000E+03   0.441918134051E-11   0.000000000000E+00   0.482812500000E+03   0.152506462231E-11   0.000000000000E+00
  248.   0.215625000000E+03   0.217675545611E-11   0.000000000000E+00   0.484375000000E+03   0.910801777994E-12   0.000000000000E+00
  249.   0.214062500000E+03   0.439566972294E-11   0.000000000000E+00   0.485937500000E+03   0.146180732352E-11   0.000000000000E+00
  250.   0.212500000000E+03   0.216455760457E-11   0.000000000000E+00   0.487500000000E+03   0.879050249593E-12   0.000000000000E+00
  251.   0.210937500000E+03   0.437087392365E-11   0.000000000000E+00   0.489062500000E+03   0.139938342068E-11   0.000000000000E+00
  252.   0.209375000000E+03   0.215172408868E-11   0.000000000000E+00   0.490625000000E+03   0.847765696955E-12   0.000000000000E+00
  253.   0.207812500000E+03   0.434480284989E-11   0.000000000000E+00   0.492187500000E+03   0.133803110150E-11   0.000000000000E+00
  254.   0.206250000000E+03   0.213826198321E-11   0.000000000000E+00   0.493750000000E+03   0.817088371370E-12   0.000000000000E+00
  255.   0.204687500000E+03   0.431746547728E-11   0.000000000000E+00   0.495312500000E+03   0.127810914293E-11   0.000000000000E+00
  256.   0.203125000000E+03   0.212417781979E-11   0.000000000000E+00   0.496875000000E+03   0.787233772553E-12   0.000000000000E+00
  257.   0.201562500000E+03   0.428887126547E-11   0.000000000000E+00   0.498437500000E+03   0.122017409331E-11   0.000000000000E+00
  258.   0.200000000000E+03   0.210947271470E-11   0.000000000000E+00   0.500000000000E+03   0.758542067334E-12   0.000000000000E+00
  259.   0.198437500000E+03   0.425903100206E-11   0.000000000000E+00   0.501562500000E+03   0.116511571872E-11   0.000000000000E+00
  260.   0.196875000000E+03   0.209415308219E-11   0.000000000000E+00   0.503125000000E+03   0.731559081388E-12   0.000000000000E+00
  261.   0.195312500000E+03   0.422795533313E-11   0.000000000000E+00   0.504687500000E+03   0.111438298872E-11   0.000000000000E+00
  262.   0.193750000000E+03   0.207822231645E-11   0.000000000000E+00   0.506250000000E+03   0.707183601178E-12   0.000000000000E+00
  263.   0.192187500000E+03   0.419565442041E-11   0.000000000000E+00   0.507812500000E+03   0.107036356879E-11   0.000000000000E+00
  264.   0.190625000000E+03   0.206168525833E-11   0.000000000000E+00   0.509375000000E+03   0.686899659277E-12   0.000000000000E+00
  265.   0.189062500000E+03   0.416213906215E-11   0.000000000000E+00   0.510937500000E+03   0.103701398266E-11   0.000000000000E+00
  266.   0.187500000000E+03   0.204455078660E-11   0.000000000000E+00   0.512500000000E+03   0.673170304186E-12   0.000000000000E+00
  267.   0.185937500000E+03   0.412741600119E-11   0.000000000000E+00   0.514062500000E+03   0.102091901910E-11   0.000000000000E+00
  268.   0.184375000000E+03   0.202681979129E-11   0.000000000000E+00   0.515625000000E+03   0.670104490416E-12   0.000000000000E+00
  269.   0.182812500000E+03   0.409149699107E-11   0.000000000000E+00   0.517187500000E+03   0.103307025047E-11   0.000000000000E+00
  270.   0.181250000000E+03   0.200849495690E-11   0.000000000000E+00   0.518750000000E+03   0.684562374495E-12   0.000000000000E+00
  271.   0.179687500000E+03   0.405439123241E-11   0.000000000000E+00   0.520312500000E+03   0.109185074881E-11   0.000000000000E+00
  272.   0.178125000000E+03   0.198958572368E-11   0.000000000000E+00   0.521875000000E+03   0.728029844856E-12   0.000000000000E+00
  273.   0.176562500000E+03   0.401611027533E-11   0.000000000000E+00   0.523437500000E+03   0.122807650069E-11   0.000000000000E+00
  274.   0.175000000000E+03   0.197009305890E-11   0.000000000000E+00   0.525000000000E+03   0.819780399532E-12   0.000000000000E+00
  275.   0.173437500000E+03   0.397666326835E-11   0.000000000000E+00   0.526562500000E+03   0.149351592731E-11   0.000000000000E+00
  276.   0.171875000000E+03   0.195002354740E-11   0.000000000000E+00   0.528125000000E+03   0.992222386117E-12   0.000000000000E+00
  277.   0.170312500000E+03   0.393605902534E-11   0.000000000000E+00   0.529687500000E+03   0.197518262794E-11   0.000000000000E+00
  278.   0.168750000000E+03   0.192937990177E-11   0.000000000000E+00   0.531250000000E+03   0.129983735451E-11   0.000000000000E+00
  279.   0.167187500000E+03   0.389430845029E-11   0.000000000000E+00   0.532812500000E+03   0.281901138657E-11   0.000000000000E+00
  280.   0.165625000000E+03   0.190816595321E-11   0.000000000000E+00   0.534375000000E+03   0.183388703578E-11   0.000000000000E+00
  281.   0.164062500000E+03   0.385142208861E-11   0.000000000000E+00   0.535937500000E+03   0.426852392807E-11   0.000000000000E+00
  282.   0.162500000000E+03   0.188639088774E-11   0.000000000000E+00   0.537500000000E+03   0.274624396765E-11   0.000000000000E+00
  283.   0.160937500000E+03   0.380740708019E-11   0.000000000000E+00   0.539062500000E+03   0.672789513467E-11   0.000000000000E+00
  284.   0.159375000000E+03   0.186405514752E-11   0.000000000000E+00   0.540625000000E+03   0.428827303286E-11   0.000000000000E+00
  285.   0.157812500000E+03   0.376226953363E-11   0.000000000000E+00   0.542187500000E+03   0.108675743090E-10   0.000000000000E+00
  286.   0.156250000000E+03   0.184115972256E-11   0.000000000000E+00   0.543750000000E+03   0.687686803956E-11   0.000000000000E+00
  287.   0.154687500000E+03   0.371602202388E-11   0.000000000000E+00   0.545312500000E+03   0.178106678151E-10   0.000000000000E+00
  288.   0.153125000000E+03   0.181771106043E-11   0.000000000000E+00   0.546875000000E+03   0.112142956820E-10   0.000000000000E+00
  289.   0.151562500000E+03   0.366867086785E-11   0.000000000000E+00   0.548437500000E+03   0.294763561886E-10   0.000000000000E+00
  290.   0.150000000000E+03   0.179371107767E-11   0.000000000000E+00   0.550000000000E+03   0.185127924569E-10   0.000000000000E+00
  291.   0.148437500000E+03   0.362021875316E-11   0.000000000000E+00   0.551562500000E+03   0.492066342844E-10   0.000000000000E+00
  292.   0.146875000000E+03   0.176916122446E-11   0.000000000000E+00   0.553125000000E+03   0.309038988646E-10   0.000000000000E+00
  293.   0.145312500000E+03   0.357066513162E-11   0.000000000000E+00   0.554687500000E+03   0.828116771081E-10   0.000000000000E+00
  294.   0.143750000000E+03   0.174405769802E-11   0.000000000000E+00   0.556250000000E+03   0.520843782552E-10   0.000000000000E+00
  295.   0.142187500000E+03   0.351998996324E-11   0.000000000000E+00   0.557812500000E+03   0.140036560494E-09   0.000000000000E+00
  296.   0.140625000000E+03   0.171838210050E-11   0.000000000000E+00   0.559375000000E+03   0.881480246841E-10   0.000000000000E+00
  297.   0.139062500000E+03   0.346813975657E-11   0.000000000000E+00   0.560937500000E+03   0.236074353292E-09   0.000000000000E+00
  298.   0.137500000000E+03   0.169209258957E-11   0.000000000000E+00   0.562500000000E+03   0.148178776112E-09   0.000000000000E+00
  299.   0.135937500000E+03   0.341503974600E-11   0.000000000000E+00   0.564062500000E+03   0.392727335218E-09   0.000000000000E+00
  300.   0.134375000000E+03   0.166515158292E-11   0.000000000000E+00   0.565625000000E+03   0.244672902735E-09   0.000000000000E+00
  301.   0.132812500000E+03   0.336069107033E-11   0.000000000000E+00   0.567187500000E+03   0.640470368596E-09   0.000000000000E+00
  302.   0.131250000000E+03   0.163760043124E-11   0.000000000000E+00   0.568750000000E+03   0.394499995859E-09   0.000000000000E+00
  303.   0.129687500000E+03   0.330538948311E-11   0.000000000000E+00   0.570312500000E+03   0.103185524836E-08   0.000000000000E+00
  304.   0.128125000000E+03   0.160971917730E-11   0.000000000000E+00   0.571875000000E+03   0.631995424292E-09   0.000000000000E+00
  305.   0.126562500000E+03   0.324991608913E-11   0.000000000000E+00   0.573437500000E+03   0.168886042530E-08   0.000000000000E+00
  306.   0.125000000000E+03   0.158207879834E-11   0.000000000000E+00   0.575000000000E+03   0.104254424312E-08   0.000000000000E+00
  307.   0.123437500000E+03   0.319491197571E-11   0.000000000000E+00   0.576562500000E+03   0.293552797321E-08   0.000000000000E+00
  308.   0.121875000000E+03   0.155485454834E-11   0.000000000000E+00   0.578125000000E+03   0.187681104155E-08   0.000000000000E+00
  309.   0.120312500000E+03   0.313767756594E-11   0.000000000000E+00   0.579687500000E+03   0.546210443433E-08   0.000000000000E+00
  310.   0.118750000000E+03   0.152505093746E-11   0.000000000000E+00   0.581250000000E+03   0.358766846591E-08   0.000000000000E+00
  311.   0.117187500000E+03   0.306524683980E-11   0.000000000000E+00   0.582812500000E+03   0.104383747393E-07   0.000000000000E+00
  312.   0.115625000000E+03   0.148208345049E-11   0.000000000000E+00   0.584375000000E+03   0.695388379739E-08   0.000000000000E+00
  313.   0.114062500000E+03   0.294794890489E-11   0.000000000000E+00   0.585937500000E+03   0.184855146646E-07   0.000000000000E+00
  314.   0.112500000000E+03   0.140494492924E-11   0.000000000000E+00   0.587500000000E+03   0.117342584412E-07   0.000000000000E+00
  315.   0.110937500000E+03   0.275375342753E-11   0.000000000000E+00   0.589062500000E+03   0.291051833616E-07   0.000000000000E+00
  316.   0.109375000000E+03   0.128252675488E-11   0.000000000000E+00   0.590625000000E+03   0.178557107973E-07   0.000000000000E+00
  317.   0.107812500000E+03   0.250379521483E-11   0.000000000000E+00   0.592187500000E+03   0.343997107423E-07   0.000000000000E+00
  318.   0.106250000000E+03   0.114432377936E-11   0.000000000000E+00   0.593750000000E+03   0.186806251431E-07   0.000000000000E+00
  319.   0.104687500000E+03   0.239499134009E-11   0.000000000000E+00   0.595312500000E+03   0.281277252110E-07   0.000000000000E+00
  320.   0.103125000000E+03   0.118942452525E-11   0.000000000000E+00   0.596875000000E+03   0.844426653008E-08   0.000000000000E+00
  321.   0.101562500000E+03   0.274273138323E-11   0.000000000000E+00   0.598437500000E+03  -0.354314296532E-07   0.000000000000E+00
