i  r_top  QtopRe  QtopIm  r_bot  QbotRe  QbotIm   [mm, mC]
    1.   0.600000000000E+03  -0.896757827082E-11   0.000000000000E+00   0.100000000000E+03  -0.233709129927E-07   0.000000000000E+00
    2.   0.100000000000E+03  -0.233709129927E-07   0.000000000000E+00   0.600000000000E+03  -0.896757846312E-11   0.000000000000E+00
    3.   0.598437500000E+03  -0.331373516772E-10   0.000000000000E+00   0.101562500000E+03  -0.513076638990E-08   0.000000000000E+00
    4.   0.596875000000E+03  -0.145238662379E-10   0.000000000000E+00   0.103125000000E+03   0.837678837511E-09   0.000000000000E+00
    5.   0.595312500000E+03  -0.296753576864E-10   0.000000000000E+00   0.104687500000E+03   0.333082413505E-08   0.000000000000E+00
    6.   0.593750000000E+03  -0.142594630522E-10   0.000000000000E+00   0.106250000000E+03   0.233149359600E-08   0.000000000000E+00
    7.   0.592187500000E+03  -0.315781713633E-10   0.000000000000E+00   0.107812500000E+03   0.441146855529E-08   0.000000000000E+00
    8.   0.590625000000E+03  -0.161766359659E-10   0.000000000000E+00   0.109375000000E+03   0.237279684088E-08   0.000000000000E+00
    9.   0.589062500000E+03  -0.346713230501E-10   0.000000000000E+00   0.110937500000E+03   0.391903487716E-08   0.000000000000E+00
   10.   0.587500000000E+03  -0.175165432001E-10   0.000000000000E+00   0.112500000000E+03   0.161072177841E-08   0.000000000000E+00
   11.   0.585937500000E+03  -0.364189717735E-10   0.000000000000E+00   0.114062500000E+03   0.256619397489E-08   0.000000000000E+00
   12.   0.584375000000E+03  -0.180125274493E-10   0.000000000000E+00   0.115625000000E+03   0.983071034151E-09   0.000000000000E+00
   13.   0.582812500000E+03  -0.367799825437E-10   0.000000000000E+00   0.117187500000E+03   0.148576133192E-08   0.000000000000E+00
   14.   0.581250000000E+03  -0.179278071090E-10   0.000000000000E+00   0.118750000000E+03   0.517125636436E-09   0.000000000000E+00
   15.   0.579687500000E+03  -0.363668933322E-10   0.000000000000E+00   0.120312500000E+03   0.791230072854E-09   0.000000000000E+00
   16.   0.578125000000E+03  -0.176142646404E-10   0.000000000000E+00   0.121875000000E+03   0.274157396015E-09   0.000000000000E+00
   17.   0.576562500000E+03  -0.356761134133E-10   0.000000000000E+00   0.123437500000E+03   0.430650063710E-09   0.000000000000E+00
   18.   0.575000000000E+03  -0.172445682424E-10   0.000000000000E+00   0.125000000000E+03   0.153652056159E-09   0.000000000000E+00
   19.   0.573437500000E+03  -0.349250167273E-10   0.000000000000E+00   0.126562500000E+03   0.250549418094E-09   0.000000000000E+00
   20.   0.571875000000E+03  -0.168720668269E-10   0.000000000000E+00   0.128125000000E+03   0.941774237776E-10   0.000000000000E+00
   21.   0.570312500000E+03  -0.341698577800E-10   0.000000000000E+00   0.129687500000E+03   0.155219139801E-09   0.000000000000E+00
   22.   0.568750000000E+03  -0.165011928025E-10   0.000000000000E+00   0.131250000000E+03   0.596210384504E-10   0.000000000000E+00
   23.   0.567187500000E+03  -0.334134202696E-10   0.000000000000E+00   0.132812500000E+03   0.980007197584E-10   0.000000000000E+00
   24.   0.565625000000E+03  -0.161286852589E-10   0.000000000000E+00   0.134375000000E+03   0.375775336745E-10   0.000000000000E+00
   25.   0.564062500000E+03  -0.326525757269E-10   0.000000000000E+00   0.135937500000E+03   0.612807319113E-10   0.000000000000E+00
   26.   0.562500000000E+03  -0.157536611063E-10   0.000000000000E+00   0.137500000000E+03   0.231342898527E-10   0.000000000000E+00
   27.   0.560937500000E+03  -0.318881099717E-10   0.000000000000E+00   0.139062500000E+03   0.376619335406E-10   0.000000000000E+00
   28.   0.559375000000E+03  -0.153774050492E-10   0.000000000000E+00   0.140625000000E+03   0.139909183426E-10   0.000000000000E+00
   29.   0.557812500000E+03  -0.311229670374E-10   0.000000000000E+00   0.142187500000E+03   0.229399255762E-10   0.000000000000E+00
   30.   0.556250000000E+03  -0.150015479043E-10   0.000000000000E+00   0.143750000000E+03   0.841311221865E-11   0.000000000000E+00
   31.   0.554687500000E+03  -0.303599073277E-10   0.000000000000E+00   0.145312500000E+03   0.140418066353E-10   0.000000000000E+00
   32.   0.553125000000E+03  -0.146272633225E-10   0.000000000000E+00   0.146875000000E+03   0.509825129559E-11   0.000000000000E+00
   33.   0.551562500000E+03  -0.296007430747E-10   0.000000000000E+00   0.148437500000E+03   0.875868475511E-11   0.000000000000E+00
   34.   0.550000000000E+03  -0.142552221665E-10   0.000000000000E+00   0.150000000000E+03   0.314372384663E-11   0.000000000000E+00
   35.   0.548437500000E+03  -0.288464904371E-10   0.000000000000E+00   0.151562500000E+03   0.563462150583E-11   0.000000000000E+00
   36.   0.546875000000E+03  -0.138857763396E-10   0.000000000000E+00   0.153125000000E+03   0.198909465281E-11   0.000000000000E+00
   37.   0.545312500000E+03  -0.280977049366E-10   0.000000000000E+00   0.154687500000E+03   0.378365497655E-11   0.000000000000E+00
   38.   0.543750000000E+03  -0.135191262886E-10   0.000000000000E+00   0.156250000000E+03   0.130575797764E-11   0.000000000000E+00
   39.   0.542187500000E+03  -0.273547215146E-10   0.000000000000E+00   0.157812500000E+03   0.268852778478E-11   0.000000000000E+00
   40.   0.540625000000E+03  -0.131554061741E-10   0.000000000000E+00   0.159375000000E+03   0.904598898588E-12   0.000000000000E+00
   41.   0.539062500000E+03  -0.266177749754E-10   0.000000000000E+00   0.160937500000E+03   0.204870021389E-11   0.000000000000E+00
   42.   0.537500000000E+03  -0.127947089782E-10   0.000000000000E+00   0.162500000000E+03   0.674886116510E-12   0.000000000000E+00
   43.   0.535937500000E+03  -0.258870435485E-10   0.000000000000E+00   0.164062500000E+03   0.168628223628E-11   0.000000000000E+00
   44.   0.534375000000E+03  -0.124371188642E-10   0.000000000000E+00   0.165625000000E+03   0.550100110639E-12   0.000000000000E+00
   45.   0.532812500000E+03  -0.251626749969E-10   0.000000000000E+00   0.167187500000E+03   0.149370736597E-11   0.000000000000E+00
   46.   0.531250000000E+03  -0.120826995170E-10   0.000000000000E+00   0.168750000000E+03   0.489570766195E-12   0.000000000000E+00
   47.   0.529687500000E+03  -0.244448000473E-10   0.000000000000E+00   0.170312500000E+03   0.140518109737E-11   0.000000000000E+00
   48.   0.528125000000E+03  -0.117315132440E-10   0.000000000000E+00   0.171875000000E+03   0.468347340225E-12   0.000000000000E+00
   49.   0.526562500000E+03  -0.237335383637E-10   0.000000000000E+00   0.173437500000E+03   0.138043723143E-11   0.000000000000E+00
   50.   0.525000000000E+03  -0.113836142067E-10   0.000000000000E+00   0.175000000000E+03   0.471195891478E-12   0.000000000000E+00
   51.   0.523437500000E+03  -0.230290007640E-10   0.000000000000E+00   0.176562500000E+03   0.139494720552E-11   0.000000000000E+00
   52.   0.521875000000E+03  -0.110390590123E-10   0.000000000000E+00   0.178125000000E+03   0.488869688580E-12   0.000000000000E+00
   53.   0.520312500000E+03  -0.223312979929E-10   0.000000000000E+00   0.179687500000E+03   0.143382806166E-11   0.000000000000E+00
   54.   0.518750000000E+03  -0.106978981255E-10   0.000000000000E+00   0.181250000000E+03   0.515768706851E-12   0.000000000000E+00
   55.   0.517187500000E+03  -0.216405390988E-10   0.000000000000E+00   0.182812500000E+03   0.148804805562E-11   0.000000000000E+00
   56.   0.515625000000E+03  -0.103601868557E-10   0.000000000000E+00   0.184375000000E+03   0.548491284040E-12   0.000000000000E+00
   57.   0.514062500000E+03  -0.209568344020E-10   0.000000000000E+00   0.185937500000E+03   0.155209849375E-11   0.000000000000E+00
   58.   0.512500000000E+03  -0.100259795914E-10   0.000000000000E+00   0.187500000000E+03   0.584955244361E-12   0.000000000000E+00
   59.   0.510937500000E+03  -0.202802955069E-10   0.000000000000E+00   0.189062500000E+03   0.162258604265E-11   0.000000000000E+00
   60.   0.509375000000E+03  -0.969532965533E-11   0.000000000000E+00   0.190625000000E+03   0.623870290063E-12   0.000000000000E+00
   61.   0.507812500000E+03  -0.196110339997E-10   0.000000000000E+00   0.192187500000E+03   0.169738865010E-11   0.000000000000E+00
   62.   0.506250000000E+03  -0.936829253894E-11   0.000000000000E+00   0.193750000000E+03   0.664422230181E-12   0.000000000000E+00
   63.   0.504687500000E+03  -0.189491639885E-10   0.000000000000E+00   0.195312500000E+03   0.177514931117E-11   0.000000000000E+00
   64.   0.503125000000E+03  -0.904492470170E-11   0.000000000000E+00   0.196875000000E+03   0.706083723083E-12   0.000000000000E+00
   65.   0.501562500000E+03  -0.182948002993E-10   0.000000000000E+00   0.198437500000E+03   0.185497145511E-11   0.000000000000E+00
   66.   0.500000000000E+03  -0.872528246126E-11   0.000000000000E+00   0.200000000000E+03   0.748499909853E-12   0.000000000000E+00
   67.   0.498437500000E+03  -0.176480590113E-10   0.000000000000E+00   0.201562500000E+03   0.193623504193E-11   0.000000000000E+00
   68.   0.496875000000E+03  -0.840942026980E-11   0.000000000000E+00   0.203125000000E+03   0.791418773724E-12   0.000000000000E+00
   69.   0.495312500000E+03  -0.170090583005E-10   0.000000000000E+00   0.204687500000E+03   0.201848562759E-11   0.000000000000E+00
   70.   0.493750000000E+03  -0.809739952230E-11   0.000000000000E+00   0.206250000000E+03   0.834650186048E-12   0.000000000000E+00
   71.   0.492187500000E+03  -0.163779164690E-10   0.000000000000E+00   0.207812500000E+03   0.210136676039E-11   0.000000000000E+00
   72.   0.490625000000E+03  -0.778927617368E-11   0.000000000000E+00   0.209375000000E+03   0.878039985153E-12   0.000000000000E+00
   73.   0.489062500000E+03  -0.157547536589E-10   0.000000000000E+00   0.210937500000E+03   0.218457999463E-11   0.000000000000E+00
   74.   0.487500000000E+03  -0.748510945088E-11   0.000000000000E+00   0.212500000000E+03   0.921455036982E-12   0.000000000000E+00
   75.   0.485937500000E+03  -0.151396895782E-10   0.000000000000E+00   0.214062500000E+03   0.226785955205E-11   0.000000000000E+00
   76.   0.484375000000E+03  -0.718495700672E-11   0.000000000000E+00   0.215625000000E+03   0.964773583295E-12   0.000000000000E+00
   77.   0.482812500000E+03  -0.145328449320E-10   0.000000000000E+00   0.217187500000E+03   0.235095828936E-11   0.000000000000E+00
   78.   0.481250000000E+03  -0.688888048990E-11   0.000000000000E+00   0.218750000000E+03   0.100788087381E-11   0.000000000000E+00
   79.   0.479687500000E+03  -0.139343421751E-10   0.000000000000E+00   0.220312500000E+03   0.243363863034E-11   0.000000000000E+00
   80.   0.478125000000E+03  -0.659693770128E-11   0.000000000000E+00   0.221875000000E+03   0.105066454369E-11   0.000000000000E+00
   81.   0.476562500000E+03  -0.133443027123E-10   0.000000000000E+00   0.223437500000E+03   0.251566728044E-11   0.000000000000E+00
   82.   0.475000000000E+03  -0.630918704684E-11   0.000000000000E+00   0.225000000000E+03   0.109301334339E-11   0.000000000000E+00
   83.   0.473437500000E+03  -0.127628476784E-10   0.000000000000E+00   0.226562500000E+03   0.259681193459E-11   0.000000000000E+00
   84.   0.471875000000E+03  -0.602568861471E-11   0.000000000000E+00   0.228125000000E+03   0.113481611578E-11   0.000000000000E+00
   85.   0.470312500000E+03  -0.121901007398E-10   0.000000000000E+00   0.229687500000E+03   0.267683954962E-11   0.000000000000E+00
   86.   0.468750000000E+03  -0.574650280805E-11   0.000000000000E+00   0.231250000000E+03   0.117596038800E-11   0.000000000000E+00
   87.   0.467187500000E+03  -0.116261847244E-10   0.000000000000E+00   0.232812500000E+03   0.275551489450E-11   0.000000000000E+00
   88.   0.465625000000E+03  -0.547169018835E-11   0.000000000000E+00   0.234375000000E+03   0.121633258851E-11   0.000000000000E+00
   89.   0.464062500000E+03  -0.110712219946E-10   0.000000000000E+00   0.235937500000E+03   0.283260019987E-11   0.000000000000E+00
   90.   0.462500000000E+03  -0.520130828012E-11   0.000000000000E+00   0.237500000000E+03   0.125581737192E-11   0.000000000000E+00
   91.   0.460937500000E+03  -0.105253364282E-10   0.000000000000E+00   0.239062500000E+03   0.290785354119E-11   0.000000000000E+00
   92.   0.459375000000E+03  -0.493542058364E-11   0.000000000000E+00   0.240625000000E+03   0.129429716590E-11   0.000000000000E+00
   93.   0.457812500000E+03  -0.998865486777E-11   0.000000000000E+00   0.242187500000E+03   0.298102881525E-11   0.000000000000E+00
   94.   0.456250000000E+03  -0.467408742070E-11   0.000000000000E+00   0.243750000000E+03   0.133165217842E-11   0.000000000000E+00
   95.   0.454687500000E+03  -0.946130478330E-11   0.000000000000E+00   0.245312500000E+03   0.305187458182E-11   0.000000000000E+00
   96.   0.453125000000E+03  -0.441737207999E-11   0.000000000000E+00   0.246875000000E+03   0.136775915831E-11   0.000000000000E+00
   97.   0.451562500000E+03  -0.894341803904E-11   0.000000000000E+00   0.248437500000E+03   0.312013176672E-11   0.000000000000E+00
   98.   0.450000000000E+03  -0.416534026979E-11   0.000000000000E+00   0.250000000000E+03   0.140249073053E-11   0.000000000000E+00
   99.   0.448437500000E+03  -0.843513523627E-11   0.000000000000E+00   0.251562500000E+03   0.318553160623E-11   0.000000000000E+00
  100.   0.446875000000E+03  -0.391806296476E-11   0.000000000000E+00   0.253125000000E+03   0.143571369362E-11   0.000000000000E+00
  101.   0.445312500000E+03  -0.793661086612E-11   0.000000000000E+00   0.254687500000E+03   0.324779025234E-11   0.000000000000E+00
  102.   0.443750000000E+03  -0.367562104404E-11   0.000000000000E+00   0.256250000000E+03   0.146728523791E-11   0.000000000000E+00
  103.   0.442187500000E+03  -0.744802332204E-11   0.000000000000E+00   0.257812500000E+03   0.330660078350E-11   0.000000000000E+00
  104.   0.440625000000E+03  -0.343810914820E-11   0.000000000000E+00   0.259375000000E+03   0.149704953868E-11   0.000000000000E+00
  105.   0.439062500000E+03  -0.696959123090E-11   0.000000000000E+00   0.260937500000E+03   0.336161949417E-11   0.000000000000E+00
  106.   0.437500000000E+03  -0.320564677179E-11   0.000000000000E+00   0.262500000000E+03   0.152482691890E-11   0.000000000000E+00
  107.   0.435937500000E+03  -0.650160015453E-11   0.000000000000E+00   0.264062500000E+03   0.341244325658E-11   0.000000000000E+00
  108.   0.434375000000E+03  -0.297839654851E-11   0.000000000000E+00   0.265625000000E+03   0.155040148770E-11   0.000000000000E+00
  109.   0.432812500000E+03  -0.604444973932E-11   0.000000000000E+00   0.267187500000E+03   0.345857025479E-11   0.000000000000E+00
  110.   0.431250000000E+03  -0.275659175717E-11   0.000000000000E+00   0.268750000000E+03   0.157349562490E-11   0.000000000000E+00
  111.   0.429687500000E+03  -0.559872978297E-11   0.000000000000E+00   0.270312500000E+03   0.349933515553E-11   0.000000000000E+00
  112.   0.428125000000E+03  -0.254058519544E-11   0.000000000000E+00   0.271875000000E+03   0.159372995772E-11   0.000000000000E+00
  113.   0.426562500000E+03  -0.516534988826E-11   0.000000000000E+00   0.273437500000E+03   0.353379806381E-11   0.000000000000E+00
  114.   0.425000000000E+03  -0.233092863091E-11   0.000000000000E+00   0.275000000000E+03   0.161055271119E-11   0.000000000000E+00
  115.   0.423437500000E+03  -0.474575486444E-11   0.000000000000E+00   0.276562500000E+03   0.356055758000E-11   0.000000000000E+00
  116.   0.421875000000E+03  -0.212850984207E-11   0.000000000000E+00   0.278125000000E+03   0.162312301738E-11   0.000000000000E+00
  117.   0.420312500000E+03  -0.434228381366E-11   0.000000000000E+00   0.279687500000E+03   0.357743705349E-11   0.000000000000E+00
  118.   0.418750000000E+03  -0.193477414431E-11   0.000000000000E+00   0.281250000000E+03   0.163011506750E-11   0.000000000000E+00
  119.   0.417187500000E+03  -0.395875770486E-11   0.000000000000E+00   0.282812500000E+03   0.358096632178E-11   0.000000000000E+00
  120.   0.415625000000E+03  -0.175208875147E-11   0.000000000000E+00   0.284375000000E+03   0.162939637940E-11   0.000000000000E+00
  121.   0.414062500000E+03  -0.360142736858E-11   0.000000000000E+00   0.285937500000E+03   0.356553531989E-11   0.000000000000E+00
  122.   0.412500000000E+03  -0.158432362646E-11   0.000000000000E+00   0.287500000000E+03   0.161750646966E-11   0.000000000000E+00
  123.   0.410937500000E+03  -0.328052147677E-11   0.000000000000E+00   0.289062500000E+03   0.352199984075E-11   0.000000000000E+00
  124.   0.409375000000E+03  -0.143780716406E-11   0.000000000000E+00   0.290625000000E+03   0.158879151601E-11   0.000000000000E+00
  125.   0.407812500000E+03  -0.301286715140E-11   0.000000000000E+00   0.292187500000E+03   0.343530466660E-11   0.000000000000E+00
  126.   0.406250000000E+03  -0.132297725920E-11   0.000000000000E+00   0.293750000000E+03   0.153390843733E-11   0.000000000000E+00
  127.   0.404687500000E+03  -0.282658701433E-11   0.000000000000E+00   0.295312500000E+03   0.328020829889E-11   0.000000000000E+00
  128.   0.403125000000E+03  -0.125742464937E-11   0.000000000000E+00   0.296875000000E+03   0.143704739147E-11   0.000000000000E+00
  129.   0.401562500000E+03  -0.276973083754E-11   0.000000000000E+00   0.298437500000E+03   0.301338515895E-11   0.000000000000E+00
  130.   0.400000000000E+03  -0.127153353596E-11   0.000000000000E+00   0.300000000000E+03   0.127076643746E-11   0.000000000000E+00
  131.   0.398437500000E+03  -0.292558051498E-11   0.000000000000E+00   0.301562500000E+03   0.255930408855E-11   0.000000000000E+00
  132.   0.396875000000E+03  -0.141833751180E-11   0.000000000000E+00   0.303125000000E+03   0.986867242488E-12   0.000000000000E+00
  133.   0.395312500000E+03  -0.343648100886E-11   0.000000000000E+00   0.304687500000E+03   0.178787254944E-11   0.000000000000E+00
  134.   0.393750000000E+03  -0.178770668177E-11   0.000000000000E+00   0.306250000000E+03   0.502972804258E-12   0.000000000000E+00
  135.   0.392187500000E+03  -0.453411069959E-11   0.000000000000E+00   0.307812500000E+03   0.485203353724E-12   0.000000000000E+00
  136.   0.390625000000E+03  -0.252227039590E-11   0.000000000000E+00   0.309375000000E+03  -0.313153542864E-12   0.000000000000E+00
  137.   0.389062500000E+03  -0.656493864243E-11   0.000000000000E+00   0.310937500000E+03  -0.167282679654E-11   0.000000000000E+00
  138.   0.387500000000E+03  -0.382455479850E-11   0.000000000000E+00   0.312500000000E+03  -0.165217580323E-11   0.000000000000E+00
  139.   0.385937500000E+03  -0.100134734475E-10   0.000000000000E+00   0.314062500000E+03  -0.514634595989E-11   0.000000000000E+00
  140.   0.384375000000E+03  -0.596753861519E-11   0.000000000000E+00   0.315625000000E+03  -0.377531876164E-11   0.000000000000E+00
  141.   0.382812500000E+03  -0.155765976795E-10   0.000000000000E+00   0.317187500000E+03  -0.106050565704E-10   0.000000000000E+00
  142.   0.381250000000E+03  -0.934972756540E-11   0.000000000000E+00   0.318750000000E+03  -0.706732914926E-11   0.000000000000E+00
  143.   0.379687500000E+03  -0.246282006677E-10   0.000000000000E+00   0.320312500000E+03  -0.193643392327E-10   0.000000000000E+00
  144.   0.378125000000E+03  -0.149097473350E-10   0.000000000000E+00   0.321875000000E+03  -0.124247160001E-10   0.000000000000E+00
  145.   0.376562500000E+03  -0.405126566288E-10   0.000000000000E+00   0.323437500000E+03  -0.346130464050E-10   0.000000000000E+00
  146.   0.375000000000E+03  -0.250813014908E-10   0.000000000000E+00   0.325000000000E+03  -0.221637523488E-10   0.000000000000E+00
  147.   0.373437500000E+03  -0.718623348527E-10   0.000000000000E+00   0.326562500000E+03  -0.646011147616E-10   0.000000000000E+00
  148.   0.371875000000E+03  -0.462657898690E-10   0.000000000000E+00   0.328125000000E+03  -0.424149841815E-10   0.000000000000E+00
  149.   0.370312500000E+03  -0.134695225595E-09   0.000000000000E+00   0.329687500000E+03  -0.124840024336E-09   0.000000000000E+00
  150.   0.368750000000E+03  -0.890095983265E-10   0.000000000000E+00   0.331250000000E+03  -0.834314280317E-10   0.000000000000E+00
  151.   0.367187500000E+03  -0.252358129400E-09   0.000000000000E+00   0.332812500000E+03  -0.238379659653E-09   0.000000000000E+00
  152.   0.365625000000E+03  -0.165247099826E-09   0.000000000000E+00   0.334375000000E+03  -0.157245696408E-09   0.000000000000E+00
  153.   0.364062500000E+03  -0.420505747911E-09   0.000000000000E+00   0.335937500000E+03  -0.402408439549E-09   0.000000000000E+00
  154.   0.362500000000E+03  -0.263736358838E-09   0.000000000000E+00   0.337500000000E+03  -0.253717164087E-09   0.000000000000E+00
  155.   0.360937500000E+03  -0.601559708535E-09   0.000000000000E+00   0.339062500000E+03  -0.581961492993E-09   0.000000000000E+00
  156.   0.359375000000E+03  -0.332996236855E-09   0.000000000000E+00   0.340625000000E+03  -0.323992387039E-09   0.000000000000E+00
  157.   0.357812500000E+03  -0.567493692263E-09   0.000000000000E+00   0.342187500000E+03  -0.553749056830E-09   0.000000000000E+00
  158.   0.356250000000E+03  -0.324807314975E-09   0.000000000000E+00   0.343750000000E+03  -0.317770139170E-09   0.000000000000E+00
  159.   0.354687500000E+03  -0.206535128359E-09   0.000000000000E+00   0.345312500000E+03  -0.204673849346E-09   0.000000000000E+00
  160.   0.353125000000E+03   0.385534261252E-09   0.000000000000E+00   0.346875000000E+03   0.379865568326E-09   0.000000000000E+00
  161.   0.351562500000E+03   0.130697662365E-08   0.000000000000E+00   0.348437500000E+03   0.130631513145E-08   0.000000000000E+00
  162.   0.350000000000E+03   0.692731499100E-08   0.000000000000E+00   0.350000000000E+03   0.692731499193E-08   0.000000000000E+00
  163.   0.348437500000E+03   0.130631512948E-08   0.000000000000E+00   0.351562500000E+03   0.130697662582E-08   0.000000000000E+00
  164.   0.346875000000E+03   0.379865567477E-09   0.000000000000E+00   0.353125000000E+03   0.385534262254E-09   0.000000000000E+00
  165.   0.345312500000E+03  -0.204673851070E-09   0.000000000000E+00   0.354687500000E+03  -0.206535126211E-09   0.000000000000E+00
  166.   0.343750000000E+03  -0.317770140138E-09   0.000000000000E+00   0.356250000000E+03  -0.324807313981E-09   0.000000000000E+00
  167.   0.342187500000E+03  -0.553749058619E-09   0.000000000000E+00   0.357812500000E+03  -0.567493690228E-09   0.000000000000E+00
  168.   0.340625000000E+03  -0.323992388038E-09   0.000000000000E+00   0.359375000000E+03  -0.332996235661E-09   0.000000000000E+00
  169.   0.339062500000E+03  -0.581961494651E-09   0.000000000000E+00   0.360937500000E+03  -0.601559706309E-09   0.000000000000E+00
  170.   0.337500000000E+03  -0.253717164922E-09   0.000000000000E+00   0.362500000000E+03  -0.263736357777E-09   0.000000000000E+00
  171.   0.335937500000E+03  -0.402408441200E-09   0.000000000000E+00   0.364062500000E+03  -0.420505745807E-09   0.000000000000E+00
  172.   0.334375000000E+03  -0.157245697272E-09   0.000000000000E+00   0.365625000000E+03  -0.165247098841E-09   0.000000000000E+00
  173.   0.332812500000E+03  -0.238379661309E-09   0.000000000000E+00   0.367187500000E+03  -0.252358127170E-09   0.000000000000E+00
  174.   0.331250000000E+03  -0.834314290104E-10   0.000000000000E+00   0.368750000000E+03  -0.890095972099E-10   0.000000000000E+00
  175.   0.329687500000E+03  -0.124840025979E-09   0.000000000000E+00   0.370312500000E+03  -0.134695223224E-09   0.000000000000E+00
  176.   0.328125000000E+03  -0.424149845617E-10   0.000000000000E+00   0.371875000000E+03  -0.462657886759E-10   0.000000000000E+00
  177.   0.326562500000E+03  -0.646011161399E-10   0.000000000000E+00   0.373437500000E+03  -0.718623324819E-10   0.000000000000E+00
  178.   0.325000000000E+03  -0.221637530613E-10   0.000000000000E+00   0.375000000000E+03  -0.250813002951E-10   0.000000000000E+00
  179.   0.323437500000E+03  -0.346130478756E-10   0.000000000000E+00   0.376562500000E+03  -0.405126542411E-10   0.000000000000E+00
  180.   0.321875000000E+03  -0.124247167674E-10   0.000000000000E+00   0.378125000000E+03  -0.149097461951E-10   0.000000000000E+00
  181.   0.320312500000E+03  -0.193643407008E-10   0.000000000000E+00   0.379687500000E+03  -0.246281982785E-10   0.000000000000E+00
  182.   0.318750000000E+03  -0.706732974899E-11   0.000000000000E+00   0.381250000000E+03  -0.934972640004E-11   0.000000000000E+00
  183.   0.317187500000E+03  -0.106050579509E-10   0.000000000000E+00   0.382812500000E+03  -0.155765952862E-10   0.000000000000E+00
  184.   0.315625000000E+03  -0.377531963164E-11   0.000000000000E+00   0.384375000000E+03  -0.596753741045E-11   0.000000000000E+00
  185.   0.314062500000E+03  -0.514634723566E-11   0.000000000000E+00   0.385937500000E+03  -0.100134710232E-10   0.000000000000E+00
  186.   0.312500000000E+03  -0.165217634775E-11   0.000000000000E+00   0.387500000000E+03  -0.382455357198E-11   0.000000000000E+00
  187.   0.310937500000E+03  -0.167282790639E-11   0.000000000000E+00   0.389062500000E+03  -0.656493623384E-11   0.000000000000E+00
  188.   0.309375000000E+03  -0.313154016918E-12   0.000000000000E+00   0.390625000000E+03  -0.252226920812E-11   0.000000000000E+00
  189.   0.307812500000E+03   0.485202104218E-12   0.000000000000E+00   0.392187500000E+03  -0.453410822313E-11   0.000000000000E+00
  190.   0.306250000000E+03   0.502972092784E-12   0.000000000000E+00   0.393750000000E+03  -0.178770541089E-11   0.000000000000E+00
  191.   0.304687500000E+03   0.178787121743E-11   0.000000000000E+00   0.395312500000E+03  -0.343647859217E-11   0.000000000000E+00
  192.   0.303125000000E+03   0.986866726897E-12   0.000000000000E+00   0.396875000000E+03  -0.141833625090E-11   0.000000000000E+00
  193.   0.301562500000E+03   0.255930279572E-11   0.000000000000E+00   0.398437500000E+03  -0.292557810019E-11   0.000000000000E+00
  194.   0.300000000000E+03   0.127076583353E-11   0.000000000000E+00   0.400000000000E+03  -0.127153227718E-11   0.000000000000E+00
  195.   0.298437500000E+03   0.301338407332E-11   0.000000000000E+00   0.401562500000E+03  -0.276972831775E-11   0.000000000000E+00
  196.   0.296875000000E+03   0.143704681747E-11   0.000000000000E+00   0.403125000000E+03  -0.125742343891E-11   0.000000000000E+00
  197.   0.295312500000E+03   0.328020698570E-11   0.000000000000E+00   0.404687500000E+03  -0.282658455449E-11   0.000000000000E+00
  198.   0.293750000000E+03   0.153390741682E-11   0.000000000000E+00   0.406250000000E+03  -0.132297598605E-11   0.000000000000E+00
  199.   0.292187500000E+03   0.343530320976E-11   0.000000000000E+00   0.407812500000E+03  -0.301286472722E-11   0.000000000000E+00
  200.   0.290625000000E+03   0.158879083445E-11   0.000000000000E+00   0.409375000000E+03  -0.143780596281E-11   0.000000000000E+00
  201.   0.289062500000E+03   0.352199817543E-11   0.000000000000E+00   0.410937500000E+03  -0.328051914754E-11   0.000000000000E+00
  202.   0.287500000000E+03   0.161750533211E-11   0.000000000000E+00   0.412500000000E+03  -0.158432236870E-11   0.000000000000E+00
  203.   0.285937500000E+03   0.356553373649E-11   0.000000000000E+00   0.414062500000E+03  -0.360142504432E-11   0.000000000000E+00
  204.   0.284375000000E+03   0.162939571462E-11   0.000000000000E+00   0.415625000000E+03  -0.175208761105E-11   0.000000000000E+00
  205.   0.282812500000E+03   0.358096475527E-11   0.000000000000E+00   0.417187500000E+03  -0.395875529556E-11   0.000000000000E+00
  206.   0.281250000000E+03   0.163011418148E-11   0.000000000000E+00   0.418750000000E+03  -0.193477305094E-11   0.000000000000E+00
  207.   0.279687500000E+03   0.357743534424E-11   0.000000000000E+00   0.420312500000E+03  -0.434228144816E-11   0.000000000000E+00
  208.   0.278125000000E+03   0.162312225042E-11   0.000000000000E+00   0.421875000000E+03  -0.212850838807E-11   0.000000000000E+00
  209.   0.276562500000E+03   0.356055582953E-11   0.000000000000E+00   0.423437500000E+03  -0.474575234574E-11   0.000000000000E+00
  210.   0.275000000000E+03   0.161055172851E-11   0.000000000000E+00   0.425000000000E+03  -0.233092742986E-11   0.000000000000E+00
  211.   0.273437500000E+03   0.353379623120E-11   0.000000000000E+00   0.426562500000E+03  -0.516534757202E-11   0.000000000000E+00
  212.   0.271875000000E+03   0.159372912428E-11   0.000000000000E+00   0.428125000000E+03  -0.254058384162E-11   0.000000000000E+00
  213.   0.270312500000E+03   0.349933332656E-11   0.000000000000E+00   0.429687500000E+03  -0.559872756057E-11   0.000000000000E+00
  214.   0.268750000000E+03   0.157349484967E-11   0.000000000000E+00   0.431250000000E+03  -0.275659058835E-11   0.000000000000E+00
  215.   0.267187500000E+03   0.345856865672E-11   0.000000000000E+00   0.432812500000E+03  -0.604444704335E-11   0.000000000000E+00
  216.   0.265625000000E+03   0.155040074869E-11   0.000000000000E+00   0.434375000000E+03  -0.297839471395E-11   0.000000000000E+00
  217.   0.264062500000E+03   0.341244171641E-11   0.000000000000E+00   0.435937500000E+03  -0.650159721310E-11   0.000000000000E+00
  218.   0.262500000000E+03   0.152482624239E-11   0.000000000000E+00   0.437500000000E+03  -0.320564537359E-11   0.000000000000E+00
  219.   0.260937500000E+03   0.336161810577E-11   0.000000000000E+00   0.439062500000E+03  -0.696958853676E-11   0.000000000000E+00
  220.   0.259375000000E+03   0.149704881449E-11   0.000000000000E+00   0.440625000000E+03  -0.343810761861E-11   0.000000000000E+00
  221.   0.257812500000E+03   0.330659949627E-11   0.000000000000E+00   0.442187500000E+03  -0.744802069017E-11   0.000000000000E+00
  222.   0.256250000000E+03   0.146728454796E-11   0.000000000000E+00   0.443750000000E+03  -0.367561984621E-11   0.000000000000E+00
  223.   0.254687500000E+03   0.324778906029E-11   0.000000000000E+00   0.445312500000E+03  -0.793660824508E-11   0.000000000000E+00
  224.   0.253125000000E+03   0.143571298707E-11   0.000000000000E+00   0.446875000000E+03  -0.391806215521E-11   0.000000000000E+00
  225.   0.251562500000E+03   0.318553043591E-11   0.000000000000E+00   0.448437500000E+03  -0.843513290810E-11   0.000000000000E+00
  226.   0.250000000000E+03   0.140249005788E-11   0.000000000000E+00   0.450000000000E+03  -0.416533894466E-11   0.000000000000E+00
  227.   0.248437500000E+03   0.312013057476E-11   0.000000000000E+00   0.451562500000E+03  -0.894341630284E-11   0.000000000000E+00
  228.   0.246875000000E+03   0.136775850118E-11   0.000000000000E+00   0.453125000000E+03  -0.441737126333E-11   0.000000000000E+00
  229.   0.245312500000E+03   0.305187337578E-11   0.000000000000E+00   0.454687500000E+03  -0.946130318384E-11   0.000000000000E+00
  230.   0.243750000000E+03   0.133165166999E-11   0.000000000000E+00   0.456250000000E+03  -0.467408668115E-11   0.000000000000E+00
  231.   0.242187500000E+03   0.298102765496E-11   0.000000000000E+00   0.457812500000E+03  -0.998865372422E-11   0.000000000000E+00
  232.   0.240625000000E+03   0.129429658140E-11   0.000000000000E+00   0.459375000000E+03  -0.493541989759E-11   0.000000000000E+00
  233.   0.239062500000E+03   0.290785226050E-11   0.000000000000E+00   0.460937500000E+03  -0.105253349020E-10   0.000000000000E+00
  234.   0.237500000000E+03   0.125581677012E-11   0.000000000000E+00   0.462500000000E+03  -0.520130760988E-11   0.000000000000E+00
  235.   0.235937500000E+03   0.283259901154E-11   0.000000000000E+00   0.464062500000E+03  -0.110712191204E-10   0.000000000000E+00
  236.   0.234375000000E+03   0.121633180922E-11   0.000000000000E+00   0.465625000000E+03  -0.547168814260E-11   0.000000000000E+00
  237.   0.232812500000E+03   0.275551374880E-11   0.000000000000E+00   0.467187500000E+03  -0.116261812400E-10   0.000000000000E+00
  238.   0.231250000000E+03   0.117595967529E-11   0.000000000000E+00   0.468750000000E+03  -0.574650099158E-11   0.000000000000E+00
  239.   0.229687500000E+03   0.267683821193E-11   0.000000000000E+00   0.470312500000E+03  -0.121900975936E-10   0.000000000000E+00
  240.   0.228125000000E+03   0.113481547141E-11   0.000000000000E+00   0.471875000000E+03  -0.602568673109E-11   0.000000000000E+00
  241.   0.226562500000E+03   0.259681049623E-11   0.000000000000E+00   0.473437500000E+03  -0.127628446734E-10   0.000000000000E+00
  242.   0.225000000000E+03   0.109301279486E-11   0.000000000000E+00   0.475000000000E+03  -0.630918512511E-11   0.000000000000E+00
  243.   0.223437500000E+03   0.251566588904E-11   0.000000000000E+00   0.476562500000E+03  -0.133442993316E-10   0.000000000000E+00
  244.   0.221875000000E+03   0.105066387258E-11   0.000000000000E+00   0.478125000000E+03  -0.659693561455E-11   0.000000000000E+00
  245.   0.220312500000E+03   0.243363737612E-11   0.000000000000E+00   0.479687500000E+03  -0.139343398487E-10   0.000000000000E+00
  246.   0.218750000000E+03   0.100788024256E-11   0.000000000000E+00   0.481250000000E+03  -0.688887908530E-11   0.000000000000E+00
  247.   0.217187500000E+03   0.235095703104E-11   0.000000000000E+00   0.482812500000E+03  -0.145328430417E-10   0.000000000000E+00
  248.   0.215625000000E+03   0.964772992932E-12   0.000000000000E+00   0.484375000000E+03  -0.718495605560E-11   0.000000000000E+00
  249.   0.214062500000E+03   0.226785839545E-11   0.000000000000E+00   0.485937500000E+03  -0.151396871401E-10   0.000000000000E+00
  250.   0.212500000000E+03   0.921454420504E-12   0.000000000000E+00   0.487500000000E+03  -0.748510792304E-11   0.000000000000E+00
  251.   0.210937500000E+03   0.218457886471E-11   0.000000000000E+00   0.489062500000E+03  -0.157547513017E-10   0.000000000000E+00
  252.   0.209375000000E+03   0.878039490650E-12   0.000000000000E+00   0.490625000000E+03  -0.778927479479E-11   0.000000000000E+00
  253.   0.207812500000E+03   0.210136569681E-11   0.000000000000E+00   0.492187500000E+03  -0.163779144707E-10   0.000000000000E+00
  254.   0.206250000000E+03   0.834649642354E-12   0.000000000000E+00   0.493750000000E+03  -0.809739799468E-11   0.000000000000E+00
  255.   0.204687500000E+03   0.201848441684E-11   0.000000000000E+00   0.495312500000E+03  -0.170090559709E-10   0.000000000000E+00
  256.   0.203125000000E+03   0.791418191540E-12   0.000000000000E+00   0.496875000000E+03  -0.840941926071E-11   0.000000000000E+00
  257.   0.201562500000E+03   0.193623384326E-11   0.000000000000E+00   0.498437500000E+03  -0.176480564078E-10   0.000000000000E+00
  258.   0.200000000000E+03   0.748499311346E-12   0.000000000000E+00   0.500000000000E+03  -0.872528010223E-11   0.000000000000E+00
  259.   0.198437500000E+03   0.185497028905E-11   0.000000000000E+00   0.501562500000E+03  -0.182947976579E-10   0.000000000000E+00
  260.   0.196875000000E+03   0.706083189598E-12   0.000000000000E+00   0.503125000000E+03  -0.904492236766E-11   0.000000000000E+00
  261.   0.195312500000E+03   0.177514819261E-11   0.000000000000E+00   0.504687500000E+03  -0.189491617886E-10   0.000000000000E+00
  262.   0.193750000000E+03   0.664421739703E-12   0.000000000000E+00   0.506250000000E+03  -0.936829183007E-11   0.000000000000E+00
  263.   0.192187500000E+03   0.169738763147E-11   0.000000000000E+00   0.507812500000E+03  -0.196110321150E-10   0.000000000000E+00
  264.   0.190625000000E+03   0.623869839938E-12   0.000000000000E+00   0.509375000000E+03  -0.969532935487E-11   0.000000000000E+00
  265.   0.189062500000E+03   0.162258508130E-11   0.000000000000E+00   0.510937500000E+03  -0.202802935790E-10   0.000000000000E+00
  266.   0.187500000000E+03   0.584954714145E-12   0.000000000000E+00   0.512500000000E+03  -0.100259779012E-10   0.000000000000E+00
  267.   0.185937500000E+03   0.155209745804E-11   0.000000000000E+00   0.514062500000E+03  -0.209568324190E-10   0.000000000000E+00
  268.   0.184375000000E+03   0.548490753309E-12   0.000000000000E+00   0.515625000000E+03  -0.103601865097E-10   0.000000000000E+00
  269.   0.182812500000E+03   0.148804702174E-11   0.000000000000E+00   0.517187500000E+03  -0.216405366044E-10   0.000000000000E+00
  270.   0.181250000000E+03   0.515768114460E-12   0.000000000000E+00   0.518750000000E+03  -0.106978982564E-10   0.000000000000E+00
  271.   0.179687500000E+03   0.143382699396E-11   0.000000000000E+00   0.520312500000E+03  -0.223312952641E-10   0.000000000000E+00
  272.   0.178125000000E+03   0.488869140157E-12   0.000000000000E+00   0.521875000000E+03  -0.110390570505E-10   0.000000000000E+00
  273.   0.176562500000E+03   0.139494615180E-11   0.000000000000E+00   0.523437500000E+03  -0.230289983092E-10   0.000000000000E+00
  274.   0.175000000000E+03   0.471195365700E-12   0.000000000000E+00   0.525000000000E+03  -0.113836134429E-10   0.000000000000E+00
  275.   0.173437500000E+03   0.138043618948E-11   0.000000000000E+00   0.526562500000E+03  -0.237335360644E-10   0.000000000000E+00
  276.   0.171875000000E+03   0.468346851507E-12   0.000000000000E+00   0.528125000000E+03  -0.117315129233E-10   0.000000000000E+00
  277.   0.170312500000E+03   0.140518004226E-11   0.000000000000E+00   0.529687500000E+03  -0.244447981937E-10   0.000000000000E+00
  278.   0.168750000000E+03   0.489570282338E-12   0.000000000000E+00   0.531250000000E+03  -0.120826978270E-10   0.000000000000E+00
  279.   0.167187500000E+03   0.149370632537E-11   0.000000000000E+00   0.532812500000E+03  -0.251626727446E-10   0.000000000000E+00
  280.   0.165625000000E+03   0.550099632293E-12   0.000000000000E+00   0.534375000000E+03  -0.124371182550E-10   0.000000000000E+00
  281.   0.164062500000E+03   0.168628122276E-11   0.000000000000E+00   0.535937500000E+03  -0.258870425690E-10   0.000000000000E+00
  282.   0.162500000000E+03   0.674885544281E-12   0.000000000000E+00   0.537500000000E+03  -0.127947117809E-10   0.000000000000E+00
  283.   0.160937500000E+03   0.204869921375E-11   0.000000000000E+00   0.539062500000E+03  -0.266177753977E-10   0.000000000000E+00
  284.   0.159375000000E+03   0.904598340822E-12   0.000000000000E+00   0.540625000000E+03  -0.131554065445E-10   0.000000000000E+00
  285.   0.157812500000E+03   0.268852680848E-11   0.000000000000E+00   0.542187500000E+03  -0.273547212132E-10   0.000000000000E+00
  286.   0.156250000000E+03   0.130575750017E-11   0.000000000000E+00   0.543750000000E+03  -0.135191264501E-10   0.000000000000E+00
  287.   0.154687500000E+03   0.378365403534E-11   0.000000000000E+00   0.545312500000E+03  -0.280977026334E-10   0.000000000000E+00
  288.   0.153125000000E+03   0.198909411669E-11   0.000000000000E+00   0.546875000000E+03  -0.138857737888E-10   0.000000000000E+00
  289.   0.151562500000E+03   0.563462059472E-11   0.000000000000E+00   0.548437500000E+03  -0.288464874587E-10   0.000000000000E+00
  290.   0.150000000000E+03   0.314372337824E-11   0.000000000000E+00   0.550000000000E+03  -0.142552194993E-10   0.000000000000E+00
  291.   0.148437500000E+03   0.875868387227E-11   0.000000000000E+00   0.551562500000E+03  -0.296007405167E-10   0.000000000000E+00
  292.   0.146875000000E+03   0.509825089493E-11   0.000000000000E+00   0.553125000000E+03  -0.146272604270E-10   0.000000000000E+00
  293.   0.145312500000E+03   0.140418057952E-10   0.000000000000E+00   0.554687500000E+03  -0.303599039179E-10   0.000000000000E+00
  294.   0.143750000000E+03   0.841311181356E-11   0.000000000000E+00   0.556250000000E+03  -0.150015452006E-10   0.000000000000E+00
  295.   0.142187500000E+03   0.229399247692E-10   0.000000000000E+00   0.557812500000E+03  -0.311229636231E-10   0.000000000000E+00
  296.   0.140625000000E+03   0.139909179636E-10   0.000000000000E+00   0.559375000000E+03  -0.153774018821E-10   0.000000000000E+00
  297.   0.139062500000E+03   0.376619327610E-10   0.000000000000E+00   0.560937500000E+03  -0.318881069672E-10   0.000000000000E+00
  298.   0.137500000000E+03   0.231342894675E-10   0.000000000000E+00   0.562500000000E+03  -0.157536576750E-10   0.000000000000E+00
  299.   0.135937500000E+03   0.612807311461E-10   0.000000000000E+00   0.564062500000E+03  -0.326525731070E-10   0.000000000000E+00
  300.   0.134375000000E+03   0.375775332900E-10   0.000000000000E+00   0.565625000000E+03  -0.161286822960E-10   0.000000000000E+00
  301.   0.132812500000E+03   0.980007189833E-10   0.000000000000E+00   0.567187500000E+03  -0.334134195458E-10   0.000000000000E+00
  302.   0.131250000000E+03   0.596210380489E-10   0.000000000000E+00   0.568750000000E+03  -0.165011920822E-10   0.000000000000E+00
  303.   0.129687500000E+03   0.155219139024E-09   0.000000000000E+00   0.570312500000E+03  -0.341698589833E-10   0.000000000000E+00
  304.   0.128125000000E+03   0.941774233915E-10   0.000000000000E+00   0.571875000000E+03  -0.168720670518E-10   0.000000000000E+00
  305.   0.126562500000E+03   0.250549417342E-09   0.000000000000E+00   0.573437500000E+03  -0.349250178693E-10   0.000000000000E+00
  306.   0.125000000000E+03   0.153652055785E-09   0.000000000000E+00   0.575000000000E+03  -0.172445700462E-10   0.000000000000E+00
  307.   0.123437500000E+03   0.430650062977E-09   0.000000000000E+00   0.576562500000E+03  -0.356761155348E-10   0.000000000000E+00
  308.   0.121875000000E+03   0.274157395652E-09   0.000000000000E+00   0.578125000000E+03  -0.176142688473E-10   0.000000000000E+00
  309.   0.120312500000E+03   0.791230072137E-09   0.000000000000E+00   0.579687500000E+03  -0.363668954272E-10   0.000000000000E+00
  310.   0.118750000000E+03   0.517125636081E-09   0.000000000000E+00   0.581250000000E+03  -0.179278066394E-10   0.000000000000E+00
  311.   0.117187500000E+03   0.148576133123E-08   0.000000000000E+00   0.582812500000E+03  -0.367799833172E-10   0.000000000000E+00
  312.   0.115625000000E+03   0.983071033811E-09   0.000000000000E+00   0.584375000000E+03  -0.180125256526E-10   0.000000000000E+00
  313.   0.114062500000E+03   0.256619397423E-08   0.000000000000E+00   0.585937500000E+03  -0.364189725714E-10   0.000000000000E+00
  314.   0.112500000000E+03   0.161072177809E-08   0.000000000000E+00   0.587500000000E+03  -0.175165428204E-10   0.000000000000E+00
  315.   0.110937500000E+03   0.391903487655E-08   0.000000000000E+00   0.589062500000E+03  -0.346713230784E-10   0.000000000000E+00
  316.   0.109375000000E+03   0.237279684059E-08   0.000000000000E+00   0.590625000000E+03  -0.161766389918E-10   0.000000000000E+00
  317.   0.107812500000E+03   0.441146855474E-08   0.000000000000E+00   0.592187500000E+03  -0.315781730881E-10   0.000000000000E+00
  318.   0.106250000000E+03   0.233149359574E-08   0.000000000000E+00   0.593750000000E+03  -0.142594629694E-10   0.000000000000E+00
  319.   0.104687500000E+03   0.333082413458E-08   0.000000000000E+00   0.595312500000E+03  -0.296753604576E-10   0.000000000000E+00
  320.   0.103125000000E+03   0.837678837303E-09   0.000000000000E+00   0.596875000000E+03  -0.145238692720E-10   0.000000000000E+00
  321.   0.101562500000E+03  -0.513076639025E-08   0.000000000000E+00   0.598437500000E+03  -0.331373535831E-10   0.000000000000E+00
