mode  f_Hz  UX_top  UY_top  UX_bot  UY_bot  UX_mid   [r = RO; extensional: UX_top ~ +UX_bot]
  1.   0.395166803191E-02   0.64295E-10   0.10000E+01  -0.70260E-10   0.10000E+01  -0.29819E-11
  2.   0.749337795542E+02   0.49756E-04  -0.98357E-03  -0.49756E-04  -0.98357E-03   0.14445E-14
  3.   0.349160416781E+03  -0.27924E-04   0.26196E-03   0.27924E-04   0.26196E-03  -0.13388E-14
  4.   0.843326809233E+03  -0.17683E-04   0.10620E-03   0.17683E-04   0.10620E-03  -0.11829E-14
  5.   0.156988136193E+04   0.11400E-04  -0.50176E-04  -0.11400E-04  -0.50176E-04  -0.22884E-13
  6.   0.169957730400E+04  -0.26321E-04   0.11910E-06  -0.26321E-04  -0.11910E-06  -0.26330E-04
  7.   0.252032156177E+04  -0.82578E-05   0.28608E-04   0.82578E-05   0.28608E-04  -0.41763E-15
  8.   0.368222850683E+04   0.64058E-05  -0.18280E-04  -0.64058E-05  -0.18280E-04  -0.10563E-13
  9.   0.431836274454E+04  -0.16393E-04   0.44453E-07  -0.16393E-04  -0.44453E-07  -0.16427E-04
 10.   0.504110621396E+04  -0.52003E-05   0.12610E-04   0.52003E-05   0.12610E-04   0.22216E-13
 11.   0.658170145476E+04   0.43619E-05  -0.91926E-05  -0.43619E-05  -0.91926E-05  -0.35726E-13
 12.   0.723144349203E+04  -0.38953E-04   0.21617E-06  -0.38953E-04  -0.21617E-06  -0.39180E-04
 13.   0.828870912187E+04  -0.37492E-05   0.69841E-05   0.37492E-05   0.69841E-05  -0.26191E-13
 14.   0.101472636584E+05   0.32857E-05  -0.54817E-05  -0.32857E-05  -0.54817E-05  -0.70079E-14
 15.   0.104320447085E+05  -0.15668E-04   0.39516E-07  -0.15668E-04  -0.39516E-07  -0.15861E-04
 16.   0.121432664347E+05  -0.29247E-05   0.44159E-05   0.29247E-05   0.44159E-05  -0.12352E-13
 17.   0.136830116475E+05  -0.37426E-04   0.20650E-06  -0.37426E-04  -0.20649E-06  -0.38240E-04
 18.   0.142635826280E+05   0.26367E-05  -0.36332E-05  -0.26367E-05  -0.36332E-05  -0.96910E-13
 19.   0.164961366459E+05  -0.24064E-05   0.30468E-05   0.24064E-05   0.30468E-05   0.14721E-12
 20.   0.169655666239E+05  -0.15120E-04   0.33844E-07  -0.15120E-04  -0.33842E-07  -0.15641E-04
 21.   0.188299339939E+05   0.22112E-05  -0.25870E-05  -0.22112E-05  -0.25870E-05  -0.97139E-13
 22.   0.202207813516E+05  -0.31903E-04   0.16547E-06  -0.31903E-04  -0.16547E-06  -0.33525E-04
 23.   0.212550325535E+05  -0.20529E-05   0.22296E-05   0.20529E-05   0.22296E-05   0.19034E-13
 24.   0.234620938503E+05  -0.13302E-04   0.16987E-07  -0.13302E-04  -0.16987E-07  -0.14254E-04
 25.   0.237624828652E+05   0.19198E-05  -0.19428E-05  -0.19198E-05  -0.19428E-05   0.88883E-13
 26.   0.263442511631E+05  -0.18047E-05   0.17070E-05   0.18047E-05   0.17070E-05   0.11800E-13
 27.   0.266533048988E+05  -0.22077E-04   0.88178E-07  -0.22077E-04  -0.88178E-07  -0.24231E-04
 28.   0.289931342617E+05   0.17037E-05  -0.15097E-05  -0.17037E-05  -0.15097E-05  -0.58061E-13
 29.   0.298059807543E+05  -0.10062E-04  -0.11860E-07  -0.10062E-04   0.11861E-07  -0.11368E-04
 30.   0.317026736226E+05  -0.16151E-05   0.13434E-05   0.16152E-05   0.13434E-05   0.27526E-12
