i  r_top  QtopRe  QtopIm  r_bot  QbotRe  QbotIm   [mm, mC]
    1.   0.600000000000E+03  -0.151579389537E-10   0.000000000000E+00   0.100000000000E+03  -0.204331855732E-11   0.000000000000E+00
    2.   0.100000000000E+03  -0.204331373953E-11   0.000000000000E+00   0.600000000000E+03  -0.151579738123E-10   0.000000000000E+00
    3.   0.596875000000E+03  -0.499169946636E-10   0.000000000000E+00   0.103125000000E+03  -0.722353016203E-11   0.000000000000E+00
    4.   0.593750000000E+03  -0.197240847960E-10   0.000000000000E+00   0.106250000000E+03  -0.295089087699E-11   0.000000000000E+00
    5.   0.590625000000E+03  -0.448112290593E-10   0.000000000000E+00   0.109375000000E+03  -0.678994952942E-11   0.000000000000E+00
    6.   0.587500000000E+03  -0.229895103999E-10   0.000000000000E+00   0.112500000000E+03  -0.357391123067E-11   0.000000000000E+00
    7.   0.584375000000E+03  -0.475466020608E-10   0.000000000000E+00   0.115625000000E+03  -0.758830092702E-11   0.000000000000E+00
    8.   0.581250000000E+03  -0.233863353311E-10   0.000000000000E+00   0.118750000000E+03  -0.386459414613E-11   0.000000000000E+00
    9.   0.578125000000E+03  -0.471595028872E-10   0.000000000000E+00   0.121875000000E+03  -0.802172290186E-11   0.000000000000E+00
   10.   0.575000000000E+03  -0.228140836843E-10   0.000000000000E+00   0.125000000000E+03  -0.403266382142E-11   0.000000000000E+00
   11.   0.571875000000E+03  -0.463324544698E-10   0.000000000000E+00   0.128125000000E+03  -0.841209502403E-11   0.000000000000E+00
   12.   0.568750000000E+03  -0.224571411921E-10   0.000000000000E+00   0.131250000000E+03  -0.423667844971E-11   0.000000000000E+00
   13.   0.565625000000E+03  -0.456596162740E-10   0.000000000000E+00   0.134375000000E+03  -0.883198315079E-11   0.000000000000E+00
   14.   0.562500000000E+03  -0.221337126573E-10   0.000000000000E+00   0.137500000000E+03  -0.444803206891E-11   0.000000000000E+00
   15.   0.559375000000E+03  -0.450101616495E-10   0.000000000000E+00   0.140625000000E+03  -0.925910739822E-11   0.000000000000E+00
   16.   0.556250000000E+03  -0.218118817528E-10   0.000000000000E+00   0.143750000000E+03  -0.466084505586E-11   0.000000000000E+00
   17.   0.553125000000E+03  -0.443658504268E-10   0.000000000000E+00   0.146875000000E+03  -0.968917585806E-11   0.000000000000E+00
   18.   0.550000000000E+03  -0.214917679000E-10   0.000000000000E+00   0.150000000000E+03  -0.487480440368E-11   0.000000000000E+00
   19.   0.546875000000E+03  -0.437256866530E-10   0.000000000000E+00   0.153125000000E+03  -0.101215691703E-10   0.000000000000E+00
   20.   0.543750000000E+03  -0.211737466356E-10   0.000000000000E+00   0.156250000000E+03  -0.508985245998E-11   0.000000000000E+00
   21.   0.540625000000E+03  -0.430890429346E-10   0.000000000000E+00   0.159375000000E+03  -0.105560112528E-10   0.000000000000E+00
   22.   0.537500000000E+03  -0.208571937455E-10   0.000000000000E+00   0.162500000000E+03  -0.530570094662E-11   0.000000000000E+00
   23.   0.534375000000E+03  -0.424553612289E-10   0.000000000000E+00   0.165625000000E+03  -0.109923717523E-10   0.000000000000E+00
   24.   0.531250000000E+03  -0.205419118991E-10   0.000000000000E+00   0.168750000000E+03  -0.552257399328E-11   0.000000000000E+00
   25.   0.528125000000E+03  -0.418245428883E-10   0.000000000000E+00   0.171875000000E+03  -0.114306622526E-10   0.000000000000E+00
   26.   0.525000000000E+03  -0.202279751623E-10   0.000000000000E+00   0.175000000000E+03  -0.574031715817E-11   0.000000000000E+00
   27.   0.521875000000E+03  -0.411965956461E-10   0.000000000000E+00   0.178125000000E+03  -0.118708897640E-10   0.000000000000E+00
   28.   0.518750000000E+03  -0.199154367185E-10   0.000000000000E+00   0.181250000000E+03  -0.595899786541E-11   0.000000000000E+00
   29.   0.515625000000E+03  -0.405715417115E-10   0.000000000000E+00   0.184375000000E+03  -0.123131139769E-10   0.000000000000E+00
   30.   0.512500000000E+03  -0.196042014074E-10   0.000000000000E+00   0.187500000000E+03  -0.617861432359E-11   0.000000000000E+00
   31.   0.509375000000E+03  -0.399494728078E-10   0.000000000000E+00   0.190625000000E+03  -0.127574037569E-10   0.000000000000E+00
   32.   0.506250000000E+03  -0.192944973181E-10   0.000000000000E+00   0.193750000000E+03  -0.639925575595E-11   0.000000000000E+00
   33.   0.503125000000E+03  -0.393303469282E-10   0.000000000000E+00   0.196875000000E+03  -0.132038037600E-10   0.000000000000E+00
   34.   0.500000000000E+03  -0.189860259388E-10   0.000000000000E+00   0.200000000000E+03  -0.662090231175E-11   0.000000000000E+00
   35.   0.496875000000E+03  -0.387142975218E-10   0.000000000000E+00   0.203125000000E+03  -0.136523603558E-10   0.000000000000E+00
   36.   0.493750000000E+03  -0.186790562795E-10   0.000000000000E+00   0.206250000000E+03  -0.684360956430E-11   0.000000000000E+00
   37.   0.490625000000E+03  -0.381013679609E-10   0.000000000000E+00   0.209375000000E+03  -0.141031587891E-10   0.000000000000E+00
   38.   0.487500000000E+03  -0.183735850624E-10   0.000000000000E+00   0.212500000000E+03  -0.706740409079E-11   0.000000000000E+00
   39.   0.484375000000E+03  -0.374916530511E-10   0.000000000000E+00   0.215625000000E+03  -0.145562459040E-10   0.000000000000E+00
   40.   0.481250000000E+03  -0.180696050227E-10   0.000000000000E+00   0.218750000000E+03  -0.729233902734E-11   0.000000000000E+00
   41.   0.478125000000E+03  -0.368851423473E-10   0.000000000000E+00   0.221875000000E+03  -0.150117370035E-10   0.000000000000E+00
   42.   0.475000000000E+03  -0.177669922875E-10   0.000000000000E+00   0.225000000000E+03  -0.751844753354E-11   0.000000000000E+00
   43.   0.471875000000E+03  -0.362819750922E-10   0.000000000000E+00   0.228125000000E+03  -0.154696878911E-10   0.000000000000E+00
   44.   0.468750000000E+03  -0.174661730884E-10   0.000000000000E+00   0.231250000000E+03  -0.774575635351E-11   0.000000000000E+00
   45.   0.465625000000E+03  -0.356822130217E-10   0.000000000000E+00   0.234375000000E+03  -0.159301420534E-10   0.000000000000E+00
   46.   0.462500000000E+03  -0.171667967329E-10   0.000000000000E+00   0.237500000000E+03  -0.797430011044E-11   0.000000000000E+00
   47.   0.459375000000E+03  -0.350859774099E-10   0.000000000000E+00   0.240625000000E+03  -0.163932449532E-10   0.000000000000E+00
   48.   0.456250000000E+03  -0.168691568478E-10   0.000000000000E+00   0.243750000000E+03  -0.820419690702E-11   0.000000000000E+00
   49.   0.453125000000E+03  -0.344934300164E-10   0.000000000000E+00   0.246875000000E+03  -0.168591677968E-10   0.000000000000E+00
   50.   0.450000000000E+03  -0.165732819796E-10   0.000000000000E+00   0.250000000000E+03  -0.843549552580E-11   0.000000000000E+00
   51.   0.446875000000E+03  -0.339048265032E-10   0.000000000000E+00   0.253125000000E+03  -0.173281330115E-10   0.000000000000E+00
   52.   0.443750000000E+03  -0.162793651961E-10   0.000000000000E+00   0.256250000000E+03  -0.866847185834E-11   0.000000000000E+00
   53.   0.440625000000E+03  -0.333209192384E-10   0.000000000000E+00   0.259375000000E+03  -0.178007528593E-10   0.000000000000E+00
   54.   0.437500000000E+03  -0.159881839214E-10   0.000000000000E+00   0.262500000000E+03  -0.890357386759E-11   0.000000000000E+00
   55.   0.434375000000E+03  -0.327436116283E-10   0.000000000000E+00   0.265625000000E+03  -0.182785581138E-10   0.000000000000E+00
   56.   0.431250000000E+03  -0.157013038565E-10   0.000000000000E+00   0.268750000000E+03  -0.914217224687E-11   0.000000000000E+00
   57.   0.428125000000E+03  -0.321776879508E-10   0.000000000000E+00   0.271875000000E+03  -0.187655756406E-10   0.000000000000E+00
   58.   0.425000000000E+03  -0.154233223990E-10   0.000000000000E+00   0.275000000000E+03  -0.938824516777E-11   0.000000000000E+00
   59.   0.421875000000E+03  -0.316374030119E-10   0.000000000000E+00   0.278125000000E+03  -0.192737912244E-10   0.000000000000E+00
   60.   0.418750000000E+03  -0.151658373992E-10   0.000000000000E+00   0.281250000000E+03  -0.965156795289E-11   0.000000000000E+00
   61.   0.415625000000E+03  -0.311604495203E-10   0.000000000000E+00   0.284375000000E+03  -0.198353765443E-10   0.000000000000E+00
   62.   0.412500000000E+03  -0.149634130610E-10   0.000000000000E+00   0.287500000000E+03  -0.996163027207E-11   0.000000000000E+00
   63.   0.409375000000E+03  -0.308611908168E-10   0.000000000000E+00   0.290625000000E+03  -0.205496883772E-10   0.000000000000E+00
   64.   0.406250000000E+03  -0.148946550919E-10   0.000000000000E+00   0.293750000000E+03  -0.103879798061E-10   0.000000000000E+00
   65.   0.403125000000E+03  -0.310226894500E-10   0.000000000000E+00   0.296875000000E+03  -0.216678572499E-10   0.000000000000E+00
   66.   0.400000000000E+03  -0.152221768403E-10   0.000000000000E+00   0.300000000000E+03  -0.111628144672E-10   0.000000000000E+00
   67.   0.396875000000E+03  -0.325535135526E-10   0.000000000000E+00   0.303125000000E+03  -0.240080429828E-10   0.000000000000E+00
   68.   0.393750000000E+03  -0.165440451409E-10   0.000000000000E+00   0.306250000000E+03  -0.128341995745E-10   0.000000000000E+00
   69.   0.390625000000E+03  -0.376847142185E-10   0.000000000000E+00   0.309375000000E+03  -0.296199158002E-10   0.000000000000E+00
   70.   0.387500000000E+03  -0.213128205341E-10   0.000000000000E+00   0.312500000000E+03  -0.176354427423E-10   0.000000000000E+00
   71.   0.384375000000E+03  -0.532869437642E-10   0.000000000000E+00   0.315625000000E+03  -0.449353065868E-10   0.000000000000E+00
   72.   0.381250000000E+03  -0.318232138962E-10   0.000000000000E+00   0.318750000000E+03  -0.278556920722E-10   0.000000000000E+00
   73.   0.378125000000E+03  -0.911048966812E-10   0.000000000000E+00   0.321875000000E+03  -0.812698913727E-10   0.000000000000E+00
   74.   0.375000000000E+03  -0.624356001514E-10   0.000000000000E+00   0.325000000000E+03  -0.569612895447E-10   0.000000000000E+00
   75.   0.371875000000E+03  -0.227453178375E-09   0.000000000000E+00   0.328125000000E+03  -0.211807292250E-09   0.000000000000E+00
   76.   0.368750000000E+03  -0.174194390478E-09   0.000000000000E+00   0.331250000000E+03  -0.163962409517E-09   0.000000000000E+00
   77.   0.365625000000E+03  -0.675464889351E-09   0.000000000000E+00   0.334375000000E+03  -0.645476821058E-09   0.000000000000E+00
   78.   0.362500000000E+03  -0.651577493546E-09   0.000000000000E+00   0.337500000000E+03  -0.623946435959E-09   0.000000000000E+00
   79.   0.359375000000E+03  -0.120414768296E-08   0.000000000000E+00   0.340625000000E+03  -0.117888248852E-08   0.000000000000E+00
   80.   0.356250000000E+03  -0.648187182961E-09   0.000000000000E+00   0.343750000000E+03  -0.631163993108E-09   0.000000000000E+00
   81.   0.353125000000E+03   0.105020976666E-08   0.000000000000E+00   0.346875000000E+03   0.104047604448E-08   0.000000000000E+00
   82.   0.350000000000E+03   0.811151100267E-08   0.000000000000E+00   0.350000000000E+03   0.811151100355E-08   0.000000000000E+00
   83.   0.346875000000E+03   0.104047607088E-08   0.000000000000E+00   0.353125000000E+03   0.105020975971E-08   0.000000000000E+00
   84.   0.343750000000E+03  -0.631163956379E-09   0.000000000000E+00   0.356250000000E+03  -0.648187189826E-09   0.000000000000E+00
   85.   0.340625000000E+03  -0.117888244037E-08   0.000000000000E+00   0.359375000000E+03  -0.120414771067E-08   0.000000000000E+00
   86.   0.337500000000E+03  -0.623946402198E-09   0.000000000000E+00   0.362500000000E+03  -0.651577532927E-09   0.000000000000E+00
   87.   0.334375000000E+03  -0.645476757230E-09   0.000000000000E+00   0.365625000000E+03  -0.675464999504E-09   0.000000000000E+00
   88.   0.331250000000E+03  -0.163962405443E-09   0.000000000000E+00   0.368750000000E+03  -0.174194460401E-09   0.000000000000E+00
   89.   0.328125000000E+03  -0.211807217857E-09   0.000000000000E+00   0.371875000000E+03  -0.227453297922E-09   0.000000000000E+00
   90.   0.325000000000E+03  -0.569612376661E-10   0.000000000000E+00   0.375000000000E+03  -0.624356245876E-10   0.000000000000E+00
   91.   0.321875000000E+03  -0.812698320015E-10   0.000000000000E+00   0.378125000000E+03  -0.911049934553E-10   0.000000000000E+00
   92.   0.318750000000E+03  -0.278557215163E-10   0.000000000000E+00   0.381250000000E+03  -0.318232681756E-10   0.000000000000E+00
   93.   0.315625000000E+03  -0.449352594320E-10   0.000000000000E+00   0.384375000000E+03  -0.532869854226E-10   0.000000000000E+00
   94.   0.312500000000E+03  -0.176354446425E-10   0.000000000000E+00   0.387500000000E+03  -0.213128364499E-10   0.000000000000E+00
   95.   0.309375000000E+03  -0.296198352398E-10   0.000000000000E+00   0.390625000000E+03  -0.376847191001E-10   0.000000000000E+00
   96.   0.306250000000E+03  -0.128341382753E-10   0.000000000000E+00   0.393750000000E+03  -0.165440139297E-10   0.000000000000E+00
   97.   0.303125000000E+03  -0.240079472713E-10   0.000000000000E+00   0.396875000000E+03  -0.325535260367E-10   0.000000000000E+00
   98.   0.300000000000E+03  -0.111627702893E-10   0.000000000000E+00   0.400000000000E+03  -0.152221907048E-10   0.000000000000E+00
   99.   0.296875000000E+03  -0.216677963395E-10   0.000000000000E+00   0.403125000000E+03  -0.310227375521E-10   0.000000000000E+00
  100.   0.293750000000E+03  -0.103879516974E-10   0.000000000000E+00   0.406250000000E+03  -0.148947193719E-10   0.000000000000E+00
  101.   0.290625000000E+03  -0.205496304241E-10   0.000000000000E+00   0.409375000000E+03  -0.308612410389E-10   0.000000000000E+00
  102.   0.287500000000E+03  -0.996157865073E-11   0.000000000000E+00   0.412500000000E+03  -0.149634887468E-10   0.000000000000E+00
  103.   0.284375000000E+03  -0.198353162007E-10   0.000000000000E+00   0.415625000000E+03  -0.311605032008E-10   0.000000000000E+00
  104.   0.281250000000E+03  -0.965149675825E-11   0.000000000000E+00   0.418750000000E+03  -0.151658954630E-10   0.000000000000E+00
  105.   0.278125000000E+03  -0.192737010182E-10   0.000000000000E+00   0.421875000000E+03  -0.316373919991E-10   0.000000000000E+00
  106.   0.275000000000E+03  -0.938818390611E-11   0.000000000000E+00   0.425000000000E+03  -0.154233236860E-10   0.000000000000E+00
  107.   0.271875000000E+03  -0.187654504264E-10   0.000000000000E+00   0.428125000000E+03  -0.321776340097E-10   0.000000000000E+00
  108.   0.268750000000E+03  -0.914212484064E-11   0.000000000000E+00   0.431250000000E+03  -0.157012535673E-10   0.000000000000E+00
  109.   0.265625000000E+03  -0.182784330251E-10   0.000000000000E+00   0.434375000000E+03  -0.327436023780E-10   0.000000000000E+00
  110.   0.262500000000E+03  -0.890353406038E-11   0.000000000000E+00   0.437500000000E+03  -0.159882318593E-10   0.000000000000E+00
  111.   0.259375000000E+03  -0.178006574429E-10   0.000000000000E+00   0.440625000000E+03  -0.333209901176E-10   0.000000000000E+00
  112.   0.256250000000E+03  -0.866838573397E-11   0.000000000000E+00   0.443750000000E+03  -0.162794675950E-10   0.000000000000E+00
  113.   0.253125000000E+03  -0.173280408964E-10   0.000000000000E+00   0.446875000000E+03  -0.339049333102E-10   0.000000000000E+00
  114.   0.250000000000E+03  -0.843547044088E-11   0.000000000000E+00   0.450000000000E+03  -0.165733464054E-10   0.000000000000E+00
  115.   0.246875000000E+03  -0.168590990501E-10   0.000000000000E+00   0.453125000000E+03  -0.344935119331E-10   0.000000000000E+00
  116.   0.243750000000E+03  -0.820418950470E-11   0.000000000000E+00   0.456250000000E+03  -0.168691903793E-10   0.000000000000E+00
  117.   0.240625000000E+03  -0.163932139420E-10   0.000000000000E+00   0.459375000000E+03  -0.350860865148E-10   0.000000000000E+00
  118.   0.237500000000E+03  -0.797429561808E-11   0.000000000000E+00   0.462500000000E+03  -0.171668738142E-10   0.000000000000E+00
  119.   0.234375000000E+03  -0.159301022084E-10   0.000000000000E+00   0.465625000000E+03  -0.356823414464E-10   0.000000000000E+00
  120.   0.231250000000E+03  -0.774571620005E-11   0.000000000000E+00   0.468750000000E+03  -0.174661877398E-10   0.000000000000E+00
  121.   0.228125000000E+03  -0.154696433278E-10   0.000000000000E+00   0.471875000000E+03  -0.362820658272E-10   0.000000000000E+00
  122.   0.225000000000E+03  -0.751843901069E-11   0.000000000000E+00   0.475000000000E+03  -0.177670438729E-10   0.000000000000E+00
  123.   0.221875000000E+03  -0.150117150209E-10   0.000000000000E+00   0.478125000000E+03  -0.368852086743E-10   0.000000000000E+00
  124.   0.218750000000E+03  -0.729232300255E-11   0.000000000000E+00   0.481250000000E+03  -0.180696571504E-10   0.000000000000E+00
  125.   0.215625000000E+03  -0.145562420741E-10   0.000000000000E+00   0.484375000000E+03  -0.374917241297E-10   0.000000000000E+00
  126.   0.212500000000E+03  -0.706740272573E-11   0.000000000000E+00   0.487500000000E+03  -0.183736817343E-10   0.000000000000E+00
  127.   0.209375000000E+03  -0.141031384552E-10   0.000000000000E+00   0.490625000000E+03  -0.381014617991E-10   0.000000000000E+00
  128.   0.206250000000E+03  -0.684357310608E-11   0.000000000000E+00   0.493750000000E+03  -0.186790076805E-10   0.000000000000E+00
  129.   0.203125000000E+03  -0.136523392218E-10   0.000000000000E+00   0.496875000000E+03  -0.387143409959E-10   0.000000000000E+00
  130.   0.200000000000E+03  -0.662088360687E-11   0.000000000000E+00   0.500000000000E+03  -0.189860468800E-10   0.000000000000E+00
  131.   0.196875000000E+03  -0.132037699782E-10   0.000000000000E+00   0.503125000000E+03  -0.393303561240E-10   0.000000000000E+00
  132.   0.193750000000E+03  -0.639923063129E-11   0.000000000000E+00   0.506250000000E+03  -0.192943986841E-10   0.000000000000E+00
  133.   0.190625000000E+03  -0.127573661037E-10   0.000000000000E+00   0.509375000000E+03  -0.399494314888E-10   0.000000000000E+00
  134.   0.187500000000E+03  -0.617859267722E-11   0.000000000000E+00   0.512500000000E+03  -0.196042288028E-10   0.000000000000E+00
  135.   0.184375000000E+03  -0.123130772083E-10   0.000000000000E+00   0.515625000000E+03  -0.405715504682E-10   0.000000000000E+00
  136.   0.181250000000E+03  -0.595895426629E-11   0.000000000000E+00   0.518750000000E+03  -0.199153588224E-10   0.000000000000E+00
  137.   0.178125000000E+03  -0.118708437596E-10   0.000000000000E+00   0.521875000000E+03  -0.411965857435E-10   0.000000000000E+00
  138.   0.175000000000E+03  -0.574028819216E-11   0.000000000000E+00   0.525000000000E+03  -0.202279371180E-10   0.000000000000E+00
  139.   0.171875000000E+03  -0.114306153322E-10   0.000000000000E+00   0.528125000000E+03  -0.418244599777E-10   0.000000000000E+00
  140.   0.168750000000E+03  -0.552255953558E-11   0.000000000000E+00   0.531250000000E+03  -0.205418322620E-10   0.000000000000E+00
  141.   0.165625000000E+03  -0.109923426607E-10   0.000000000000E+00   0.534375000000E+03  -0.424551886411E-10   0.000000000000E+00
  142.   0.162500000000E+03  -0.530571957068E-11   0.000000000000E+00   0.537500000000E+03  -0.208570682708E-10   0.000000000000E+00
  143.   0.159375000000E+03  -0.105559743736E-10   0.000000000000E+00   0.540625000000E+03  -0.430888837769E-10   0.000000000000E+00
  144.   0.156250000000E+03  -0.508980728422E-11   0.000000000000E+00   0.543750000000E+03  -0.211737223044E-10   0.000000000000E+00
  145.   0.153125000000E+03  -0.101215252768E-10   0.000000000000E+00   0.546875000000E+03  -0.437255999569E-10   0.000000000000E+00
  146.   0.150000000000E+03  -0.487478836599E-11   0.000000000000E+00   0.550000000000E+03  -0.214917172254E-10   0.000000000000E+00
  147.   0.146875000000E+03  -0.968913326366E-11   0.000000000000E+00   0.553125000000E+03  -0.443658038883E-10   0.000000000000E+00
  148.   0.143750000000E+03  -0.466083153734E-11   0.000000000000E+00   0.556250000000E+03  -0.218118873865E-10   0.000000000000E+00
  149.   0.140625000000E+03  -0.925906076360E-11   0.000000000000E+00   0.559375000000E+03  -0.450102349063E-10   0.000000000000E+00
  150.   0.137500000000E+03  -0.444800757279E-11   0.000000000000E+00   0.562500000000E+03  -0.221337952655E-10   0.000000000000E+00
  151.   0.134375000000E+03  -0.883194283356E-11   0.000000000000E+00   0.565625000000E+03  -0.456598124189E-10   0.000000000000E+00
  152.   0.131250000000E+03  -0.423666242907E-11   0.000000000000E+00   0.568750000000E+03  -0.224572220930E-10   0.000000000000E+00
  153.   0.128125000000E+03  -0.841205466267E-11   0.000000000000E+00   0.571875000000E+03  -0.463326110973E-10   0.000000000000E+00
  154.   0.125000000000E+03  -0.403264244218E-11   0.000000000000E+00   0.575000000000E+03  -0.228140320676E-10   0.000000000000E+00
  155.   0.121875000000E+03  -0.802169896601E-11   0.000000000000E+00   0.578125000000E+03  -0.471595726917E-10   0.000000000000E+00
  156.   0.118750000000E+03  -0.386457493461E-11   0.000000000000E+00   0.581250000000E+03  -0.233863612407E-10   0.000000000000E+00
  157.   0.115625000000E+03  -0.758827575749E-11   0.000000000000E+00   0.584375000000E+03  -0.475466371919E-10   0.000000000000E+00
  158.   0.112500000000E+03  -0.357389132347E-11   0.000000000000E+00   0.587500000000E+03  -0.229894720371E-10   0.000000000000E+00
  159.   0.109375000000E+03  -0.678991876949E-11   0.000000000000E+00   0.590625000000E+03  -0.448111606119E-10   0.000000000000E+00
  160.   0.106250000000E+03  -0.295087246798E-11   0.000000000000E+00   0.593750000000E+03  -0.197240574822E-10   0.000000000000E+00
  161.   0.103125000000E+03  -0.722350267796E-11   0.000000000000E+00   0.596875000000E+03  -0.499169631773E-10   0.000000000000E+00
