i  r_top  QtopRe  QtopIm  r_bot  QbotRe  QbotIm   [mm, mC]
    1.   0.600000000000E+03  -0.159618222581E-10   0.000000000000E+00   0.100000000000E+03  -0.661920022129E-07   0.000000000000E+00
    2.   0.100000000000E+03  -0.661920022130E-07   0.000000000000E+00   0.600000000000E+03  -0.159618229835E-10   0.000000000000E+00
    3.   0.598437500000E+03  -0.639379842106E-10   0.000000000000E+00   0.101562500000E+03  -0.144913996277E-07   0.000000000000E+00
    4.   0.596875000000E+03  -0.298557707164E-10   0.000000000000E+00   0.103125000000E+03   0.242972021856E-08   0.000000000000E+00
    5.   0.595312500000E+03  -0.644816525854E-10   0.000000000000E+00   0.104687500000E+03   0.953337979445E-08   0.000000000000E+00
    6.   0.593750000000E+03  -0.323520366116E-10   0.000000000000E+00   0.106250000000E+03   0.665955642133E-08   0.000000000000E+00
    7.   0.592187500000E+03  -0.744265249280E-10   0.000000000000E+00   0.107812500000E+03   0.125739684202E-07   0.000000000000E+00
    8.   0.590625000000E+03  -0.390951178432E-10   0.000000000000E+00   0.109375000000E+03   0.674804915507E-08   0.000000000000E+00
    9.   0.589062500000E+03  -0.850472903863E-10   0.000000000000E+00   0.110937500000E+03   0.111385184810E-07   0.000000000000E+00
   10.   0.587500000000E+03  -0.434162660661E-10   0.000000000000E+00   0.112500000000E+03   0.457401789016E-08   0.000000000000E+00
   11.   0.585937500000E+03  -0.906736060771E-10   0.000000000000E+00   0.114062500000E+03   0.728296843571E-08   0.000000000000E+00
   12.   0.584375000000E+03  -0.449752079493E-10   0.000000000000E+00   0.115625000000E+03   0.278761264564E-08   0.000000000000E+00
   13.   0.582812500000E+03  -0.917954313996E-10   0.000000000000E+00   0.117187500000E+03   0.421244532251E-08   0.000000000000E+00
   14.   0.581250000000E+03  -0.446920825383E-10   0.000000000000E+00   0.118750000000E+03   0.146571444005E-08   0.000000000000E+00
   15.   0.579687500000E+03  -0.903916087777E-10   0.000000000000E+00   0.120312500000E+03   0.224288235219E-08   0.000000000000E+00
   16.   0.578125000000E+03  -0.436316288735E-10   0.000000000000E+00   0.121875000000E+03   0.777350693901E-09   0.000000000000E+00
   17.   0.576562500000E+03  -0.879842823141E-10   0.000000000000E+00   0.123437500000E+03   0.122158221557E-08   0.000000000000E+00
   18.   0.575000000000E+03  -0.423261023325E-10   0.000000000000E+00   0.125000000000E+03   0.436268351566E-09   0.000000000000E+00
   19.   0.573437500000E+03  -0.852660440382E-10   0.000000000000E+00   0.126562500000E+03   0.711732068385E-09   0.000000000000E+00
   20.   0.571875000000E+03  -0.409587389613E-10   0.000000000000E+00   0.128125000000E+03   0.267894651523E-09   0.000000000000E+00
   21.   0.570312500000E+03  -0.824519257278E-10   0.000000000000E+00   0.129687500000E+03   0.441786501836E-09   0.000000000000E+00
   22.   0.568750000000E+03  -0.395652281968E-10   0.000000000000E+00   0.131250000000E+03   0.170010574933E-09   0.000000000000E+00
   23.   0.567187500000E+03  -0.795876544424E-10   0.000000000000E+00   0.132812500000E+03   0.279709485170E-09   0.000000000000E+00
   24.   0.565625000000E+03  -0.381511553130E-10   0.000000000000E+00   0.134375000000E+03   0.107563625724E-09   0.000000000000E+00
   25.   0.564062500000E+03  -0.766879216559E-10   0.000000000000E+00   0.135937500000E+03   0.175729910306E-09   0.000000000000E+00
   26.   0.562500000000E+03  -0.367228464108E-10   0.000000000000E+00   0.137500000000E+03   0.666813092552E-10   0.000000000000E+00
   27.   0.560937500000E+03  -0.737687979056E-10   0.000000000000E+00   0.139062500000E+03   0.108931486282E-09   0.000000000000E+00
   28.   0.559375000000E+03  -0.352889944916E-10   0.000000000000E+00   0.140625000000E+03   0.408471991392E-10   0.000000000000E+00
   29.   0.557812500000E+03  -0.708466241387E-10   0.000000000000E+00   0.142187500000E+03   0.673943267272E-10   0.000000000000E+00
   30.   0.556250000000E+03  -0.338571466835E-10   0.000000000000E+00   0.143750000000E+03   0.251382754495E-10   0.000000000000E+00
   31.   0.554687500000E+03  -0.679339369197E-10   0.000000000000E+00   0.145312500000E+03   0.423954805447E-10   0.000000000000E+00
   32.   0.553125000000E+03  -0.324323975891E-10   0.000000000000E+00   0.146875000000E+03   0.158559488557E-10   0.000000000000E+00
   33.   0.551562500000E+03  -0.650387566669E-10   0.000000000000E+00   0.148437500000E+03   0.276651872425E-10   0.000000000000E+00
   34.   0.550000000000E+03  -0.310177470591E-10   0.000000000000E+00   0.150000000000E+03   0.104389307076E-10   0.000000000000E+00
   35.   0.548437500000E+03  -0.621657930491E-10   0.000000000000E+00   0.151562500000E+03   0.190729601587E-10   0.000000000000E+00
   36.   0.546875000000E+03  -0.296149200520E-10   0.000000000000E+00   0.153125000000E+03   0.729776608758E-11   0.000000000000E+00
   37.   0.545312500000E+03  -0.593178362432E-10   0.000000000000E+00   0.154687500000E+03   0.141064040405E-10   0.000000000000E+00
   38.   0.543750000000E+03  -0.282249665713E-10   0.000000000000E+00   0.156250000000E+03   0.550079248497E-11   0.000000000000E+00
   39.   0.542187500000E+03  -0.564966689694E-10   0.000000000000E+00   0.157812500000E+03   0.112989449712E-10   0.000000000000E+00
   40.   0.540625000000E+03  -0.268485985111E-10   0.000000000000E+00   0.159375000000E+03   0.451181754974E-11   0.000000000000E+00
   41.   0.539062500000E+03  -0.537035567987E-10   0.000000000000E+00   0.160937500000E+03   0.979835377977E-11   0.000000000000E+00
   42.   0.537500000000E+03  -0.254863539772E-10   0.000000000000E+00   0.162500000000E+03   0.401678814216E-11   0.000000000000E+00
   43.   0.535937500000E+03  -0.509394871717E-10   0.000000000000E+00   0.164062500000E+03   0.909999904532E-11   0.000000000000E+00
   44.   0.534375000000E+03  -0.241386672401E-10   0.000000000000E+00   0.165625000000E+03   0.382694529422E-11   0.000000000000E+00
   45.   0.532812500000E+03  -0.482052800816E-10   0.000000000000E+00   0.167187500000E+03   0.889856298205E-11   0.000000000000E+00
   46.   0.531250000000E+03  -0.228059115366E-10   0.000000000000E+00   0.168750000000E+03   0.382680156547E-11   0.000000000000E+00
   47.   0.529687500000E+03  -0.455016573136E-10   0.000000000000E+00   0.170312500000E+03   0.900713958050E-11   0.000000000000E+00
   48.   0.528125000000E+03  -0.214884231785E-10   0.000000000000E+00   0.171875000000E+03   0.394543362140E-11   0.000000000000E+00
   49.   0.526562500000E+03  -0.428292863946E-10   0.000000000000E+00   0.173437500000E+03   0.931119294192E-11   0.000000000000E+00
   50.   0.525000000000E+03  -0.201865178560E-10   0.000000000000E+00   0.175000000000E+03   0.413946379802E-11   0.000000000000E+00
   51.   0.523437500000E+03  -0.401888014969E-10   0.000000000000E+00   0.176562500000E+03   0.974079715443E-11   0.000000000000E+00
   52.   0.521875000000E+03  -0.189005013516E-10   0.000000000000E+00   0.178125000000E+03   0.438248510756E-11   0.000000000000E+00
   53.   0.520312500000E+03  -0.375808240165E-10   0.000000000000E+00   0.179687500000E+03   0.102533595690E-10   0.000000000000E+00
   54.   0.518750000000E+03  -0.176306746242E-10   0.000000000000E+00   0.181250000000E+03   0.465842086151E-11   0.000000000000E+00
   55.   0.517187500000E+03  -0.350059683635E-10   0.000000000000E+00   0.182812500000E+03   0.108228611814E-10   0.000000000000E+00
   56.   0.515625000000E+03  -0.163773366447E-10   0.000000000000E+00   0.184375000000E+03   0.495741988657E-11   0.000000000000E+00
   57.   0.514062500000E+03  -0.324648468205E-10   0.000000000000E+00   0.185937500000E+03   0.114332551155E-10   0.000000000000E+00
   58.   0.512500000000E+03  -0.151407877323E-10   0.000000000000E+00   0.187500000000E+03   0.527336343888E-11   0.000000000000E+00
   59.   0.510937500000E+03  -0.299580739901E-10   0.000000000000E+00   0.189062500000E+03   0.120744759749E-10   0.000000000000E+00
   60.   0.509375000000E+03  -0.139213259801E-10   0.000000000000E+00   0.190625000000E+03   0.560237138213E-11   0.000000000000E+00
   61.   0.507812500000E+03  -0.274862645289E-10   0.000000000000E+00   0.192187500000E+03   0.127400477809E-10   0.000000000000E+00
   62.   0.506250000000E+03  -0.127192521592E-10   0.000000000000E+00   0.193750000000E+03   0.594190496115E-11   0.000000000000E+00
   63.   0.504687500000E+03  -0.250500358415E-10   0.000000000000E+00   0.195312500000E+03   0.134256484716E-10   0.000000000000E+00
   64.   0.503125000000E+03  -0.115348690738E-10   0.000000000000E+00   0.196875000000E+03   0.629023304375E-11   0.000000000000E+00
   65.   0.501562500000E+03  -0.226500046875E-10   0.000000000000E+00   0.198437500000E+03   0.141282484839E-10   0.000000000000E+00
   66.   0.500000000000E+03  -0.103684773170E-10   0.000000000000E+00   0.200000000000E+03   0.664610625046E-11   0.000000000000E+00
   67.   0.498437500000E+03  -0.202867894875E-10   0.000000000000E+00   0.201562500000E+03   0.148455889753E-10   0.000000000000E+00
   68.   0.496875000000E+03  -0.922037732393E-11   0.000000000000E+00   0.203125000000E+03   0.700856088519E-11   0.000000000000E+00
   69.   0.495312500000E+03  -0.179610073616E-10   0.000000000000E+00   0.204687500000E+03   0.155758683556E-10   0.000000000000E+00
   70.   0.493750000000E+03  -0.809087017009E-11   0.000000000000E+00   0.206250000000E+03   0.737680250930E-11   0.000000000000E+00
   71.   0.492187500000E+03  -0.156732731617E-10   0.000000000000E+00   0.207812500000E+03   0.163175515784E-10   0.000000000000E+00
   72.   0.490625000000E+03  -0.698025597455E-11   0.000000000000E+00   0.209375000000E+03   0.775013347968E-11   0.000000000000E+00
   73.   0.489062500000E+03  -0.134241993225E-10   0.000000000000E+00   0.210937500000E+03   0.170692569291E-10   0.000000000000E+00
   74.   0.487500000000E+03  -0.588883157891E-11   0.000000000000E+00   0.212500000000E+03   0.812791173885E-11   0.000000000000E+00
   75.   0.485937500000E+03  -0.112143935740E-10   0.000000000000E+00   0.214062500000E+03   0.178296860745E-10   0.000000000000E+00
   76.   0.484375000000E+03  -0.481689209642E-11   0.000000000000E+00   0.215625000000E+03   0.850952163780E-11   0.000000000000E+00
   77.   0.482812500000E+03  -0.904445875552E-11   0.000000000000E+00   0.217187500000E+03   0.185975844375E-10   0.000000000000E+00
   78.   0.481250000000E+03  -0.376473053740E-11   0.000000000000E+00   0.218750000000E+03   0.889436377196E-11   0.000000000000E+00
   79.   0.479687500000E+03  -0.691499215350E-11   0.000000000000E+00   0.220312500000E+03   0.193717159755E-10   0.000000000000E+00
   80.   0.478125000000E+03  -0.273263579980E-11   0.000000000000E+00   0.221875000000E+03   0.928184056548E-11   0.000000000000E+00
   81.   0.476562500000E+03  -0.482658275055E-11   0.000000000000E+00   0.223437500000E+03   0.201508496553E-10   0.000000000000E+00
   82.   0.475000000000E+03  -0.172089328700E-11   0.000000000000E+00   0.225000000000E+03   0.967135627826E-11   0.000000000000E+00
   83.   0.473437500000E+03  -0.277981193902E-11   0.000000000000E+00   0.226562500000E+03   0.209337505832E-10   0.000000000000E+00
   84.   0.471875000000E+03  -0.729783833103E-12   0.000000000000E+00   0.228125000000E+03   0.100623117606E-10   0.000000000000E+00
   85.   0.470312500000E+03  -0.775251653177E-12   0.000000000000E+00   0.229687500000E+03   0.217191763452E-10   0.000000000000E+00
   86.   0.468750000000E+03   0.240416044608E-12   0.000000000000E+00   0.231250000000E+03   0.104540987679E-10   0.000000000000E+00
   87.   0.467187500000E+03   0.118653610178E-11   0.000000000000E+00   0.232812500000E+03   0.225058723448E-10   0.000000000000E+00
   88.   0.465625000000E+03   0.118943539108E-11   0.000000000000E+00   0.234375000000E+03   0.108461076184E-10   0.000000000000E+00
   89.   0.464062500000E+03   0.310499982883E-11   0.000000000000E+00   0.235937500000E+03   0.232925737061E-10   0.000000000000E+00
   90.   0.462500000000E+03   0.211700832114E-11   0.000000000000E+00   0.237500000000E+03   0.112377201144E-10   0.000000000000E+00
   91.   0.460937500000E+03   0.497959936063E-11   0.000000000000E+00   0.239062500000E+03   0.240780024310E-10   0.000000000000E+00
   92.   0.459375000000E+03   0.302287472320E-11   0.000000000000E+00   0.240625000000E+03   0.116283128734E-10   0.000000000000E+00
   93.   0.457812500000E+03   0.680980580397E-11   0.000000000000E+00   0.242187500000E+03   0.248608683401E-10   0.000000000000E+00
   94.   0.456250000000E+03   0.390677952360E-11   0.000000000000E+00   0.243750000000E+03   0.120172533375E-10   0.000000000000E+00
   95.   0.454687500000E+03   0.859510130847E-11   0.000000000000E+00   0.245312500000E+03   0.256398663326E-10   0.000000000000E+00
   96.   0.453125000000E+03   0.476847387459E-11   0.000000000000E+00   0.246875000000E+03   0.124039035457E-10   0.000000000000E+00
   97.   0.451562500000E+03   0.103349773163E-10   0.000000000000E+00   0.248437500000E+03   0.264136783959E-10   0.000000000000E+00
   98.   0.450000000000E+03   0.560771238028E-11   0.000000000000E+00   0.250000000000E+03   0.127876176070E-10   0.000000000000E+00
   99.   0.448437500000E+03   0.120289325165E-10   0.000000000000E+00   0.251562500000E+03   0.271809694891E-10   0.000000000000E+00
  100.   0.446875000000E+03   0.642425171619E-11   0.000000000000E+00   0.253125000000E+03   0.131677416985E-10   0.000000000000E+00
  101.   0.445312500000E+03   0.136764670270E-10   0.000000000000E+00   0.254687500000E+03   0.279403839007E-10   0.000000000000E+00
  102.   0.443750000000E+03   0.721784837155E-11   0.000000000000E+00   0.256250000000E+03   0.135436071761E-10   0.000000000000E+00
  103.   0.442187500000E+03   0.152770736073E-10   0.000000000000E+00   0.257812500000E+03   0.286905383596E-10   0.000000000000E+00
  104.   0.440625000000E+03   0.798825135374E-11   0.000000000000E+00   0.259375000000E+03   0.139145326458E-10   0.000000000000E+00
  105.   0.439062500000E+03   0.168302214144E-10   0.000000000000E+00   0.260937500000E+03   0.294300075552E-10   0.000000000000E+00
  106.   0.437500000000E+03   0.873519340228E-11   0.000000000000E+00   0.262500000000E+03   0.142798081694E-10   0.000000000000E+00
  107.   0.435937500000E+03   0.183353298170E-10   0.000000000000E+00   0.264062500000E+03   0.301573043780E-10   0.000000000000E+00
  108.   0.434375000000E+03   0.945837399283E-11   0.000000000000E+00   0.265625000000E+03   0.146386879827E-10   0.000000000000E+00
  109.   0.432812500000E+03   0.197917221169E-10   0.000000000000E+00   0.267187500000E+03   0.308708405153E-10   0.000000000000E+00
  110.   0.431250000000E+03   0.101574284243E-10   0.000000000000E+00   0.268750000000E+03   0.149903631802E-10   0.000000000000E+00
  111.   0.429687500000E+03   0.211985496536E-10   0.000000000000E+00   0.270312500000E+03   0.315688632078E-10   0.000000000000E+00
  112.   0.428125000000E+03   0.108318856491E-10   0.000000000000E+00   0.271875000000E+03   0.153339220654E-10   0.000000000000E+00
  113.   0.426562500000E+03   0.225546649622E-10   0.000000000000E+00   0.273437500000E+03   0.322493427728E-10   0.000000000000E+00
  114.   0.425000000000E+03   0.114810816079E-10   0.000000000000E+00   0.275000000000E+03   0.156682802038E-10   0.000000000000E+00
  115.   0.423437500000E+03   0.238584036916E-10   0.000000000000E+00   0.276562500000E+03   0.329097882492E-10   0.000000000000E+00
  116.   0.421875000000E+03   0.121040283474E-10   0.000000000000E+00   0.278125000000E+03   0.159920628595E-10   0.000000000000E+00
  117.   0.420312500000E+03   0.251072264662E-10   0.000000000000E+00   0.279687500000E+03   0.335469345686E-10   0.000000000000E+00
  118.   0.418750000000E+03   0.126991877685E-10   0.000000000000E+00   0.281250000000E+03   0.163034140724E-10   0.000000000000E+00
  119.   0.417187500000E+03   0.262971339958E-10   0.000000000000E+00   0.282812500000E+03   0.341562242521E-10   0.000000000000E+00
  120.   0.415625000000E+03   0.132641126131E-10   0.000000000000E+00   0.284375000000E+03   0.165996677633E-10   0.000000000000E+00
  121.   0.414062500000E+03   0.274217175527E-10   0.000000000000E+00   0.285937500000E+03   0.347309617396E-10   0.000000000000E+00
  122.   0.412500000000E+03   0.137948626023E-10   0.000000000000E+00   0.287500000000E+03   0.168768329346E-10   0.000000000000E+00
  123.   0.410937500000E+03   0.284706114497E-10   0.000000000000E+00   0.289062500000E+03   0.352609202999E-10   0.000000000000E+00
  124.   0.409375000000E+03   0.142850490866E-10   0.000000000000E+00   0.290625000000E+03   0.171287283041E-10   0.000000000000E+00
  125.   0.407812500000E+03   0.294268730331E-10   0.000000000000E+00   0.292187500000E+03   0.357299653454E-10   0.000000000000E+00
  126.   0.406250000000E+03   0.147241822566E-10   0.000000000000E+00   0.293750000000E+03   0.173454822709E-10   0.000000000000E+00
  127.   0.404687500000E+03   0.302622879324E-10   0.000000000000E+00   0.295312500000E+03   0.361117808030E-10   0.000000000000E+00
  128.   0.403125000000E+03   0.150946353793E-10   0.000000000000E+00   0.296875000000E+03   0.175107593990E-10   0.000000000000E+00
  129.   0.401562500000E+03   0.309287358785E-10   0.000000000000E+00   0.298437500000E+03   0.363619711311E-10   0.000000000000E+00
  130.   0.400000000000E+03   0.153659968265E-10   0.000000000000E+00   0.300000000000E+03   0.175965954134E-10   0.000000000000E+00
  131.   0.398437500000E+03   0.313428868561E-10   0.000000000000E+00   0.301562500000E+03   0.364039411439E-10   0.000000000000E+00
  132.   0.396875000000E+03   0.154852163353E-10   0.000000000000E+00   0.303125000000E+03   0.175542716027E-10   0.000000000000E+00
  133.   0.395312500000E+03   0.313623719024E-10   0.000000000000E+00   0.304687500000E+03   0.361065401798E-10   0.000000000000E+00
  134.   0.393750000000E+03   0.153624199771E-10   0.000000000000E+00   0.306250000000E+03   0.173008956432E-10   0.000000000000E+00
  135.   0.392187500000E+03   0.307555122756E-10   0.000000000000E+00   0.307812500000E+03   0.352548303876E-10   0.000000000000E+00
  136.   0.390625000000E+03   0.148549837652E-10   0.000000000000E+00   0.309375000000E+03   0.167037172440E-10   0.000000000000E+00
  137.   0.389062500000E+03   0.291758630023E-10   0.000000000000E+00   0.310937500000E+03   0.335236477944E-10   0.000000000000E+00
  138.   0.387500000000E+03   0.137604032193E-10   0.000000000000E+00   0.312500000000E+03   0.155715658976E-10   0.000000000000E+00
  139.   0.385937500000E+03   0.261389680413E-10   0.000000000000E+00   0.314062500000E+03   0.304518337900E-10   0.000000000000E+00
  140.   0.384375000000E+03   0.118057326115E-10   0.000000000000E+00   0.315625000000E+03   0.136427138289E-10   0.000000000000E+00
  141.   0.382812500000E+03   0.209480243841E-10   0.000000000000E+00   0.317187500000E+03   0.253686682622E-10   0.000000000000E+00
  142.   0.381250000000E+03   0.859251510187E-11   0.000000000000E+00   0.318750000000E+03   0.105319162263E-10   0.000000000000E+00
  143.   0.379687500000E+03   0.122292517113E-10   0.000000000000E+00   0.320312500000E+03   0.169577696146E-10   0.000000000000E+00
  144.   0.378125000000E+03   0.318218615487E-11   0.000000000000E+00   0.321875000000E+03   0.534218166939E-11   0.000000000000E+00
  145.   0.376562500000E+03  -0.336158774421E-11   0.000000000000E+00   0.323437500000E+03   0.202929652120E-11   0.000000000000E+00
  146.   0.375000000000E+03  -0.685888361696E-11   0.000000000000E+00   0.325000000000E+03  -0.424324548891E-11   0.000000000000E+00
  147.   0.373437500000E+03  -0.344566991786E-10   0.000000000000E+00   0.326562500000E+03  -0.276676649498E-10   0.000000000000E+00
  148.   0.371875000000E+03  -0.279320036328E-10   0.000000000000E+00   0.328125000000E+03  -0.243553912189E-10   0.000000000000E+00
  149.   0.370312500000E+03  -0.970738673635E-10   0.000000000000E+00   0.329687500000E+03  -0.876455433247E-10   0.000000000000E+00
  150.   0.368750000000E+03  -0.705834465985E-10   0.000000000000E+00   0.331250000000E+03  -0.652477249145E-10   0.000000000000E+00
  151.   0.367187500000E+03  -0.214559579003E-09   0.000000000000E+00   0.332812500000E+03  -0.200955076322E-09   0.000000000000E+00
  152.   0.365625000000E+03  -0.146747385388E-09   0.000000000000E+00   0.334375000000E+03  -0.138953237108E-09   0.000000000000E+00
  153.   0.364062500000E+03  -0.382567959950E-09   0.000000000000E+00   0.335937500000E+03  -0.364785290768E-09   0.000000000000E+00
  154.   0.362500000000E+03  -0.245181495959E-09   0.000000000000E+00   0.337500000000E+03  -0.235331503740E-09   0.000000000000E+00
  155.   0.360937500000E+03  -0.563519658268E-09   0.000000000000E+00   0.339062500000E+03  -0.544171534257E-09   0.000000000000E+00
  156.   0.359375000000E+03  -0.314404035777E-09   0.000000000000E+00   0.340625000000E+03  -0.305529065118E-09   0.000000000000E+00
  157.   0.357812500000E+03  -0.529386948727E-09   0.000000000000E+00   0.342187500000E+03  -0.515823828646E-09   0.000000000000E+00
  158.   0.356250000000E+03  -0.306194784596E-09   0.000000000000E+00   0.343750000000E+03  -0.299244475602E-09   0.000000000000E+00
  159.   0.354687500000E+03  -0.168395948038E-09   0.000000000000E+00   0.345312500000E+03  -0.166644740823E-09   0.000000000000E+00
  160.   0.353125000000E+03   0.404150695975E-09   0.000000000000E+00   0.346875000000E+03   0.398438274707E-09   0.000000000000E+00
  161.   0.351562500000E+03   0.134511505690E-08   0.000000000000E+00   0.348437500000E+03   0.134441667302E-08   0.000000000000E+00
  162.   0.350000000000E+03   0.694591862024E-08   0.000000000000E+00   0.350000000000E+03   0.694591861803E-08   0.000000000000E+00
  163.   0.348437500000E+03   0.134441667424E-08   0.000000000000E+00   0.351562500000E+03   0.134511505608E-08   0.000000000000E+00
  164.   0.346875000000E+03   0.398438274366E-09   0.000000000000E+00   0.353125000000E+03   0.404150695479E-09   0.000000000000E+00
  165.   0.345312500000E+03  -0.166644739013E-09   0.000000000000E+00   0.354687500000E+03  -0.168395948003E-09   0.000000000000E+00
  166.   0.343750000000E+03  -0.299244475066E-09   0.000000000000E+00   0.356250000000E+03  -0.306194784375E-09   0.000000000000E+00
  167.   0.342187500000E+03  -0.515823827412E-09   0.000000000000E+00   0.357812500000E+03  -0.529386948817E-09   0.000000000000E+00
  168.   0.340625000000E+03  -0.305529064905E-09   0.000000000000E+00   0.359375000000E+03  -0.314404035111E-09   0.000000000000E+00
  169.   0.339062500000E+03  -0.544171532378E-09   0.000000000000E+00   0.360937500000E+03  -0.563519658307E-09   0.000000000000E+00
  170.   0.337500000000E+03  -0.235331502815E-09   0.000000000000E+00   0.362500000000E+03  -0.245181495672E-09   0.000000000000E+00
  171.   0.335937500000E+03  -0.364785288770E-09   0.000000000000E+00   0.364062500000E+03  -0.382567960003E-09   0.000000000000E+00
  172.   0.334375000000E+03  -0.138953235761E-09   0.000000000000E+00   0.365625000000E+03  -0.146747384395E-09   0.000000000000E+00
  173.   0.332812500000E+03  -0.200955074117E-09   0.000000000000E+00   0.367187500000E+03  -0.214559578338E-09   0.000000000000E+00
  174.   0.331250000000E+03  -0.652477235560E-10   0.000000000000E+00   0.368750000000E+03  -0.705834471270E-10   0.000000000000E+00
  175.   0.329687500000E+03  -0.876455419858E-10   0.000000000000E+00   0.370312500000E+03  -0.970738666167E-10   0.000000000000E+00
  176.   0.328125000000E+03  -0.243553904447E-10   0.000000000000E+00   0.371875000000E+03  -0.279320040934E-10   0.000000000000E+00
  177.   0.326562500000E+03  -0.276676642569E-10   0.000000000000E+00   0.373437500000E+03  -0.344566978649E-10   0.000000000000E+00
  178.   0.325000000000E+03  -0.424324508113E-11   0.000000000000E+00   0.375000000000E+03  -0.685888202025E-11   0.000000000000E+00
  179.   0.323437500000E+03   0.202929782769E-11   0.000000000000E+00   0.376562500000E+03  -0.336158691174E-11   0.000000000000E+00
  180.   0.321875000000E+03   0.534218312673E-11   0.000000000000E+00   0.378125000000E+03   0.318218520174E-11   0.000000000000E+00
  181.   0.320312500000E+03   0.169577713392E-10   0.000000000000E+00   0.379687500000E+03   0.122292513484E-10   0.000000000000E+00
  182.   0.318750000000E+03   0.105319180019E-10   0.000000000000E+00   0.381250000000E+03   0.859251378945E-11   0.000000000000E+00
  183.   0.317187500000E+03   0.253686700541E-10   0.000000000000E+00   0.382812500000E+03   0.209480239351E-10   0.000000000000E+00
  184.   0.315625000000E+03   0.136427128395E-10   0.000000000000E+00   0.384375000000E+03   0.118057324214E-10   0.000000000000E+00
  185.   0.314062500000E+03   0.304518344859E-10   0.000000000000E+00   0.385937500000E+03   0.261389681722E-10   0.000000000000E+00
  186.   0.312500000000E+03   0.155715654886E-10   0.000000000000E+00   0.387500000000E+03   0.137604031192E-10   0.000000000000E+00
  187.   0.310937500000E+03   0.335236479370E-10   0.000000000000E+00   0.389062500000E+03   0.291758639517E-10   0.000000000000E+00
  188.   0.309375000000E+03   0.167037181080E-10   0.000000000000E+00   0.390625000000E+03   0.148549835953E-10   0.000000000000E+00
  189.   0.307812500000E+03   0.352548301007E-10   0.000000000000E+00   0.392187500000E+03   0.307555127900E-10   0.000000000000E+00
  190.   0.306250000000E+03   0.173008954609E-10   0.000000000000E+00   0.393750000000E+03   0.153624199178E-10   0.000000000000E+00
  191.   0.304687500000E+03   0.361065397054E-10   0.000000000000E+00   0.395312500000E+03   0.313623724217E-10   0.000000000000E+00
  192.   0.303125000000E+03   0.175542731289E-10   0.000000000000E+00   0.396875000000E+03   0.154852176118E-10   0.000000000000E+00
  193.   0.301562500000E+03   0.364039412863E-10   0.000000000000E+00   0.398437500000E+03   0.313428875666E-10   0.000000000000E+00
  194.   0.300000000000E+03   0.175965960432E-10   0.000000000000E+00   0.400000000000E+03   0.153659972273E-10   0.000000000000E+00
  195.   0.298437500000E+03   0.363619721006E-10   0.000000000000E+00   0.401562500000E+03   0.309287370787E-10   0.000000000000E+00
  196.   0.296875000000E+03   0.175107586795E-10   0.000000000000E+00   0.403125000000E+03   0.150946360199E-10   0.000000000000E+00
  197.   0.295312500000E+03   0.361117819791E-10   0.000000000000E+00   0.404687500000E+03   0.302622898993E-10   0.000000000000E+00
  198.   0.293750000000E+03   0.173454821060E-10   0.000000000000E+00   0.406250000000E+03   0.147241829470E-10   0.000000000000E+00
  199.   0.292187500000E+03   0.357299664937E-10   0.000000000000E+00   0.407812500000E+03   0.294268754680E-10   0.000000000000E+00
  200.   0.290625000000E+03   0.171287288084E-10   0.000000000000E+00   0.409375000000E+03   0.142850495060E-10   0.000000000000E+00
  201.   0.289062500000E+03   0.352609213745E-10   0.000000000000E+00   0.410937500000E+03   0.284706135423E-10   0.000000000000E+00
  202.   0.287500000000E+03   0.168768342555E-10   0.000000000000E+00   0.412500000000E+03   0.137948641688E-10   0.000000000000E+00
  203.   0.285937500000E+03   0.347309636641E-10   0.000000000000E+00   0.414062500000E+03   0.274217196288E-10   0.000000000000E+00
  204.   0.284375000000E+03   0.165996693586E-10   0.000000000000E+00   0.415625000000E+03   0.132641142013E-10   0.000000000000E+00
  205.   0.282812500000E+03   0.341562264970E-10   0.000000000000E+00   0.417187500000E+03   0.262971362820E-10   0.000000000000E+00
  206.   0.281250000000E+03   0.163034147267E-10   0.000000000000E+00   0.418750000000E+03   0.126991888563E-10   0.000000000000E+00
  207.   0.279687500000E+03   0.335469367517E-10   0.000000000000E+00   0.420312500000E+03   0.251072282867E-10   0.000000000000E+00
  208.   0.278125000000E+03   0.159920646158E-10   0.000000000000E+00   0.421875000000E+03   0.121040291693E-10   0.000000000000E+00
  209.   0.276562500000E+03   0.329097901714E-10   0.000000000000E+00   0.423437500000E+03   0.238584055441E-10   0.000000000000E+00
  210.   0.275000000000E+03   0.156682807811E-10   0.000000000000E+00   0.425000000000E+03   0.114810822412E-10   0.000000000000E+00
  211.   0.273437500000E+03   0.322493443930E-10   0.000000000000E+00   0.426562500000E+03   0.225546671131E-10   0.000000000000E+00
  212.   0.271875000000E+03   0.153339233215E-10   0.000000000000E+00   0.428125000000E+03   0.108318865728E-10   0.000000000000E+00
  213.   0.270312500000E+03   0.315688650853E-10   0.000000000000E+00   0.429687500000E+03   0.211985517699E-10   0.000000000000E+00
  214.   0.268750000000E+03   0.149903641676E-10   0.000000000000E+00   0.431250000000E+03   0.101574294984E-10   0.000000000000E+00
  215.   0.267187500000E+03   0.308708420993E-10   0.000000000000E+00   0.432812500000E+03   0.197917240626E-10   0.000000000000E+00
  216.   0.265625000000E+03   0.146386891630E-10   0.000000000000E+00   0.434375000000E+03   0.945837445593E-11   0.000000000000E+00
  217.   0.264062500000E+03   0.301573056437E-10   0.000000000000E+00   0.435937500000E+03   0.183353317169E-10   0.000000000000E+00
  218.   0.262500000000E+03   0.142798093318E-10   0.000000000000E+00   0.437500000000E+03   0.873519428644E-11   0.000000000000E+00
  219.   0.260937500000E+03   0.294300087189E-10   0.000000000000E+00   0.439062500000E+03   0.168302233386E-10   0.000000000000E+00
  220.   0.259375000000E+03   0.139145328057E-10   0.000000000000E+00   0.440625000000E+03   0.798825213933E-11   0.000000000000E+00
  221.   0.257812500000E+03   0.286905396914E-10   0.000000000000E+00   0.442187500000E+03   0.152770754458E-10   0.000000000000E+00
  222.   0.256250000000E+03   0.135436086547E-10   0.000000000000E+00   0.443750000000E+03   0.721784889573E-11   0.000000000000E+00
  223.   0.254687500000E+03   0.279403858557E-10   0.000000000000E+00   0.445312500000E+03   0.136764690309E-10   0.000000000000E+00
  224.   0.253125000000E+03   0.131677427541E-10   0.000000000000E+00   0.446875000000E+03   0.642425257549E-11   0.000000000000E+00
  225.   0.251562500000E+03   0.271809716166E-10   0.000000000000E+00   0.448437500000E+03   0.120289348674E-10   0.000000000000E+00
  226.   0.250000000000E+03   0.127876188789E-10   0.000000000000E+00   0.450000000000E+03   0.560771342361E-11   0.000000000000E+00
  227.   0.248437500000E+03   0.264136802763E-10   0.000000000000E+00   0.451562500000E+03   0.103349798559E-10   0.000000000000E+00
  228.   0.246875000000E+03   0.124039041522E-10   0.000000000000E+00   0.453125000000E+03   0.476847531870E-11   0.000000000000E+00
  229.   0.245312500000E+03   0.256398679294E-10   0.000000000000E+00   0.454687500000E+03   0.859510373141E-11   0.000000000000E+00
  230.   0.243750000000E+03   0.120172540236E-10   0.000000000000E+00   0.456250000000E+03   0.390678081523E-11   0.000000000000E+00
  231.   0.242187500000E+03   0.248608697715E-10   0.000000000000E+00   0.457812500000E+03   0.680980829213E-11   0.000000000000E+00
  232.   0.240625000000E+03   0.116283133612E-10   0.000000000000E+00   0.459375000000E+03   0.302287598245E-11   0.000000000000E+00
  233.   0.239062500000E+03   0.240780040718E-10   0.000000000000E+00   0.460937500000E+03   0.497960191353E-11   0.000000000000E+00
  234.   0.237500000000E+03   0.112377209077E-10   0.000000000000E+00   0.462500000000E+03   0.211700970744E-11   0.000000000000E+00
  235.   0.235937500000E+03   0.232925751500E-10   0.000000000000E+00   0.464062500000E+03   0.310500242012E-11   0.000000000000E+00
  236.   0.234375000000E+03   0.108461083636E-10   0.000000000000E+00   0.465625000000E+03   0.118943665362E-11   0.000000000000E+00
  237.   0.232812500000E+03   0.225058735561E-10   0.000000000000E+00   0.467187500000E+03   0.118653873573E-11   0.000000000000E+00
  238.   0.231250000000E+03   0.104540990733E-10   0.000000000000E+00   0.468750000000E+03   0.240417413294E-12   0.000000000000E+00
  239.   0.229687500000E+03   0.217191771765E-10   0.000000000000E+00   0.470312500000E+03  -0.775249057391E-12   0.000000000000E+00
  240.   0.228125000000E+03   0.100623119639E-10   0.000000000000E+00   0.471875000000E+03  -0.729782648065E-12   0.000000000000E+00
  241.   0.226562500000E+03   0.209337516633E-10   0.000000000000E+00   0.473437500000E+03  -0.277980937378E-11   0.000000000000E+00
  242.   0.225000000000E+03   0.967135692362E-11   0.000000000000E+00   0.475000000000E+03  -0.172089192300E-11   0.000000000000E+00
  243.   0.223437500000E+03   0.201508506594E-10   0.000000000000E+00   0.476562500000E+03  -0.482658016207E-11   0.000000000000E+00
  244.   0.221875000000E+03   0.928184076041E-11   0.000000000000E+00   0.478125000000E+03  -0.273263455204E-11   0.000000000000E+00
  245.   0.220312500000E+03   0.193717168663E-10   0.000000000000E+00   0.479687500000E+03  -0.691498948646E-11   0.000000000000E+00
  246.   0.218750000000E+03   0.889436404350E-11   0.000000000000E+00   0.481250000000E+03  -0.376472921271E-11   0.000000000000E+00
  247.   0.217187500000E+03   0.185975850249E-10   0.000000000000E+00   0.482812500000E+03  -0.904445607042E-11   0.000000000000E+00
  248.   0.215625000000E+03   0.850952245129E-11   0.000000000000E+00   0.484375000000E+03  -0.481689069261E-11   0.000000000000E+00
  249.   0.214062500000E+03   0.178296868868E-10   0.000000000000E+00   0.485937500000E+03  -0.112143904608E-10   0.000000000000E+00
  250.   0.212500000000E+03   0.812791211076E-11   0.000000000000E+00   0.487500000000E+03  -0.588883003375E-11   0.000000000000E+00
  251.   0.210937500000E+03   0.170692577651E-10   0.000000000000E+00   0.489062500000E+03  -0.134241961456E-10   0.000000000000E+00
  252.   0.209375000000E+03   0.775013426761E-11   0.000000000000E+00   0.490625000000E+03  -0.698025436181E-11   0.000000000000E+00
  253.   0.207812500000E+03   0.163175524416E-10   0.000000000000E+00   0.492187500000E+03  -0.156732702732E-10   0.000000000000E+00
  254.   0.206250000000E+03   0.737680288218E-11   0.000000000000E+00   0.493750000000E+03  -0.809086884082E-11   0.000000000000E+00
  255.   0.204687500000E+03   0.155758689927E-10   0.000000000000E+00   0.495312500000E+03  -0.179610045692E-10   0.000000000000E+00
  256.   0.203125000000E+03   0.700856128394E-11   0.000000000000E+00   0.496875000000E+03  -0.922037620947E-11   0.000000000000E+00
  257.   0.201562500000E+03   0.148455894761E-10   0.000000000000E+00   0.498437500000E+03  -0.202867867296E-10   0.000000000000E+00
  258.   0.200000000000E+03   0.664610657168E-11   0.000000000000E+00   0.500000000000E+03  -0.103684756377E-10   0.000000000000E+00
  259.   0.198437500000E+03   0.141282489081E-10   0.000000000000E+00   0.501562500000E+03  -0.226500016847E-10   0.000000000000E+00
  260.   0.196875000000E+03   0.629023357882E-11   0.000000000000E+00   0.503125000000E+03  -0.115348676919E-10   0.000000000000E+00
  261.   0.195312500000E+03   0.134256490650E-10   0.000000000000E+00   0.504687500000E+03  -0.250500330709E-10   0.000000000000E+00
  262.   0.193750000000E+03   0.594190563256E-11   0.000000000000E+00   0.506250000000E+03  -0.127192512306E-10   0.000000000000E+00
  263.   0.192187500000E+03   0.127400483286E-10   0.000000000000E+00   0.507812500000E+03  -0.274862623935E-10   0.000000000000E+00
  264.   0.190625000000E+03   0.560237151892E-11   0.000000000000E+00   0.509375000000E+03  -0.139213248404E-10   0.000000000000E+00
  265.   0.189062500000E+03   0.120744765060E-10   0.000000000000E+00   0.510937500000E+03  -0.299580719070E-10   0.000000000000E+00
  266.   0.187500000000E+03   0.527336371705E-11   0.000000000000E+00   0.512500000000E+03  -0.151407864575E-10   0.000000000000E+00
  267.   0.185937500000E+03   0.114332553436E-10   0.000000000000E+00   0.514062500000E+03  -0.324648450626E-10   0.000000000000E+00
  268.   0.184375000000E+03   0.495741973240E-11   0.000000000000E+00   0.515625000000E+03  -0.163773357121E-10   0.000000000000E+00
  269.   0.182812500000E+03   0.108228613555E-10   0.000000000000E+00   0.517187500000E+03  -0.350059662558E-10   0.000000000000E+00
  270.   0.181250000000E+03   0.465842074673E-11   0.000000000000E+00   0.518750000000E+03  -0.176306738796E-10   0.000000000000E+00
  271.   0.179687500000E+03   0.102533598169E-10   0.000000000000E+00   0.520312500000E+03  -0.375808218374E-10   0.000000000000E+00
  272.   0.178125000000E+03   0.438248528278E-11   0.000000000000E+00   0.521875000000E+03  -0.189005001557E-10   0.000000000000E+00
  273.   0.176562500000E+03   0.974079740923E-11   0.000000000000E+00   0.523437500000E+03  -0.401887994857E-10   0.000000000000E+00
  274.   0.175000000000E+03   0.413946395183E-11   0.000000000000E+00   0.525000000000E+03  -0.201865166397E-10   0.000000000000E+00
  275.   0.173437500000E+03   0.931119325222E-11   0.000000000000E+00   0.526562500000E+03  -0.428292842741E-10   0.000000000000E+00
  276.   0.171875000000E+03   0.394543371843E-11   0.000000000000E+00   0.528125000000E+03  -0.214884226589E-10   0.000000000000E+00
  277.   0.170312500000E+03   0.900714001681E-11   0.000000000000E+00   0.529687500000E+03  -0.455016547948E-10   0.000000000000E+00
  278.   0.168750000000E+03   0.382680178814E-11   0.000000000000E+00   0.531250000000E+03  -0.228059100194E-10   0.000000000000E+00
  279.   0.167187500000E+03   0.889856340736E-11   0.000000000000E+00   0.532812500000E+03  -0.482052770806E-10   0.000000000000E+00
  280.   0.165625000000E+03   0.382694550938E-11   0.000000000000E+00   0.534375000000E+03  -0.241386663027E-10   0.000000000000E+00
  281.   0.164062500000E+03   0.909999941920E-11   0.000000000000E+00   0.535937500000E+03  -0.509394844937E-10   0.000000000000E+00
  282.   0.162500000000E+03   0.401678847204E-11   0.000000000000E+00   0.537500000000E+03  -0.254863538537E-10   0.000000000000E+00
  283.   0.160937500000E+03   0.979835407075E-11   0.000000000000E+00   0.539062500000E+03  -0.537035548734E-10   0.000000000000E+00
  284.   0.159375000000E+03   0.451181759821E-11   0.000000000000E+00   0.540625000000E+03  -0.268485982539E-10   0.000000000000E+00
  285.   0.157812500000E+03   0.112989453114E-10   0.000000000000E+00   0.542187500000E+03  -0.564966674640E-10   0.000000000000E+00
  286.   0.156250000000E+03   0.550079276669E-11   0.000000000000E+00   0.543750000000E+03  -0.282249663825E-10   0.000000000000E+00
  287.   0.154687500000E+03   0.141064044230E-10   0.000000000000E+00   0.545312500000E+03  -0.593178365274E-10   0.000000000000E+00
  288.   0.153125000000E+03   0.729776619398E-11   0.000000000000E+00   0.546875000000E+03  -0.296149193940E-10   0.000000000000E+00
  289.   0.151562500000E+03   0.190729604886E-10   0.000000000000E+00   0.548437500000E+03  -0.621657934421E-10   0.000000000000E+00
  290.   0.150000000000E+03   0.104389308488E-10   0.000000000000E+00   0.550000000000E+03  -0.310177482931E-10   0.000000000000E+00
  291.   0.148437500000E+03   0.276651875044E-10   0.000000000000E+00   0.551562500000E+03  -0.650387548222E-10   0.000000000000E+00
  292.   0.146875000000E+03   0.158559490357E-10   0.000000000000E+00   0.553125000000E+03  -0.324323974167E-10   0.000000000000E+00
  293.   0.145312500000E+03   0.423954808104E-10   0.000000000000E+00   0.554687500000E+03  -0.679339342942E-10   0.000000000000E+00
  294.   0.143750000000E+03   0.251382755782E-10   0.000000000000E+00   0.556250000000E+03  -0.338571443730E-10   0.000000000000E+00
  295.   0.142187500000E+03   0.673943270398E-10   0.000000000000E+00   0.557812500000E+03  -0.708466229720E-10   0.000000000000E+00
  296.   0.140625000000E+03   0.408471992807E-10   0.000000000000E+00   0.559375000000E+03  -0.352889921044E-10   0.000000000000E+00
  297.   0.139062500000E+03   0.108931486617E-09   0.000000000000E+00   0.560937500000E+03  -0.737687984475E-10   0.000000000000E+00
  298.   0.137500000000E+03   0.666813094153E-10   0.000000000000E+00   0.562500000000E+03  -0.367228454624E-10   0.000000000000E+00
  299.   0.135937500000E+03   0.175729910658E-09   0.000000000000E+00   0.564062500000E+03  -0.766879228574E-10   0.000000000000E+00
  300.   0.134375000000E+03   0.107563625925E-09   0.000000000000E+00   0.565625000000E+03  -0.381511552079E-10   0.000000000000E+00
  301.   0.132812500000E+03   0.279709485506E-09   0.000000000000E+00   0.567187500000E+03  -0.795876558114E-10   0.000000000000E+00
  302.   0.131250000000E+03   0.170010575124E-09   0.000000000000E+00   0.568750000000E+03  -0.395652298021E-10   0.000000000000E+00
  303.   0.129687500000E+03   0.441786502125E-09   0.000000000000E+00   0.570312500000E+03  -0.824519265239E-10   0.000000000000E+00
  304.   0.128125000000E+03   0.267894651665E-09   0.000000000000E+00   0.571875000000E+03  -0.409587385396E-10   0.000000000000E+00
  305.   0.126562500000E+03   0.711732068675E-09   0.000000000000E+00   0.573437500000E+03  -0.852660431116E-10   0.000000000000E+00
  306.   0.125000000000E+03   0.436268351730E-09   0.000000000000E+00   0.575000000000E+03  -0.423261021204E-10   0.000000000000E+00
  307.   0.123437500000E+03   0.122158221589E-08   0.000000000000E+00   0.576562500000E+03  -0.879842808956E-10   0.000000000000E+00
  308.   0.121875000000E+03   0.777350694092E-09   0.000000000000E+00   0.578125000000E+03  -0.436316269334E-10   0.000000000000E+00
  309.   0.120312500000E+03   0.224288235250E-08   0.000000000000E+00   0.579687500000E+03  -0.903916049709E-10   0.000000000000E+00
  310.   0.118750000000E+03   0.146571444020E-08   0.000000000000E+00   0.581250000000E+03  -0.446920793436E-10   0.000000000000E+00
  311.   0.117187500000E+03   0.421244532279E-08   0.000000000000E+00   0.582812500000E+03  -0.917954269559E-10   0.000000000000E+00
  312.   0.115625000000E+03   0.278761264577E-08   0.000000000000E+00   0.584375000000E+03  -0.449752065555E-10   0.000000000000E+00
  313.   0.114062500000E+03   0.728296843598E-08   0.000000000000E+00   0.585937500000E+03  -0.906736062986E-10   0.000000000000E+00
  314.   0.112500000000E+03   0.457401789029E-08   0.000000000000E+00   0.587500000000E+03  -0.434162665905E-10   0.000000000000E+00
  315.   0.110937500000E+03   0.111385184812E-07   0.000000000000E+00   0.589062500000E+03  -0.850472896553E-10   0.000000000000E+00
  316.   0.109375000000E+03   0.674804915519E-08   0.000000000000E+00   0.590625000000E+03  -0.390951154513E-10   0.000000000000E+00
  317.   0.107812500000E+03   0.125739684204E-07   0.000000000000E+00   0.592187500000E+03  -0.744265243911E-10   0.000000000000E+00
  318.   0.106250000000E+03   0.665955642144E-08   0.000000000000E+00   0.593750000000E+03  -0.323520347900E-10   0.000000000000E+00
  319.   0.104687500000E+03   0.953337979464E-08   0.000000000000E+00   0.595312500000E+03  -0.644816525422E-10   0.000000000000E+00
  320.   0.103125000000E+03   0.242972021865E-08   0.000000000000E+00   0.596875000000E+03  -0.298557714992E-10   0.000000000000E+00
  321.   0.101562500000E+03  -0.144913996276E-07   0.000000000000E+00   0.598437500000E+03  -0.639379830595E-10   0.000000000000E+00
