mode   UX_top        UY_top        UX_bot        UY_bot      (bending: UY_top~UY_bot, UX_top~-UX_bot)
  1.     0.8241E-10     0.1000E+01    -0.8244E-10     0.1000E+01
  2.    -0.1112E-03     0.2231E-02     0.1112E-03     0.2231E-02
  3.    -0.7402E-04     0.7060E-03     0.7402E-04     0.7060E-03
  4.    -0.1394E-03     0.8483E-03     0.1394E-03     0.8483E-03
  5.    -0.6935E-04     0.3125E-03     0.6935E-04     0.3125E-03
  6.    -0.4487E-01     0.2324E-03    -0.4487E-01    -0.2324E-03
  7.    -0.1433E-03     0.5102E-03     0.1433E-03     0.5102E-03
  8.    -0.6818E-04     0.2026E-03     0.6818E-04     0.2026E-03
  9.     0.1907E-01    -0.1139E-03     0.1907E-01     0.1139E-03
 10.    -0.1247E-03     0.3171E-03     0.1247E-03     0.3171E-03
 11.    -0.6764E-04     0.1517E-03     0.6764E-04     0.1517E-03
 12.     0.8901E-02    -0.6862E-04     0.8901E-02     0.6862E-04
 13.    -0.1054E-03     0.2107E-03     0.1054E-03     0.2107E-03
 14.    -0.6402E-04     0.1162E-03     0.6402E-04     0.1162E-03
 15.     0.4030E-02    -0.4285E-04     0.4030E-02     0.4285E-04
 16.    -0.8659E-04     0.1435E-03     0.8659E-04     0.1435E-03
 17.    -0.5871E-04     0.8996E-04     0.5871E-04     0.8996E-04
 18.     0.2352E-02    -0.3480E-04     0.2352E-02     0.3480E-04
 19.    -0.6979E-04     0.9899E-04     0.6979E-04     0.9899E-04
 20.    -0.5268E-04     0.6979E-04     0.5268E-04     0.6979E-04
