i  r_top  QtopRe  QtopIm  r_bot  QbotRe  QbotIm   [mm, mC]
    1.   0.600000000000E+03  -0.106905165654E-10   0.000000000000E+00   0.100000000000E+03  -0.371486628402E-07   0.000000000000E+00
    2.   0.100000000000E+03  -0.371486628402E-07   0.000000000000E+00   0.600000000000E+03  -0.106905157426E-10   0.000000000000E+00
    3.   0.598437500000E+03  -0.408643248238E-10   0.000000000000E+00   0.101562500000E+03  -0.813693657795E-08   0.000000000000E+00
    4.   0.596875000000E+03  -0.184135089421E-10   0.000000000000E+00   0.103125000000E+03   0.135807927285E-08   0.000000000000E+00
    5.   0.595312500000E+03  -0.385780300542E-10   0.000000000000E+00   0.104687500000E+03   0.534068488142E-08   0.000000000000E+00
    6.   0.593750000000E+03  -0.189127538665E-10   0.000000000000E+00   0.106250000000E+03   0.373205586609E-08   0.000000000000E+00
    7.   0.592187500000E+03  -0.426466743913E-10   0.000000000000E+00   0.107812500000E+03   0.704903352989E-08   0.000000000000E+00
    8.   0.590625000000E+03  -0.221125629476E-10   0.000000000000E+00   0.109375000000E+03   0.378442632469E-08   0.000000000000E+00
    9.   0.589062500000E+03  -0.477382143101E-10   0.000000000000E+00   0.110937500000E+03   0.624729143603E-08   0.000000000000E+00
   10.   0.587500000000E+03  -0.242413584788E-10   0.000000000000E+00   0.112500000000E+03   0.256578975112E-08   0.000000000000E+00
   11.   0.585937500000E+03  -0.505120426245E-10   0.000000000000E+00   0.114062500000E+03   0.408573028017E-08   0.000000000000E+00
   12.   0.584375000000E+03  -0.250181335535E-10   0.000000000000E+00   0.115625000000E+03   0.156404050549E-08   0.000000000000E+00
   13.   0.582812500000E+03  -0.510737236272E-10   0.000000000000E+00   0.117187500000E+03   0.236345778281E-08   0.000000000000E+00
   14.   0.581250000000E+03  -0.248806665053E-10   0.000000000000E+00   0.118750000000E+03   0.822361870089E-09   0.000000000000E+00
   15.   0.579687500000E+03  -0.503974198666E-10   0.000000000000E+00   0.120312500000E+03   0.125830677734E-08   0.000000000000E+00
   16.   0.578125000000E+03  -0.243688014739E-10   0.000000000000E+00   0.121875000000E+03   0.436045374798E-09   0.000000000000E+00
   17.   0.576562500000E+03  -0.492502184487E-10   0.000000000000E+00   0.123437500000E+03   0.685109095450E-09   0.000000000000E+00
   18.   0.575000000000E+03  -0.237501197808E-10   0.000000000000E+00   0.125000000000E+03   0.244588373696E-09   0.000000000000E+00
   19.   0.573437500000E+03  -0.479751711316E-10   0.000000000000E+00   0.126562500000E+03   0.398918630536E-09   0.000000000000E+00
   20.   0.571875000000E+03  -0.231124612473E-10   0.000000000000E+00   0.128125000000E+03   0.150071763235E-09   0.000000000000E+00
   21.   0.570312500000E+03  -0.466708847656E-10   0.000000000000E+00   0.129687500000E+03   0.247382600069E-09   0.000000000000E+00
   22.   0.568750000000E+03  -0.224687375600E-10   0.000000000000E+00   0.131250000000E+03   0.951219857131E-10   0.000000000000E+00
   23.   0.567187500000E+03  -0.453518644277E-10   0.000000000000E+00   0.132812500000E+03   0.156388456482E-09   0.000000000000E+00
   24.   0.565625000000E+03  -0.218181897637E-10   0.000000000000E+00   0.134375000000E+03   0.600588601647E-10   0.000000000000E+00
   25.   0.564062500000E+03  -0.440199389929E-10   0.000000000000E+00   0.135937500000E+03   0.979925323558E-10   0.000000000000E+00
   26.   0.562500000000E+03  -0.211619247408E-10   0.000000000000E+00   0.137500000000E+03   0.370928709111E-10   0.000000000000E+00
   27.   0.560937500000E+03  -0.426800692572E-10   0.000000000000E+00   0.139062500000E+03   0.604528069803E-10   0.000000000000E+00
   28.   0.559375000000E+03  -0.205032340409E-10   0.000000000000E+00   0.140625000000E+03   0.225669534834E-10   0.000000000000E+00
   29.   0.557812500000E+03  -0.413388074828E-10   0.000000000000E+00   0.142187500000E+03   0.370807064257E-10   0.000000000000E+00
   30.   0.556250000000E+03  -0.198453361185E-10   0.000000000000E+00   0.143750000000E+03   0.137192506280E-10   0.000000000000E+00
   31.   0.554687500000E+03  -0.400015299947E-10   0.000000000000E+00   0.145312500000E+03   0.229826072849E-10   0.000000000000E+00
   32.   0.553125000000E+03  -0.191904494412E-10   0.000000000000E+00   0.146875000000E+03   0.847492190630E-11   0.000000000000E+00
   33.   0.551562500000E+03  -0.386717094971E-10   0.000000000000E+00   0.148437500000E+03   0.146411071243E-10   0.000000000000E+00
   34.   0.550000000000E+03  -0.185398695805E-10   0.000000000000E+00   0.150000000000E+03   0.539699588902E-11   0.000000000000E+00
   35.   0.548437500000E+03  -0.373513487472E-10   0.000000000000E+00   0.151562500000E+03   0.973878440467E-11   0.000000000000E+00
   36.   0.546875000000E+03  -0.178943115816E-10   0.000000000000E+00   0.153125000000E+03   0.359366391245E-11   0.000000000000E+00
   37.   0.545312500000E+03  -0.360415964038E-10   0.000000000000E+00   0.154687500000E+03   0.686597724856E-11   0.000000000000E+00
   38.   0.543750000000E+03  -0.172542034825E-10   0.000000000000E+00   0.156250000000E+03   0.254217602978E-11   0.000000000000E+00
   39.   0.542187500000E+03  -0.347431724883E-10   0.000000000000E+00   0.157812500000E+03   0.519982184956E-11   0.000000000000E+00
   40.   0.540625000000E+03  -0.166198303560E-10   0.000000000000E+00   0.159375000000E+03   0.194169459874E-11   0.000000000000E+00
   41.   0.539062500000E+03  -0.334565841988E-10   0.000000000000E+00   0.160937500000E+03   0.426219336944E-11   0.000000000000E+00
   42.   0.537500000000E+03  -0.159914076356E-10   0.000000000000E+00   0.162500000000E+03   0.161604182742E-11   0.000000000000E+00
   43.   0.535937500000E+03  -0.321822212972E-10   0.000000000000E+00   0.164062500000E+03   0.377003151490E-11   0.000000000000E+00
   44.   0.534375000000E+03  -0.153691053324E-10   0.000000000000E+00   0.165625000000E+03   0.145935345758E-11   0.000000000000E+00
   45.   0.532812500000E+03  -0.309204079267E-10   0.000000000000E+00   0.167187500000E+03   0.355212736356E-11   0.000000000000E+00
   46.   0.531250000000E+03  -0.147530707714E-10   0.000000000000E+00   0.168750000000E+03   0.140688359609E-11   0.000000000000E+00
   47.   0.529687500000E+03  -0.296714280662E-10   0.000000000000E+00   0.170312500000E+03   0.350372272828E-11   0.000000000000E+00
   48.   0.528125000000E+03  -0.141434360507E-10   0.000000000000E+00   0.171875000000E+03   0.141889521002E-11   0.000000000000E+00
   49.   0.526562500000E+03  -0.284355424924E-10   0.000000000000E+00   0.173437500000E+03   0.356067335166E-11   0.000000000000E+00
   50.   0.525000000000E+03  -0.135403248732E-10   0.000000000000E+00   0.175000000000E+03   0.147111056509E-11   0.000000000000E+00
   51.   0.523437500000E+03  -0.272130004149E-10   0.000000000000E+00   0.176562500000E+03   0.368387209564E-11   0.000000000000E+00
   52.   0.521875000000E+03  -0.129438571426E-10   0.000000000000E+00   0.178125000000E+03   0.154877671765E-11   0.000000000000E+00
   53.   0.520312500000E+03  -0.260040452251E-10   0.000000000000E+00   0.179687500000E+03   0.384955455832E-11   0.000000000000E+00
   54.   0.518750000000E+03  -0.123541520495E-10   0.000000000000E+00   0.181250000000E+03   0.164294017680E-11   0.000000000000E+00
   55.   0.517187500000E+03  -0.248089180230E-10   0.000000000000E+00   0.182812500000E+03   0.404326171592E-11   0.000000000000E+00
   56.   0.515625000000E+03  -0.117713246427E-10   0.000000000000E+00   0.184375000000E+03   0.174814373889E-11   0.000000000000E+00
   57.   0.514062500000E+03  -0.236278595662E-10   0.000000000000E+00   0.185937500000E+03   0.425613543696E-11   0.000000000000E+00
   58.   0.512500000000E+03  -0.111954956368E-10   0.000000000000E+00   0.187500000000E+03   0.186102696110E-11   0.000000000000E+00
   59.   0.510937500000E+03  -0.224611137375E-10   0.000000000000E+00   0.189062500000E+03   0.448267894569E-11   0.000000000000E+00
   60.   0.509375000000E+03  -0.106267818211E-10   0.000000000000E+00   0.190625000000E+03   0.197948717107E-11   0.000000000000E+00
   61.   0.507812500000E+03  -0.213089246329E-10   0.000000000000E+00   0.192187500000E+03   0.471941410180E-11   0.000000000000E+00
   62.   0.506250000000E+03  -0.100653051900E-10   0.000000000000E+00   0.193750000000E+03   0.210217786689E-11   0.000000000000E+00
   63.   0.504687500000E+03  -0.201715392288E-10   0.000000000000E+00   0.195312500000E+03   0.496407603176E-11   0.000000000000E+00
   64.   0.503125000000E+03  -0.951118542584E-11   0.000000000000E+00   0.196875000000E+03   0.222820696289E-11   0.000000000000E+00
   65.   0.501562500000E+03  -0.190492053781E-10   0.000000000000E+00   0.198437500000E+03   0.521512900876E-11   0.000000000000E+00
   66.   0.500000000000E+03  -0.896454436086E-11   0.000000000000E+00   0.200000000000E+03   0.235695459233E-11   0.000000000000E+00
   67.   0.498437500000E+03  -0.179421729550E-10   0.000000000000E+00   0.201562500000E+03   0.547147390647E-11   0.000000000000E+00
   68.   0.496875000000E+03  -0.842550454551E-11   0.000000000000E+00   0.203125000000E+03   0.248796354982E-11   0.000000000000E+00
   69.   0.495312500000E+03  -0.168506943810E-10   0.000000000000E+00   0.204687500000E+03   0.573227180741E-11   0.000000000000E+00
   70.   0.493750000000E+03  -0.789418766329E-11   0.000000000000E+00   0.206250000000E+03   0.262087333938E-11   0.000000000000E+00
   71.   0.492187500000E+03  -0.157750208598E-10   0.000000000000E+00   0.207812500000E+03   0.599683639501E-11   0.000000000000E+00
   72.   0.490625000000E+03  -0.737071838648E-11   0.000000000000E+00   0.209375000000E+03   0.275537910090E-11   0.000000000000E+00
   73.   0.489062500000E+03  -0.147154050085E-10   0.000000000000E+00   0.210937500000E+03   0.626457053684E-11   0.000000000000E+00
   74.   0.487500000000E+03  -0.685521878057E-11   0.000000000000E+00   0.212500000000E+03   0.289120841338E-11   0.000000000000E+00
   75.   0.485937500000E+03  -0.136720994150E-10   0.000000000000E+00   0.214062500000E+03   0.653492702209E-11   0.000000000000E+00
   76.   0.484375000000E+03  -0.634781318186E-11   0.000000000000E+00   0.215625000000E+03   0.302810524535E-11   0.000000000000E+00
   77.   0.482812500000E+03  -0.126453570108E-10   0.000000000000E+00   0.217187500000E+03   0.680738497270E-11   0.000000000000E+00
   78.   0.481250000000E+03  -0.584862379615E-11   0.000000000000E+00   0.218750000000E+03   0.316582355171E-11   0.000000000000E+00
   79.   0.479687500000E+03  -0.116354299211E-10   0.000000000000E+00   0.220312500000E+03   0.708143692599E-11   0.000000000000E+00
   80.   0.478125000000E+03  -0.535777367771E-11   0.000000000000E+00   0.221875000000E+03   0.330412015347E-11   0.000000000000E+00
   81.   0.476562500000E+03  -0.106425686791E-10   0.000000000000E+00   0.223437500000E+03   0.735657974244E-11   0.000000000000E+00
   82.   0.475000000000E+03  -0.487538446351E-11   0.000000000000E+00   0.225000000000E+03   0.344275276668E-11   0.000000000000E+00
   83.   0.473437500000E+03  -0.966702314898E-11   0.000000000000E+00   0.226562500000E+03   0.763230964120E-11   0.000000000000E+00
   84.   0.471875000000E+03  -0.440157830846E-11   0.000000000000E+00   0.228125000000E+03   0.358147786421E-11   0.000000000000E+00
   85.   0.470312500000E+03  -0.870904217429E-11   0.000000000000E+00   0.229687500000E+03   0.790812013724E-11   0.000000000000E+00
   86.   0.468750000000E+03  -0.393647535317E-11   0.000000000000E+00   0.231250000000E+03   0.372004902759E-11   0.000000000000E+00
   87.   0.467187500000E+03  -0.776887194476E-11   0.000000000000E+00   0.232812500000E+03   0.818349952590E-11   0.000000000000E+00
   88.   0.465625000000E+03  -0.348019545609E-11   0.000000000000E+00   0.234375000000E+03   0.385821851088E-11   0.000000000000E+00
   89.   0.464062500000E+03  -0.684675766740E-11   0.000000000000E+00   0.235937500000E+03   0.845793055067E-11   0.000000000000E+00
   90.   0.462500000000E+03  -0.303285761311E-11   0.000000000000E+00   0.237500000000E+03   0.399573289772E-11   0.000000000000E+00
   91.   0.460937500000E+03  -0.594294290748E-11   0.000000000000E+00   0.239062500000E+03   0.873088852746E-11   0.000000000000E+00
   92.   0.459375000000E+03  -0.259457988287E-11   0.000000000000E+00   0.240625000000E+03   0.413233695685E-11   0.000000000000E+00
   93.   0.457812500000E+03  -0.505766954090E-11   0.000000000000E+00   0.242187500000E+03   0.900184195590E-11   0.000000000000E+00
   94.   0.456250000000E+03  -0.216548036490E-11   0.000000000000E+00   0.243750000000E+03   0.426777093903E-11   0.000000000000E+00
   95.   0.454687500000E+03  -0.419118019613E-11   0.000000000000E+00   0.245312500000E+03   0.927025070678E-11   0.000000000000E+00
   96.   0.453125000000E+03  -0.174567703800E-11   0.000000000000E+00   0.246875000000E+03   0.440177002722E-11   0.000000000000E+00
   97.   0.451562500000E+03  -0.334371836584E-11   0.000000000000E+00   0.248437500000E+03   0.953556426617E-11   0.000000000000E+00
   98.   0.450000000000E+03  -0.133528933688E-11   0.000000000000E+00   0.250000000000E+03   0.453406482530E-11   0.000000000000E+00
   99.   0.448437500000E+03  -0.251553274787E-11   0.000000000000E+00   0.251562500000E+03   0.979721988019E-11   0.000000000000E+00
  100.   0.446875000000E+03  -0.934440250536E-12   0.000000000000E+00   0.253125000000E+03   0.466437712911E-11   0.000000000000E+00
  101.   0.445312500000E+03  -0.170688251618E-11   0.000000000000E+00   0.254687500000E+03   0.100546372699E-10   0.000000000000E+00
  102.   0.443750000000E+03  -0.543260043096E-12   0.000000000000E+00   0.256250000000E+03   0.479241999174E-11   0.000000000000E+00
  103.   0.442187500000E+03  -0.918047266948E-12   0.000000000000E+00   0.257812500000E+03   0.103072109775E-10   0.000000000000E+00
  104.   0.440625000000E+03  -0.161891907802E-12   0.000000000000E+00   0.259375000000E+03   0.491788992739E-11   0.000000000000E+00
  105.   0.439062500000E+03  -0.149343408503E-12   0.000000000000E+00   0.260937500000E+03   0.105542957178E-10   0.000000000000E+00
  106.   0.437500000000E+03   0.209497313694E-12   0.000000000000E+00   0.262500000000E+03   0.504046008149E-11   0.000000000000E+00
  107.   0.435937500000E+03   0.598849142667E-12   0.000000000000E+00   0.264062500000E+03   0.107951855356E-10   0.000000000000E+00
  108.   0.434375000000E+03   0.570700553068E-12   0.000000000000E+00   0.265625000000E+03   0.515976661316E-11   0.000000000000E+00
  109.   0.432812500000E+03   0.132604078214E-11   0.000000000000E+00   0.267187500000E+03   0.110290743400E-10   0.000000000000E+00
  110.   0.431250000000E+03   0.921441594240E-12   0.000000000000E+00   0.268750000000E+03   0.527538251286E-11   0.000000000000E+00
  111.   0.429687500000E+03   0.203155532484E-11   0.000000000000E+00   0.270312500000E+03   0.112549904822E-10   0.000000000000E+00
  112.   0.428125000000E+03   0.126132744217E-11   0.000000000000E+00   0.271875000000E+03   0.538677840461E-11   0.000000000000E+00
  113.   0.426562500000E+03   0.271440208341E-11   0.000000000000E+00   0.273437500000E+03   0.114716863562E-10   0.000000000000E+00
  114.   0.425000000000E+03   0.158976689931E-11   0.000000000000E+00   0.275000000000E+03   0.549325157368E-11   0.000000000000E+00
  115.   0.423437500000E+03   0.337305835224E-11   0.000000000000E+00   0.276562500000E+03   0.116774515447E-10   0.000000000000E+00
  116.   0.421875000000E+03   0.190583660752E-11   0.000000000000E+00   0.278125000000E+03   0.559380934950E-11   0.000000000000E+00
  117.   0.420312500000E+03   0.400511201801E-11   0.000000000000E+00   0.279687500000E+03   0.118697996883E-10   0.000000000000E+00
  118.   0.418750000000E+03   0.220805602193E-11   0.000000000000E+00   0.281250000000E+03   0.568697546225E-11   0.000000000000E+00
  119.   0.417187500000E+03   0.460667378917E-11   0.000000000000E+00   0.282812500000E+03   0.120449500211E-10   0.000000000000E+00
  120.   0.415625000000E+03   0.249402648579E-11   0.000000000000E+00   0.284375000000E+03   0.577046404076E-11   0.000000000000E+00
  121.   0.414062500000E+03   0.517142902146E-11   0.000000000000E+00   0.285937500000E+03   0.121969794833E-10   0.000000000000E+00
  122.   0.412500000000E+03   0.275984863669E-11   0.000000000000E+00   0.287500000000E+03   0.584066114372E-11   0.000000000000E+00
  123.   0.410937500000E+03   0.568909035157E-11   0.000000000000E+00   0.289062500000E+03   0.123164319763E-10   0.000000000000E+00
  124.   0.409375000000E+03   0.299916601989E-11   0.000000000000E+00   0.290625000000E+03   0.589176190214E-11   0.000000000000E+00
  125.   0.407812500000E+03   0.614277657992E-11   0.000000000000E+00   0.292187500000E+03   0.123879403285E-10   0.000000000000E+00
  126.   0.406250000000E+03   0.320151662292E-11   0.000000000000E+00   0.293750000000E+03   0.591426866084E-11   0.000000000000E+00
  127.   0.404687500000E+03   0.650431653402E-11   0.000000000000E+00   0.295312500000E+03   0.123859495620E-10   0.000000000000E+00
  128.   0.403125000000E+03   0.334928741423E-11   0.000000000000E+00   0.296875000000E+03   0.589221884545E-11   0.000000000000E+00
  129.   0.401562500000E+03   0.672561688731E-11   0.000000000000E+00   0.298437500000E+03   0.122668205347E-10   0.000000000000E+00
  130.   0.400000000000E+03   0.341207455089E-11   0.000000000000E+00   0.300000000000E+03   0.579801662337E-11   0.000000000000E+00
  131.   0.398437500000E+03   0.672335730691E-11   0.000000000000E+00   0.301562500000E+03   0.119547094427E-10   0.000000000000E+00
  132.   0.396875000000E+03   0.333682754942E-11   0.000000000000E+00   0.303125000000E+03   0.558331133363E-11   0.000000000000E+00
  133.   0.395312500000E+03   0.635516022610E-11   0.000000000000E+00   0.304687500000E+03   0.113192110207E-10   0.000000000000E+00
  134.   0.393750000000E+03   0.303366190821E-11   0.000000000000E+00   0.306250000000E+03   0.516557128462E-11   0.000000000000E+00
  135.   0.392187500000E+03   0.538932034247E-11   0.000000000000E+00   0.307812500000E+03   0.101461260544E-10   0.000000000000E+00
  136.   0.390625000000E+03   0.235993685599E-11   0.000000000000E+00   0.309375000000E+03   0.441240859790E-11   0.000000000000E+00
  137.   0.389062500000E+03   0.347934747305E-11   0.000000000000E+00   0.310937500000E+03   0.811101972715E-11   0.000000000000E+00
  138.   0.387500000000E+03   0.111311848768E-11   0.000000000000E+00   0.312500000000E+03   0.313300538771E-11   0.000000000000E+00
  139.   0.385937500000E+03   0.140719532868E-12   0.000000000000E+00   0.314062500000E+03   0.475345510605E-11   0.000000000000E+00
  140.   0.384375000000E+03  -0.979777422447E-12   0.000000000000E+00   0.315625000000E+03   0.106598909071E-11   0.000000000000E+00
  141.   0.382812500000E+03  -0.532345184193E-11   0.000000000000E+00   0.317187500000E+03  -0.596576804891E-12   0.000000000000E+00
  142.   0.381250000000E+03  -0.431725518078E-11   0.000000000000E+00   0.318750000000E+03  -0.217353958549E-11   0.000000000000E+00
  143.   0.379687500000E+03  -0.142870536330E-10   0.000000000000E+00   0.320312500000E+03  -0.925475950732E-11   0.000000000000E+00
  144.   0.378125000000E+03  -0.983793771726E-11   0.000000000000E+00   0.321875000000E+03  -0.748223547948E-11   0.000000000000E+00
  145.   0.376562500000E+03  -0.300944506446E-10   0.000000000000E+00   0.323437500000E+03  -0.244102461620E-10   0.000000000000E+00
  146.   0.375000000000E+03  -0.199755220239E-10   0.000000000000E+00   0.325000000000E+03  -0.171765191865E-10   0.000000000000E+00
  147.   0.373437500000E+03  -0.613779958344E-10   0.000000000000E+00   0.326562500000E+03  -0.543132724125E-10   0.000000000000E+00
  148.   0.371875000000E+03  -0.411313980887E-10   0.000000000000E+00   0.328125000000E+03  -0.373870823827E-10   0.000000000000E+00
  149.   0.370312500000E+03  -0.124155649085E-09   0.000000000000E+00   0.329687500000E+03  -0.114475607356E-09   0.000000000000E+00
  150.   0.368750000000E+03  -0.838519318492E-10   0.000000000000E+00   0.331250000000E+03  -0.783670823094E-10   0.000000000000E+00
  151.   0.367187500000E+03  -0.241774137575E-09   0.000000000000E+00   0.332812500000E+03  -0.227947387409E-09   0.000000000000E+00
  152.   0.365625000000E+03  -0.160071440548E-09   0.000000000000E+00   0.334375000000E+03  -0.152149234631E-09   0.000000000000E+00
  153.   0.364062500000E+03  -0.409887977674E-09   0.000000000000E+00   0.335937500000E+03  -0.391917178045E-09   0.000000000000E+00
  154.   0.362500000000E+03  -0.258547853417E-09   0.000000000000E+00   0.337500000000E+03  -0.248592945616E-09   0.000000000000E+00
  155.   0.360937500000E+03  -0.590918438852E-09   0.000000000000E+00   0.339062500000E+03  -0.571420086951E-09   0.000000000000E+00
  156.   0.359375000000E+03  -0.327799801872E-09   0.000000000000E+00   0.340625000000E+03  -0.318844706603E-09   0.000000000000E+00
  157.   0.357812500000E+03  -0.556838659398E-09   0.000000000000E+00   0.342187500000E+03  -0.543166141671E-09   0.000000000000E+00
  158.   0.356250000000E+03  -0.319607554090E-09   0.000000000000E+00   0.343750000000E+03  -0.312603141013E-09   0.000000000000E+00
  159.   0.354687500000E+03  -0.195875572383E-09   0.000000000000E+00   0.345312500000E+03  -0.194057883008E-09   0.000000000000E+00
  160.   0.353125000000E+03   0.390732961334E-09   0.000000000000E+00   0.346875000000E+03   0.385047804261E-09   0.000000000000E+00
  161.   0.351562500000E+03   0.131763184918E-08   0.000000000000E+00   0.348437500000E+03   0.131695577088E-08   0.000000000000E+00
  162.   0.350000000000E+03   0.693250807240E-08   0.000000000000E+00   0.350000000000E+03   0.693250807171E-08   0.000000000000E+00
  163.   0.348437500000E+03   0.131695577004E-08   0.000000000000E+00   0.351562500000E+03   0.131763185051E-08   0.000000000000E+00
  164.   0.346875000000E+03   0.385047803715E-09   0.000000000000E+00   0.353125000000E+03   0.390732961453E-09   0.000000000000E+00
  165.   0.345312500000E+03  -0.194057883828E-09   0.000000000000E+00   0.354687500000E+03  -0.195875570911E-09   0.000000000000E+00
  166.   0.343750000000E+03  -0.312603141710E-09   0.000000000000E+00   0.356250000000E+03  -0.319607553574E-09   0.000000000000E+00
  167.   0.342187500000E+03  -0.543166142786E-09   0.000000000000E+00   0.357812500000E+03  -0.556838658142E-09   0.000000000000E+00
  168.   0.340625000000E+03  -0.318844707514E-09   0.000000000000E+00   0.359375000000E+03  -0.327799801180E-09   0.000000000000E+00
  169.   0.339062500000E+03  -0.571420087942E-09   0.000000000000E+00   0.360937500000E+03  -0.590918437325E-09   0.000000000000E+00
  170.   0.337500000000E+03  -0.248592945933E-09   0.000000000000E+00   0.362500000000E+03  -0.258547852777E-09   0.000000000000E+00
  171.   0.335937500000E+03  -0.391917179025E-09   0.000000000000E+00   0.364062500000E+03  -0.409887976137E-09   0.000000000000E+00
  172.   0.334375000000E+03  -0.152149235175E-09   0.000000000000E+00   0.365625000000E+03  -0.160071439355E-09   0.000000000000E+00
  173.   0.332812500000E+03  -0.227947387886E-09   0.000000000000E+00   0.367187500000E+03  -0.241774135934E-09   0.000000000000E+00
  174.   0.331250000000E+03  -0.783670823935E-10   0.000000000000E+00   0.368750000000E+03  -0.838519307979E-10   0.000000000000E+00
  175.   0.329687500000E+03  -0.114475607736E-09   0.000000000000E+00   0.370312500000E+03  -0.124155647448E-09   0.000000000000E+00
  176.   0.328125000000E+03  -0.373870827538E-10   0.000000000000E+00   0.371875000000E+03  -0.411313972636E-10   0.000000000000E+00
  177.   0.326562500000E+03  -0.543132726114E-10   0.000000000000E+00   0.373437500000E+03  -0.613779937940E-10   0.000000000000E+00
  178.   0.325000000000E+03  -0.171765197247E-10   0.000000000000E+00   0.375000000000E+03  -0.199755209291E-10   0.000000000000E+00
  179.   0.323437500000E+03  -0.244102463962E-10   0.000000000000E+00   0.376562500000E+03  -0.300944487230E-10   0.000000000000E+00
  180.   0.321875000000E+03  -0.748223539429E-11   0.000000000000E+00   0.378125000000E+03  -0.983793676974E-11   0.000000000000E+00
  181.   0.320312500000E+03  -0.925475934646E-11   0.000000000000E+00   0.379687500000E+03  -0.142870517497E-10   0.000000000000E+00
  182.   0.318750000000E+03  -0.217353891796E-11   0.000000000000E+00   0.381250000000E+03  -0.431725433053E-11   0.000000000000E+00
  183.   0.317187500000E+03  -0.596576598294E-12   0.000000000000E+00   0.382812500000E+03  -0.532345004236E-11   0.000000000000E+00
  184.   0.315625000000E+03   0.106598823714E-11   0.000000000000E+00   0.384375000000E+03  -0.979776437004E-12   0.000000000000E+00
  185.   0.314062500000E+03   0.475345492634E-11   0.000000000000E+00   0.385937500000E+03   0.140721195329E-12   0.000000000000E+00
  186.   0.312500000000E+03   0.313300603493E-11   0.000000000000E+00   0.387500000000E+03   0.111311901806E-11   0.000000000000E+00
  187.   0.310937500000E+03   0.811101956454E-11   0.000000000000E+00   0.389062500000E+03   0.347934906135E-11   0.000000000000E+00
  188.   0.309375000000E+03   0.441240796606E-11   0.000000000000E+00   0.390625000000E+03   0.235993703297E-11   0.000000000000E+00
  189.   0.307812500000E+03   0.101461256969E-10   0.000000000000E+00   0.392187500000E+03   0.538932178635E-11   0.000000000000E+00
  190.   0.306250000000E+03   0.516557109014E-11   0.000000000000E+00   0.393750000000E+03   0.303366268929E-11   0.000000000000E+00
  191.   0.304687500000E+03   0.113192108793E-10   0.000000000000E+00   0.395312500000E+03   0.635516188099E-11   0.000000000000E+00
  192.   0.303125000000E+03   0.558331068145E-11   0.000000000000E+00   0.396875000000E+03   0.333682873863E-11   0.000000000000E+00
  193.   0.301562500000E+03   0.119547094540E-10   0.000000000000E+00   0.398437500000E+03   0.672335909801E-11   0.000000000000E+00
  194.   0.300000000000E+03   0.579801645812E-11   0.000000000000E+00   0.400000000000E+03   0.341207549328E-11   0.000000000000E+00
  195.   0.298437500000E+03   0.122668203934E-10   0.000000000000E+00   0.401562500000E+03   0.672561854321E-11   0.000000000000E+00
  196.   0.296875000000E+03   0.589221826149E-11   0.000000000000E+00   0.403125000000E+03   0.334928839596E-11   0.000000000000E+00
  197.   0.295312500000E+03   0.123859489226E-10   0.000000000000E+00   0.404687500000E+03   0.650431833963E-11   0.000000000000E+00
  198.   0.293750000000E+03   0.591426817516E-11   0.000000000000E+00   0.406250000000E+03   0.320151760015E-11   0.000000000000E+00
  199.   0.292187500000E+03   0.123879399997E-10   0.000000000000E+00   0.407812500000E+03   0.614277878628E-11   0.000000000000E+00
  200.   0.290625000000E+03   0.589176192086E-11   0.000000000000E+00   0.409375000000E+03   0.299916711858E-11   0.000000000000E+00
  201.   0.289062500000E+03   0.123164315680E-10   0.000000000000E+00   0.410937500000E+03   0.568909267291E-11   0.000000000000E+00
  202.   0.287500000000E+03   0.584066073967E-11   0.000000000000E+00   0.412500000000E+03   0.275984963108E-11   0.000000000000E+00
  203.   0.285937500000E+03   0.121969789354E-10   0.000000000000E+00   0.414062500000E+03   0.517143131761E-11   0.000000000000E+00
  204.   0.284375000000E+03   0.577046401477E-11   0.000000000000E+00   0.415625000000E+03   0.249402765754E-11   0.000000000000E+00
  205.   0.282812500000E+03   0.120449496818E-10   0.000000000000E+00   0.417187500000E+03   0.460667625827E-11   0.000000000000E+00
  206.   0.281250000000E+03   0.568697571931E-11   0.000000000000E+00   0.418750000000E+03   0.220805714569E-11   0.000000000000E+00
  207.   0.279687500000E+03   0.118697999757E-10   0.000000000000E+00   0.420312500000E+03   0.400511434852E-11   0.000000000000E+00
  208.   0.278125000000E+03   0.559381009545E-11   0.000000000000E+00   0.421875000000E+03   0.190583786198E-11   0.000000000000E+00
  209.   0.276562500000E+03   0.116774518796E-10   0.000000000000E+00   0.423437500000E+03   0.337306088606E-11   0.000000000000E+00
  210.   0.275000000000E+03   0.549325170086E-11   0.000000000000E+00   0.425000000000E+03   0.158976830663E-11   0.000000000000E+00
  211.   0.273437500000E+03   0.114716864536E-10   0.000000000000E+00   0.426562500000E+03   0.271440456358E-11   0.000000000000E+00
  212.   0.271875000000E+03   0.538677845262E-11   0.000000000000E+00   0.428125000000E+03   0.126132872841E-11   0.000000000000E+00
  213.   0.270312500000E+03   0.112549902129E-10   0.000000000000E+00   0.429687500000E+03   0.203155794514E-11   0.000000000000E+00
  214.   0.268750000000E+03   0.527538215189E-11   0.000000000000E+00   0.431250000000E+03   0.921442890968E-12   0.000000000000E+00
  215.   0.267187500000E+03   0.110290739462E-10   0.000000000000E+00   0.432812500000E+03   0.132604338063E-11   0.000000000000E+00
  216.   0.265625000000E+03   0.515976658978E-11   0.000000000000E+00   0.434375000000E+03   0.570701915904E-12   0.000000000000E+00
  217.   0.264062500000E+03   0.107951851166E-10   0.000000000000E+00   0.435937500000E+03   0.598851745837E-12   0.000000000000E+00
  218.   0.262500000000E+03   0.504046010781E-11   0.000000000000E+00   0.437500000000E+03   0.209498653289E-12   0.000000000000E+00
  219.   0.260937500000E+03   0.105542952872E-10   0.000000000000E+00   0.439062500000E+03  -0.149340812929E-12   0.000000000000E+00
  220.   0.259375000000E+03   0.491788950617E-11   0.000000000000E+00   0.440625000000E+03  -0.161890651625E-12   0.000000000000E+00
  221.   0.257812500000E+03   0.103072105621E-10   0.000000000000E+00   0.442187500000E+03  -0.918044714838E-12   0.000000000000E+00
  222.   0.256250000000E+03   0.479241948819E-11   0.000000000000E+00   0.443750000000E+03  -0.543258715769E-12   0.000000000000E+00
  223.   0.254687500000E+03   0.100546369488E-10   0.000000000000E+00   0.445312500000E+03  -0.170687984313E-11   0.000000000000E+00
  224.   0.253125000000E+03   0.466437705499E-11   0.000000000000E+00   0.446875000000E+03  -0.934438898479E-12   0.000000000000E+00
  225.   0.251562500000E+03   0.979721954143E-11   0.000000000000E+00   0.448437500000E+03  -0.251552998761E-11   0.000000000000E+00
  226.   0.250000000000E+03   0.453406472788E-11   0.000000000000E+00   0.450000000000E+03  -0.133528799325E-11   0.000000000000E+00
  227.   0.248437500000E+03   0.953556375603E-11   0.000000000000E+00   0.451562500000E+03  -0.334371576320E-11   0.000000000000E+00
  228.   0.246875000000E+03   0.440177000786E-11   0.000000000000E+00   0.453125000000E+03  -0.174567571062E-11   0.000000000000E+00
  229.   0.245312500000E+03   0.927025021923E-11   0.000000000000E+00   0.454687500000E+03  -0.419117764699E-11   0.000000000000E+00
  230.   0.243750000000E+03   0.426777111465E-11   0.000000000000E+00   0.456250000000E+03  -0.216547905023E-11   0.000000000000E+00
  231.   0.242187500000E+03   0.900184141104E-11   0.000000000000E+00   0.457812500000E+03  -0.505766697735E-11   0.000000000000E+00
  232.   0.240625000000E+03   0.413233663878E-11   0.000000000000E+00   0.459375000000E+03  -0.259457856244E-11   0.000000000000E+00
  233.   0.239062500000E+03   0.873088783578E-11   0.000000000000E+00   0.460937500000E+03  -0.594294008130E-11   0.000000000000E+00
  234.   0.237500000000E+03   0.399573232472E-11   0.000000000000E+00   0.462500000000E+03  -0.303285610398E-11   0.000000000000E+00
  235.   0.235937500000E+03   0.845792987996E-11   0.000000000000E+00   0.464062500000E+03  -0.684675493985E-11   0.000000000000E+00
  236.   0.234375000000E+03   0.385821781225E-11   0.000000000000E+00   0.465625000000E+03  -0.348019406296E-11   0.000000000000E+00
  237.   0.232812500000E+03   0.818349906089E-11   0.000000000000E+00   0.467187500000E+03  -0.776886921379E-11   0.000000000000E+00
  238.   0.231250000000E+03   0.372004877246E-11   0.000000000000E+00   0.468750000000E+03  -0.393647372699E-11   0.000000000000E+00
  239.   0.229687500000E+03   0.790811961572E-11   0.000000000000E+00   0.470312500000E+03  -0.870903943316E-11   0.000000000000E+00
  240.   0.228125000000E+03   0.358147749978E-11   0.000000000000E+00   0.471875000000E+03  -0.440157712781E-11   0.000000000000E+00
  241.   0.226562500000E+03   0.763230909129E-11   0.000000000000E+00   0.473437500000E+03  -0.966702081726E-11   0.000000000000E+00
  242.   0.225000000000E+03   0.344275223848E-11   0.000000000000E+00   0.475000000000E+03  -0.487538337992E-11   0.000000000000E+00
  243.   0.223437500000E+03   0.735657927011E-11   0.000000000000E+00   0.476562500000E+03  -0.106425663708E-10   0.000000000000E+00
  244.   0.221875000000E+03   0.330411987815E-11   0.000000000000E+00   0.478125000000E+03  -0.535777245527E-11   0.000000000000E+00
  245.   0.220312500000E+03   0.708143661817E-11   0.000000000000E+00   0.479687500000E+03  -0.116354277758E-10   0.000000000000E+00
  246.   0.218750000000E+03   0.316582342668E-11   0.000000000000E+00   0.481250000000E+03  -0.584862286363E-11   0.000000000000E+00
  247.   0.217187500000E+03   0.680738465118E-11   0.000000000000E+00   0.482812500000E+03  -0.126453553848E-10   0.000000000000E+00
  248.   0.215625000000E+03   0.302810496735E-11   0.000000000000E+00   0.484375000000E+03  -0.634781229399E-11   0.000000000000E+00
  249.   0.214062500000E+03   0.653492669178E-11   0.000000000000E+00   0.485937500000E+03  -0.136720975650E-10   0.000000000000E+00
  250.   0.212500000000E+03   0.289120825195E-11   0.000000000000E+00   0.487500000000E+03  -0.685521823167E-11   0.000000000000E+00
  251.   0.210937500000E+03   0.626457028285E-11   0.000000000000E+00   0.489062500000E+03  -0.147154028635E-10   0.000000000000E+00
  252.   0.209375000000E+03   0.275537906045E-11   0.000000000000E+00   0.490625000000E+03  -0.737071719821E-11   0.000000000000E+00
  253.   0.207812500000E+03   0.599683614253E-11   0.000000000000E+00   0.492187500000E+03  -0.157750186264E-10   0.000000000000E+00
  254.   0.206250000000E+03   0.262087330630E-11   0.000000000000E+00   0.493750000000E+03  -0.789418652442E-11   0.000000000000E+00
  255.   0.204687500000E+03   0.573227139744E-11   0.000000000000E+00   0.495312500000E+03  -0.168506918833E-10   0.000000000000E+00
  256.   0.203125000000E+03   0.248796342802E-11   0.000000000000E+00   0.496875000000E+03  -0.842550265954E-11   0.000000000000E+00
  257.   0.201562500000E+03   0.547147347432E-11   0.000000000000E+00   0.498437500000E+03  -0.179421704343E-10   0.000000000000E+00
  258.   0.200000000000E+03   0.235695426454E-11   0.000000000000E+00   0.500000000000E+03  -0.896454285530E-11   0.000000000000E+00
  259.   0.198437500000E+03   0.521512847213E-11   0.000000000000E+00   0.501562500000E+03  -0.190492022981E-10   0.000000000000E+00
  260.   0.196875000000E+03   0.222820660220E-11   0.000000000000E+00   0.503125000000E+03  -0.951118419430E-11   0.000000000000E+00
  261.   0.195312500000E+03   0.496407554562E-11   0.000000000000E+00   0.504687500000E+03  -0.201715362823E-10   0.000000000000E+00
  262.   0.193750000000E+03   0.210217773055E-11   0.000000000000E+00   0.506250000000E+03  -0.100653040516E-10   0.000000000000E+00
  263.   0.192187500000E+03   0.471941374816E-11   0.000000000000E+00   0.507812500000E+03  -0.213089224455E-10   0.000000000000E+00
  264.   0.190625000000E+03   0.197948697499E-11   0.000000000000E+00   0.509375000000E+03  -0.106267816975E-10   0.000000000000E+00
  265.   0.189062500000E+03   0.448267869966E-11   0.000000000000E+00   0.510937500000E+03  -0.224611122251E-10   0.000000000000E+00
  266.   0.187500000000E+03   0.186102679621E-11   0.000000000000E+00   0.512500000000E+03  -0.111954944376E-10   0.000000000000E+00
  267.   0.185937500000E+03   0.425613512435E-11   0.000000000000E+00   0.514062500000E+03  -0.236278583758E-10   0.000000000000E+00
  268.   0.184375000000E+03   0.174814358665E-11   0.000000000000E+00   0.515625000000E+03  -0.117713249241E-10   0.000000000000E+00
  269.   0.182812500000E+03   0.404326139794E-11   0.000000000000E+00   0.517187500000E+03  -0.248089162294E-10   0.000000000000E+00
  270.   0.181250000000E+03   0.164293998180E-11   0.000000000000E+00   0.518750000000E+03  -0.123541512916E-10   0.000000000000E+00
  271.   0.179687500000E+03   0.384955417972E-11   0.000000000000E+00   0.520312500000E+03  -0.260040433611E-10   0.000000000000E+00
  272.   0.178125000000E+03   0.154877649532E-11   0.000000000000E+00   0.521875000000E+03  -0.129438567891E-10   0.000000000000E+00
  273.   0.176562500000E+03   0.368387174634E-11   0.000000000000E+00   0.523437500000E+03  -0.272129982564E-10   0.000000000000E+00
  274.   0.175000000000E+03   0.147111043886E-11   0.000000000000E+00   0.525000000000E+03  -0.135403236939E-10   0.000000000000E+00
  275.   0.173437500000E+03   0.356067298142E-11   0.000000000000E+00   0.526562500000E+03  -0.284355404548E-10   0.000000000000E+00
  276.   0.171875000000E+03   0.141889500165E-11   0.000000000000E+00   0.528125000000E+03  -0.141434357290E-10   0.000000000000E+00
  277.   0.170312500000E+03   0.350372235833E-11   0.000000000000E+00   0.529687500000E+03  -0.296714248209E-10   0.000000000000E+00
  278.   0.168750000000E+03   0.140688337510E-11   0.000000000000E+00   0.531250000000E+03  -0.147530692503E-10   0.000000000000E+00
  279.   0.167187500000E+03   0.355212701195E-11   0.000000000000E+00   0.532812500000E+03  -0.309204045526E-10   0.000000000000E+00
  280.   0.165625000000E+03   0.145935335868E-11   0.000000000000E+00   0.534375000000E+03  -0.153691039394E-10   0.000000000000E+00
  281.   0.164062500000E+03   0.377003121256E-11   0.000000000000E+00   0.535937500000E+03  -0.321822176793E-10   0.000000000000E+00
  282.   0.162500000000E+03   0.161604181605E-11   0.000000000000E+00   0.537500000000E+03  -0.159914060027E-10   0.000000000000E+00
  283.   0.160937500000E+03   0.426219307795E-11   0.000000000000E+00   0.539062500000E+03  -0.334565801077E-10   0.000000000000E+00
  284.   0.159375000000E+03   0.194169442455E-11   0.000000000000E+00   0.540625000000E+03  -0.166198291909E-10   0.000000000000E+00
  285.   0.157812500000E+03   0.519982149611E-11   0.000000000000E+00   0.542187500000E+03  -0.347431698642E-10   0.000000000000E+00
  286.   0.156250000000E+03   0.254217591529E-11   0.000000000000E+00   0.543750000000E+03  -0.172542031278E-10   0.000000000000E+00
  287.   0.154687500000E+03   0.686597692331E-11   0.000000000000E+00   0.545312500000E+03  -0.360415947312E-10   0.000000000000E+00
  288.   0.153125000000E+03   0.359366375022E-11   0.000000000000E+00   0.546875000000E+03  -0.178943107120E-10   0.000000000000E+00
  289.   0.151562500000E+03   0.973878413210E-11   0.000000000000E+00   0.548437500000E+03  -0.373513473047E-10   0.000000000000E+00
  290.   0.150000000000E+03   0.539699574751E-11   0.000000000000E+00   0.550000000000E+03  -0.185398685441E-10   0.000000000000E+00
  291.   0.148437500000E+03   0.146411068608E-10   0.000000000000E+00   0.551562500000E+03  -0.386717091436E-10   0.000000000000E+00
  292.   0.146875000000E+03   0.847492180567E-11   0.000000000000E+00   0.553125000000E+03  -0.191904502163E-10   0.000000000000E+00
  293.   0.145312500000E+03   0.229826070441E-10   0.000000000000E+00   0.554687500000E+03  -0.400015299821E-10   0.000000000000E+00
  294.   0.143750000000E+03   0.137192505009E-10   0.000000000000E+00   0.556250000000E+03  -0.198453361472E-10   0.000000000000E+00
  295.   0.142187500000E+03   0.370807061728E-10   0.000000000000E+00   0.557812500000E+03  -0.413388076233E-10   0.000000000000E+00
  296.   0.140625000000E+03   0.225669533889E-10   0.000000000000E+00   0.559375000000E+03  -0.205032343467E-10   0.000000000000E+00
  297.   0.139062500000E+03   0.604528067198E-10   0.000000000000E+00   0.560937500000E+03  -0.426800710458E-10   0.000000000000E+00
  298.   0.137500000000E+03   0.370928707640E-10   0.000000000000E+00   0.562500000000E+03  -0.211619248498E-10   0.000000000000E+00
  299.   0.135937500000E+03   0.979925320969E-10   0.000000000000E+00   0.564062500000E+03  -0.440199403725E-10   0.000000000000E+00
  300.   0.134375000000E+03   0.600588600227E-10   0.000000000000E+00   0.565625000000E+03  -0.218181887279E-10   0.000000000000E+00
  301.   0.132812500000E+03   0.156388456209E-09   0.000000000000E+00   0.567187500000E+03  -0.453518648218E-10   0.000000000000E+00
  302.   0.131250000000E+03   0.951219855818E-10   0.000000000000E+00   0.568750000000E+03  -0.224687385275E-10   0.000000000000E+00
  303.   0.129687500000E+03   0.247382599798E-09   0.000000000000E+00   0.570312500000E+03  -0.466708847654E-10   0.000000000000E+00
  304.   0.128125000000E+03   0.150071763102E-09   0.000000000000E+00   0.571875000000E+03  -0.231124611606E-10   0.000000000000E+00
  305.   0.126562500000E+03   0.398918630277E-09   0.000000000000E+00   0.573437500000E+03  -0.479751698309E-10   0.000000000000E+00
  306.   0.125000000000E+03   0.244588373565E-09   0.000000000000E+00   0.575000000000E+03  -0.237501179038E-10   0.000000000000E+00
  307.   0.123437500000E+03   0.685109095205E-09   0.000000000000E+00   0.576562500000E+03  -0.492502151213E-10   0.000000000000E+00
  308.   0.121875000000E+03   0.436045374689E-09   0.000000000000E+00   0.578125000000E+03  -0.243687958632E-10   0.000000000000E+00
  309.   0.120312500000E+03   0.125830677710E-08   0.000000000000E+00   0.579687500000E+03  -0.503974156520E-10   0.000000000000E+00
  310.   0.118750000000E+03   0.822361869973E-09   0.000000000000E+00   0.581250000000E+03  -0.248806637976E-10   0.000000000000E+00
  311.   0.117187500000E+03   0.236345778258E-08   0.000000000000E+00   0.582812500000E+03  -0.510737190660E-10   0.000000000000E+00
  312.   0.115625000000E+03   0.156404050536E-08   0.000000000000E+00   0.584375000000E+03  -0.250181314239E-10   0.000000000000E+00
  313.   0.114062500000E+03   0.408573027994E-08   0.000000000000E+00   0.585937500000E+03  -0.505120386727E-10   0.000000000000E+00
  314.   0.112500000000E+03   0.256578975100E-08   0.000000000000E+00   0.587500000000E+03  -0.242413565434E-10   0.000000000000E+00
  315.   0.110937500000E+03   0.624729143581E-08   0.000000000000E+00   0.589062500000E+03  -0.477382109915E-10   0.000000000000E+00
  316.   0.109375000000E+03   0.378442632459E-08   0.000000000000E+00   0.590625000000E+03  -0.221125622873E-10   0.000000000000E+00
  317.   0.107812500000E+03   0.704903352970E-08   0.000000000000E+00   0.592187500000E+03  -0.426466707285E-10   0.000000000000E+00
  318.   0.106250000000E+03   0.373205586600E-08   0.000000000000E+00   0.593750000000E+03  -0.189127522445E-10   0.000000000000E+00
  319.   0.104687500000E+03   0.534068488126E-08   0.000000000000E+00   0.595312500000E+03  -0.385780272473E-10   0.000000000000E+00
  320.   0.103125000000E+03   0.135807927278E-08   0.000000000000E+00   0.596875000000E+03  -0.184135087130E-10   0.000000000000E+00
  321.   0.101562500000E+03  -0.813693657807E-08   0.000000000000E+00   0.598437500000E+03  -0.408643233128E-10   0.000000000000E+00
