i  r_top  QtopRe  QtopIm  r_bot  QbotRe  QbotIm   [mm, mC]
    1.   0.600000000000E+03  -0.235120990142E-07   0.000000000000E+00   0.100000000000E+03   0.306689833464E-07   0.000000000000E+00
    2.   0.100000000000E+03  -0.306699511678E-07   0.000000000000E+00   0.600000000000E+03   0.235120991009E-07   0.000000000000E+00
    3.   0.598437500000E+03  -0.938035863200E-07   0.000000000000E+00   0.101562500000E+03   0.523135834572E-06   0.000000000000E+00
    4.   0.596875000000E+03  -0.467793882931E-07   0.000000000000E+00   0.103125000000E+03   0.282300241022E-06   0.000000000000E+00
    5.   0.595312500000E+03  -0.933139658649E-07   0.000000000000E+00   0.104687500000E+03   0.596502717282E-06   0.000000000000E+00
    6.   0.593750000000E+03  -0.465345775743E-07   0.000000000000E+00   0.106250000000E+03   0.311884553070E-06   0.000000000000E+00
    7.   0.592187500000E+03  -0.928243434435E-07   0.000000000000E+00   0.107812500000E+03   0.646249811380E-06   0.000000000000E+00
    8.   0.590625000000E+03  -0.462897658731E-07   0.000000000000E+00   0.109375000000E+03   0.335505519679E-06   0.000000000000E+00
    9.   0.589062500000E+03  -0.923347190728E-07   0.000000000000E+00   0.110937500000E+03   0.689449531694E-06   0.000000000000E+00
   10.   0.587500000000E+03  -0.460449532033E-07   0.000000000000E+00   0.112500000000E+03   0.354033104642E-06   0.000000000000E+00
   11.   0.585937500000E+03  -0.918450927706E-07   0.000000000000E+00   0.114062500000E+03   0.723726226409E-06   0.000000000000E+00
   12.   0.584375000000E+03  -0.458001395705E-07   0.000000000000E+00   0.115625000000E+03   0.369700808609E-06   0.000000000000E+00
   13.   0.582812500000E+03  -0.913554645450E-07   0.000000000000E+00   0.117187500000E+03   0.751887982461E-06   0.000000000000E+00
   14.   0.581250000000E+03  -0.455553249776E-07   0.000000000000E+00   0.118750000000E+03   0.382223195811E-06   0.000000000000E+00
   15.   0.579687500000E+03  -0.908658344004E-07   0.000000000000E+00   0.120312500000E+03   0.775025841455E-06   0.000000000000E+00
   16.   0.578125000000E+03  -0.453105094259E-07   0.000000000000E+00   0.121875000000E+03   0.392850805265E-06   0.000000000000E+00
   17.   0.576562500000E+03  -0.903762023392E-07   0.000000000000E+00   0.123437500000E+03   0.795295733519E-06   0.000000000000E+00
   18.   0.575000000000E+03  -0.450656929164E-07   0.000000000000E+00   0.125000000000E+03   0.402496435001E-06   0.000000000000E+00
   19.   0.573437500000E+03  -0.898865683637E-07   0.000000000000E+00   0.126562500000E+03   0.814354068226E-06   0.000000000000E+00
   20.   0.571875000000E+03  -0.448208754502E-07   0.000000000000E+00   0.128125000000E+03   0.411890505995E-06   0.000000000000E+00
   21.   0.570312500000E+03  -0.893969324753E-07   0.000000000000E+00   0.129687500000E+03   0.833239735375E-06   0.000000000000E+00
   22.   0.568750000000E+03  -0.445760570282E-07   0.000000000000E+00   0.131250000000E+03   0.421365675134E-06   0.000000000000E+00
   23.   0.567187500000E+03  -0.889072946762E-07   0.000000000000E+00   0.132812500000E+03   0.852388293782E-06   0.000000000000E+00
   24.   0.565625000000E+03  -0.443312376510E-07   0.000000000000E+00   0.134375000000E+03   0.431027797047E-06   0.000000000000E+00
   25.   0.564062500000E+03  -0.884176549677E-07   0.000000000000E+00   0.135937500000E+03   0.871888926650E-06   0.000000000000E+00
   26.   0.562500000000E+03  -0.440864173197E-07   0.000000000000E+00   0.137500000000E+03   0.440860808998E-06   0.000000000000E+00
   27.   0.560937500000E+03  -0.879280133519E-07   0.000000000000E+00   0.139062500000E+03   0.891673855722E-06   0.000000000000E+00
   28.   0.559375000000E+03  -0.438415960352E-07   0.000000000000E+00   0.140625000000E+03   0.450810742900E-06   0.000000000000E+00
   29.   0.557812500000E+03  -0.874383698305E-07   0.000000000000E+00   0.142187500000E+03   0.911637174988E-06   0.000000000000E+00
   30.   0.556250000000E+03  -0.435967737983E-07   0.000000000000E+00   0.143750000000E+03   0.460824055094E-06   0.000000000000E+00
   31.   0.554687500000E+03  -0.869487244056E-07   0.000000000000E+00   0.145312500000E+03   0.931688563635E-06   0.000000000000E+00
   32.   0.553125000000E+03  -0.433519506102E-07   0.000000000000E+00   0.146875000000E+03   0.470862774244E-06   0.000000000000E+00
   33.   0.551562500000E+03  -0.864590770788E-07   0.000000000000E+00   0.148437500000E+03   0.951769246766E-06   0.000000000000E+00
   34.   0.550000000000E+03  -0.431071264716E-07   0.000000000000E+00   0.150000000000E+03   0.480905472939E-06   0.000000000000E+00
   35.   0.548437500000E+03  -0.859694278522E-07   0.000000000000E+00   0.151562500000E+03   0.971848948160E-06   0.000000000000E+00
   36.   0.546875000000E+03  -0.428623013835E-07   0.000000000000E+00   0.153125000000E+03   0.490943034044E-06   0.000000000000E+00
   37.   0.545312500000E+03  -0.854797767274E-07   0.000000000000E+00   0.154687500000E+03   0.991916669933E-06   0.000000000000E+00
   38.   0.543750000000E+03  -0.426174753469E-07   0.000000000000E+00   0.156250000000E+03   0.500973528723E-06   0.000000000000E+00
   39.   0.542187500000E+03  -0.849901237062E-07   0.000000000000E+00   0.157812500000E+03   0.101197174086E-05   0.000000000000E+00
   40.   0.540625000000E+03  -0.423726483624E-07   0.000000000000E+00   0.159375000000E+03   0.510998259829E-06   0.000000000000E+00
   41.   0.539062500000E+03  -0.845004687904E-07   0.000000000000E+00   0.160937500000E+03   0.103201752831E-05   0.000000000000E+00
   42.   0.537500000000E+03  -0.421278204310E-07   0.000000000000E+00   0.162500000000E+03   0.521019360167E-06   0.000000000000E+00
   43.   0.535937500000E+03  -0.840108119814E-07   0.000000000000E+00   0.164062500000E+03   0.105205793973E-05   0.000000000000E+00
   44.   0.534375000000E+03  -0.418829915534E-07   0.000000000000E+00   0.165625000000E+03   0.531038661415E-06   0.000000000000E+00
   45.   0.532812500000E+03  -0.835211532808E-07   0.000000000000E+00   0.167187500000E+03   0.107209596563E-05   0.000000000000E+00
   46.   0.531250000000E+03  -0.416381617304E-07   0.000000000000E+00   0.168750000000E+03   0.541057359021E-06   0.000000000000E+00
   47.   0.529687500000E+03  -0.830314926902E-07   0.000000000000E+00   0.170312500000E+03   0.109213339961E-05   0.000000000000E+00
   48.   0.528125000000E+03  -0.413933309628E-07   0.000000000000E+00   0.171875000000E+03   0.551076069686E-06   0.000000000000E+00
   49.   0.526562500000E+03  -0.825418302111E-07   0.000000000000E+00   0.173437500000E+03   0.111217107685E-05   0.000000000000E+00
   50.   0.525000000000E+03  -0.411484992513E-07   0.000000000000E+00   0.175000000000E+03   0.561095018386E-06   0.000000000000E+00
   51.   0.523437500000E+03  -0.820521658447E-07   0.000000000000E+00   0.176562500000E+03   0.113220923708E-05   0.000000000000E+00
   52.   0.521875000000E+03  -0.409036665965E-07   0.000000000000E+00   0.178125000000E+03   0.571114220071E-06   0.000000000000E+00
   53.   0.520312500000E+03  -0.815624995925E-07   0.000000000000E+00   0.179687500000E+03   0.115224783006E-05   0.000000000000E+00
   54.   0.518750000000E+03  -0.406588329990E-07   0.000000000000E+00   0.181250000000E+03   0.581133607327E-06   0.000000000000E+00
   55.   0.517187500000E+03  -0.810728314557E-07   0.000000000000E+00   0.182812500000E+03   0.117228671208E-05   0.000000000000E+00
   56.   0.515625000000E+03  -0.404139984596E-07   0.000000000000E+00   0.184375000000E+03   0.591153101359E-06   0.000000000000E+00
   57.   0.514062500000E+03  -0.805831614355E-07   0.000000000000E+00   0.185937500000E+03   0.119232574557E-05   0.000000000000E+00
   58.   0.512500000000E+03  -0.401691629788E-07   0.000000000000E+00   0.187500000000E+03   0.601172641530E-06   0.000000000000E+00
   59.   0.510937500000E+03  -0.800934895332E-07   0.000000000000E+00   0.189062500000E+03   0.121236483408E-05   0.000000000000E+00
   60.   0.509375000000E+03  -0.399243265572E-07   0.000000000000E+00   0.190625000000E+03   0.611192190937E-06   0.000000000000E+00
   61.   0.507812500000E+03  -0.796038157496E-07   0.000000000000E+00   0.192187500000E+03   0.123240392298E-05   0.000000000000E+00
   62.   0.506250000000E+03  -0.396794891954E-07   0.000000000000E+00   0.193750000000E+03   0.621211731335E-06   0.000000000000E+00
   63.   0.504687500000E+03  -0.791141400860E-07   0.000000000000E+00   0.195312500000E+03   0.125244298673E-05   0.000000000000E+00
   64.   0.503125000000E+03  -0.394346508936E-07   0.000000000000E+00   0.196875000000E+03   0.631231255306E-06   0.000000000000E+00
   65.   0.501562500000E+03  -0.786244625432E-07   0.000000000000E+00   0.198437500000E+03   0.127248201434E-05   0.000000000000E+00
   66.   0.500000000000E+03  -0.391898116525E-07   0.000000000000E+00   0.200000000000E+03   0.641250759301E-06   0.000000000000E+00
   67.   0.498437500000E+03  -0.781347831221E-07   0.000000000000E+00   0.201562500000E+03   0.129252099745E-05   0.000000000000E+00
   68.   0.496875000000E+03  -0.389449714726E-07   0.000000000000E+00   0.203125000000E+03   0.651270238577E-06   0.000000000000E+00
   69.   0.495312500000E+03  -0.776451018238E-07   0.000000000000E+00   0.204687500000E+03   0.131255992194E-05   0.000000000000E+00
   70.   0.493750000000E+03  -0.387001303541E-07   0.000000000000E+00   0.206250000000E+03   0.661289683804E-06   0.000000000000E+00
   71.   0.492187500000E+03  -0.771554186488E-07   0.000000000000E+00   0.207812500000E+03   0.133259876226E-05   0.000000000000E+00
   72.   0.490625000000E+03  -0.384552882975E-07   0.000000000000E+00   0.209375000000E+03   0.671309078782E-06   0.000000000000E+00
   73.   0.489062500000E+03  -0.766657335976E-07   0.000000000000E+00   0.210937500000E+03   0.135263747735E-05   0.000000000000E+00
   74.   0.487500000000E+03  -0.382104453031E-07   0.000000000000E+00   0.212500000000E+03   0.681328398663E-06   0.000000000000E+00
   75.   0.485937500000E+03  -0.761760466712E-07   0.000000000000E+00   0.214062500000E+03   0.137267600651E-05   0.000000000000E+00
   76.   0.484375000000E+03  -0.379656013711E-07   0.000000000000E+00   0.215625000000E+03   0.691347607757E-06   0.000000000000E+00
   77.   0.482812500000E+03  -0.756863578699E-07   0.000000000000E+00   0.217187500000E+03   0.139271426238E-05   0.000000000000E+00
   78.   0.481250000000E+03  -0.377207565018E-07   0.000000000000E+00   0.218750000000E+03   0.701366654832E-06   0.000000000000E+00
   79.   0.479687500000E+03  -0.751966671943E-07   0.000000000000E+00   0.220312500000E+03   0.141275211357E-05   0.000000000000E+00
   80.   0.478125000000E+03  -0.374759106954E-07   0.000000000000E+00   0.221875000000E+03   0.711385460830E-06   0.000000000000E+00
   81.   0.476562500000E+03  -0.747069746447E-07   0.000000000000E+00   0.223437500000E+03   0.143278934149E-05   0.000000000000E+00
   82.   0.475000000000E+03  -0.372310639522E-07   0.000000000000E+00   0.225000000000E+03   0.721403888245E-06   0.000000000000E+00
   83.   0.473437500000E+03  -0.742172802212E-07   0.000000000000E+00   0.226562500000E+03   0.145282554021E-05   0.000000000000E+00
   84.   0.471875000000E+03  -0.369862162720E-07   0.000000000000E+00   0.228125000000E+03   0.731421671951E-06   0.000000000000E+00
   85.   0.470312500000E+03  -0.737275839242E-07   0.000000000000E+00   0.229687500000E+03   0.147285990620E-05   0.000000000000E+00
   86.   0.468750000000E+03  -0.367413676551E-07   0.000000000000E+00   0.231250000000E+03   0.741438277974E-06   0.000000000000E+00
   87.   0.467187500000E+03  -0.732378857534E-07   0.000000000000E+00   0.232812500000E+03   0.149289083559E-05   0.000000000000E+00
   88.   0.465625000000E+03  -0.364965181012E-07   0.000000000000E+00   0.234375000000E+03   0.751452641087E-06   0.000000000000E+00
   89.   0.464062500000E+03  -0.727481857084E-07   0.000000000000E+00   0.235937500000E+03   0.151291521817E-05   0.000000000000E+00
   90.   0.462500000000E+03  -0.362516676102E-07   0.000000000000E+00   0.237500000000E+03   0.761462718889E-06   0.000000000000E+00
   91.   0.460937500000E+03  -0.722584837888E-07   0.000000000000E+00   0.239062500000E+03   0.153292730050E-05   0.000000000000E+00
   92.   0.459375000000E+03  -0.360068161816E-07   0.000000000000E+00   0.240625000000E+03   0.771464796965E-06   0.000000000000E+00
   93.   0.457812500000E+03  -0.717687799931E-07   0.000000000000E+00   0.242187500000E+03   0.155291700194E-05   0.000000000000E+00
   94.   0.456250000000E+03  -0.357619638145E-07   0.000000000000E+00   0.243750000000E+03   0.781452495112E-06   0.000000000000E+00
   95.   0.454687500000E+03  -0.712790743194E-07   0.000000000000E+00   0.245312500000E+03   0.157286761369E-05   0.000000000000E+00
   96.   0.453125000000E+03  -0.355171105079E-07   0.000000000000E+00   0.246875000000E+03   0.791415457633E-06   0.000000000000E+00
   97.   0.451562500000E+03  -0.707893667652E-07   0.000000000000E+00   0.248437500000E+03   0.159275286568E-05   0.000000000000E+00
   98.   0.450000000000E+03  -0.352722562603E-07   0.000000000000E+00   0.250000000000E+03   0.801337735046E-06   0.000000000000E+00
   99.   0.448437500000E+03  -0.702996573273E-07   0.000000000000E+00   0.251562500000E+03   0.161253330583E-05   0.000000000000E+00
  100.   0.446875000000E+03  -0.350274010700E-07   0.000000000000E+00   0.253125000000E+03   0.811195804020E-06   0.000000000000E+00
  101.   0.445312500000E+03  -0.698099460012E-07   0.000000000000E+00   0.254687500000E+03   0.163215157361E-05   0.000000000000E+00
  102.   0.443750000000E+03  -0.347825449342E-07   0.000000000000E+00   0.256250000000E+03   0.820955875458E-06   0.000000000000E+00
  103.   0.442187500000E+03  -0.693202327802E-07   0.000000000000E+00   0.257812500000E+03   0.165152504679E-05   0.000000000000E+00
  104.   0.440625000000E+03  -0.345376878492E-07   0.000000000000E+00   0.259375000000E+03   0.830569348445E-06   0.000000000000E+00
  105.   0.439062500000E+03  -0.688305176537E-07   0.000000000000E+00   0.260937500000E+03   0.167053177993E-05   0.000000000000E+00
  106.   0.437500000000E+03  -0.342928298080E-07   0.000000000000E+00   0.262500000000E+03   0.839963531047E-06   0.000000000000E+00
  107.   0.435937500000E+03  -0.683408005999E-07   0.000000000000E+00   0.264062500000E+03   0.168898028229E-05   0.000000000000E+00
  108.   0.434375000000E+03  -0.340479707963E-07   0.000000000000E+00   0.265625000000E+03   0.849021168918E-06   0.000000000000E+00
  109.   0.432812500000E+03  -0.678510815750E-07   0.000000000000E+00   0.267187500000E+03   0.170654273156E-05   0.000000000000E+00
  110.   0.431250000000E+03  -0.338031107845E-07   0.000000000000E+00   0.268750000000E+03   0.857534969020E-06   0.000000000000E+00
  111.   0.429687500000E+03  -0.673613604893E-07   0.000000000000E+00   0.270312500000E+03   0.172260933932E-05   0.000000000000E+00
  112.   0.428125000000E+03  -0.335582497128E-07   0.000000000000E+00   0.271875000000E+03   0.865108214431E-06   0.000000000000E+00
  113.   0.426562500000E+03  -0.668716371690E-07   0.000000000000E+00   0.273437500000E+03   0.173598219003E-05   0.000000000000E+00
  114.   0.425000000000E+03  -0.333133874673E-07   0.000000000000E+00   0.275000000000E+03   0.870946045712E-06   0.000000000000E+00
  115.   0.423437500000E+03  -0.663819112976E-07   0.000000000000E+00   0.276562500000E+03   0.174428130918E-05   0.000000000000E+00
  116.   0.421875000000E+03  -0.330685238450E-07   0.000000000000E+00   0.278125000000E+03   0.873455326026E-06   0.000000000000E+00
  117.   0.420312500000E+03  -0.658921823349E-07   0.000000000000E+00   0.279687500000E+03   0.174298453641E-05   0.000000000000E+00
  118.   0.418750000000E+03  -0.328236585074E-07   0.000000000000E+00   0.281250000000E+03   0.869651197663E-06   0.000000000000E+00
  119.   0.417187500000E+03  -0.654024494168E-07   0.000000000000E+00   0.282812500000E+03   0.172450062627E-05   0.000000000000E+00
  120.   0.415625000000E+03  -0.325787909269E-07   0.000000000000E+00   0.284375000000E+03   0.854852554222E-06   0.000000000000E+00
  121.   0.414062500000E+03  -0.649127112461E-07   0.000000000000E+00   0.285937500000E+03   0.167871879174E-05   0.000000000000E+00
  122.   0.412500000000E+03  -0.323339203314E-07   0.000000000000E+00   0.287500000000E+03   0.823685011819E-06   0.000000000000E+00
  123.   0.410937500000E+03  -0.644229659808E-07   0.000000000000E+00   0.289062500000E+03   0.159623568920E-05   0.000000000000E+00
  124.   0.409375000000E+03  -0.320890456503E-07   0.000000000000E+00   0.290625000000E+03   0.772275678598E-06   0.000000000000E+00
  125.   0.407812500000E+03  -0.639332111049E-07   0.000000000000E+00   0.292187500000E+03   0.147230246318E-05   0.000000000000E+00
  126.   0.406250000000E+03  -0.318441654438E-07   0.000000000000E+00   0.293750000000E+03   0.699763344016E-06   0.000000000000E+00
  127.   0.404687500000E+03  -0.634434431827E-07   0.000000000000E+00   0.295312500000E+03   0.130862253020E-05   0.000000000000E+00
  128.   0.403125000000E+03  -0.315992777359E-07   0.000000000000E+00   0.296875000000E+03   0.608652408915E-06   0.000000000000E+00
  129.   0.401562500000E+03  -0.629536572080E-07   0.000000000000E+00   0.298437500000E+03   0.111375857550E-05   0.000000000000E+00
  130.   0.400000000000E+03  -0.313543795428E-07   0.000000000000E+00   0.300000000000E+03   0.505004787876E-06   0.000000000000E+00
  131.   0.398437500000E+03  -0.624638448922E-07   0.000000000000E+00   0.301562500000E+03   0.902863839908E-06   0.000000000000E+00
  132.   0.396875000000E+03  -0.311094656478E-07   0.000000000000E+00   0.303125000000E+03   0.397907611657E-06   0.000000000000E+00
  133.   0.395312500000E+03  -0.619739906310E-07   0.000000000000E+00   0.304687500000E+03   0.694946253414E-06   0.000000000000E+00
  134.   0.393750000000E+03  -0.308645258022E-07   0.000000000000E+00   0.306250000000E+03   0.297216690868E-06   0.000000000000E+00
  135.   0.392187500000E+03  -0.614840630119E-07   0.000000000000E+00   0.307812500000E+03   0.507759312928E-06   0.000000000000E+00
  136.   0.390625000000E+03  -0.306195390276E-07   0.000000000000E+00   0.309375000000E+03   0.210795562906E-06   0.000000000000E+00
  137.   0.389062500000E+03  -0.609939986914E-07   0.000000000000E+00   0.310937500000E+03   0.353686638593E-06   0.000000000000E+00
  138.   0.387500000000E+03  -0.303744631469E-07   0.000000000000E+00   0.312500000000E+03   0.143176482129E-06   0.000000000000E+00
  139.   0.385937500000E+03  -0.605036745393E-07   0.000000000000E+00   0.314062500000E+03   0.238406597839E-06   0.000000000000E+00
  140.   0.384375000000E+03  -0.301292172947E-07   0.000000000000E+00   0.315625000000E+03   0.954663045137E-07   0.000000000000E+00
  141.   0.382812500000E+03  -0.600128636967E-07   0.000000000000E+00   0.317187500000E+03   0.160806822856E-06   0.000000000000E+00
  142.   0.381250000000E+03  -0.298836552902E-07   0.000000000000E+00   0.318750000000E+03   0.654084654143E-07   0.000000000000E+00
  143.   0.379687500000E+03  -0.595211723075E-07   0.000000000000E+00   0.320312500000E+03   0.113770597753E-06   0.000000000000E+00
  144.   0.378125000000E+03  -0.296375287770E-07   0.000000000000E+00   0.321875000000E+03   0.482642577317E-07   0.000000000000E+00
  145.   0.376562500000E+03  -0.590279565976E-07   0.000000000000E+00   0.323437500000E+03   0.873982179687E-07   0.000000000000E+00
  146.   0.375000000000E+03  -0.293904410227E-07   0.000000000000E+00   0.325000000000E+03   0.389959112637E-07   0.000000000000E+00
  147.   0.373437500000E+03  -0.585322237775E-07   0.000000000000E+00   0.326562500000E+03   0.730722088394E-07   0.000000000000E+00
  148.   0.371875000000E+03  -0.291417942523E-07   0.000000000000E+00   0.328125000000E+03   0.339816894781E-07   0.000000000000E+00
  149.   0.370312500000E+03  -0.580325206144E-07   0.000000000000E+00   0.329687500000E+03   0.652096656413E-07   0.000000000000E+00
  150.   0.368750000000E+03  -0.288907320205E-07   0.000000000000E+00   0.331250000000E+03   0.311808340852E-07   0.000000000000E+00
  151.   0.367187500000E+03  -0.575267996025E-07   0.000000000000E+00   0.332812500000E+03   0.607629235940E-07   0.000000000000E+00
  152.   0.365625000000E+03  -0.286360658869E-07   0.000000000000E+00   0.334375000000E+03   0.295626399732E-07   0.000000000000E+00
  153.   0.364062500000E+03  -0.570122024279E-07   0.000000000000E+00   0.335937500000E+03   0.581853278366E-07   0.000000000000E+00
  154.   0.362500000000E+03  -0.283761378306E-07   0.000000000000E+00   0.337500000000E+03   0.286160119399E-07   0.000000000000E+00
  155.   0.360937500000E+03  -0.564845771057E-07   0.000000000000E+00   0.339062500000E+03   0.566970761735E-07   0.000000000000E+00
  156.   0.359375000000E+03  -0.281084842617E-07   0.000000000000E+00   0.340625000000E+03   0.280793404657E-07   0.000000000000E+00
  157.   0.357812500000E+03  -0.559372922246E-07   0.000000000000E+00   0.342187500000E+03   0.558884735821E-07   0.000000000000E+00
  158.   0.356250000000E+03  -0.278289984721E-07   0.000000000000E+00   0.343750000000E+03   0.278089103997E-07   0.000000000000E+00
  159.   0.354687500000E+03  -0.553584697780E-07   0.000000000000E+00   0.345312500000E+03   0.555268733937E-07   0.000000000000E+00
  160.   0.353125000000E+03  -0.275300127582E-07   0.000000000000E+00   0.346875000000E+03   0.277179414545E-07   0.000000000000E+00
  161.   0.351562500000E+03  -0.547250605640E-07   0.000000000000E+00   0.348437500000E+03   0.554672023502E-07   0.000000000000E+00
  162.   0.350000000000E+03  -0.271962903746E-07   0.000000000000E+00   0.350000000000E+03   0.277490810109E-07   0.000000000000E+00
  163.   0.348437500000E+03  -0.539913376975E-07   0.000000000000E+00   0.351562500000E+03   0.556115797493E-07   0.000000000000E+00
  164.   0.346875000000E+03  -0.267974966967E-07   0.000000000000E+00   0.353125000000E+03   0.278621619735E-07   0.000000000000E+00
  165.   0.345312500000E+03  -0.530684142038E-07   0.000000000000E+00   0.354687500000E+03   0.558911559451E-07   0.000000000000E+00
  166.   0.343750000000E+03  -0.262751591865E-07   0.000000000000E+00   0.356250000000E+03   0.280285990308E-07   0.000000000000E+00
  167.   0.342187500000E+03  -0.517915265134E-07   0.000000000000E+00   0.357812500000E+03   0.562573755556E-07   0.000000000000E+00
  168.   0.340625000000E+03  -0.255228748247E-07   0.000000000000E+00   0.359375000000E+03   0.282284121043E-07   0.000000000000E+00
  169.   0.339062500000E+03  -0.498713282166E-07   0.000000000000E+00   0.360937500000E+03   0.566768765419E-07   0.000000000000E+00
  170.   0.337500000000E+03  -0.243573601429E-07   0.000000000000E+00   0.362500000000E+03   0.284481782466E-07   0.000000000000E+00
  171.   0.335937500000E+03  -0.468312881456E-07   0.000000000000E+00   0.364062500000E+03   0.571277086798E-07   0.000000000000E+00
  172.   0.334375000000E+03  -0.224850316838E-07   0.000000000000E+00   0.365625000000E+03   0.286793327220E-07   0.000000000000E+00
  173.   0.332812500000E+03  -0.419167275482E-07   0.000000000000E+00   0.367187500000E+03   0.575961702205E-07   0.000000000000E+00
  174.   0.331250000000E+03  -0.194452992322E-07   0.000000000000E+00   0.368750000000E+03   0.289167158093E-07   0.000000000000E+00
  175.   0.329687500000E+03  -0.339933029658E-07   0.000000000000E+00   0.370312500000E+03   0.580741812174E-07   0.000000000000E+00
  176.   0.328125000000E+03  -0.145678651064E-07   0.000000000000E+00   0.371875000000E+03   0.291573987305E-07   0.000000000000E+00
  177.   0.326562500000E+03  -0.212550695682E-07   0.000000000000E+00   0.373437500000E+03   0.585572431792E-07   0.000000000000E+00
  178.   0.325000000000E+03  -0.671633959576E-08   0.000000000000E+00   0.375000000000E+03   0.293998124230E-07   0.000000000000E+00
  179.   0.323437500000E+03  -0.985587380622E-09   0.000000000000E+00   0.376562500000E+03   0.590429822271E-07   0.000000000000E+00
  180.   0.321875000000E+03   0.562721019784E-08   0.000000000000E+00   0.378125000000E+03   0.296431568674E-07   0.000000000000E+00
  181.   0.320312500000E+03   0.322235839071E-07   0.000000000000E+00   0.379687500000E+03   0.595301960159E-07   0.000000000000E+00
  182.   0.318750000000E+03   0.266066647236E-07   0.000000000000E+00   0.381250000000E+03   0.298870352229E-07   0.000000000000E+00
  183.   0.317187500000E+03   0.862347227324E-07   0.000000000000E+00   0.382812500000E+03   0.600182827754E-07   0.000000000000E+00
  184.   0.315625000000E+03   0.582996914955E-07   0.000000000000E+00   0.384375000000E+03   0.301312470268E-07   0.000000000000E+00
  185.   0.314062500000E+03   0.185090870307E-06   0.000000000000E+00   0.385937500000E+03   0.605069287836E-07   0.000000000000E+00
  186.   0.312500000000E+03   0.130712126833E-06   0.000000000000E+00   0.387500000000E+03   0.303756820054E-07   0.000000000000E+00
  187.   0.310937500000E+03   0.354200946891E-06   0.000000000000E+00   0.389062500000E+03   0.609959528570E-07   0.000000000000E+00
  188.   0.309375000000E+03   0.197548364961E-06   0.000000000000E+00   0.390625000000E+03   0.306202709369E-07   0.000000000000E+00
  189.   0.307812500000E+03   0.761760689523E-06   0.000000000000E+00   0.392187500000E+03   0.614852364648E-07   0.000000000000E+00
  190.   0.306250000000E+03   0.701512297670E-06   0.000000000000E+00   0.393750000000E+03   0.308649653025E-07   0.000000000000E+00
  191.   0.304687500000E+03   0.148530389749E-05   0.000000000000E+00   0.395312500000E+03   0.619746952798E-07   0.000000000000E+00
  192.   0.303125000000E+03   0.217984428827E-05   0.000000000000E+00   0.396875000000E+03   0.311097295665E-07   0.000000000000E+00
  193.   0.301562500000E+03   0.107588563602E-04   0.000000000000E+00   0.398437500000E+03   0.624642680431E-07   0.000000000000E+00
  194.   0.300000000000E+03  -0.917800975828E-05   0.000000000000E+00   0.400000000000E+03   0.313545380341E-07   0.000000000000E+00
  195.   0.298437500000E+03  -0.675531666546E-05   0.000000000000E+00   0.401562500000E+03   0.629539113360E-07   0.000000000000E+00
  196.   0.296875000000E+03  -0.175868006051E-05   0.000000000000E+00   0.403125000000E+03   0.315993729254E-07   0.000000000000E+00
  197.   0.295312500000E+03  -0.334640338519E-05   0.000000000000E+00   0.404687500000E+03   0.634435958256E-07   0.000000000000E+00
  198.   0.293750000000E+03  -0.131867748107E-05   0.000000000000E+00   0.406250000000E+03   0.318442226261E-07   0.000000000000E+00
  199.   0.292187500000E+03  -0.252100772113E-05   0.000000000000E+00   0.407812500000E+03   0.639333028154E-07   0.000000000000E+00
  200.   0.290625000000E+03  -0.114553693625E-05   0.000000000000E+00   0.409375000000E+03   0.320890800134E-07   0.000000000000E+00
  201.   0.289062500000E+03  -0.218877791224E-05   0.000000000000E+00   0.410937500000E+03   0.644230211086E-07   0.000000000000E+00
  202.   0.287500000000E+03  -0.104076763808E-05   0.000000000000E+00   0.412500000000E+03   0.323339409945E-07   0.000000000000E+00
  203.   0.285937500000E+03  -0.202368140296E-05   0.000000000000E+00   0.414062500000E+03   0.649127444112E-07   0.000000000000E+00
  204.   0.284375000000E+03  -0.981271032086E-06   0.000000000000E+00   0.415625000000E+03   0.325788033654E-07   0.000000000000E+00
  205.   0.282812500000E+03  -0.192483990103E-05   0.000000000000E+00   0.417187500000E+03   0.654024693971E-07   0.000000000000E+00
  206.   0.281250000000E+03  -0.943292131335E-06   0.000000000000E+00   0.418750000000E+03   0.328236660086E-07   0.000000000000E+00
  207.   0.279687500000E+03  -0.186002298921E-05   0.000000000000E+00   0.420312500000E+03   0.658921944003E-07   0.000000000000E+00
  208.   0.278125000000E+03  -0.916602192684E-06   0.000000000000E+00   0.421875000000E+03   0.330685283826E-07   0.000000000000E+00
  209.   0.276562500000E+03  -0.181320582239E-05   0.000000000000E+00   0.423437500000E+03   0.663819186122E-07   0.000000000000E+00
  210.   0.275000000000E+03  -0.896543564189E-06   0.000000000000E+00   0.425000000000E+03   0.333133902261E-07   0.000000000000E+00
  211.   0.273437500000E+03  -0.177694647408E-05   0.000000000000E+00   0.426562500000E+03   0.668716416323E-07   0.000000000000E+00
  212.   0.271875000000E+03  -0.880378197101E-06   0.000000000000E+00   0.428125000000E+03   0.335582514041E-07   0.000000000000E+00
  213.   0.270312500000E+03  -0.174705655764E-05   0.000000000000E+00   0.429687500000E+03   0.673613632416E-07   0.000000000000E+00
  214.   0.268750000000E+03  -0.866661351908E-06   0.000000000000E+00   0.431250000000E+03   0.338031118352E-07   0.000000000000E+00
  215.   0.267187500000E+03  -0.172113606884E-05   0.000000000000E+00   0.432812500000E+03   0.678510833009E-07   0.000000000000E+00
  216.   0.265625000000E+03  -0.854463111401E-06   0.000000000000E+00   0.434375000000E+03   0.340479714628E-07   0.000000000000E+00
  217.   0.264062500000E+03  -0.169767347847E-05   0.000000000000E+00   0.435937500000E+03   0.683408017102E-07   0.000000000000E+00
  218.   0.262500000000E+03  -0.843200670439E-06   0.000000000000E+00   0.437500000000E+03   0.342928302442E-07   0.000000000000E+00
  219.   0.260937500000E+03  -0.167569968288E-05   0.000000000000E+00   0.439062500000E+03   0.688305183951E-07   0.000000000000E+00
  220.   0.259375000000E+03  -0.832491679474E-06   0.000000000000E+00   0.440625000000E+03   0.345376881475E-07   0.000000000000E+00
  221.   0.257812500000E+03  -0.165459393909E-05   0.000000000000E+00   0.442187500000E+03   0.693202333009E-07   0.000000000000E+00
  222.   0.256250000000E+03  -0.822097117546E-06   0.000000000000E+00   0.443750000000E+03   0.347825451500E-07   0.000000000000E+00
  223.   0.254687500000E+03  -0.163397393882E-05   0.000000000000E+00   0.445312500000E+03   0.698099463899E-07   0.000000000000E+00
  224.   0.253125000000E+03  -0.811873639016E-06   0.000000000000E+00   0.446875000000E+03   0.350274012366E-07   0.000000000000E+00
  225.   0.251562500000E+03  -0.161361597565E-05   0.000000000000E+00   0.448437500000E+03   0.702996576375E-07   0.000000000000E+00
  226.   0.250000000000E+03  -0.801740580167E-06   0.000000000000E+00   0.450000000000E+03   0.352722563978E-07   0.000000000000E+00
  227.   0.248437500000E+03  -0.159339637741E-05   0.000000000000E+00   0.451562500000E+03   0.707893670290E-07   0.000000000000E+00
  228.   0.246875000000E+03  -0.791654948497E-06   0.000000000000E+00   0.453125000000E+03   0.355171106281E-07   0.000000000000E+00
  229.   0.245312500000E+03  -0.157325016770E-05   0.000000000000E+00   0.454687500000E+03   0.712790745557E-07   0.000000000000E+00
  230.   0.243750000000E+03  -0.781594868327E-06   0.000000000000E+00   0.456250000000E+03   0.357619639246E-07   0.000000000000E+00
  231.   0.242187500000E+03  -0.155314439904E-05   0.000000000000E+00   0.457812500000E+03   0.717687802135E-07   0.000000000000E+00
  232.   0.240625000000E+03  -0.771549415320E-06   0.000000000000E+00   0.459375000000E+03   0.360068162860E-07   0.000000000000E+00
  233.   0.239062500000E+03  -0.153306243796E-05   0.000000000000E+00   0.460937500000E+03   0.722584840004E-07   0.000000000000E+00
  234.   0.237500000000E+03  -0.761512997900E-06   0.000000000000E+00   0.462500000000E+03   0.362516677115E-07   0.000000000000E+00
  235.   0.235937500000E+03  -0.151299550957E-05   0.000000000000E+00   0.464062500000E+03   0.727481859154E-07   0.000000000000E+00
  236.   0.234375000000E+03  -0.751482510565E-06   0.000000000000E+00   0.465625000000E+03   0.364965182010E-07   0.000000000000E+00
  237.   0.232812500000E+03  -0.149293853329E-05   0.000000000000E+00   0.467187500000E+03   0.732378859580E-07   0.000000000000E+00
  238.   0.231250000000E+03  -0.741456020954E-06   0.000000000000E+00   0.468750000000E+03   0.367413677542E-07   0.000000000000E+00
  239.   0.229687500000E+03  -0.147288823911E-05   0.000000000000E+00   0.470312500000E+03   0.737275841281E-07   0.000000000000E+00
  240.   0.228125000000E+03  -0.731432211087E-06   0.000000000000E+00   0.471875000000E+03   0.369862163710E-07   0.000000000000E+00
  241.   0.226562500000E+03  -0.145284236940E-05   0.000000000000E+00   0.473437500000E+03   0.742172804254E-07   0.000000000000E+00
  242.   0.225000000000E+03  -0.721410148094E-06   0.000000000000E+00   0.475000000000E+03   0.372310640514E-07   0.000000000000E+00
  243.   0.223437500000E+03  -0.143279933713E-05   0.000000000000E+00   0.476562500000E+03   0.747069748494E-07   0.000000000000E+00
  244.   0.221875000000E+03  -0.711389178685E-06   0.000000000000E+00   0.478125000000E+03   0.374759107951E-07   0.000000000000E+00
  245.   0.220312500000E+03  -0.141275804996E-05   0.000000000000E+00   0.479687500000E+03   0.751966674001E-07   0.000000000000E+00
  246.   0.218750000000E+03  -0.701368862730E-06   0.000000000000E+00   0.481250000000E+03   0.377207566021E-07   0.000000000000E+00
  247.   0.217187500000E+03  -0.139271778763E-05   0.000000000000E+00   0.482812500000E+03   0.756863580770E-07   0.000000000000E+00
  248.   0.215625000000E+03  -0.691348918800E-06   0.000000000000E+00   0.484375000000E+03   0.379656014721E-07   0.000000000000E+00
  249.   0.214062500000E+03  -0.137267809971E-05   0.000000000000E+00   0.485937500000E+03   0.761760468796E-07   0.000000000000E+00
  250.   0.212500000000E+03  -0.681329177065E-06   0.000000000000E+00   0.487500000000E+03   0.382104454047E-07   0.000000000000E+00
  251.   0.210937500000E+03  -0.135263872008E-05   0.000000000000E+00   0.489062500000E+03   0.766657338074E-07   0.000000000000E+00
  252.   0.209375000000E+03  -0.671309540889E-06   0.000000000000E+00   0.490625000000E+03   0.384552883999E-07   0.000000000000E+00
  253.   0.207812500000E+03  -0.133259949999E-05   0.000000000000E+00   0.492187500000E+03   0.771554188600E-07   0.000000000000E+00
  254.   0.206250000000E+03  -0.661289958108E-06   0.000000000000E+00   0.493750000000E+03   0.387001304573E-07   0.000000000000E+00
  255.   0.204687500000E+03  -0.131256035983E-05   0.000000000000E+00   0.495312500000E+03   0.776451020366E-07   0.000000000000E+00
  256.   0.203125000000E+03  -0.651270401385E-06   0.000000000000E+00   0.496875000000E+03   0.389449715765E-07   0.000000000000E+00
  257.   0.201562500000E+03  -0.129252125734E-05   0.000000000000E+00   0.498437500000E+03   0.781347833366E-07   0.000000000000E+00
  258.   0.200000000000E+03  -0.641250855922E-06   0.000000000000E+00   0.500000000000E+03   0.391898117572E-07   0.000000000000E+00
  259.   0.198437500000E+03  -0.127248216857E-05   0.000000000000E+00   0.501562500000E+03   0.786244627591E-07   0.000000000000E+00
  260.   0.196875000000E+03  -0.631231312640E-06   0.000000000000E+00   0.503125000000E+03   0.394346509990E-07   0.000000000000E+00
  261.   0.195312500000E+03  -0.125244307824E-05   0.000000000000E+00   0.504687500000E+03   0.791141403034E-07   0.000000000000E+00
  262.   0.193750000000E+03  -0.621211765353E-06   0.000000000000E+00   0.506250000000E+03   0.396794893015E-07   0.000000000000E+00
  263.   0.192187500000E+03  -0.123240397727E-05   0.000000000000E+00   0.507812500000E+03   0.796038159686E-07   0.000000000000E+00
  264.   0.190625000000E+03  -0.611192211118E-06   0.000000000000E+00   0.509375000000E+03   0.399243266642E-07   0.000000000000E+00
  265.   0.189062500000E+03  -0.121236486629E-05   0.000000000000E+00   0.510937500000E+03   0.800934897536E-07   0.000000000000E+00
  266.   0.187500000000E+03  -0.601172653500E-06   0.000000000000E+00   0.512500000000E+03   0.401691630866E-07   0.000000000000E+00
  267.   0.185937500000E+03  -0.119232576467E-05   0.000000000000E+00   0.514062500000E+03   0.805831616575E-07   0.000000000000E+00
  268.   0.184375000000E+03  -0.591153108459E-06   0.000000000000E+00   0.515625000000E+03   0.404139985682E-07   0.000000000000E+00
  269.   0.182812500000E+03  -0.117228672341E-05   0.000000000000E+00   0.517187500000E+03   0.810728316794E-07   0.000000000000E+00
  270.   0.181250000000E+03  -0.581133611537E-06   0.000000000000E+00   0.518750000000E+03   0.406588331083E-07   0.000000000000E+00
  271.   0.179687500000E+03  -0.115224783678E-05   0.000000000000E+00   0.520312500000E+03   0.815624998177E-07   0.000000000000E+00
  272.   0.178125000000E+03  -0.571114222567E-06   0.000000000000E+00   0.521875000000E+03   0.409036667065E-07   0.000000000000E+00
  273.   0.176562500000E+03  -0.113220924105E-05   0.000000000000E+00   0.523437500000E+03   0.820521660714E-07   0.000000000000E+00
  274.   0.175000000000E+03  -0.561095019865E-06   0.000000000000E+00   0.525000000000E+03   0.411484993621E-07   0.000000000000E+00
  275.   0.173437500000E+03  -0.111217107920E-05   0.000000000000E+00   0.526562500000E+03   0.825418304394E-07   0.000000000000E+00
  276.   0.171875000000E+03  -0.551076070561E-06   0.000000000000E+00   0.528125000000E+03   0.413933310745E-07   0.000000000000E+00
  277.   0.170312500000E+03  -0.109213340100E-05   0.000000000000E+00   0.529687500000E+03   0.830314929202E-07   0.000000000000E+00
  278.   0.168750000000E+03  -0.541057359536E-06   0.000000000000E+00   0.531250000000E+03   0.416381618429E-07   0.000000000000E+00
  279.   0.167187500000E+03  -0.107209596644E-05   0.000000000000E+00   0.532812500000E+03   0.835211535123E-07   0.000000000000E+00
  280.   0.165625000000E+03  -0.531038661714E-06   0.000000000000E+00   0.534375000000E+03   0.418829916666E-07   0.000000000000E+00
  281.   0.164062500000E+03  -0.105205794019E-05   0.000000000000E+00   0.535937500000E+03   0.840108122144E-07   0.000000000000E+00
  282.   0.162500000000E+03  -0.521019360335E-06   0.000000000000E+00   0.537500000000E+03   0.421278205450E-07   0.000000000000E+00
  283.   0.160937500000E+03  -0.103201752855E-05   0.000000000000E+00   0.539062500000E+03   0.845004690250E-07   0.000000000000E+00
  284.   0.159375000000E+03  -0.510998259911E-06   0.000000000000E+00   0.540625000000E+03   0.423726484772E-07   0.000000000000E+00
  285.   0.157812500000E+03  -0.101197174096E-05   0.000000000000E+00   0.542187500000E+03   0.849901239425E-07   0.000000000000E+00
  286.   0.156250000000E+03  -0.500973528743E-06   0.000000000000E+00   0.543750000000E+03   0.426174754624E-07   0.000000000000E+00
  287.   0.154687500000E+03  -0.991916669910E-06   0.000000000000E+00   0.545312500000E+03   0.854797769652E-07   0.000000000000E+00
  288.   0.153125000000E+03  -0.490943034009E-06   0.000000000000E+00   0.546875000000E+03   0.428623014999E-07   0.000000000000E+00
  289.   0.151562500000E+03  -0.971848948016E-06   0.000000000000E+00   0.548437500000E+03   0.859694280916E-07   0.000000000000E+00
  290.   0.150000000000E+03  -0.480905472838E-06   0.000000000000E+00   0.550000000000E+03   0.431071265888E-07   0.000000000000E+00
  291.   0.148437500000E+03  -0.951769246466E-06   0.000000000000E+00   0.551562500000E+03   0.864590773197E-07   0.000000000000E+00
  292.   0.146875000000E+03  -0.470862774051E-06   0.000000000000E+00   0.553125000000E+03   0.433519507281E-07   0.000000000000E+00
  293.   0.145312500000E+03  -0.931688563098E-06   0.000000000000E+00   0.554687500000E+03   0.869487246480E-07   0.000000000000E+00
  294.   0.143750000000E+03  -0.460824054757E-06   0.000000000000E+00   0.556250000000E+03   0.435967739171E-07   0.000000000000E+00
  295.   0.142187500000E+03  -0.911637174070E-06   0.000000000000E+00   0.557812500000E+03   0.874383700746E-07   0.000000000000E+00
  296.   0.140625000000E+03  -0.450810742327E-06   0.000000000000E+00   0.559375000000E+03   0.438415961547E-07   0.000000000000E+00
  297.   0.139062500000E+03  -0.891673854182E-06   0.000000000000E+00   0.560937500000E+03   0.879280135975E-07   0.000000000000E+00
  298.   0.137500000000E+03  -0.440860808039E-06   0.000000000000E+00   0.562500000000E+03   0.440864174400E-07   0.000000000000E+00
  299.   0.135937500000E+03  -0.871888924119E-06   0.000000000000E+00   0.564062500000E+03   0.884176552149E-07   0.000000000000E+00
  300.   0.134375000000E+03  -0.431027795482E-06   0.000000000000E+00   0.565625000000E+03   0.443312377721E-07   0.000000000000E+00
  301.   0.132812500000E+03  -0.852388289713E-06   0.000000000000E+00   0.567187500000E+03   0.889072949250E-07   0.000000000000E+00
  302.   0.131250000000E+03  -0.421365672647E-06   0.000000000000E+00   0.568750000000E+03   0.445760571501E-07   0.000000000000E+00
  303.   0.129687500000E+03  -0.833239728917E-06   0.000000000000E+00   0.570312500000E+03   0.893969327259E-07   0.000000000000E+00
  304.   0.128125000000E+03  -0.411890502068E-06   0.000000000000E+00   0.571875000000E+03   0.448208755731E-07   0.000000000000E+00
  305.   0.126562500000E+03  -0.814354057810E-06   0.000000000000E+00   0.573437500000E+03   0.898865686162E-07   0.000000000000E+00
  306.   0.125000000000E+03  -0.402496428611E-06   0.000000000000E+00   0.575000000000E+03   0.450656930403E-07   0.000000000000E+00
  307.   0.123437500000E+03  -0.795295715654E-06   0.000000000000E+00   0.576562500000E+03   0.903762025940E-07   0.000000000000E+00
  308.   0.121875000000E+03  -0.392850793898E-06   0.000000000000E+00   0.578125000000E+03   0.453105095509E-07   0.000000000000E+00
  309.   0.120312500000E+03  -0.775025808642E-06   0.000000000000E+00   0.579687500000E+03   0.908658346573E-07   0.000000000000E+00
  310.   0.118750000000E+03  -0.382223174359E-06   0.000000000000E+00   0.581250000000E+03   0.455553251037E-07   0.000000000000E+00
  311.   0.117187500000E+03  -0.751887920659E-06   0.000000000000E+00   0.582812500000E+03   0.913554648034E-07   0.000000000000E+00
  312.   0.115625000000E+03  -0.369700767660E-06   0.000000000000E+00   0.584375000000E+03   0.458001396970E-07   0.000000000000E+00
  313.   0.114062500000E+03  -0.723726118931E-06   0.000000000000E+00   0.585937500000E+03   0.918450930272E-07   0.000000000000E+00
  314.   0.112500000000E+03  -0.354033036924E-06   0.000000000000E+00   0.587500000000E+03   0.460449533275E-07   0.000000000000E+00
  315.   0.110937500000E+03  -0.689449366065E-06   0.000000000000E+00   0.589062500000E+03   0.923347193219E-07   0.000000000000E+00
  316.   0.109375000000E+03  -0.335505419015E-06   0.000000000000E+00   0.590625000000E+03   0.462897659915E-07   0.000000000000E+00
  317.   0.107812500000E+03  -0.646249621746E-06   0.000000000000E+00   0.592187500000E+03   0.928243436816E-07   0.000000000000E+00
  318.   0.106250000000E+03  -0.311884451592E-06   0.000000000000E+00   0.593750000000E+03   0.465345776865E-07   0.000000000000E+00
  319.   0.104687500000E+03  -0.596502570616E-06   0.000000000000E+00   0.595312500000E+03   0.933139661087E-07   0.000000000000E+00
  320.   0.103125000000E+03  -0.282300201311E-06   0.000000000000E+00   0.596875000000E+03   0.467793884186E-07   0.000000000000E+00
  321.   0.101562500000E+03  -0.523136043565E-06   0.000000000000E+00   0.598437500000E+03   0.938035866219E-07   0.000000000000E+00
