i  r_top  QtopRe  QtopIm  r_bot  QbotRe  QbotIm   [mm, mC]
    1.   0.600000000000E+03  -0.330022995339E-10   0.000000000000E+00   0.100000000000E+03  -0.214776571442E-09   0.000000000000E+00
    2.   0.100000000000E+03  -0.214776571289E-09   0.000000000000E+00   0.600000000000E+03  -0.330022994560E-10   0.000000000000E+00
    3.   0.596875000000E+03  -0.131548933933E-09   0.000000000000E+00   0.103125000000E+03  -0.886886493092E-09   0.000000000000E+00
    4.   0.593750000000E+03  -0.663533251786E-10   0.000000000000E+00   0.106250000000E+03  -0.456725541228E-09   0.000000000000E+00
    5.   0.590625000000E+03  -0.144650227284E-09   0.000000000000E+00   0.109375000000E+03  -0.934578828778E-09   0.000000000000E+00
    6.   0.587500000000E+03  -0.777835967082E-10   0.000000000000E+00   0.112500000000E+03  -0.476793812053E-09   0.000000000000E+00
    7.   0.584375000000E+03  -0.170895379536E-09   0.000000000000E+00   0.115625000000E+03  -0.973404675920E-09   0.000000000000E+00
    8.   0.581250000000E+03  -0.928053620568E-10   0.000000000000E+00   0.118750000000E+03  -0.495426385858E-09   0.000000000000E+00
    9.   0.578125000000E+03  -0.202015221005E-09   0.000000000000E+00   0.121875000000E+03  -0.100844168211E-08   0.000000000000E+00
   10.   0.575000000000E+03  -0.108992538740E-09   0.000000000000E+00   0.125000000000E+03  -0.512172115509E-09   0.000000000000E+00
   11.   0.571875000000E+03  -0.234717438198E-09   0.000000000000E+00   0.128125000000E+03  -0.104083732463E-08   0.000000000000E+00
   12.   0.568750000000E+03  -0.125506344984E-09   0.000000000000E+00   0.131250000000E+03  -0.527871449898E-09   0.000000000000E+00
   13.   0.565625000000E+03  -0.267699883446E-09   0.000000000000E+00   0.134375000000E+03  -0.107112982056E-08   0.000000000000E+00
   14.   0.562500000000E+03  -0.141962857439E-09   0.000000000000E+00   0.137500000000E+03  -0.542547635456E-09   0.000000000000E+00
   15.   0.559375000000E+03  -0.300435668890E-09   0.000000000000E+00   0.140625000000E+03  -0.109952607471E-08   0.000000000000E+00
   16.   0.556250000000E+03  -0.158219446267E-09   0.000000000000E+00   0.143750000000E+03  -0.556305570240E-09   0.000000000000E+00
   17.   0.553125000000E+03  -0.332714413077E-09   0.000000000000E+00   0.146875000000E+03  -0.112611046497E-08   0.000000000000E+00
   18.   0.550000000000E+03  -0.174215952441E-09   0.000000000000E+00   0.150000000000E+03  -0.569159083385E-09   0.000000000000E+00
   19.   0.546875000000E+03  -0.364452332030E-09   0.000000000000E+00   0.153125000000E+03  -0.115090732856E-08   0.000000000000E+00
   20.   0.543750000000E+03  -0.189929929553E-09   0.000000000000E+00   0.156250000000E+03  -0.581118746473E-09   0.000000000000E+00
   21.   0.540625000000E+03  -0.395617677027E-09   0.000000000000E+00   0.159375000000E+03  -0.117392066965E-08   0.000000000000E+00
   22.   0.537500000000E+03  -0.205353177714E-09   0.000000000000E+00   0.162500000000E+03  -0.592184061119E-09   0.000000000000E+00
   23.   0.534375000000E+03  -0.426199980615E-09   0.000000000000E+00   0.165625000000E+03  -0.119514645354E-08   0.000000000000E+00
   24.   0.531250000000E+03  -0.220483752589E-09   0.000000000000E+00   0.168750000000E+03  -0.602353373089E-09   0.000000000000E+00
   25.   0.528125000000E+03  -0.456197825994E-09   0.000000000000E+00   0.171875000000E+03  -0.121457926546E-08   0.000000000000E+00
   26.   0.525000000000E+03  -0.235322348759E-09   0.000000000000E+00   0.175000000000E+03  -0.611624449281E-09   0.000000000000E+00
   27.   0.521875000000E+03  -0.485613858653E-09   0.000000000000E+00   0.178125000000E+03  -0.123221476988E-08   0.000000000000E+00
   28.   0.518750000000E+03  -0.249870935787E-09   0.000000000000E+00   0.181250000000E+03  -0.619995911371E-09   0.000000000000E+00
   29.   0.515625000000E+03  -0.514452807660E-09   0.000000000000E+00   0.184375000000E+03  -0.124805100947E-08   0.000000000000E+00
   30.   0.512500000000E+03  -0.264132202945E-09   0.000000000000E+00   0.187500000000E+03  -0.627467604280E-09   0.000000000000E+00
   31.   0.509375000000E+03  -0.542720706303E-09   0.000000000000E+00   0.190625000000E+03  -0.126208901461E-08   0.000000000000E+00
   32.   0.506250000000E+03  -0.278109323441E-09   0.000000000000E+00   0.193750000000E+03  -0.634040880219E-09   0.000000000000E+00
   33.   0.503125000000E+03  -0.570424595879E-09   0.000000000000E+00   0.196875000000E+03  -0.127433321192E-08   0.000000000000E+00
   34.   0.500000000000E+03  -0.291805856081E-09   0.000000000000E+00   0.200000000000E+03  -0.639718756729E-09   0.000000000000E+00
   35.   0.496875000000E+03  -0.597572448801E-09   0.000000000000E+00   0.203125000000E+03  -0.128479168782E-08   0.000000000000E+00
   36.   0.493750000000E+03  -0.305225685552E-09   0.000000000000E+00   0.206250000000E+03  -0.644506041428E-09   0.000000000000E+00
   37.   0.490625000000E+03  -0.624173167874E-09   0.000000000000E+00   0.209375000000E+03  -0.129347645171E-08   0.000000000000E+00
   38.   0.487500000000E+03  -0.318372948035E-09   0.000000000000E+00   0.212500000000E+03  -0.648409363095E-09   0.000000000000E+00
   39.   0.484375000000E+03  -0.650236654379E-09   0.000000000000E+00   0.215625000000E+03  -0.130040365119E-08   0.000000000000E+00
   40.   0.481250000000E+03  -0.331251931581E-09   0.000000000000E+00   0.218750000000E+03  -0.651437190206E-09   0.000000000000E+00
   41.   0.478125000000E+03  -0.675773921295E-09   0.000000000000E+00   0.221875000000E+03  -0.130559381894E-08   0.000000000000E+00
   42.   0.475000000000E+03  -0.343866876262E-09   0.000000000000E+00   0.225000000000E+03  -0.653599742100E-09   0.000000000000E+00
   43.   0.471875000000E+03  -0.700797266012E-09   0.000000000000E+00   0.228125000000E+03  -0.130907215019E-08   0.000000000000E+00
   44.   0.468750000000E+03  -0.356221660563E-09   0.000000000000E+00   0.231250000000E+03  -0.654908810860E-09   0.000000000000E+00
   45.   0.465625000000E+03  -0.725320528851E-09   0.000000000000E+00   0.234375000000E+03  -0.131086883666E-08   0.000000000000E+00
   46.   0.462500000000E+03  -0.368319204932E-09   0.000000000000E+00   0.237500000000E+03  -0.655377306118E-09   0.000000000000E+00
   47.   0.459375000000E+03  -0.749359418833E-09   0.000000000000E+00   0.240625000000E+03  -0.131101949016E-08   0.000000000000E+00
   48.   0.456250000000E+03  -0.380160393076E-09   0.000000000000E+00   0.243750000000E+03  -0.655018459843E-09   0.000000000000E+00
   49.   0.453125000000E+03  -0.772931824356E-09   0.000000000000E+00   0.246875000000E+03  -0.130956555680E-08   0.000000000000E+00
   50.   0.450000000000E+03  -0.391742076167E-09   0.000000000000E+00   0.250000000000E+03  -0.653844146726E-09   0.000000000000E+00
   51.   0.446875000000E+03  -0.796057778335E-09   0.000000000000E+00   0.253125000000E+03  -0.130655449299E-08   0.000000000000E+00
   52.   0.443750000000E+03  -0.403053215890E-09   0.000000000000E+00   0.256250000000E+03  -0.651861695801E-09   0.000000000000E+00
   53.   0.440625000000E+03  -0.818758013128E-09   0.000000000000E+00   0.259375000000E+03  -0.130203888366E-08   0.000000000000E+00
   54.   0.437500000000E+03  -0.414067387712E-09   0.000000000000E+00   0.262500000000E+03  -0.649067450850E-09   0.000000000000E+00
   55.   0.434375000000E+03  -0.841048041249E-09   0.000000000000E+00   0.265625000000E+03  -0.129607192767E-08   0.000000000000E+00
   56.   0.431250000000E+03  -0.424727304156E-09   0.000000000000E+00   0.268750000000E+03  -0.645433343876E-09   0.000000000000E+00
   57.   0.428125000000E+03  -0.862919978163E-09   0.000000000000E+00   0.271875000000E+03  -0.128869263600E-08   0.000000000000E+00
   58.   0.425000000000E+03  -0.434913015337E-09   0.000000000000E+00   0.275000000000E+03  -0.640878933095E-09   0.000000000000E+00
   59.   0.421875000000E+03  -0.884290579453E-09   0.000000000000E+00   0.278125000000E+03  -0.127988199703E-08   0.000000000000E+00
   60.   0.418750000000E+03  -0.444370733837E-09   0.000000000000E+00   0.281250000000E+03  -0.635208157029E-09   0.000000000000E+00
   61.   0.415625000000E+03  -0.904865754354E-09   0.000000000000E+00   0.284375000000E+03  -0.126944513603E-08   0.000000000000E+00
   62.   0.412500000000E+03  -0.452563811003E-09   0.000000000000E+00   0.287500000000E+03  -0.627974251375E-09   0.000000000000E+00
   63.   0.409375000000E+03  -0.923779234564E-09   0.000000000000E+00   0.290625000000E+03  -0.125669059684E-08   0.000000000000E+00
   64.   0.406250000000E+03  -0.458302752688E-09   0.000000000000E+00   0.293750000000E+03  -0.618143417460E-09   0.000000000000E+00
   65.   0.403125000000E+03  -0.938716395412E-09   0.000000000000E+00   0.296875000000E+03  -0.123963247404E-08   0.000000000000E+00
   66.   0.400000000000E+03  -0.459012487273E-09   0.000000000000E+00   0.300000000000E+03  -0.603406826918E-09   0.000000000000E+00
   67.   0.396875000000E+03  -0.943564704404E-09   0.000000000000E+00   0.303125000000E+03  -0.121282115355E-08   0.000000000000E+00
   68.   0.393750000000E+03  -0.448570259762E-09   0.000000000000E+00   0.306250000000E+03  -0.578169845685E-09   0.000000000000E+00
   69.   0.390625000000E+03  -0.923139676175E-09   0.000000000000E+00   0.309375000000E+03  -0.116233141018E-08   0.000000000000E+00
   70.   0.387500000000E+03  -0.413947893155E-09   0.000000000000E+00   0.312500000000E+03  -0.530229733250E-09   0.000000000000E+00
   71.   0.384375000000E+03  -0.837926195629E-09   0.000000000000E+00   0.315625000000E+03  -0.105119545213E-08   0.000000000000E+00
   72.   0.381250000000E+03  -0.320626019172E-09   0.000000000000E+00   0.318750000000E+03  -0.426954835397E-09   0.000000000000E+00
   73.   0.378125000000E+03  -0.594466792724E-09   0.000000000000E+00   0.321875000000E+03  -0.789952553193E-09   0.000000000000E+00
   74.   0.375000000000E+03  -0.104273878154E-09   0.000000000000E+00   0.325000000000E+03  -0.205479809976E-09   0.000000000000E+00
   75.   0.371875000000E+03   0.608839980333E-10   0.000000000000E+00   0.328125000000E+03  -0.132527528023E-09   0.000000000000E+00
   76.   0.368750000000E+03   0.448746754978E-09   0.000000000000E+00   0.331250000000E+03   0.342225225644E-09   0.000000000000E+00
   77.   0.365625000000E+03   0.169842912970E-08   0.000000000000E+00   0.334375000000E+03   0.148782510504E-08   0.000000000000E+00
   78.   0.362500000000E+03   0.156853146179E-08   0.000000000000E+00   0.337500000000E+03   0.145796259620E-08   0.000000000000E+00
   79.   0.359375000000E+03   0.618839131775E-08   0.000000000000E+00   0.340625000000E+03   0.593923160706E-08   0.000000000000E+00
   80.   0.356250000000E+03   0.472517768947E-08   0.000000000000E+00   0.343750000000E+03   0.460423772042E-08   0.000000000000E+00
   81.   0.353125000000E+03   0.187016168613E-07   0.000000000000E+00   0.346875000000E+03   0.185368082553E-07   0.000000000000E+00
   82.   0.350000000000E+03   0.302284026636E-07   0.000000000000E+00   0.350000000000E+03   0.302284026635E-07   0.000000000000E+00
   83.   0.346875000000E+03   0.185368082576E-07   0.000000000000E+00   0.353125000000E+03   0.187016168607E-07   0.000000000000E+00
   84.   0.343750000000E+03   0.460423771733E-08   0.000000000000E+00   0.356250000000E+03   0.472517769635E-08   0.000000000000E+00
   85.   0.340625000000E+03   0.593923161341E-08   0.000000000000E+00   0.359375000000E+03   0.618839131804E-08   0.000000000000E+00
   86.   0.337500000000E+03   0.145796259602E-08   0.000000000000E+00   0.362500000000E+03   0.156853146276E-08   0.000000000000E+00
   87.   0.334375000000E+03   0.148782510964E-08   0.000000000000E+00   0.365625000000E+03   0.169842912722E-08   0.000000000000E+00
   88.   0.331250000000E+03   0.342225218872E-09   0.000000000000E+00   0.368750000000E+03   0.448746757406E-09   0.000000000000E+00
   89.   0.328125000000E+03  -0.132527526907E-09   0.000000000000E+00   0.371875000000E+03   0.608839935934E-10   0.000000000000E+00
   90.   0.325000000000E+03  -0.205479811066E-09   0.000000000000E+00   0.375000000000E+03  -0.104273882018E-09   0.000000000000E+00
   91.   0.321875000000E+03  -0.789952551571E-09   0.000000000000E+00   0.378125000000E+03  -0.594466797057E-09   0.000000000000E+00
   92.   0.318750000000E+03  -0.426954838068E-09   0.000000000000E+00   0.381250000000E+03  -0.320626025057E-09   0.000000000000E+00
   93.   0.315625000000E+03  -0.105119545006E-08   0.000000000000E+00   0.384375000000E+03  -0.837926198212E-09   0.000000000000E+00
   94.   0.312500000000E+03  -0.530229735481E-09   0.000000000000E+00   0.387500000000E+03  -0.413947894829E-09   0.000000000000E+00
   95.   0.309375000000E+03  -0.116233141154E-08   0.000000000000E+00   0.390625000000E+03  -0.923139672785E-09   0.000000000000E+00
   96.   0.306250000000E+03  -0.578169850230E-09   0.000000000000E+00   0.393750000000E+03  -0.448570253569E-09   0.000000000000E+00
   97.   0.303125000000E+03  -0.121282115546E-08   0.000000000000E+00   0.396875000000E+03  -0.943564700860E-09   0.000000000000E+00
   98.   0.300000000000E+03  -0.603406823743E-09   0.000000000000E+00   0.400000000000E+03  -0.459012487744E-09   0.000000000000E+00
   99.   0.296875000000E+03  -0.123963247408E-08   0.000000000000E+00   0.403125000000E+03  -0.938716394406E-09   0.000000000000E+00
  100.   0.293750000000E+03  -0.618143414059E-09   0.000000000000E+00   0.406250000000E+03  -0.458302747330E-09   0.000000000000E+00
  101.   0.290625000000E+03  -0.125669059830E-08   0.000000000000E+00   0.409375000000E+03  -0.923779232307E-09   0.000000000000E+00
  102.   0.287500000000E+03  -0.627974252317E-09   0.000000000000E+00   0.412500000000E+03  -0.452563812904E-09   0.000000000000E+00
  103.   0.284375000000E+03  -0.126944513703E-08   0.000000000000E+00   0.415625000000E+03  -0.904865755367E-09   0.000000000000E+00
  104.   0.281250000000E+03  -0.635208155545E-09   0.000000000000E+00   0.418750000000E+03  -0.444370736454E-09   0.000000000000E+00
  105.   0.278125000000E+03  -0.127988199682E-08   0.000000000000E+00   0.421875000000E+03  -0.884290583340E-09   0.000000000000E+00
  106.   0.275000000000E+03  -0.640878931859E-09   0.000000000000E+00   0.425000000000E+03  -0.434913013528E-09   0.000000000000E+00
  107.   0.271875000000E+03  -0.128869264126E-08   0.000000000000E+00   0.428125000000E+03  -0.862919981956E-09   0.000000000000E+00
  108.   0.268750000000E+03  -0.645433349905E-09   0.000000000000E+00   0.431250000000E+03  -0.424727308557E-09   0.000000000000E+00
  109.   0.265625000000E+03  -0.129607193027E-08   0.000000000000E+00   0.434375000000E+03  -0.841048044154E-09   0.000000000000E+00
  110.   0.262500000000E+03  -0.649067450893E-09   0.000000000000E+00   0.437500000000E+03  -0.414067388779E-09   0.000000000000E+00
  111.   0.259375000000E+03  -0.130203888438E-08   0.000000000000E+00   0.440625000000E+03  -0.818758011898E-09   0.000000000000E+00
  112.   0.256250000000E+03  -0.651861694757E-09   0.000000000000E+00   0.443750000000E+03  -0.403053214020E-09   0.000000000000E+00
  113.   0.253125000000E+03  -0.130655449127E-08   0.000000000000E+00   0.446875000000E+03  -0.796057775892E-09   0.000000000000E+00
  114.   0.250000000000E+03  -0.653844143389E-09   0.000000000000E+00   0.450000000000E+03  -0.391742076048E-09   0.000000000000E+00
  115.   0.246875000000E+03  -0.130956555671E-08   0.000000000000E+00   0.453125000000E+03  -0.772931821914E-09   0.000000000000E+00
  116.   0.243750000000E+03  -0.655018461404E-09   0.000000000000E+00   0.456250000000E+03  -0.380160398164E-09   0.000000000000E+00
  117.   0.240625000000E+03  -0.131101949229E-08   0.000000000000E+00   0.459375000000E+03  -0.749359417043E-09   0.000000000000E+00
  118.   0.237500000000E+03  -0.655377310378E-09   0.000000000000E+00   0.462500000000E+03  -0.368319206416E-09   0.000000000000E+00
  119.   0.234375000000E+03  -0.131086883479E-08   0.000000000000E+00   0.465625000000E+03  -0.725320528463E-09   0.000000000000E+00
  120.   0.231250000000E+03  -0.654908810431E-09   0.000000000000E+00   0.468750000000E+03  -0.356221661531E-09   0.000000000000E+00
  121.   0.228125000000E+03  -0.130907214606E-08   0.000000000000E+00   0.471875000000E+03  -0.700797266107E-09   0.000000000000E+00
  122.   0.225000000000E+03  -0.653599739295E-09   0.000000000000E+00   0.475000000000E+03  -0.343866873584E-09   0.000000000000E+00
  123.   0.221875000000E+03  -0.130559381530E-08   0.000000000000E+00   0.478125000000E+03  -0.675773922776E-09   0.000000000000E+00
  124.   0.218750000000E+03  -0.651437188025E-09   0.000000000000E+00   0.481250000000E+03  -0.331251933271E-09   0.000000000000E+00
  125.   0.215625000000E+03  -0.130040364935E-08   0.000000000000E+00   0.484375000000E+03  -0.650236657443E-09   0.000000000000E+00
  126.   0.212500000000E+03  -0.648409364274E-09   0.000000000000E+00   0.487500000000E+03  -0.318372949588E-09   0.000000000000E+00
  127.   0.209375000000E+03  -0.129347645036E-08   0.000000000000E+00   0.490625000000E+03  -0.624173169763E-09   0.000000000000E+00
  128.   0.206250000000E+03  -0.644506042745E-09   0.000000000000E+00   0.493750000000E+03  -0.305225686984E-09   0.000000000000E+00
  129.   0.203125000000E+03  -0.128479168670E-08   0.000000000000E+00   0.496875000000E+03  -0.597572449968E-09   0.000000000000E+00
  130.   0.200000000000E+03  -0.639718754180E-09   0.000000000000E+00   0.500000000000E+03  -0.291805855347E-09   0.000000000000E+00
  131.   0.196875000000E+03  -0.127433321080E-08   0.000000000000E+00   0.503125000000E+03  -0.570424596355E-09   0.000000000000E+00
  132.   0.193750000000E+03  -0.634040878881E-09   0.000000000000E+00   0.506250000000E+03  -0.278109321236E-09   0.000000000000E+00
  133.   0.190625000000E+03  -0.126208901891E-08   0.000000000000E+00   0.509375000000E+03  -0.542720706814E-09   0.000000000000E+00
  134.   0.187500000000E+03  -0.627467604818E-09   0.000000000000E+00   0.512500000000E+03  -0.264132204864E-09   0.000000000000E+00
  135.   0.184375000000E+03  -0.124805101235E-08   0.000000000000E+00   0.515625000000E+03  -0.514452810084E-09   0.000000000000E+00
  136.   0.181250000000E+03  -0.619995906655E-09   0.000000000000E+00   0.518750000000E+03  -0.249870936971E-09   0.000000000000E+00
  137.   0.178125000000E+03  -0.123221477402E-08   0.000000000000E+00   0.521875000000E+03  -0.485613861071E-09   0.000000000000E+00
  138.   0.175000000000E+03  -0.611624448378E-09   0.000000000000E+00   0.525000000000E+03  -0.235322349693E-09   0.000000000000E+00
  139.   0.171875000000E+03  -0.121457926443E-08   0.000000000000E+00   0.528125000000E+03  -0.456197826403E-09   0.000000000000E+00
  140.   0.168750000000E+03  -0.602353368926E-09   0.000000000000E+00   0.531250000000E+03  -0.220483751311E-09   0.000000000000E+00
  141.   0.165625000000E+03  -0.119514645047E-08   0.000000000000E+00   0.534375000000E+03  -0.426199979127E-09   0.000000000000E+00
  142.   0.162500000000E+03  -0.592184059971E-09   0.000000000000E+00   0.537500000000E+03  -0.205353175667E-09   0.000000000000E+00
  143.   0.159375000000E+03  -0.117392067111E-08   0.000000000000E+00   0.540625000000E+03  -0.395617675112E-09   0.000000000000E+00
  144.   0.156250000000E+03  -0.581118749003E-09   0.000000000000E+00   0.543750000000E+03  -0.189929928573E-09   0.000000000000E+00
  145.   0.153125000000E+03  -0.115090733175E-08   0.000000000000E+00   0.546875000000E+03  -0.364452331936E-09   0.000000000000E+00
  146.   0.150000000000E+03  -0.569159087200E-09   0.000000000000E+00   0.550000000000E+03  -0.174215952309E-09   0.000000000000E+00
  147.   0.146875000000E+03  -0.112611046279E-08   0.000000000000E+00   0.553125000000E+03  -0.332714413552E-09   0.000000000000E+00
  148.   0.143750000000E+03  -0.556305567897E-09   0.000000000000E+00   0.556250000000E+03  -0.158219446872E-09   0.000000000000E+00
  149.   0.140625000000E+03  -0.109952607055E-08   0.000000000000E+00   0.559375000000E+03  -0.300435669211E-09   0.000000000000E+00
  150.   0.137500000000E+03  -0.542547634333E-09   0.000000000000E+00   0.562500000000E+03  -0.141962857033E-09   0.000000000000E+00
  151.   0.134375000000E+03  -0.107112982156E-08   0.000000000000E+00   0.565625000000E+03  -0.267699883630E-09   0.000000000000E+00
  152.   0.131250000000E+03  -0.527871452593E-09   0.000000000000E+00   0.568750000000E+03  -0.125506346800E-09   0.000000000000E+00
  153.   0.128125000000E+03  -0.104083732791E-08   0.000000000000E+00   0.571875000000E+03  -0.234717438100E-09   0.000000000000E+00
  154.   0.125000000000E+03  -0.512172117340E-09   0.000000000000E+00   0.575000000000E+03  -0.108992537827E-09   0.000000000000E+00
  155.   0.121875000000E+03  -0.100844168565E-08   0.000000000000E+00   0.578125000000E+03  -0.202015220583E-09   0.000000000000E+00
  156.   0.118750000000E+03  -0.495426386297E-09   0.000000000000E+00   0.581250000000E+03  -0.928053619396E-10   0.000000000000E+00
  157.   0.115625000000E+03  -0.973404679511E-09   0.000000000000E+00   0.584375000000E+03  -0.170895379119E-09   0.000000000000E+00
  158.   0.112500000000E+03  -0.476793813586E-09   0.000000000000E+00   0.587500000000E+03  -0.777835965107E-10   0.000000000000E+00
  159.   0.109375000000E+03  -0.934578829424E-09   0.000000000000E+00   0.590625000000E+03  -0.144650226827E-09   0.000000000000E+00
  160.   0.106250000000E+03  -0.456725540103E-09   0.000000000000E+00   0.593750000000E+03  -0.663533249418E-10   0.000000000000E+00
  161.   0.103125000000E+03  -0.886886491481E-09   0.000000000000E+00   0.596875000000E+03  -0.131548933606E-09   0.000000000000E+00
