i  r_top  QtopRe  QtopIm  r_bot  QbotRe  QbotIm   [mm, mC]
    1.   0.600000000000E+03  -0.492294631117E-11   0.000000000000E+00   0.100000000000E+03  -0.277999202875E-12   0.000000000000E+00
    2.   0.100000000000E+03  -0.278004124168E-12   0.000000000000E+00   0.600000000000E+03  -0.492294822097E-11   0.000000000000E+00
    3.   0.599218750000E+03  -0.185099265764E-10   0.000000000000E+00   0.100781250000E+03  -0.101805050770E-11   0.000000000000E+00
    4.   0.598437500000E+03  -0.862508096392E-11   0.000000000000E+00   0.101562500000E+03  -0.461942379712E-12   0.000000000000E+00
    5.   0.597656250000E+03  -0.160887346097E-10   0.000000000000E+00   0.102343750000E+03  -0.853290350815E-12   0.000000000000E+00
    6.   0.596875000000E+03  -0.746645341345E-11   0.000000000000E+00   0.103125000000E+03  -0.390971536673E-12   0.000000000000E+00
    7.   0.596093750000E+03  -0.145154636566E-10   0.000000000000E+00   0.103906250000E+03  -0.745839794703E-12   0.000000000000E+00
    8.   0.595312500000E+03  -0.698789668910E-11   0.000000000000E+00   0.104687500000E+03  -0.352751271702E-12   0.000000000000E+00
    9.   0.594531250000E+03  -0.139761272615E-10   0.000000000000E+00   0.105468750000E+03  -0.690617171017E-12   0.000000000000E+00
   10.   0.593750000000E+03  -0.692725788239E-11   0.000000000000E+00   0.106250000000E+03  -0.335805443005E-12   0.000000000000E+00
   11.   0.592968750000E+03  -0.140818727289E-10   0.000000000000E+00   0.107031250000E+03  -0.669957513835E-12   0.000000000000E+00
   12.   0.592187500000E+03  -0.709547713890E-11   0.000000000000E+00   0.107812500000E+03  -0.332145723613E-12   0.000000000000E+00
   13.   0.591406250000E+03  -0.144904757011E-10   0.000000000000E+00   0.108593750000E+03  -0.669496816539E-12   0.000000000000E+00
   14.   0.590625000000E+03  -0.733998738604E-11   0.000000000000E+00   0.109375000000E+03  -0.335462840724E-12   0.000000000000E+00
   15.   0.589843750000E+03  -0.149640262131E-10   0.000000000000E+00   0.110156250000E+03  -0.679083602544E-12   0.000000000000E+00
   16.   0.589062500000E+03  -0.757230108095E-11   0.000000000000E+00   0.110937500000E+03  -0.341819526316E-12   0.000000000000E+00
   17.   0.588281250000E+03  -0.153704097792E-10   0.000000000000E+00   0.111718750000E+03  -0.692522937703E-12   0.000000000000E+00
   18.   0.587500000000E+03  -0.774906284672E-11   0.000000000000E+00   0.112500000000E+03  -0.348969283662E-12   0.000000000000E+00
   19.   0.586718750000E+03  -0.156554119885E-10   0.000000000000E+00   0.113281250000E+03  -0.706563659140E-12   0.000000000000E+00
   20.   0.585937500000E+03  -0.785920606213E-11   0.000000000000E+00   0.114062500000E+03  -0.355901118458E-12   0.000000000000E+00
   21.   0.585156250000E+03  -0.158147640503E-10   0.000000000000E+00   0.114843750000E+03  -0.719928290850E-12   0.000000000000E+00
   22.   0.584375000000E+03  -0.790967460624E-11   0.000000000000E+00   0.115625000000E+03  -0.362353261623E-12   0.000000000000E+00
   23.   0.583593750000E+03  -0.158699951692E-10   0.000000000000E+00   0.116406250000E+03  -0.732471843497E-12   0.000000000000E+00
   24.   0.582812500000E+03  -0.791517038010E-11   0.000000000000E+00   0.117187500000E+03  -0.368445091996E-12   0.000000000000E+00
   25.   0.582031250000E+03  -0.158512538448E-10   0.000000000000E+00   0.117968750000E+03  -0.744562142573E-12   0.000000000000E+00
   26.   0.581250000000E+03  -0.789127701415E-11   0.000000000000E+00   0.118750000000E+03  -0.374430622561E-12   0.000000000000E+00
   27.   0.580468750000E+03  -0.157869213827E-10   0.000000000000E+00   0.119531250000E+03  -0.756684421471E-12   0.000000000000E+00
   28.   0.579687500000E+03  -0.785094576017E-11   0.000000000000E+00   0.120312500000E+03  -0.380546459989E-12   0.000000000000E+00
   29.   0.578906250000E+03  -0.156988552056E-10   0.000000000000E+00   0.121093750000E+03  -0.769235443472E-12   0.000000000000E+00
   30.   0.578125000000E+03  -0.780322297230E-11   0.000000000000E+00   0.121875000000E+03  -0.386956039006E-12   0.000000000000E+00
   31.   0.577343750000E+03  -0.156014774807E-10   0.000000000000E+00   0.122656250000E+03  -0.782455438715E-12   0.000000000000E+00
   32.   0.576562500000E+03  -0.775356381350E-11   0.000000000000E+00   0.123437500000E+03  -0.393739487634E-12   0.000000000000E+00
   33.   0.575781250000E+03  -0.155029128009E-10   0.000000000000E+00   0.124218750000E+03  -0.796435087594E-12   0.000000000000E+00
   34.   0.575000000000E+03  -0.770467160454E-11   0.000000000000E+00   0.125000000000E+03  -0.400908601412E-12   0.000000000000E+00
   35.   0.574218750000E+03  -0.154068209837E-10   0.000000000000E+00   0.125781250000E+03  -0.811158231165E-12   0.000000000000E+00
   36.   0.573437500000E+03  -0.765750847418E-11   0.000000000000E+00   0.126562500000E+03  -0.408435748128E-12   0.000000000000E+00
   37.   0.572656250000E+03  -0.153141414017E-10   0.000000000000E+00   0.127343750000E+03  -0.826549827091E-12   0.000000000000E+00
   38.   0.571875000000E+03  -0.761206336310E-11   0.000000000000E+00   0.128125000000E+03  -0.416274770891E-12   0.000000000000E+00
   39.   0.571093750000E+03  -0.152245039664E-10   0.000000000000E+00   0.128906250000E+03  -0.842510761976E-12   0.000000000000E+00
   40.   0.570312500000E+03  -0.756796506134E-11   0.000000000000E+00   0.129687500000E+03  -0.424373006701E-12   0.000000000000E+00
   41.   0.569531250000E+03  -0.151370569114E-10   0.000000000000E+00   0.130468750000E+03  -0.858944733118E-12   0.000000000000E+00
   42.   0.568750000000E+03  -0.752477169182E-11   0.000000000000E+00   0.131250000000E+03  -0.432684698901E-12   0.000000000000E+00
   43.   0.567968750000E+03  -0.150509618751E-10   0.000000000000E+00   0.132031250000E+03  -0.875769372292E-12   0.000000000000E+00
   44.   0.567187500000E+03  -0.748200304917E-11   0.000000000000E+00   0.132812500000E+03  -0.441172262725E-12   0.000000000000E+00
   45.   0.566406250000E+03  -0.149655748013E-10   0.000000000000E+00   0.133593750000E+03  -0.892919253365E-12   0.000000000000E+00
   46.   0.565625000000E+03  -0.743947405235E-11   0.000000000000E+00   0.134375000000E+03  -0.449808851601E-12   0.000000000000E+00
   47.   0.564843750000E+03  -0.148804765217E-10   0.000000000000E+00   0.135156250000E+03  -0.910346855226E-12   0.000000000000E+00
   48.   0.564062500000E+03  -0.739700836057E-11   0.000000000000E+00   0.135937500000E+03  -0.458573227026E-12   0.000000000000E+00
   49.   0.563281250000E+03  -0.147954572190E-10   0.000000000000E+00   0.136718750000E+03  -0.928018488259E-12   0.000000000000E+00
   50.   0.562500000000E+03  -0.735457239019E-11   0.000000000000E+00   0.137500000000E+03  -0.467453404777E-12   0.000000000000E+00
   51.   0.561718750000E+03  -0.147104270396E-10   0.000000000000E+00   0.138281250000E+03  -0.945911806913E-12   0.000000000000E+00
   52.   0.560937500000E+03  -0.731211680153E-11   0.000000000000E+00   0.139062500000E+03  -0.476440195462E-12   0.000000000000E+00
   53.   0.560156250000E+03  -0.146253871762E-10   0.000000000000E+00   0.139843750000E+03  -0.964011275004E-12   0.000000000000E+00
   54.   0.559375000000E+03  -0.726965020436E-11   0.000000000000E+00   0.140625000000E+03  -0.485526111701E-12   0.000000000000E+00
   55.   0.558593750000E+03  -0.145403804651E-10   0.000000000000E+00   0.141406250000E+03  -0.982306428722E-12   0.000000000000E+00
   56.   0.557812500000E+03  -0.722720564042E-11   0.000000000000E+00   0.142187500000E+03  -0.494707588817E-12   0.000000000000E+00
   57.   0.557031250000E+03  -0.144554487143E-10   0.000000000000E+00   0.142968750000E+03  -0.100079036584E-11   0.000000000000E+00
   58.   0.556250000000E+03  -0.718483795190E-11   0.000000000000E+00   0.143750000000E+03  -0.503981676581E-12   0.000000000000E+00
   59.   0.555468750000E+03  -0.143706503903E-10   0.000000000000E+00   0.144531250000E+03  -0.101945792939E-11   0.000000000000E+00
   60.   0.554687500000E+03  -0.714252512742E-11   0.000000000000E+00   0.145312500000E+03  -0.513347093086E-12   0.000000000000E+00
   61.   0.553906250000E+03  -0.142860132962E-10   0.000000000000E+00   0.146093750000E+03  -0.103830553639E-11   0.000000000000E+00
   62.   0.553125000000E+03  -0.710030299230E-11   0.000000000000E+00   0.146875000000E+03  -0.522800466670E-12   0.000000000000E+00
   63.   0.552343750000E+03  -0.142015421553E-10   0.000000000000E+00   0.147656250000E+03  -0.105732888666E-11   0.000000000000E+00
   64.   0.551562500000E+03  -0.705816648156E-11   0.000000000000E+00   0.148437500000E+03  -0.532341269096E-12   0.000000000000E+00
   65.   0.550781250000E+03  -0.141172574123E-10   0.000000000000E+00   0.149218750000E+03  -0.107652723134E-11   0.000000000000E+00
   66.   0.550000000000E+03  -0.701614056549E-11   0.000000000000E+00   0.150000000000E+03  -0.541969365479E-12   0.000000000000E+00
   67.   0.549218750000E+03  -0.140331760250E-10   0.000000000000E+00   0.150781250000E+03  -0.109589923639E-11   0.000000000000E+00
   68.   0.548437500000E+03  -0.697419454994E-11   0.000000000000E+00   0.151562500000E+03  -0.551683273920E-12   0.000000000000E+00
   69.   0.547656250000E+03  -0.139492926260E-10   0.000000000000E+00   0.152343750000E+03  -0.111544307540E-11   0.000000000000E+00
   70.   0.546875000000E+03  -0.693236797035E-11   0.000000000000E+00   0.153125000000E+03  -0.561483532682E-12   0.000000000000E+00
   71.   0.546093750000E+03  -0.138656135855E-10   0.000000000000E+00   0.153906250000E+03  -0.113515760867E-11   0.000000000000E+00
   72.   0.545312500000E+03  -0.689062268680E-11   0.000000000000E+00   0.154687500000E+03  -0.571367038246E-12   0.000000000000E+00
   73.   0.544531250000E+03  -0.137821345050E-10   0.000000000000E+00   0.155468750000E+03  -0.115504280836E-11   0.000000000000E+00
   74.   0.543750000000E+03  -0.684900386642E-11   0.000000000000E+00   0.156250000000E+03  -0.581336369519E-12   0.000000000000E+00
   75.   0.542968750000E+03  -0.136988654061E-10   0.000000000000E+00   0.157031250000E+03  -0.117509881522E-11   0.000000000000E+00
   76.   0.542187500000E+03  -0.680747399845E-11   0.000000000000E+00   0.157812500000E+03  -0.591390687343E-12   0.000000000000E+00
   77.   0.541406250000E+03  -0.136157936669E-10   0.000000000000E+00   0.158593750000E+03  -0.119532540021E-11   0.000000000000E+00
   78.   0.540625000000E+03  -0.676603388161E-11   0.000000000000E+00   0.159375000000E+03  -0.601530719600E-12   0.000000000000E+00
   79.   0.539843750000E+03  -0.135329177023E-10   0.000000000000E+00   0.160156250000E+03  -0.121572284292E-11   0.000000000000E+00
   80.   0.539062500000E+03  -0.672471306625E-11   0.000000000000E+00   0.160937500000E+03  -0.611757495652E-12   0.000000000000E+00
   81.   0.538281250000E+03  -0.134502546126E-10   0.000000000000E+00   0.161718750000E+03  -0.123629175568E-11   0.000000000000E+00
   82.   0.537500000000E+03  -0.668345465436E-11   0.000000000000E+00   0.162500000000E+03  -0.622068824464E-12   0.000000000000E+00
   83.   0.536718750000E+03  -0.133677963159E-10   0.000000000000E+00   0.163281250000E+03  -0.125703306316E-11   0.000000000000E+00
   84.   0.535937500000E+03  -0.664235366404E-11   0.000000000000E+00   0.164062500000E+03  -0.632465440627E-12   0.000000000000E+00
   85.   0.535156250000E+03  -0.132855433981E-10   0.000000000000E+00   0.164843750000E+03  -0.127794643417E-11   0.000000000000E+00
   86.   0.534375000000E+03  -0.660133866134E-11   0.000000000000E+00   0.165625000000E+03  -0.642947273023E-12   0.000000000000E+00
   87.   0.533593750000E+03  -0.132035067437E-10   0.000000000000E+00   0.166406250000E+03  -0.129903183384E-11   0.000000000000E+00
   88.   0.532812500000E+03  -0.656042092855E-11   0.000000000000E+00   0.167187500000E+03  -0.653516881021E-12   0.000000000000E+00
   89.   0.532031250000E+03  -0.131216819790E-10   0.000000000000E+00   0.167968750000E+03  -0.132029257124E-11   0.000000000000E+00
   90.   0.531250000000E+03  -0.651961194389E-11   0.000000000000E+00   0.168750000000E+03  -0.664174336970E-12   0.000000000000E+00
   91.   0.530468750000E+03  -0.130400707511E-10   0.000000000000E+00   0.169531250000E+03  -0.134172814566E-11   0.000000000000E+00
   92.   0.529687500000E+03  -0.647892613087E-11   0.000000000000E+00   0.170312500000E+03  -0.674918328633E-12   0.000000000000E+00
   93.   0.528906250000E+03  -0.129586733206E-10   0.000000000000E+00   0.171093750000E+03  -0.136333974433E-11   0.000000000000E+00
   94.   0.528125000000E+03  -0.643832378042E-11   0.000000000000E+00   0.171875000000E+03  -0.685750257299E-12   0.000000000000E+00
   95.   0.527343750000E+03  -0.128774834771E-10   0.000000000000E+00   0.172656250000E+03  -0.138512722200E-11   0.000000000000E+00
   96.   0.526562500000E+03  -0.639782124104E-11   0.000000000000E+00   0.173437500000E+03  -0.696670156947E-12   0.000000000000E+00
   97.   0.525781250000E+03  -0.127965029320E-10   0.000000000000E+00   0.174218750000E+03  -0.140709211186E-11   0.000000000000E+00
   98.   0.525000000000E+03  -0.635744730641E-11   0.000000000000E+00   0.175000000000E+03  -0.707679392127E-12   0.000000000000E+00
   99.   0.524218750000E+03  -0.127157340267E-10   0.000000000000E+00   0.175781250000E+03  -0.142923631899E-11   0.000000000000E+00
  100.   0.523437500000E+03  -0.631716213579E-11   0.000000000000E+00   0.176562500000E+03  -0.718777549809E-12   0.000000000000E+00
  101.   0.522656250000E+03  -0.126351885269E-10   0.000000000000E+00   0.177343750000E+03  -0.145155904606E-11   0.000000000000E+00
  102.   0.521875000000E+03  -0.627699269984E-11   0.000000000000E+00   0.178125000000E+03  -0.729967270350E-12   0.000000000000E+00
  103.   0.521093750000E+03  -0.125548589863E-10   0.000000000000E+00   0.178906250000E+03  -0.147406272121E-11   0.000000000000E+00
  104.   0.520312500000E+03  -0.623694244635E-11   0.000000000000E+00   0.179687500000E+03  -0.741246035809E-12   0.000000000000E+00
  105.   0.519531250000E+03  -0.124747416767E-10   0.000000000000E+00   0.180468750000E+03  -0.149674744711E-11   0.000000000000E+00
  106.   0.518750000000E+03  -0.619698002659E-11   0.000000000000E+00   0.181250000000E+03  -0.752613610289E-12   0.000000000000E+00
  107.   0.517968750000E+03  -0.123948442612E-10   0.000000000000E+00   0.182031250000E+03  -0.151961398641E-11   0.000000000000E+00
  108.   0.517187500000E+03  -0.615714729113E-11   0.000000000000E+00   0.182812500000E+03  -0.764074764202E-12   0.000000000000E+00
  109.   0.516406250000E+03  -0.123151647781E-10   0.000000000000E+00   0.183593750000E+03  -0.154266377838E-11   0.000000000000E+00
  110.   0.515625000000E+03  -0.611740252505E-11   0.000000000000E+00   0.184375000000E+03  -0.775626725487E-12   0.000000000000E+00
  111.   0.514843750000E+03  -0.122357129010E-10   0.000000000000E+00   0.185156250000E+03  -0.156589815464E-11   0.000000000000E+00
  112.   0.514062500000E+03  -0.607777629242E-11   0.000000000000E+00   0.185937500000E+03  -0.787270139506E-12   0.000000000000E+00
  113.   0.513281250000E+03  -0.121564776723E-10   0.000000000000E+00   0.186718750000E+03  -0.158931796710E-11   0.000000000000E+00
  114.   0.512500000000E+03  -0.603827396392E-11   0.000000000000E+00   0.187500000000E+03  -0.799006826920E-12   0.000000000000E+00
  115.   0.511718750000E+03  -0.120774620892E-10   0.000000000000E+00   0.188281250000E+03  -0.161292455337E-11   0.000000000000E+00
  116.   0.510937500000E+03  -0.599886222351E-11   0.000000000000E+00   0.189062500000E+03  -0.810837194193E-12   0.000000000000E+00
  117.   0.510156250000E+03  -0.119986642710E-10   0.000000000000E+00   0.189843750000E+03  -0.163671889524E-11   0.000000000000E+00
  118.   0.509375000000E+03  -0.595956590221E-11   0.000000000000E+00   0.190625000000E+03  -0.822760978543E-12   0.000000000000E+00
  119.   0.508593750000E+03  -0.119200895243E-10   0.000000000000E+00   0.191406250000E+03  -0.166070140949E-11   0.000000000000E+00
  120.   0.507812500000E+03  -0.592038462836E-11   0.000000000000E+00   0.192187500000E+03  -0.834778275479E-12   0.000000000000E+00
  121.   0.507031250000E+03  -0.118417482800E-10   0.000000000000E+00   0.192968750000E+03  -0.168487326787E-11   0.000000000000E+00
  122.   0.506250000000E+03  -0.588131304542E-11   0.000000000000E+00   0.193750000000E+03  -0.846892623521E-12   0.000000000000E+00
  123.   0.505468750000E+03  -0.117636344961E-10   0.000000000000E+00   0.194531250000E+03  -0.170923688030E-11   0.000000000000E+00
  124.   0.504687500000E+03  -0.584236036239E-11   0.000000000000E+00   0.195312500000E+03  -0.859101640151E-12   0.000000000000E+00
  125.   0.503906250000E+03  -0.116857459446E-10   0.000000000000E+00   0.196093750000E+03  -0.173379206020E-11   0.000000000000E+00
  126.   0.503125000000E+03  -0.580352715982E-11   0.000000000000E+00   0.196875000000E+03  -0.871405932877E-12   0.000000000000E+00
  127.   0.502343750000E+03  -0.116080908680E-10   0.000000000000E+00   0.197656250000E+03  -0.175853960243E-11   0.000000000000E+00
  128.   0.501562500000E+03  -0.576480004206E-11   0.000000000000E+00   0.198437500000E+03  -0.883807444990E-12   0.000000000000E+00
  129.   0.500781250000E+03  -0.115306583118E-10   0.000000000000E+00   0.199218750000E+03  -0.178348223222E-11   0.000000000000E+00
  130.   0.500000000000E+03  -0.572618305644E-11   0.000000000000E+00   0.200000000000E+03  -0.896306133120E-12   0.000000000000E+00
  131.   0.499218750000E+03  -0.114534506183E-10   0.000000000000E+00   0.200781250000E+03  -0.180862034470E-11   0.000000000000E+00
  132.   0.498437500000E+03  -0.568767953140E-11   0.000000000000E+00   0.201562500000E+03  -0.908902185491E-12   0.000000000000E+00
  133.   0.497656250000E+03  -0.113764757663E-10   0.000000000000E+00   0.202343750000E+03  -0.183395348353E-11   0.000000000000E+00
  134.   0.496875000000E+03  -0.564929901201E-11   0.000000000000E+00   0.203125000000E+03  -0.921597686210E-12   0.000000000000E+00
  135.   0.496093750000E+03  -0.112997362320E-10   0.000000000000E+00   0.203906250000E+03  -0.185948415041E-11   0.000000000000E+00
  136.   0.495312500000E+03  -0.561103020496E-11   0.000000000000E+00   0.204687500000E+03  -0.934391081230E-12   0.000000000000E+00
  137.   0.494531250000E+03  -0.112232323193E-10   0.000000000000E+00   0.205468750000E+03  -0.188521320494E-11   0.000000000000E+00
  138.   0.493750000000E+03  -0.557288324822E-11   0.000000000000E+00   0.206250000000E+03  -0.947282847496E-12   0.000000000000E+00
  139.   0.492968750000E+03  -0.111469594461E-10   0.000000000000E+00   0.207031250000E+03  -0.191114257763E-11   0.000000000000E+00
  140.   0.492187500000E+03  -0.553485520535E-11   0.000000000000E+00   0.207812500000E+03  -0.960276182757E-12   0.000000000000E+00
  141.   0.491406250000E+03  -0.110709223487E-10   0.000000000000E+00   0.208593750000E+03  -0.193727152664E-11   0.000000000000E+00
  142.   0.490625000000E+03  -0.549693038283E-11   0.000000000000E+00   0.209375000000E+03  -0.973368020793E-12   0.000000000000E+00
  143.   0.489843750000E+03  -0.109951199768E-10   0.000000000000E+00   0.210156250000E+03  -0.196360282497E-11   0.000000000000E+00
  144.   0.489062500000E+03  -0.545913585253E-11   0.000000000000E+00   0.210937500000E+03  -0.986560912603E-12   0.000000000000E+00
  145.   0.488281250000E+03  -0.109195576488E-10   0.000000000000E+00   0.211718750000E+03  -0.199013720890E-11   0.000000000000E+00
  146.   0.487500000000E+03  -0.542145350148E-11   0.000000000000E+00   0.212500000000E+03  -0.999855803445E-12   0.000000000000E+00
  147.   0.486718750000E+03  -0.108442278442E-10   0.000000000000E+00   0.213281250000E+03  -0.201687606052E-11   0.000000000000E+00
  148.   0.485937500000E+03  -0.538388879312E-11   0.000000000000E+00   0.214062500000E+03  -0.101325416301E-11   0.000000000000E+00
  149.   0.485156250000E+03  -0.107691472698E-10   0.000000000000E+00   0.214843750000E+03  -0.204382100932E-11   0.000000000000E+00
  150.   0.484375000000E+03  -0.534645851999E-11   0.000000000000E+00   0.215625000000E+03  -0.102675573647E-11   0.000000000000E+00
  151.   0.483593750000E+03  -0.106943002995E-10   0.000000000000E+00   0.216406250000E+03  -0.207097148307E-11   0.000000000000E+00
  152.   0.482812500000E+03  -0.530913777162E-11   0.000000000000E+00   0.217187500000E+03  -0.104036007793E-11   0.000000000000E+00
  153.   0.482031250000E+03  -0.106196940969E-10   0.000000000000E+00   0.217968750000E+03  -0.209833082079E-11   0.000000000000E+00
  154.   0.481250000000E+03  -0.527192778245E-11   0.000000000000E+00   0.218750000000E+03  -0.105406806920E-11   0.000000000000E+00
  155.   0.480468750000E+03  -0.105453349820E-10   0.000000000000E+00   0.219531250000E+03  -0.212590047711E-11   0.000000000000E+00
  156.   0.479687500000E+03  -0.523486060122E-11   0.000000000000E+00   0.220312500000E+03  -0.106787901088E-11   0.000000000000E+00
  157.   0.478906250000E+03  -0.104712185500E-10   0.000000000000E+00   0.221093750000E+03  -0.215367961359E-11   0.000000000000E+00
  158.   0.478125000000E+03  -0.519789510704E-11   0.000000000000E+00   0.221875000000E+03  -0.108179876485E-11   0.000000000000E+00
  159.   0.477343750000E+03  -0.103973428710E-10   0.000000000000E+00   0.222656250000E+03  -0.218167056971E-11   0.000000000000E+00
  160.   0.476562500000E+03  -0.516105631805E-11   0.000000000000E+00   0.223437500000E+03  -0.109582351282E-11   0.000000000000E+00
  161.   0.475781250000E+03  -0.103237169873E-10   0.000000000000E+00   0.224218750000E+03  -0.220987304430E-11   0.000000000000E+00
  162.   0.475000000000E+03  -0.512435224557E-11   0.000000000000E+00   0.225000000000E+03  -0.110995370787E-11   0.000000000000E+00
  163.   0.474218750000E+03  -0.102503405611E-10   0.000000000000E+00   0.225781250000E+03  -0.223829126265E-11   0.000000000000E+00
  164.   0.473437500000E+03  -0.508776572283E-11   0.000000000000E+00   0.226562500000E+03  -0.112418899724E-11   0.000000000000E+00
  165.   0.472656250000E+03  -0.101772185594E-10   0.000000000000E+00   0.227343750000E+03  -0.226692521969E-11   0.000000000000E+00
  166.   0.471875000000E+03  -0.505130044701E-11   0.000000000000E+00   0.228125000000E+03  -0.113853667533E-11   0.000000000000E+00
  167.   0.471093750000E+03  -0.101043396542E-10   0.000000000000E+00   0.228906250000E+03  -0.229577579582E-11   0.000000000000E+00
  168.   0.470312500000E+03  -0.501496263593E-11   0.000000000000E+00   0.229687500000E+03  -0.115299162432E-11   0.000000000000E+00
  169.   0.469531250000E+03  -0.100317106107E-10   0.000000000000E+00   0.230468750000E+03  -0.232484433116E-11   0.000000000000E+00
  170.   0.468750000000E+03  -0.497875304594E-11   0.000000000000E+00   0.231250000000E+03  -0.116755508837E-11   0.000000000000E+00
  171.   0.467968750000E+03  -0.995933631865E-11   0.000000000000E+00   0.232031250000E+03  -0.235413218204E-11   0.000000000000E+00
  172.   0.467187500000E+03  -0.494266427839E-11   0.000000000000E+00   0.232812500000E+03  -0.118222661505E-11   0.000000000000E+00
  173.   0.466406250000E+03  -0.988721628940E-11   0.000000000000E+00   0.233593750000E+03  -0.238364126211E-11   0.000000000000E+00
  174.   0.465625000000E+03  -0.490670390709E-11   0.000000000000E+00   0.234375000000E+03  -0.119701226170E-11   0.000000000000E+00
  175.   0.464843750000E+03  -0.981535084322E-11   0.000000000000E+00   0.235156250000E+03  -0.241337283294E-11   0.000000000000E+00
  176.   0.464062500000E+03  -0.487087374535E-11   0.000000000000E+00   0.235937500000E+03  -0.121190785370E-11   0.000000000000E+00
  177.   0.463281250000E+03  -0.974374817199E-11   0.000000000000E+00   0.236718750000E+03  -0.244332679473E-11   0.000000000000E+00
  178.   0.462500000000E+03  -0.483517906534E-11   0.000000000000E+00   0.237500000000E+03  -0.122691345260E-11   0.000000000000E+00
  179.   0.461718750000E+03  -0.967240192522E-11   0.000000000000E+00   0.238281250000E+03  -0.247350478072E-11   0.000000000000E+00
  180.   0.460937500000E+03  -0.479960043927E-11   0.000000000000E+00   0.239062500000E+03  -0.124203196284E-11   0.000000000000E+00
  181.   0.460156250000E+03  -0.960130445271E-11   0.000000000000E+00   0.239843750000E+03  -0.250391153531E-11   0.000000000000E+00
  182.   0.459375000000E+03  -0.476414339421E-11   0.000000000000E+00   0.240625000000E+03  -0.125726644940E-11   0.000000000000E+00
  183.   0.458593750000E+03  -0.953047171043E-11   0.000000000000E+00   0.241406250000E+03  -0.253454550868E-11   0.000000000000E+00
  184.   0.457812500000E+03  -0.472883446684E-11   0.000000000000E+00   0.242187500000E+03  -0.127261335285E-11   0.000000000000E+00
  185.   0.457031250000E+03  -0.945990554585E-11   0.000000000000E+00   0.242968750000E+03  -0.256541029551E-11   0.000000000000E+00
  186.   0.456250000000E+03  -0.469365120931E-11   0.000000000000E+00   0.243750000000E+03  -0.128807636654E-11   0.000000000000E+00
  187.   0.455468750000E+03  -0.938960416237E-11   0.000000000000E+00   0.244531250000E+03  -0.259650546859E-11   0.000000000000E+00
  188.   0.454687500000E+03  -0.465859001649E-11   0.000000000000E+00   0.245312500000E+03  -0.130365347872E-11   0.000000000000E+00
  189.   0.453906250000E+03  -0.931956524098E-11   0.000000000000E+00   0.246093750000E+03  -0.262783503809E-11   0.000000000000E+00
  190.   0.453125000000E+03  -0.462368113417E-11   0.000000000000E+00   0.246875000000E+03  -0.131934862045E-11   0.000000000000E+00
  191.   0.452343750000E+03  -0.924979230746E-11   0.000000000000E+00   0.247656250000E+03  -0.265939995990E-11   0.000000000000E+00
  192.   0.451562500000E+03  -0.458889011228E-11   0.000000000000E+00   0.248437500000E+03  -0.133516050630E-11   0.000000000000E+00
  193.   0.450781250000E+03  -0.918029824921E-11   0.000000000000E+00   0.249218750000E+03  -0.269120340511E-11   0.000000000000E+00
  194.   0.450000000000E+03  -0.455424540464E-11   0.000000000000E+00   0.250000000000E+03  -0.135109609184E-11   0.000000000000E+00
  195.   0.449218750000E+03  -0.911107392229E-11   0.000000000000E+00   0.250781250000E+03  -0.272324649121E-11   0.000000000000E+00
  196.   0.448437500000E+03  -0.451973320621E-11   0.000000000000E+00   0.251562500000E+03  -0.136714953273E-11   0.000000000000E+00
  197.   0.447656250000E+03  -0.904212721620E-11   0.000000000000E+00   0.252343750000E+03  -0.275553167868E-11   0.000000000000E+00
  198.   0.446875000000E+03  -0.448536433055E-11   0.000000000000E+00   0.253125000000E+03  -0.138332343512E-11   0.000000000000E+00
  199.   0.446093750000E+03  -0.897346106346E-11   0.000000000000E+00   0.253906250000E+03  -0.278806429805E-11   0.000000000000E+00
  200.   0.445312500000E+03  -0.445114152577E-11   0.000000000000E+00   0.254687500000E+03  -0.139962588734E-11   0.000000000000E+00
  201.   0.444531250000E+03  -0.890507812669E-11   0.000000000000E+00   0.255468750000E+03  -0.282084760644E-11   0.000000000000E+00
  202.   0.443750000000E+03  -0.441703887126E-11   0.000000000000E+00   0.256250000000E+03  -0.141604812831E-11   0.000000000000E+00
  203.   0.442968750000E+03  -0.883699209497E-11   0.000000000000E+00   0.257031250000E+03  -0.285388773492E-11   0.000000000000E+00
  204.   0.442187500000E+03  -0.438311166592E-11   0.000000000000E+00   0.257812500000E+03  -0.143260561051E-11   0.000000000000E+00
  205.   0.441406250000E+03  -0.876920551495E-11   0.000000000000E+00   0.258593750000E+03  -0.288719156261E-11   0.000000000000E+00
  206.   0.440625000000E+03  -0.434931928305E-11   0.000000000000E+00   0.259375000000E+03  -0.144929334592E-11   0.000000000000E+00
  207.   0.439843750000E+03  -0.870172434030E-11   0.000000000000E+00   0.260156250000E+03  -0.292076399967E-11   0.000000000000E+00
  208.   0.439062500000E+03  -0.431568046744E-11   0.000000000000E+00   0.260937500000E+03  -0.146611904111E-11   0.000000000000E+00
  209.   0.438281250000E+03  -0.863456028631E-11   0.000000000000E+00   0.261718750000E+03  -0.295461576780E-11   0.000000000000E+00
  210.   0.437500000000E+03  -0.428221103588E-11   0.000000000000E+00   0.262500000000E+03  -0.148308218684E-11   0.000000000000E+00
  211.   0.436718750000E+03  -0.856772887412E-11   0.000000000000E+00   0.263281250000E+03  -0.298875818576E-11   0.000000000000E+00
  212.   0.435937500000E+03  -0.424890666008E-11   0.000000000000E+00   0.264062500000E+03  -0.150019962278E-11   0.000000000000E+00
  213.   0.435156250000E+03  -0.850124495236E-11   0.000000000000E+00   0.264843750000E+03  -0.302320522898E-11   0.000000000000E+00
  214.   0.434375000000E+03  -0.421578113431E-11   0.000000000000E+00   0.265625000000E+03  -0.151746759807E-11   0.000000000000E+00
  215.   0.433593750000E+03  -0.843512714847E-11   0.000000000000E+00   0.266406250000E+03  -0.305797394785E-11   0.000000000000E+00
  216.   0.432812500000E+03  -0.418284324525E-11   0.000000000000E+00   0.267187500000E+03  -0.153490306052E-11   0.000000000000E+00
  217.   0.432031250000E+03  -0.836940714622E-11   0.000000000000E+00   0.267968750000E+03  -0.309308909610E-11   0.000000000000E+00
  218.   0.431250000000E+03  -0.415011036491E-11   0.000000000000E+00   0.268750000000E+03  -0.155252164029E-11   0.000000000000E+00
  219.   0.430468750000E+03  -0.830412129880E-11   0.000000000000E+00   0.269531250000E+03  -0.312858051337E-11   0.000000000000E+00
  220.   0.429687500000E+03  -0.411761230904E-11   0.000000000000E+00   0.270312500000E+03  -0.157033096199E-11   0.000000000000E+00
  221.   0.428906250000E+03  -0.823931748179E-11   0.000000000000E+00   0.271093750000E+03  -0.316448737680E-11   0.000000000000E+00
  222.   0.428125000000E+03  -0.408536954741E-11   0.000000000000E+00   0.271875000000E+03  -0.158836172039E-11   0.000000000000E+00
  223.   0.427343750000E+03  -0.817504640847E-11   0.000000000000E+00   0.272656250000E+03  -0.320085587767E-11   0.000000000000E+00
  224.   0.426562500000E+03  -0.405339172318E-11   0.000000000000E+00   0.273437500000E+03  -0.160663675126E-11   0.000000000000E+00
  225.   0.425781250000E+03  -0.811138358942E-11   0.000000000000E+00   0.274218750000E+03  -0.323775001066E-11   0.000000000000E+00
  226.   0.425000000000E+03  -0.402175116008E-11   0.000000000000E+00   0.275000000000E+03  -0.162519336343E-11   0.000000000000E+00
  227.   0.424218750000E+03  -0.804843224394E-11   0.000000000000E+00   0.275781250000E+03  -0.327525296935E-11   0.000000000000E+00
  228.   0.423437500000E+03  -0.399048801183E-11   0.000000000000E+00   0.276562500000E+03  -0.164407730241E-11   0.000000000000E+00
  229.   0.422656250000E+03  -0.798631194071E-11   0.000000000000E+00   0.277343750000E+03  -0.331347161201E-11   0.000000000000E+00
  230.   0.421875000000E+03  -0.395967906508E-11   0.000000000000E+00   0.278125000000E+03  -0.166334764794E-11   0.000000000000E+00
  231.   0.421093750000E+03  -0.792517560331E-11   0.000000000000E+00   0.278906250000E+03  -0.335254115930E-11   0.000000000000E+00
  232.   0.420312500000E+03  -0.392939784660E-11   0.000000000000E+00   0.279687500000E+03  -0.168307997668E-11   0.000000000000E+00
  233.   0.419531250000E+03  -0.786524287698E-11   0.000000000000E+00   0.280468750000E+03  -0.339264005250E-11   0.000000000000E+00
  234.   0.418750000000E+03  -0.389978243362E-11   0.000000000000E+00   0.281250000000E+03  -0.170337809088E-11   0.000000000000E+00
  235.   0.417968750000E+03  -0.780678080735E-11   0.000000000000E+00   0.282031250000E+03  -0.343399416811E-11   0.000000000000E+00
  236.   0.417187500000E+03  -0.387097928124E-11   0.000000000000E+00   0.282812500000E+03  -0.172436626100E-11   0.000000000000E+00
  237.   0.416406250000E+03  -0.775011633368E-11   0.000000000000E+00   0.283593750000E+03  -0.347690166931E-11   0.000000000000E+00
  238.   0.415625000000E+03  -0.384316417589E-11   0.000000000000E+00   0.284375000000E+03  -0.174621513265E-11   0.000000000000E+00
  239.   0.414843750000E+03  -0.769568859391E-11   0.000000000000E+00   0.285156250000E+03  -0.352173909119E-11   0.000000000000E+00
  240.   0.414062500000E+03  -0.381659004990E-11   0.000000000000E+00   0.285937500000E+03  -0.176913500612E-11   0.000000000000E+00
  241.   0.413281250000E+03  -0.764405502155E-11   0.000000000000E+00   0.286718750000E+03  -0.356899512795E-11   0.000000000000E+00
  242.   0.412500000000E+03  -0.379156512060E-11   0.000000000000E+00   0.287500000000E+03  -0.179340224245E-11   0.000000000000E+00
  243.   0.411718750000E+03  -0.759593744799E-11   0.000000000000E+00   0.288281250000E+03  -0.361929882706E-11   0.000000000000E+00
  244.   0.410937500000E+03  -0.376850973593E-11   0.000000000000E+00   0.289062500000E+03  -0.181937050478E-11   0.000000000000E+00
  245.   0.410156250000E+03  -0.755224793721E-11   0.000000000000E+00   0.289843750000E+03  -0.367345955292E-11   0.000000000000E+00
  246.   0.409375000000E+03  -0.374791288225E-11   0.000000000000E+00   0.290625000000E+03  -0.184749034017E-11   0.000000000000E+00
  247.   0.408593750000E+03  -0.751416732076E-11   0.000000000000E+00   0.291406250000E+03  -0.373252603614E-11   0.000000000000E+00
  248.   0.407812500000E+03  -0.373045738777E-11   0.000000000000E+00   0.292187500000E+03  -0.187836331530E-11   0.000000000000E+00
  249.   0.407031250000E+03  -0.748323505388E-11   0.000000000000E+00   0.292968750000E+03  -0.379786167479E-11   0.000000000000E+00
  250.   0.406250000000E+03  -0.371701297959E-11   0.000000000000E+00   0.293750000000E+03  -0.191275117631E-11   0.000000000000E+00
  251.   0.405468750000E+03  -0.746144787639E-11   0.000000000000E+00   0.294531250000E+03  -0.387125596003E-11   0.000000000000E+00
  252.   0.404687500000E+03  -0.370870020826E-11   0.000000000000E+00   0.295312500000E+03  -0.195167409939E-11   0.000000000000E+00
  253.   0.403906250000E+03  -0.745143134528E-11   0.000000000000E+00   0.296093750000E+03  -0.395505770211E-11   0.000000000000E+00
  254.   0.403125000000E+03  -0.370701651566E-11   0.000000000000E+00   0.296875000000E+03  -0.199647016490E-11   0.000000000000E+00
  255.   0.402343750000E+03  -0.745664537962E-11   0.000000000000E+00   0.297656250000E+03  -0.405238401544E-11   0.000000000000E+00
  256.   0.401562500000E+03  -0.371393331029E-11   0.000000000000E+00   0.298437500000E+03  -0.204891867673E-11   0.000000000000E+00
  257.   0.400781250000E+03  -0.748166878220E-11   0.000000000000E+00   0.299218750000E+03  -0.416736992600E-11   0.000000000000E+00
  258.   0.400000000000E+03  -0.373205536378E-11   0.000000000000E+00   0.300000000000E+03  -0.211136859596E-11   0.000000000000E+00
  259.   0.399218750000E+03  -0.753253204652E-11   0.000000000000E+00   0.300781250000E+03  -0.430548164292E-11   0.000000000000E+00
  260.   0.398437500000E+03  -0.376480312521E-11   0.000000000000E+00   0.301562500000E+03  -0.218694326493E-11   0.000000000000E+00
  261.   0.397656250000E+03  -0.761713134627E-11   0.000000000000E+00   0.302343750000E+03  -0.447391731016E-11   0.000000000000E+00
  262.   0.396875000000E+03  -0.381667248675E-11   0.000000000000E+00   0.303125000000E+03  -0.227972243809E-11   0.000000000000E+00
  263.   0.396093750000E+03  -0.774567810057E-11   0.000000000000E+00   0.303906250000E+03  -0.468202614221E-11   0.000000000000E+00
  264.   0.395312500000E+03  -0.389337875876E-11   0.000000000000E+00   0.304687500000E+03  -0.239497068716E-11   0.000000000000E+00
  265.   0.394531250000E+03  -0.793113828043E-11   0.000000000000E+00   0.305468750000E+03  -0.494174311088E-11   0.000000000000E+00
  266.   0.393750000000E+03  -0.400216035698E-11   0.000000000000E+00   0.306250000000E+03  -0.253936742829E-11   0.000000000000E+00
  267.   0.392968750000E+03  -0.818960718319E-11   0.000000000000E+00   0.307031250000E+03  -0.526798632396E-11   0.000000000000E+00
  268.   0.392187500000E+03  -0.415190391946E-11   0.000000000000E+00   0.307812500000E+03  -0.272116232135E-11   0.000000000000E+00
  269.   0.391406250000E+03  -0.854055919689E-11   0.000000000000E+00   0.308593750000E+03  -0.567893284477E-11   0.000000000000E+00
  270.   0.390625000000E+03  -0.435318656835E-11   0.000000000000E+00   0.309375000000E+03  -0.295027945410E-11   0.000000000000E+00
  271.   0.389843750000E+03  -0.900695006911E-11   0.000000000000E+00   0.310156250000E+03  -0.619618867794E-11   0.000000000000E+00
  272.   0.389062500000E+03  -0.461836780197E-11   0.000000000000E+00   0.310937500000E+03  -0.323839038654E-11   0.000000000000E+00
  273.   0.388281250000E+03  -0.961532004067E-11   0.000000000000E+00   0.311718750000E+03  -0.684495685003E-11   0.000000000000E+00
  274.   0.387500000000E+03  -0.496160008315E-11   0.000000000000E+00   0.312500000000E+03  -0.359898932590E-11   0.000000000000E+00
  275.   0.386718750000E+03  -0.103963110466E-10   0.000000000000E+00   0.313281250000E+03  -0.765456586091E-11   0.000000000000E+00
  276.   0.385937500000E+03  -0.539928262887E-11   0.000000000000E+00   0.314062500000E+03  -0.404783155403E-11   0.000000000000E+00
  277.   0.385156250000E+03  -0.113864408389E-10   0.000000000000E+00   0.314843750000E+03  -0.866015649857E-11   0.000000000000E+00
  278.   0.384375000000E+03  -0.595140182485E-11   0.000000000000E+00   0.315625000000E+03  -0.460418490810E-11   0.000000000000E+00
  279.   0.383593750000E+03  -0.126326946837E-10   0.000000000000E+00   0.316406250000E+03  -0.990701333938E-11   0.000000000000E+00
  280.   0.382812500000E+03  -0.664476309335E-11   0.000000000000E+00   0.317187500000E+03  -0.529387517798E-11   0.000000000000E+00
  281.   0.382031250000E+03  -0.142024284211E-10   0.000000000000E+00   0.317968750000E+03  -0.114597879447E-10   0.000000000000E+00
  282.   0.381250000000E+03  -0.751966883341E-11   0.000000000000E+00   0.318750000000E+03  -0.615550539702E-11   0.000000000000E+00
  283.   0.380468750000E+03  -0.162017221720E-10   0.000000000000E+00   0.319531250000E+03  -0.134197556258E-10   0.000000000000E+00
  284.   0.379687500000E+03  -0.864167777761E-11   0.000000000000E+00   0.320312500000E+03  -0.725155322390E-11   0.000000000000E+00
  285.   0.378906250000E+03  -0.188057612035E-10   0.000000000000E+00   0.321093750000E+03  -0.159536175799E-10   0.000000000000E+00
  286.   0.378125000000E+03  -0.101203656113E-10   0.000000000000E+00   0.321875000000E+03  -0.868617181688E-11   0.000000000000E+00
  287.   0.377343750000E+03  -0.223038742668E-10   0.000000000000E+00   0.322656250000E+03  -0.193365817561E-10   0.000000000000E+00
  288.   0.376562500000E+03  -0.121358148137E-10   0.000000000000E+00   0.323437500000E+03  -0.106307211390E-10   0.000000000000E+00
  289.   0.375781250000E+03  -0.271581181579E-10   0.000000000000E+00   0.324218750000E+03  -0.240091757453E-10   0.000000000000E+00
  290.   0.375000000000E+03  -0.149711166085E-10   0.000000000000E+00   0.325000000000E+03  -0.133554276784E-10   0.000000000000E+00
  291.   0.374218750000E+03  -0.340663124211E-10   0.000000000000E+00   0.325781250000E+03  -0.306397631567E-10   0.000000000000E+00
  292.   0.373437500000E+03  -0.190433429060E-10   0.000000000000E+00   0.326562500000E+03  -0.172606177928E-10   0.000000000000E+00
  293.   0.372656250000E+03  -0.440066096869E-10   0.000000000000E+00   0.327343750000E+03  -0.401712875344E-10   0.000000000000E+00
  294.   0.371875000000E+03  -0.249173301641E-10   0.000000000000E+00   0.328125000000E+03  -0.228924919432E-10   0.000000000000E+00
  295.   0.371093750000E+03  -0.582216480709E-10   0.000000000000E+00   0.328906250000E+03  -0.538123589382E-10   0.000000000000E+00
  296.   0.370312500000E+03  -0.332757703932E-10   0.000000000000E+00   0.329687500000E+03  -0.309181387148E-10   0.000000000000E+00
  297.   0.369531250000E+03  -0.780805661316E-10   0.000000000000E+00   0.330468750000E+03  -0.729124797511E-10   0.000000000000E+00
  298.   0.368750000000E+03  -0.448095251926E-10   0.000000000000E+00   0.331250000000E+03  -0.420242379349E-10   0.000000000000E+00
  299.   0.367968750000E+03  -0.104755933196E-09   0.000000000000E+00   0.332031250000E+03  -0.986579611101E-10   0.000000000000E+00
  300.   0.367187500000E+03  -0.600018860874E-10   0.000000000000E+00   0.332812500000E+03  -0.567120351489E-10   0.000000000000E+00
  301.   0.366406250000E+03  -0.138671191835E-09   0.000000000000E+00   0.333593750000E+03  -0.131540669256E-09   0.000000000000E+00
  302.   0.365625000000E+03  -0.787889823109E-10   0.000000000000E+00   0.334375000000E+03  -0.749683236697E-10   0.000000000000E+00
  303.   0.364843750000E+03  -0.178783624680E-09   0.000000000000E+00   0.335156250000E+03  -0.170654924716E-09   0.000000000000E+00
  304.   0.364062500000E+03  -0.100182071705E-09   0.000000000000E+00   0.335937500000E+03  -0.958912175868E-10   0.000000000000E+00
  305.   0.363281250000E+03  -0.221742078600E-09   0.000000000000E+00   0.336718750000E+03  -0.212855117997E-09   0.000000000000E+00
  306.   0.362500000000E+03  -0.121812904628E-09   0.000000000000E+00   0.337500000000E+03  -0.117230835322E-09   0.000000000000E+00
  307.   0.361718750000E+03  -0.261389545022E-09   0.000000000000E+00   0.338281250000E+03  -0.252225032153E-09   0.000000000000E+00
  308.   0.360937500000E+03  -0.139858670723E-09   0.000000000000E+00   0.339062500000E+03  -0.135288897153E-09   0.000000000000E+00
  309.   0.360156250000E+03  -0.287728982200E-09   0.000000000000E+00   0.339843750000E+03  -0.279010965570E-09   0.000000000000E+00
  310.   0.359375000000E+03  -0.148291439122E-09   0.000000000000E+00   0.340625000000E+03  -0.144147933333E-09   0.000000000000E+00
  311.   0.358593750000E+03  -0.288356864901E-09   0.000000000000E+00   0.341406250000E+03  -0.280940215456E-09   0.000000000000E+00
  312.   0.357812500000E+03  -0.140139654468E-09   0.000000000000E+00   0.342187500000E+03  -0.136882643270E-09   0.000000000000E+00
  313.   0.357031250000E+03  -0.241573827065E-09   0.000000000000E+00   0.342968750000E+03  -0.236396929545E-09   0.000000000000E+00
  314.   0.356250000000E+03  -0.103740812494E-09   0.000000000000E+00   0.343750000000E+03  -0.101770840281E-09   0.000000000000E+00
  315.   0.355468750000E+03  -0.132232085966E-09   0.000000000000E+00   0.344531250000E+03  -0.129887161179E-09   0.000000000000E+00
  316.   0.354687500000E+03  -0.236786642401E-10   0.000000000000E+00   0.345312500000E+03  -0.233886999399E-10   0.000000000000E+00
  317.   0.353906250000E+03   0.117900902079E-09   0.000000000000E+00   0.346093750000E+03   0.116941490844E-09   0.000000000000E+00
  318.   0.353125000000E+03   0.979121230438E-10   0.000000000000E+00   0.346875000000E+03   0.973015864472E-10   0.000000000000E+00
  319.   0.352343750000E+03   0.505885930170E-09   0.000000000000E+00   0.347656250000E+03   0.502318081372E-09   0.000000000000E+00
  320.   0.351562500000E+03   0.545899669136E-09   0.000000000000E+00   0.348437500000E+03   0.542852947008E-09   0.000000000000E+00
  321.   0.350781250000E+03   0.139679325961E-08   0.000000000000E+00   0.349218750000E+03   0.139501103925E-08   0.000000000000E+00
  322.   0.350000000000E+03   0.391579621406E-08   0.000000000000E+00   0.350000000000E+03   0.391579624362E-08   0.000000000000E+00
  323.   0.349218750000E+03   0.139501098199E-08   0.000000000000E+00   0.350781250000E+03   0.139679331896E-08   0.000000000000E+00
  324.   0.348437500000E+03   0.542852921353E-09   0.000000000000E+00   0.351562500000E+03   0.545899692519E-09   0.000000000000E+00
  325.   0.347656250000E+03   0.502318025217E-09   0.000000000000E+00   0.352343750000E+03   0.505885990523E-09   0.000000000000E+00
  326.   0.346875000000E+03   0.973015610423E-10   0.000000000000E+00   0.353125000000E+03   0.979121517530E-10   0.000000000000E+00
  327.   0.346093750000E+03   0.116941436202E-09   0.000000000000E+00   0.353906250000E+03   0.117900961355E-09   0.000000000000E+00
  328.   0.345312500000E+03  -0.233887253620E-10   0.000000000000E+00   0.354687500000E+03  -0.236786351863E-10   0.000000000000E+00
  329.   0.344531250000E+03  -0.129887220508E-09   0.000000000000E+00   0.355468750000E+03  -0.132232027258E-09   0.000000000000E+00
  330.   0.343750000000E+03  -0.101770869039E-09   0.000000000000E+00   0.356250000000E+03  -0.103740783079E-09   0.000000000000E+00
  331.   0.342968750000E+03  -0.236396986592E-09   0.000000000000E+00   0.357031250000E+03  -0.241573772135E-09   0.000000000000E+00
  332.   0.342187500000E+03  -0.136882675563E-09   0.000000000000E+00   0.357812500000E+03  -0.140139625197E-09   0.000000000000E+00
  333.   0.341406250000E+03  -0.280940271971E-09   0.000000000000E+00   0.358593750000E+03  -0.288356811737E-09   0.000000000000E+00
  334.   0.340625000000E+03  -0.144147965476E-09   0.000000000000E+00   0.359375000000E+03  -0.148291408315E-09   0.000000000000E+00
  335.   0.339843750000E+03  -0.279011024973E-09   0.000000000000E+00   0.360156250000E+03  -0.287728932003E-09   0.000000000000E+00
  336.   0.339062500000E+03  -0.135288922764E-09   0.000000000000E+00   0.360937500000E+03  -0.139858644946E-09   0.000000000000E+00
  337.   0.338281250000E+03  -0.252225088198E-09   0.000000000000E+00   0.361718750000E+03  -0.261389493422E-09   0.000000000000E+00
  338.   0.337500000000E+03  -0.117230859977E-09   0.000000000000E+00   0.362500000000E+03  -0.121812878744E-09   0.000000000000E+00
  339.   0.336718750000E+03  -0.212855173396E-09   0.000000000000E+00   0.363281250000E+03  -0.221742025690E-09   0.000000000000E+00
  340.   0.335937500000E+03  -0.958912493064E-10   0.000000000000E+00   0.364062500000E+03  -0.100182040072E-09   0.000000000000E+00
  341.   0.335156250000E+03  -0.170654981948E-09   0.000000000000E+00   0.364843750000E+03  -0.178783571509E-09   0.000000000000E+00
  342.   0.334375000000E+03  -0.749683546443E-10   0.000000000000E+00   0.365625000000E+03  -0.787889660068E-10   0.000000000000E+00
  343.   0.333593750000E+03  -0.131540728260E-09   0.000000000000E+00   0.366406250000E+03  -0.138671139111E-09   0.000000000000E+00
  344.   0.332812500000E+03  -0.567120677765E-10   0.000000000000E+00   0.367187500000E+03  -0.600018634019E-10   0.000000000000E+00
  345.   0.332031250000E+03  -0.986580188136E-10   0.000000000000E+00   0.367968750000E+03  -0.104755880943E-09   0.000000000000E+00
  346.   0.331250000000E+03  -0.420242681782E-10   0.000000000000E+00   0.368750000000E+03  -0.448094995425E-10   0.000000000000E+00
  347.   0.330468750000E+03  -0.729125375249E-10   0.000000000000E+00   0.369531250000E+03  -0.780805108566E-10   0.000000000000E+00
  348.   0.329687500000E+03  -0.309181718476E-10   0.000000000000E+00   0.370312500000E+03  -0.332757457541E-10   0.000000000000E+00
  349.   0.328906250000E+03  -0.538124213624E-10   0.000000000000E+00   0.371093750000E+03  -0.582215914530E-10   0.000000000000E+00
  350.   0.328125000000E+03  -0.228925220070E-10   0.000000000000E+00   0.371875000000E+03  -0.249173026989E-10   0.000000000000E+00
  351.   0.327343750000E+03  -0.401713476935E-10   0.000000000000E+00   0.372656250000E+03  -0.440065528228E-10   0.000000000000E+00
  352.   0.326562500000E+03  -0.172606487863E-10   0.000000000000E+00   0.373437500000E+03  -0.190433152803E-10   0.000000000000E+00
  353.   0.325781250000E+03  -0.306398228701E-10   0.000000000000E+00   0.374218750000E+03  -0.340662550501E-10   0.000000000000E+00
  354.   0.325000000000E+03  -0.133554593003E-10   0.000000000000E+00   0.375000000000E+03  -0.149710886335E-10   0.000000000000E+00
  355.   0.324218750000E+03  -0.240092370750E-10   0.000000000000E+00   0.375781250000E+03  -0.271580645392E-10   0.000000000000E+00
  356.   0.323437500000E+03  -0.106307537490E-10   0.000000000000E+00   0.376562500000E+03  -0.121357895417E-10   0.000000000000E+00
  357.   0.322656250000E+03  -0.193366413998E-10   0.000000000000E+00   0.377343750000E+03  -0.223038236385E-10   0.000000000000E+00
  358.   0.321875000000E+03  -0.868620280754E-11   0.000000000000E+00   0.378125000000E+03  -0.101203366037E-10   0.000000000000E+00
  359.   0.321093750000E+03  -0.159536792662E-10   0.000000000000E+00   0.378906250000E+03  -0.188057134478E-10   0.000000000000E+00
  360.   0.320312500000E+03  -0.725158473060E-11   0.000000000000E+00   0.379687500000E+03  -0.864166316171E-11   0.000000000000E+00
  361.   0.319531250000E+03  -0.134198192057E-10   0.000000000000E+00   0.380468750000E+03  -0.162016826385E-10   0.000000000000E+00
  362.   0.318750000000E+03  -0.615554414753E-11   0.000000000000E+00   0.381250000000E+03  -0.751966622410E-11   0.000000000000E+00
  363.   0.317968750000E+03  -0.114598504370E-10   0.000000000000E+00   0.382031250000E+03  -0.142023916144E-10   0.000000000000E+00
  364.   0.317187500000E+03  -0.529390809984E-11   0.000000000000E+00   0.382812500000E+03  -0.664474926427E-11   0.000000000000E+00
  365.   0.316406250000E+03  -0.990707416389E-11   0.000000000000E+00   0.383593750000E+03  -0.126326424069E-10   0.000000000000E+00
  366.   0.315625000000E+03  -0.460421494682E-11   0.000000000000E+00   0.384375000000E+03  -0.595136749340E-11   0.000000000000E+00
  367.   0.314843750000E+03  -0.866021368229E-11   0.000000000000E+00   0.385156250000E+03  -0.113863841295E-10   0.000000000000E+00
  368.   0.314062500000E+03  -0.404785404481E-11   0.000000000000E+00   0.385937500000E+03  -0.539925788566E-11   0.000000000000E+00
  369.   0.313281250000E+03  -0.765462087830E-11   0.000000000000E+00   0.386718750000E+03  -0.103962574728E-10   0.000000000000E+00
  370.   0.312500000000E+03  -0.359901968780E-11   0.000000000000E+00   0.387500000000E+03  -0.496157067368E-11   0.000000000000E+00
  371.   0.311718750000E+03  -0.684501319365E-11   0.000000000000E+00   0.388281250000E+03  -0.961526090930E-11   0.000000000000E+00
  372.   0.310937500000E+03  -0.323841417359E-11   0.000000000000E+00   0.389062500000E+03  -0.461833211888E-11   0.000000000000E+00
  373.   0.310156250000E+03  -0.619624279591E-11   0.000000000000E+00   0.389843750000E+03  -0.900688683590E-11   0.000000000000E+00
  374.   0.309375000000E+03  -0.295030617034E-11   0.000000000000E+00   0.390625000000E+03  -0.435315511769E-11   0.000000000000E+00
  375.   0.308593750000E+03  -0.567898716722E-11   0.000000000000E+00   0.391406250000E+03  -0.854050017821E-11   0.000000000000E+00
  376.   0.307812500000E+03  -0.272119256952E-11   0.000000000000E+00   0.392187500000E+03  -0.415187207341E-11   0.000000000000E+00
  377.   0.307031250000E+03  -0.526803845124E-11   0.000000000000E+00   0.392968750000E+03  -0.818954675967E-11   0.000000000000E+00
  378.   0.306250000000E+03  -0.253939297340E-11   0.000000000000E+00   0.393750000000E+03  -0.400213280477E-11   0.000000000000E+00
  379.   0.305468750000E+03  -0.494179201692E-11   0.000000000000E+00   0.394531250000E+03  -0.793107200473E-11   0.000000000000E+00
  380.   0.304687500000E+03  -0.239499509014E-11   0.000000000000E+00   0.395312500000E+03  -0.389334146087E-11   0.000000000000E+00
  381.   0.303906250000E+03  -0.468207353582E-11   0.000000000000E+00   0.396093750000E+03  -0.774560636655E-11   0.000000000000E+00
  382.   0.303125000000E+03  -0.227974003412E-11   0.000000000000E+00   0.396875000000E+03  -0.381663296823E-11   0.000000000000E+00
  383.   0.302343750000E+03  -0.447396766402E-11   0.000000000000E+00   0.397656250000E+03  -0.761705745509E-11   0.000000000000E+00
  384.   0.301562500000E+03  -0.218696436053E-11   0.000000000000E+00   0.398437500000E+03  -0.376477195284E-11   0.000000000000E+00
  385.   0.300781250000E+03  -0.430553212253E-11   0.000000000000E+00   0.399218750000E+03  -0.753246077161E-11   0.000000000000E+00
  386.   0.300000000000E+03  -0.211139669753E-11   0.000000000000E+00   0.400000000000E+03  -0.373201692773E-11   0.000000000000E+00
  387.   0.299218750000E+03  -0.416742053868E-11   0.000000000000E+00   0.400781250000E+03  -0.748159547401E-11   0.000000000000E+00
  388.   0.298437500000E+03  -0.204894628654E-11   0.000000000000E+00   0.401562500000E+03  -0.371389509645E-11   0.000000000000E+00
  389.   0.297656250000E+03  -0.405243777787E-11   0.000000000000E+00   0.402343750000E+03  -0.745657029905E-11   0.000000000000E+00
  390.   0.296875000000E+03  -0.199649906348E-11   0.000000000000E+00   0.403125000000E+03  -0.370698074191E-11   0.000000000000E+00
  391.   0.296093750000E+03  -0.395511119944E-11   0.000000000000E+00   0.403906250000E+03  -0.745135889091E-11   0.000000000000E+00
  392.   0.295312500000E+03  -0.195169898295E-11   0.000000000000E+00   0.404687500000E+03  -0.370866607647E-11   0.000000000000E+00
  393.   0.294531250000E+03  -0.387130846104E-11   0.000000000000E+00   0.405468750000E+03  -0.746137733344E-11   0.000000000000E+00
  394.   0.293750000000E+03  -0.191277939606E-11   0.000000000000E+00   0.406250000000E+03  -0.371697702580E-11   0.000000000000E+00
  395.   0.292968750000E+03  -0.379791646830E-11   0.000000000000E+00   0.407031250000E+03  -0.748316931083E-11   0.000000000000E+00
  396.   0.292187500000E+03  -0.187838985828E-11   0.000000000000E+00   0.407812500000E+03  -0.373042882617E-11   0.000000000000E+00
  397.   0.291406250000E+03  -0.373257919455E-11   0.000000000000E+00   0.408593750000E+03  -0.751410906798E-11   0.000000000000E+00
  398.   0.290625000000E+03  -0.184751823576E-11   0.000000000000E+00   0.409375000000E+03  -0.374788676878E-11   0.000000000000E+00
  399.   0.289843750000E+03  -0.367351334187E-11   0.000000000000E+00   0.410156250000E+03  -0.755219247963E-11   0.000000000000E+00
  400.   0.289062500000E+03  -0.181939636694E-11   0.000000000000E+00   0.410937500000E+03  -0.376847802724E-11   0.000000000000E+00
  401.   0.288281250000E+03  -0.361935238161E-11   0.000000000000E+00   0.411718750000E+03  -0.759588253154E-11   0.000000000000E+00
  402.   0.287500000000E+03  -0.179342732469E-11   0.000000000000E+00   0.412500000000E+03  -0.379154583853E-11   0.000000000000E+00
  403.   0.286718750000E+03  -0.356905007180E-11   0.000000000000E+00   0.413281250000E+03  -0.764400264231E-11   0.000000000000E+00
  404.   0.285937500000E+03  -0.176916522367E-11   0.000000000000E+00   0.414062500000E+03  -0.381656325882E-11   0.000000000000E+00
  405.   0.285156250000E+03  -0.352179527724E-11   0.000000000000E+00   0.414843750000E+03  -0.769563601853E-11   0.000000000000E+00
  406.   0.284375000000E+03  -0.174624214753E-11   0.000000000000E+00   0.415625000000E+03  -0.384313452805E-11   0.000000000000E+00
  407.   0.283593750000E+03  -0.347695691354E-11   0.000000000000E+00   0.416406250000E+03  -0.775006642099E-11   0.000000000000E+00
  408.   0.282812500000E+03  -0.172439414757E-11   0.000000000000E+00   0.417187500000E+03  -0.387095004632E-11   0.000000000000E+00
  409.   0.282031250000E+03  -0.343404860520E-11   0.000000000000E+00   0.417968750000E+03  -0.780673478803E-11   0.000000000000E+00
  410.   0.281250000000E+03  -0.170340423267E-11   0.000000000000E+00   0.418750000000E+03  -0.389976230940E-11   0.000000000000E+00
  411.   0.280468750000E+03  -0.339269175648E-11   0.000000000000E+00   0.419531250000E+03  -0.786520261284E-11   0.000000000000E+00
  412.   0.279687500000E+03  -0.168310612462E-11   0.000000000000E+00   0.420312500000E+03  -0.392937603179E-11   0.000000000000E+00
  413.   0.278906250000E+03  -0.335259261023E-11   0.000000000000E+00   0.421093750000E+03  -0.792513186266E-11   0.000000000000E+00
  414.   0.278125000000E+03  -0.166337480538E-11   0.000000000000E+00   0.421875000000E+03  -0.395964840100E-11   0.000000000000E+00
  415.   0.277343750000E+03  -0.331352220532E-11   0.000000000000E+00   0.422656250000E+03  -0.798625986506E-11   0.000000000000E+00
  416.   0.276562500000E+03  -0.164410079812E-11   0.000000000000E+00   0.423437500000E+03  -0.399046312219E-11   0.000000000000E+00
  417.   0.275781250000E+03  -0.327530445147E-11   0.000000000000E+00   0.424218750000E+03  -0.804837750044E-11   0.000000000000E+00
  418.   0.275000000000E+03  -0.162522012775E-11   0.000000000000E+00   0.425000000000E+03  -0.402172880570E-11   0.000000000000E+00
  419.   0.274218750000E+03  -0.323780226740E-11   0.000000000000E+00   0.425781250000E+03  -0.811132569190E-11   0.000000000000E+00
  420.   0.273437500000E+03  -0.160666710855E-11   0.000000000000E+00   0.426562500000E+03  -0.405336956383E-11   0.000000000000E+00
  421.   0.272656250000E+03  -0.320090715602E-11   0.000000000000E+00   0.427343750000E+03  -0.817498476280E-11   0.000000000000E+00
  422.   0.271875000000E+03  -0.158838944041E-11   0.000000000000E+00   0.428125000000E+03  -0.408532710175E-11   0.000000000000E+00
  423.   0.271093750000E+03  -0.316453754968E-11   0.000000000000E+00   0.428906250000E+03  -0.823925469798E-11   0.000000000000E+00
  424.   0.270312500000E+03  -0.157035900362E-11   0.000000000000E+00   0.429687500000E+03  -0.411758527036E-11   0.000000000000E+00
  425.   0.269531250000E+03  -0.312863304482E-11   0.000000000000E+00   0.430468750000E+03  -0.830406243310E-11   0.000000000000E+00
  426.   0.268750000000E+03  -0.155254850554E-11   0.000000000000E+00   0.431250000000E+03  -0.415008884439E-11   0.000000000000E+00
  427.   0.267968750000E+03  -0.309314266719E-11   0.000000000000E+00   0.432031250000E+03  -0.836935059043E-11   0.000000000000E+00
  428.   0.267187500000E+03  -0.153493319791E-11   0.000000000000E+00   0.432812500000E+03  -0.418281815525E-11   0.000000000000E+00
  429.   0.266406250000E+03  -0.305802893784E-11   0.000000000000E+00   0.433593750000E+03  -0.843507128263E-11   0.000000000000E+00
  430.   0.265625000000E+03  -0.151749651277E-11   0.000000000000E+00   0.434375000000E+03  -0.421575628689E-11   0.000000000000E+00
  431.   0.264843750000E+03  -0.302325961662E-11   0.000000000000E+00   0.435156250000E+03  -0.850118809068E-11   0.000000000000E+00
  432.   0.264062500000E+03  -0.150022658264E-11   0.000000000000E+00   0.435937500000E+03  -0.424889027372E-11   0.000000000000E+00
  433.   0.263281250000E+03  -0.298881418395E-11   0.000000000000E+00   0.436718750000E+03  -0.856767601672E-11   0.000000000000E+00
  434.   0.262500000000E+03  -0.148311137017E-11   0.000000000000E+00   0.437500000000E+03  -0.428218605838E-11   0.000000000000E+00
  435.   0.261718750000E+03  -0.295467141101E-11   0.000000000000E+00   0.438281250000E+03  -0.863450323094E-11   0.000000000000E+00
  436.   0.260937500000E+03  -0.146614000641E-11   0.000000000000E+00   0.439062500000E+03  -0.431565885732E-11   0.000000000000E+00
  437.   0.260156250000E+03  -0.292081697151E-11   0.000000000000E+00   0.439843750000E+03  -0.870166656221E-11   0.000000000000E+00
  438.   0.259375000000E+03  -0.144931809997E-11   0.000000000000E+00   0.440625000000E+03  -0.434928814849E-11   0.000000000000E+00
  439.   0.258593750000E+03  -0.288724379068E-11   0.000000000000E+00   0.441406250000E+03  -0.876914826551E-11   0.000000000000E+00
  440.   0.257812500000E+03  -0.143263140917E-11   0.000000000000E+00   0.442187500000E+03  -0.438307499533E-11   0.000000000000E+00
  441.   0.257031250000E+03  -0.285394210153E-11   0.000000000000E+00   0.442968750000E+03  -0.883693284084E-11   0.000000000000E+00
  442.   0.256250000000E+03  -0.141607556756E-11   0.000000000000E+00   0.443750000000E+03  -0.441701178671E-11   0.000000000000E+00
  443.   0.255468750000E+03  -0.282090137495E-11   0.000000000000E+00   0.444531250000E+03  -0.890501983477E-11   0.000000000000E+00
  444.   0.254687500000E+03  -0.139964911922E-11   0.000000000000E+00   0.445312500000E+03  -0.445110771101E-11   0.000000000000E+00
  445.   0.253906250000E+03  -0.278811520118E-11   0.000000000000E+00   0.446093750000E+03  -0.897340310809E-11   0.000000000000E+00
  446.   0.253125000000E+03  -0.138334789702E-11   0.000000000000E+00   0.446875000000E+03  -0.448533898183E-11   0.000000000000E+00
  447.   0.252343750000E+03  -0.275558065522E-11   0.000000000000E+00   0.447656250000E+03  -0.904207194567E-11   0.000000000000E+00
  448.   0.251562500000E+03  -0.136717077343E-11   0.000000000000E+00   0.448437500000E+03  -0.451970928844E-11   0.000000000000E+00
  449.   0.250781250000E+03  -0.272329569119E-11   0.000000000000E+00   0.449218750000E+03  -0.911101694746E-11   0.000000000000E+00
  450.   0.250000000000E+03  -0.135111995742E-11   0.000000000000E+00   0.450000000000E+03  -0.455422320351E-11   0.000000000000E+00
  451.   0.249218750000E+03  -0.269125316522E-11   0.000000000000E+00   0.450781250000E+03  -0.918023759738E-11   0.000000000000E+00
  452.   0.248437500000E+03  -0.133518893263E-11   0.000000000000E+00   0.451562500000E+03  -0.458886674708E-11   0.000000000000E+00
  453.   0.247656250000E+03  -0.265945110850E-11   0.000000000000E+00   0.452343750000E+03  -0.924973950696E-11   0.000000000000E+00
  454.   0.246875000000E+03  -0.131937364244E-11   0.000000000000E+00   0.453125000000E+03  -0.462365638514E-11   0.000000000000E+00
  455.   0.246093750000E+03  -0.262788516931E-11   0.000000000000E+00   0.453906250000E+03  -0.931951352928E-11   0.000000000000E+00
  456.   0.245312500000E+03  -0.130367706260E-11   0.000000000000E+00   0.454687500000E+03  -0.465857699956E-11   0.000000000000E+00
  457.   0.244531250000E+03  -0.259655530953E-11   0.000000000000E+00   0.455468750000E+03  -0.938955039239E-11   0.000000000000E+00
  458.   0.243750000000E+03  -0.128809978039E-11   0.000000000000E+00   0.456250000000E+03  -0.469362937246E-11   0.000000000000E+00
  459.   0.242968750000E+03  -0.256545982114E-11   0.000000000000E+00   0.457031250000E+03  -0.945985377908E-11   0.000000000000E+00
  460.   0.242187500000E+03  -0.127263720403E-11   0.000000000000E+00   0.457812500000E+03  -0.472880671723E-11   0.000000000000E+00
  461.   0.241406250000E+03  -0.253459445919E-11   0.000000000000E+00   0.458593750000E+03  -0.953042255432E-11   0.000000000000E+00
  462.   0.240625000000E+03  -0.125728862751E-11   0.000000000000E+00   0.459375000000E+03  -0.476412499939E-11   0.000000000000E+00
  463.   0.239843750000E+03  -0.250396076116E-11   0.000000000000E+00   0.460156250000E+03  -0.960125238426E-11   0.000000000000E+00
  464.   0.239062500000E+03  -0.124205700840E-11   0.000000000000E+00   0.460937500000E+03  -0.479957034231E-11   0.000000000000E+00
  465.   0.238281250000E+03  -0.247355543476E-11   0.000000000000E+00   0.461718750000E+03  -0.967234372580E-11   0.000000000000E+00
  466.   0.237500000000E+03  -0.122693719885E-11   0.000000000000E+00   0.462500000000E+03  -0.483514611534E-11   0.000000000000E+00
  467.   0.236718750000E+03  -0.244337480178E-11   0.000000000000E+00   0.463281250000E+03  -0.974369290823E-11   0.000000000000E+00
  468.   0.235937500000E+03  -0.121192966794E-11   0.000000000000E+00   0.464062500000E+03  -0.487084332260E-11   0.000000000000E+00
  469.   0.235156250000E+03  -0.241342045250E-11   0.000000000000E+00   0.464843750000E+03  -0.981529723131E-11   0.000000000000E+00
  470.   0.234375000000E+03  -0.119703664763E-11   0.000000000000E+00   0.465625000000E+03  -0.490667487673E-11   0.000000000000E+00
  471.   0.233593750000E+03  -0.238369034240E-11   0.000000000000E+00   0.466406250000E+03  -0.988716587757E-11   0.000000000000E+00
  472.   0.232812500000E+03  -0.118224924174E-11   0.000000000000E+00   0.467187500000E+03  -0.494264043336E-11   0.000000000000E+00
  473.   0.232031250000E+03  -0.235418164995E-11   0.000000000000E+00   0.467968750000E+03  -0.995928241544E-11   0.000000000000E+00
  474.   0.231250000000E+03  -0.116757857356E-11   0.000000000000E+00   0.468750000000E+03  -0.497872190015E-11   0.000000000000E+00
  475.   0.230468750000E+03  -0.232489296655E-11   0.000000000000E+00   0.469531250000E+03  -0.100316585584E-10   0.000000000000E+00
  476.   0.229687500000E+03  -0.115301643279E-11   0.000000000000E+00   0.470312500000E+03  -0.501494574207E-11   0.000000000000E+00
  477.   0.228906250000E+03  -0.229582275563E-11   0.000000000000E+00   0.471093750000E+03  -0.101042879415E-10   0.000000000000E+00
  478.   0.228125000000E+03  -0.113855982728E-11   0.000000000000E+00   0.471875000000E+03  -0.505127255713E-11   0.000000000000E+00
  479.   0.227343750000E+03  -0.226697161809E-11   0.000000000000E+00   0.472656250000E+03  -0.101771615519E-10   0.000000000000E+00
  480.   0.226562500000E+03  -0.112421390534E-11   0.000000000000E+00   0.473437500000E+03  -0.508773988946E-11   0.000000000000E+00
  481.   0.225781250000E+03  -0.223833846497E-11   0.000000000000E+00   0.474218750000E+03  -0.102502934643E-10   0.000000000000E+00
  482.   0.225000000000E+03  -0.110997452999E-11   0.000000000000E+00   0.475000000000E+03  -0.512431867969E-11   0.000000000000E+00
  483.   0.224218750000E+03  -0.220992063355E-11   0.000000000000E+00   0.475781250000E+03  -0.103236698899E-10   0.000000000000E+00
  484.   0.223437500000E+03  -0.109584768671E-11   0.000000000000E+00   0.476562500000E+03  -0.516103503297E-11   0.000000000000E+00
  485.   0.222656250000E+03  -0.218171670271E-11   0.000000000000E+00   0.477343750000E+03  -0.103972903634E-10   0.000000000000E+00
  486.   0.221875000000E+03  -0.108182122628E-11   0.000000000000E+00   0.478125000000E+03  -0.519786353921E-11   0.000000000000E+00
  487.   0.221093750000E+03  -0.215372563378E-11   0.000000000000E+00   0.478906250000E+03  -0.104711592751E-10   0.000000000000E+00
  488.   0.220312500000E+03  -0.106790215869E-11   0.000000000000E+00   0.479687500000E+03  -0.523481526443E-11   0.000000000000E+00
  489.   0.219531250000E+03  -0.212594734519E-11   0.000000000000E+00   0.480468750000E+03  -0.105452726590E-10   0.000000000000E+00
  490.   0.218750000000E+03  -0.105409086333E-11   0.000000000000E+00   0.481250000000E+03  -0.527190056808E-11   0.000000000000E+00
  491.   0.217968750000E+03  -0.209837787934E-11   0.000000000000E+00   0.482031250000E+03  -0.106196338084E-10   0.000000000000E+00
  492.   0.217187500000E+03  -0.104038069382E-11   0.000000000000E+00   0.482812500000E+03  -0.530910087269E-11   0.000000000000E+00
  493.   0.216406250000E+03  -0.207101778884E-11   0.000000000000E+00   0.483593750000E+03  -0.106942374066E-10   0.000000000000E+00
  494.   0.215625000000E+03  -0.102677757410E-11   0.000000000000E+00   0.484375000000E+03  -0.534642890788E-11   0.000000000000E+00
  495.   0.214843750000E+03  -0.204386588046E-11   0.000000000000E+00   0.485156250000E+03  -0.107690898925E-10   0.000000000000E+00
  496.   0.214062500000E+03  -0.101327749413E-11   0.000000000000E+00   0.485937500000E+03  -0.538386698307E-11   0.000000000000E+00
  497.   0.213281250000E+03  -0.201692181465E-11   0.000000000000E+00   0.486718750000E+03  -0.108441784024E-10   0.000000000000E+00
  498.   0.212500000000E+03  -0.999880652768E-12   0.000000000000E+00   0.487500000000E+03  -0.542142623170E-11   0.000000000000E+00
  499.   0.211718750000E+03  -0.199018273142E-11   0.000000000000E+00   0.488281250000E+03  -0.109194990947E-10   0.000000000000E+00
  500.   0.210937500000E+03  -0.986583182095E-12   0.000000000000E+00   0.489062500000E+03  -0.545909874851E-11   0.000000000000E+00
  501.   0.210156250000E+03  -0.196364816330E-11   0.000000000000E+00   0.489843750000E+03  -0.109950610918E-10   0.000000000000E+00
  502.   0.209375000000E+03  -0.973390554457E-12   0.000000000000E+00   0.490625000000E+03  -0.549691051668E-11   0.000000000000E+00
  503.   0.208593750000E+03  -0.193731512225E-11   0.000000000000E+00   0.491406250000E+03  -0.110708653895E-10   0.000000000000E+00
  504.   0.207812500000E+03  -0.960296440744E-12   0.000000000000E+00   0.492187500000E+03  -0.553482406415E-11   0.000000000000E+00
  505.   0.207031250000E+03  -0.191118450320E-11   0.000000000000E+00   0.492968750000E+03  -0.111469039707E-10   0.000000000000E+00
  506.   0.206250000000E+03  -0.947304239045E-12   0.000000000000E+00   0.493750000000E+03  -0.557284930371E-11   0.000000000000E+00
  507.   0.205468750000E+03  -0.188525512150E-11   0.000000000000E+00   0.494531250000E+03  -0.112231792429E-10   0.000000000000E+00
  508.   0.204687500000E+03  -0.934410854248E-12   0.000000000000E+00   0.495312500000E+03  -0.561100957316E-11   0.000000000000E+00
  509.   0.203906250000E+03  -0.185952578899E-11   0.000000000000E+00   0.496093750000E+03  -0.112996871382E-10   0.000000000000E+00
  510.   0.203125000000E+03  -0.921617744390E-12   0.000000000000E+00   0.496875000000E+03  -0.564928402759E-11   0.000000000000E+00
  511.   0.202343750000E+03  -0.183399444705E-11   0.000000000000E+00   0.497656250000E+03  -0.113764264395E-10   0.000000000000E+00
  512.   0.201562500000E+03  -0.908922806313E-12   0.000000000000E+00   0.498437500000E+03  -0.568765946252E-11   0.000000000000E+00
  513.   0.200781250000E+03  -0.180866080687E-11   0.000000000000E+00   0.499218750000E+03  -0.114534018257E-10   0.000000000000E+00
  514.   0.200000000000E+03  -0.896327379122E-12   0.000000000000E+00   0.500000000000E+03  -0.572615037533E-11   0.000000000000E+00
  515.   0.199218750000E+03  -0.178352398461E-11   0.000000000000E+00   0.500781250000E+03  -0.115306073476E-10   0.000000000000E+00
  516.   0.198437500000E+03  -0.883828534426E-12   0.000000000000E+00   0.501562500000E+03  -0.576477337741E-11   0.000000000000E+00
  517.   0.197656250000E+03  -0.175858166099E-11   0.000000000000E+00   0.502343750000E+03  -0.116080422313E-10   0.000000000000E+00
  518.   0.196875000000E+03  -0.871427486116E-12   0.000000000000E+00   0.503125000000E+03  -0.580349343391E-11   0.000000000000E+00
  519.   0.196093750000E+03  -0.173383424446E-11   0.000000000000E+00   0.503906250000E+03  -0.116857076580E-10   0.000000000000E+00
  520.   0.195312500000E+03  -0.859123365345E-12   0.000000000000E+00   0.504687500000E+03  -0.584233781081E-11   0.000000000000E+00
  521.   0.194531250000E+03  -0.170927963831E-11   0.000000000000E+00   0.505468750000E+03  -0.117636013824E-10   0.000000000000E+00
  522.   0.193750000000E+03  -0.846917734984E-12   0.000000000000E+00   0.506250000000E+03  -0.588130322347E-11   0.000000000000E+00
  523.   0.192968750000E+03  -0.168491662437E-11   0.000000000000E+00   0.507031250000E+03  -0.118417161389E-10   0.000000000000E+00
  524.   0.192187500000E+03  -0.834801600563E-12   0.000000000000E+00   0.507812500000E+03  -0.592037946555E-11   0.000000000000E+00
  525.   0.191406250000E+03  -0.166074328891E-11   0.000000000000E+00   0.508593750000E+03  -0.119200630703E-10   0.000000000000E+00
  526.   0.190625000000E+03  -0.822782207091E-12   0.000000000000E+00   0.509375000000E+03  -0.595954923833E-11   0.000000000000E+00
  527.   0.189843750000E+03  -0.163676106889E-11   0.000000000000E+00   0.510156250000E+03  -0.119986264974E-10   0.000000000000E+00
  528.   0.189062500000E+03  -0.810858032742E-12   0.000000000000E+00   0.510937500000E+03  -0.599884053889E-11   0.000000000000E+00
  529.   0.188281250000E+03  -0.161296609714E-11   0.000000000000E+00   0.511718750000E+03  -0.120774187921E-10   0.000000000000E+00
  530.   0.187500000000E+03  -0.799026232236E-12   0.000000000000E+00   0.512500000000E+03  -0.603824544528E-11   0.000000000000E+00
  531.   0.186718750000E+03  -0.158935911230E-11   0.000000000000E+00   0.513281250000E+03  -0.121564316858E-10   0.000000000000E+00
  532.   0.185937500000E+03  -0.787291029601E-12   0.000000000000E+00   0.514062500000E+03  -0.607775751418E-11   0.000000000000E+00
  533.   0.185156250000E+03  -0.156593883185E-11   0.000000000000E+00   0.514843750000E+03  -0.122356672093E-10   0.000000000000E+00
  534.   0.184375000000E+03  -0.775646145613E-12   0.000000000000E+00   0.515625000000E+03  -0.611737704599E-11   0.000000000000E+00
  535.   0.183593750000E+03  -0.154270429802E-11   0.000000000000E+00   0.516406250000E+03  -0.123151234929E-10   0.000000000000E+00
  536.   0.182812500000E+03  -0.764095602295E-12   0.000000000000E+00   0.517187500000E+03  -0.615711176050E-11   0.000000000000E+00
  537.   0.182031250000E+03  -0.151965470188E-11   0.000000000000E+00   0.517968750000E+03  -0.123948038050E-10   0.000000000000E+00
  538.   0.181250000000E+03  -0.752634610598E-12   0.000000000000E+00   0.518750000000E+03  -0.619695788073E-11   0.000000000000E+00
  539.   0.180468750000E+03  -0.149678711844E-11   0.000000000000E+00   0.519531250000E+03  -0.124747075028E-10   0.000000000000E+00
  540.   0.179687500000E+03  -0.741264345567E-12   0.000000000000E+00   0.520312500000E+03  -0.623692101061E-11   0.000000000000E+00
  541.   0.178906250000E+03  -0.147410163352E-11   0.000000000000E+00   0.521093750000E+03  -0.125548301627E-10   0.000000000000E+00
  542.   0.178125000000E+03  -0.729986256862E-12   0.000000000000E+00   0.521875000000E+03  -0.627698690061E-11   0.000000000000E+00
  543.   0.177343750000E+03  -0.145159821303E-11   0.000000000000E+00   0.522656250000E+03  -0.126351593662E-10   0.000000000000E+00
  544.   0.176562500000E+03  -0.718798035973E-12   0.000000000000E+00   0.523437500000E+03  -0.631715318902E-11   0.000000000000E+00
  545.   0.175781250000E+03  -0.142927490814E-11   0.000000000000E+00   0.524218750000E+03  -0.127157010957E-10   0.000000000000E+00
  546.   0.175000000000E+03  -0.707699106647E-12   0.000000000000E+00   0.525000000000E+03  -0.635742300969E-11   0.000000000000E+00
  547.   0.174218750000E+03  -0.140713017845E-11   0.000000000000E+00   0.525781250000E+03  -0.127964596507E-10   0.000000000000E+00
  548.   0.173437500000E+03  -0.696689810106E-12   0.000000000000E+00   0.526562500000E+03  -0.639781616351E-11   0.000000000000E+00
  549.   0.172656250000E+03  -0.138516433818E-11   0.000000000000E+00   0.527343750000E+03  -0.128774378761E-10   0.000000000000E+00
  550.   0.171875000000E+03  -0.685768719702E-12   0.000000000000E+00   0.528125000000E+03  -0.643829311461E-11   0.000000000000E+00
  551.   0.171093750000E+03  -0.136337609083E-11   0.000000000000E+00   0.528906250000E+03  -0.129586279630E-10   0.000000000000E+00
  552.   0.170312500000E+03  -0.674936892568E-12   0.000000000000E+00   0.529687500000E+03  -0.647889086542E-11   0.000000000000E+00
  553.   0.169531250000E+03  -0.134176488814E-11   0.000000000000E+00   0.530468750000E+03  -0.130400328281E-10   0.000000000000E+00
  554.   0.168750000000E+03  -0.664192767828E-12   0.000000000000E+00   0.531250000000E+03  -0.651960350157E-11   0.000000000000E+00
  555.   0.167968750000E+03  -0.132032981057E-11   0.000000000000E+00   0.532031250000E+03  -0.131216591251E-10   0.000000000000E+00
  556.   0.167187500000E+03  -0.653536578749E-12   0.000000000000E+00   0.532812500000E+03  -0.656040957734E-11   0.000000000000E+00
  557.   0.166406250000E+03  -0.129906866185E-11   0.000000000000E+00   0.533593750000E+03  -0.132034860371E-10   0.000000000000E+00
  558.   0.165625000000E+03  -0.642966281014E-12   0.000000000000E+00   0.534375000000E+03  -0.660132364002E-11   0.000000000000E+00
  559.   0.164843750000E+03  -0.127798172438E-11   0.000000000000E+00   0.535156250000E+03  -0.132855249278E-10   0.000000000000E+00
  560.   0.164062500000E+03  -0.632481541913E-12   0.000000000000E+00   0.535937500000E+03  -0.664234274845E-11   0.000000000000E+00
  561.   0.163281250000E+03  -0.125706785648E-11   0.000000000000E+00   0.536718750000E+03  -0.133677668976E-10   0.000000000000E+00
  562.   0.162500000000E+03  -0.622085104113E-12   0.000000000000E+00   0.537500000000E+03  -0.668344301202E-11   0.000000000000E+00
  563.   0.161718750000E+03  -0.123632633647E-11   0.000000000000E+00   0.538281250000E+03  -0.134502272178E-10   0.000000000000E+00
  564.   0.160937500000E+03  -0.611774277737E-12   0.000000000000E+00   0.539062500000E+03  -0.672469077205E-11   0.000000000000E+00
  565.   0.160156250000E+03  -0.121575755188E-11   0.000000000000E+00   0.539843750000E+03  -0.135328908319E-10   0.000000000000E+00
  566.   0.159375000000E+03  -0.601549106866E-12   0.000000000000E+00   0.540625000000E+03  -0.676602537807E-11   0.000000000000E+00
  567.   0.158593750000E+03  -0.119535972533E-11   0.000000000000E+00   0.541406250000E+03  -0.136157603984E-10   0.000000000000E+00
  568.   0.157812500000E+03  -0.591408952516E-12   0.000000000000E+00   0.542187500000E+03  -0.680745810028E-11   0.000000000000E+00
  569.   0.157031250000E+03  -0.117513315604E-11   0.000000000000E+00   0.542968750000E+03  -0.136988315644E-10   0.000000000000E+00
  570.   0.156250000000E+03  -0.581354289556E-12   0.000000000000E+00   0.543750000000E+03  -0.684898582448E-11   0.000000000000E+00
  571.   0.155468750000E+03  -0.115507721037E-11   0.000000000000E+00   0.544531250000E+03  -0.137821157112E-10   0.000000000000E+00
  572.   0.154687500000E+03  -0.571383951743E-12   0.000000000000E+00   0.545312500000E+03  -0.689062061499E-11   0.000000000000E+00
  573.   0.153906250000E+03  -0.113519117834E-11   0.000000000000E+00   0.546093750000E+03  -0.138655979034E-10   0.000000000000E+00
  574.   0.153125000000E+03  -0.561499847976E-12   0.000000000000E+00   0.546875000000E+03  -0.693235309399E-11   0.000000000000E+00
  575.   0.152343750000E+03  -0.111547585882E-11   0.000000000000E+00   0.547656250000E+03  -0.139492746886E-10   0.000000000000E+00
  576.   0.151562500000E+03  -0.551699998440E-12   0.000000000000E+00   0.548437500000E+03  -0.697419548277E-11   0.000000000000E+00
  577.   0.150781250000E+03  -0.109593197194E-11   0.000000000000E+00   0.549218750000E+03  -0.140331521446E-10   0.000000000000E+00
  578.   0.150000000000E+03  -0.541985569669E-12   0.000000000000E+00   0.550000000000E+03  -0.701611985657E-11   0.000000000000E+00
  579.   0.149218750000E+03  -0.107655943170E-11   0.000000000000E+00   0.550781250000E+03  -0.141172250976E-10   0.000000000000E+00
  580.   0.148437500000E+03  -0.532357674856E-12   0.000000000000E+00   0.551562500000E+03  -0.705815185590E-11   0.000000000000E+00
  581.   0.147656250000E+03  -0.105735938000E-11   0.000000000000E+00   0.552343750000E+03  -0.142015047866E-10   0.000000000000E+00
  582.   0.146875000000E+03  -0.522815507851E-12   0.000000000000E+00   0.553125000000E+03  -0.710028055548E-11   0.000000000000E+00
  583.   0.146093750000E+03  -0.103833474785E-11   0.000000000000E+00   0.553906250000E+03  -0.142859804614E-10   0.000000000000E+00
  584.   0.145312500000E+03  -0.513362003463E-12   0.000000000000E+00   0.554687500000E+03  -0.714251907231E-11   0.000000000000E+00
  585.   0.144531250000E+03  -0.101948759557E-11   0.000000000000E+00   0.555468750000E+03  -0.143706262833E-10   0.000000000000E+00
  586.   0.143750000000E+03  -0.503996813073E-12   0.000000000000E+00   0.556250000000E+03  -0.718481771016E-11   0.000000000000E+00
  587.   0.142968750000E+03  -0.100081980860E-11   0.000000000000E+00   0.557031250000E+03  -0.144554144607E-10   0.000000000000E+00
  588.   0.142187500000E+03  -0.494722342036E-12   0.000000000000E+00   0.557812500000E+03  -0.722719742276E-11   0.000000000000E+00
  589.   0.141406250000E+03  -0.982335546023E-12   0.000000000000E+00   0.558593750000E+03  -0.145403423761E-10   0.000000000000E+00
  590.   0.140625000000E+03  -0.485540545126E-12   0.000000000000E+00   0.559375000000E+03  -0.726962308806E-11   0.000000000000E+00
  591.   0.139843750000E+03  -0.964039782401E-12   0.000000000000E+00   0.560156250000E+03  -0.146253478773E-10   0.000000000000E+00
  592.   0.139062500000E+03  -0.476453994502E-12   0.000000000000E+00   0.560937500000E+03  -0.731208586187E-11   0.000000000000E+00
  593.   0.138281250000E+03  -0.945939874621E-12   0.000000000000E+00   0.561718750000E+03  -0.147103821572E-10   0.000000000000E+00
  594.   0.137500000000E+03  -0.467467184213E-12   0.000000000000E+00   0.562500000000E+03  -0.735455925514E-11   0.000000000000E+00
  595.   0.136718750000E+03  -0.928046482658E-12   0.000000000000E+00   0.563281250000E+03  -0.147954084868E-10   0.000000000000E+00
  596.   0.135937500000E+03  -0.458587888278E-12   0.000000000000E+00   0.564062500000E+03  -0.739699086589E-11   0.000000000000E+00
  597.   0.135156250000E+03  -0.910374903491E-12   0.000000000000E+00   0.564843750000E+03  -0.148804345470E-10   0.000000000000E+00
  598.   0.134375000000E+03  -0.449822099101E-12   0.000000000000E+00   0.565625000000E+03  -0.743944338884E-11   0.000000000000E+00
  599.   0.133593750000E+03  -0.892947149508E-12   0.000000000000E+00   0.566406250000E+03  -0.149655321976E-10   0.000000000000E+00
  600.   0.132812500000E+03  -0.441185823008E-12   0.000000000000E+00   0.567187500000E+03  -0.748196894079E-11   0.000000000000E+00
  601.   0.132031250000E+03  -0.875797520812E-12   0.000000000000E+00   0.567968750000E+03  -0.150509213257E-10   0.000000000000E+00
  602.   0.131250000000E+03  -0.432698071728E-12   0.000000000000E+00   0.568750000000E+03  -0.752471145498E-11   0.000000000000E+00
  603.   0.130468750000E+03  -0.858972535201E-12   0.000000000000E+00   0.569531250000E+03  -0.151370213918E-10   0.000000000000E+00
  604.   0.129687500000E+03  -0.424385476452E-12   0.000000000000E+00   0.570312500000E+03  -0.756795687747E-11   0.000000000000E+00
  605.   0.128906250000E+03  -0.842537841229E-12   0.000000000000E+00   0.571093750000E+03  -0.152244639134E-10   0.000000000000E+00
  606.   0.128125000000E+03  -0.416288566720E-12   0.000000000000E+00   0.571875000000E+03  -0.761205771217E-11   0.000000000000E+00
  607.   0.127343750000E+03  -0.826575934076E-12   0.000000000000E+00   0.572656250000E+03  -0.153140922512E-10   0.000000000000E+00
  608.   0.126562500000E+03  -0.408449718079E-12   0.000000000000E+00   0.573437500000E+03  -0.765747858564E-11   0.000000000000E+00
  609.   0.125781250000E+03  -0.811184213834E-12   0.000000000000E+00   0.574218750000E+03  -0.154067715781E-10   0.000000000000E+00
  610.   0.125000000000E+03  -0.400922578122E-12   0.000000000000E+00   0.575000000000E+03  -0.770464434610E-11   0.000000000000E+00
  611.   0.124218750000E+03  -0.796461018072E-12   0.000000000000E+00   0.575781250000E+03  -0.155028761852E-10   0.000000000000E+00
  612.   0.123437500000E+03  -0.393752396642E-12   0.000000000000E+00   0.576562500000E+03  -0.775355248400E-11   0.000000000000E+00
  613.   0.122656250000E+03  -0.782481222927E-12   0.000000000000E+00   0.577343750000E+03  -0.156014373067E-10   0.000000000000E+00
  614.   0.121875000000E+03  -0.386969017442E-12   0.000000000000E+00   0.578125000000E+03  -0.780320780467E-11   0.000000000000E+00
  615.   0.121093750000E+03  -0.769260929363E-12   0.000000000000E+00   0.578906250000E+03  -0.156988024082E-10   0.000000000000E+00
  616.   0.120312500000E+03  -0.380558063161E-12   0.000000000000E+00   0.579687500000E+03  -0.785092638024E-11   0.000000000000E+00
  617.   0.119531250000E+03  -0.756709367021E-12   0.000000000000E+00   0.580468750000E+03  -0.157868670588E-10   0.000000000000E+00
  618.   0.118750000000E+03  -0.374442297343E-12   0.000000000000E+00   0.581250000000E+03  -0.789125346799E-11   0.000000000000E+00
  619.   0.117968750000E+03  -0.744586843999E-12   0.000000000000E+00   0.582031250000E+03  -0.158512114566E-10   0.000000000000E+00
  620.   0.117187500000E+03  -0.368457652669E-12   0.000000000000E+00   0.582812500000E+03  -0.791513987103E-11   0.000000000000E+00
  621.   0.116406250000E+03  -0.732495955209E-12   0.000000000000E+00   0.583593750000E+03  -0.158699535723E-10   0.000000000000E+00
  622.   0.115625000000E+03  -0.362364623786E-12   0.000000000000E+00   0.584375000000E+03  -0.790964389549E-11   0.000000000000E+00
  623.   0.114843750000E+03  -0.719951761121E-12   0.000000000000E+00   0.585156250000E+03  -0.158147179614E-10   0.000000000000E+00
  624.   0.114062500000E+03  -0.355913194655E-12   0.000000000000E+00   0.585937500000E+03  -0.785918840253E-11   0.000000000000E+00
  625.   0.113281250000E+03  -0.706586687551E-12   0.000000000000E+00   0.586718750000E+03  -0.156553580194E-10   0.000000000000E+00
  626.   0.112500000000E+03  -0.348980494248E-12   0.000000000000E+00   0.587500000000E+03  -0.774903356455E-11   0.000000000000E+00
  627.   0.111718750000E+03  -0.692545724199E-12   0.000000000000E+00   0.588281250000E+03  -0.153703492389E-10   0.000000000000E+00
  628.   0.110937500000E+03  -0.341831142672E-12   0.000000000000E+00   0.589062500000E+03  -0.757225798284E-11   0.000000000000E+00
  629.   0.110156250000E+03  -0.679106541016E-12   0.000000000000E+00   0.589843750000E+03  -0.149639806756E-10   0.000000000000E+00
  630.   0.109375000000E+03  -0.335474115013E-12   0.000000000000E+00   0.590625000000E+03  -0.733996612982E-11   0.000000000000E+00
  631.   0.108593750000E+03  -0.669519297323E-12   0.000000000000E+00   0.591406250000E+03  -0.144904403925E-10   0.000000000000E+00
  632.   0.107812500000E+03  -0.332156872426E-12   0.000000000000E+00   0.592187500000E+03  -0.709546390784E-11   0.000000000000E+00
  633.   0.107031250000E+03  -0.669979409855E-12   0.000000000000E+00   0.592968750000E+03  -0.140818322300E-10   0.000000000000E+00
  634.   0.106250000000E+03  -0.335816359193E-12   0.000000000000E+00   0.593750000000E+03  -0.692723115999E-11   0.000000000000E+00
  635.   0.105468750000E+03  -0.690638604359E-12   0.000000000000E+00   0.594531250000E+03  -0.139760826810E-10   0.000000000000E+00
  636.   0.104687500000E+03  -0.352762182359E-12   0.000000000000E+00   0.595312500000E+03  -0.698787610194E-11   0.000000000000E+00
  637.   0.103906250000E+03  -0.745861187830E-12   0.000000000000E+00   0.596093750000E+03  -0.145154323088E-10   0.000000000000E+00
  638.   0.103125000000E+03  -0.390982611877E-12   0.000000000000E+00   0.596875000000E+03  -0.746644183393E-11   0.000000000000E+00
  639.   0.102343750000E+03  -0.853311583985E-12   0.000000000000E+00   0.597656250000E+03  -0.160887213446E-10   0.000000000000E+00
  640.   0.101562500000E+03  -0.461952458842E-12   0.000000000000E+00   0.598437500000E+03  -0.862508355356E-11   0.000000000000E+00
  641.   0.100781250000E+03  -0.101807080758E-11   0.000000000000E+00   0.599218750000E+03  -0.185099215330E-10   0.000000000000E+00
