i  r_top  QtopRe  QtopIm  r_bot  QbotRe  QbotIm   [mm, mC]
    1.   0.600000000000E+03  -0.397153809566E-11   0.000000000000E+00   0.100000000000E+03  -0.559250946541E-12   0.000000000000E+00
    2.   0.100000000000E+03  -0.559264817441E-12   0.000000000000E+00   0.600000000000E+03  -0.397153496055E-11   0.000000000000E+00
    3.   0.599218750000E+03  -0.148124555668E-10   0.000000000000E+00   0.100781250000E+03  -0.209604781959E-11   0.000000000000E+00
    4.   0.598437500000E+03  -0.684574188959E-11   0.000000000000E+00   0.101562500000E+03  -0.973984908198E-12   0.000000000000E+00
    5.   0.597656250000E+03  -0.127157273282E-10   0.000000000000E+00   0.102343750000E+03  -0.182215633216E-11   0.000000000000E+00
    6.   0.596875000000E+03  -0.587067650636E-11   0.000000000000E+00   0.103125000000E+03  -0.847983264149E-12   0.000000000000E+00
    7.   0.596093750000E+03  -0.113448739130E-10   0.000000000000E+00   0.103906250000E+03  -0.164838760982E-11   0.000000000000E+00
    8.   0.595312500000E+03  -0.542936993262E-11   0.000000000000E+00   0.104687500000E+03  -0.794374971141E-12   0.000000000000E+00
    9.   0.594531250000E+03  -0.107927281434E-10   0.000000000000E+00   0.105468750000E+03  -0.158718902502E-11   0.000000000000E+00
   10.   0.593750000000E+03  -0.531875490341E-11   0.000000000000E+00   0.106250000000E+03  -0.786853310559E-12   0.000000000000E+00
   11.   0.592968750000E+03  -0.107558602456E-10   0.000000000000E+00   0.107031250000E+03  -0.159896087662E-11   0.000000000000E+00
   12.   0.592187500000E+03  -0.539382354765E-11   0.000000000000E+00   0.107812500000E+03  -0.806325976703E-12   0.000000000000E+00
   13.   0.591406250000E+03  -0.109727738298E-10   0.000000000000E+00   0.108593750000E+03  -0.164880412054E-11   0.000000000000E+00
   14.   0.590625000000E+03  -0.553861057439E-11   0.000000000000E+00   0.109375000000E+03  -0.837085592618E-12   0.000000000000E+00
   15.   0.589843750000E+03  -0.112618971683E-10   0.000000000000E+00   0.110156250000E+03  -0.171181371816E-11   0.000000000000E+00
   16.   0.589062500000E+03  -0.568524445213E-11   0.000000000000E+00   0.110937500000E+03  -0.869633375930E-12   0.000000000000E+00
   17.   0.588281250000E+03  -0.115209463907E-10   0.000000000000E+00   0.111718750000E+03  -0.177339824135E-11   0.000000000000E+00
   18.   0.587500000000E+03  -0.579958475456E-11   0.000000000000E+00   0.112500000000E+03  -0.898920289110E-12   0.000000000000E+00
   19.   0.586718750000E+03  -0.117059190932E-10   0.000000000000E+00   0.113281250000E+03  -0.182678601344E-11   0.000000000000E+00
   20.   0.585937500000E+03  -0.587156419614E-11   0.000000000000E+00   0.114062500000E+03  -0.923188965371E-12   0.000000000000E+00
   21.   0.585156250000E+03  -0.118103412932E-10   0.000000000000E+00   0.114843750000E+03  -0.187038864612E-11   0.000000000000E+00
   22.   0.584375000000E+03  -0.590479561023E-11   0.000000000000E+00   0.115625000000E+03  -0.942631711766E-12   0.000000000000E+00
   23.   0.583593750000E+03  -0.118472204617E-10   0.000000000000E+00   0.116406250000E+03  -0.190548790536E-11   0.000000000000E+00
   24.   0.582812500000E+03  -0.590886940537E-11   0.000000000000E+00   0.117187500000E+03  -0.958335135821E-12   0.000000000000E+00
   25.   0.582031250000E+03  -0.118364829422E-10   0.000000000000E+00   0.117968750000E+03  -0.193450134449E-11   0.000000000000E+00
   26.   0.581250000000E+03  -0.589428229329E-11   0.000000000000E+00   0.118750000000E+03  -0.971652026592E-12   0.000000000000E+00
   27.   0.580468750000E+03  -0.117972768520E-10   0.000000000000E+00   0.119531250000E+03  -0.195988881271E-11   0.000000000000E+00
   28.   0.579687500000E+03  -0.586971087475E-11   0.000000000000E+00   0.120312500000E+03  -0.983712893285E-12   0.000000000000E+00
   29.   0.578906250000E+03  -0.117443173853E-10   0.000000000000E+00   0.121093750000E+03  -0.198360332751E-11   0.000000000000E+00
   30.   0.578125000000E+03  -0.584126957760E-11   0.000000000000E+00   0.121875000000E+03  -0.995338603531E-12   0.000000000000E+00
   31.   0.577343750000E+03  -0.116872565974E-10   0.000000000000E+00   0.122656250000E+03  -0.200693708616E-11   0.000000000000E+00
   32.   0.576562500000E+03  -0.581258587539E-11   0.000000000000E+00   0.123437500000E+03  -0.100701838026E-11   0.000000000000E+00
   33.   0.575781250000E+03  -0.116313797468E-10   0.000000000000E+00   0.124218750000E+03  -0.203060053333E-11   0.000000000000E+00
   34.   0.575000000000E+03  -0.578533812171E-11   0.000000000000E+00   0.125000000000E+03  -0.101897628818E-11   0.000000000000E+00
   35.   0.574218750000E+03  -0.115788232798E-10   0.000000000000E+00   0.125781250000E+03  -0.205488586157E-11   0.000000000000E+00
   36.   0.573437500000E+03  -0.575999327075E-11   0.000000000000E+00   0.126562500000E+03  -0.103127716089E-11   0.000000000000E+00
   37.   0.572656250000E+03  -0.115298938924E-10   0.000000000000E+00   0.127343750000E+03  -0.207983002337E-11   0.000000000000E+00
   38.   0.571875000000E+03  -0.573639489537E-11   0.000000000000E+00   0.128125000000E+03  -0.104389655993E-11   0.000000000000E+00
   39.   0.571093750000E+03  -0.114841030813E-10   0.000000000000E+00   0.128906250000E+03  -0.210532831430E-11   0.000000000000E+00
   40.   0.570312500000E+03  -0.571417816728E-11   0.000000000000E+00   0.129687500000E+03  -0.105676080195E-11   0.000000000000E+00
   41.   0.569531250000E+03  -0.114405622065E-10   0.000000000000E+00   0.130468750000E+03  -0.213125144257E-11   0.000000000000E+00
   42.   0.568750000000E+03  -0.569301732682E-11   0.000000000000E+00   0.131250000000E+03  -0.106979923240E-11   0.000000000000E+00
   43.   0.567968750000E+03  -0.113984786546E-10   0.000000000000E+00   0.132031250000E+03  -0.215746357989E-11   0.000000000000E+00
   44.   0.567187500000E+03  -0.567213443173E-11   0.000000000000E+00   0.132812500000E+03  -0.108295398386E-11   0.000000000000E+00
   45.   0.566406250000E+03  -0.113572493705E-10   0.000000000000E+00   0.133593750000E+03  -0.218386500458E-11   0.000000000000E+00
   46.   0.565625000000E+03  -0.565166189102E-11   0.000000000000E+00   0.134375000000E+03  -0.109618636011E-11   0.000000000000E+00
   47.   0.564843750000E+03  -0.113164906141E-10   0.000000000000E+00   0.135156250000E+03  -0.221038852242E-11   0.000000000000E+00
   48.   0.564062500000E+03  -0.563139960817E-11   0.000000000000E+00   0.135937500000E+03  -0.110946020897E-11   0.000000000000E+00
   49.   0.563281250000E+03  -0.112759525607E-10   0.000000000000E+00   0.136718750000E+03  -0.223699558229E-11   0.000000000000E+00
   50.   0.562500000000E+03  -0.561120075898E-11   0.000000000000E+00   0.137500000000E+03  -0.112277174859E-11   0.000000000000E+00
   51.   0.561718750000E+03  -0.112355177423E-10   0.000000000000E+00   0.138281250000E+03  -0.226365772594E-11   0.000000000000E+00
   52.   0.560937500000E+03  -0.559099407567E-11   0.000000000000E+00   0.139062500000E+03  -0.113610593379E-11   0.000000000000E+00
   53.   0.560156250000E+03  -0.111951555881E-10   0.000000000000E+00   0.139843750000E+03  -0.229037796060E-11   0.000000000000E+00
   54.   0.559375000000E+03  -0.557082111371E-11   0.000000000000E+00   0.140625000000E+03  -0.114946476862E-11   0.000000000000E+00
   55.   0.558593750000E+03  -0.111547926863E-10   0.000000000000E+00   0.141406250000E+03  -0.231713355844E-11   0.000000000000E+00
   56.   0.557812500000E+03  -0.555063457369E-11   0.000000000000E+00   0.142187500000E+03  -0.116284416745E-11   0.000000000000E+00
   57.   0.557031250000E+03  -0.111144822544E-10   0.000000000000E+00   0.142968750000E+03  -0.234391808953E-11   0.000000000000E+00
   58.   0.556250000000E+03  -0.553051680388E-11   0.000000000000E+00   0.143750000000E+03  -0.117623070628E-11   0.000000000000E+00
   59.   0.555468750000E+03  -0.110742638077E-10   0.000000000000E+00   0.144531250000E+03  -0.237074177766E-11   0.000000000000E+00
   60.   0.554687500000E+03  -0.551042831607E-11   0.000000000000E+00   0.145312500000E+03  -0.118964519164E-11   0.000000000000E+00
   61.   0.553906250000E+03  -0.110341142890E-10   0.000000000000E+00   0.146093750000E+03  -0.239760600196E-11   0.000000000000E+00
   62.   0.553125000000E+03  -0.549037274815E-11   0.000000000000E+00   0.146875000000E+03  -0.120307209517E-11   0.000000000000E+00
   63.   0.552343750000E+03  -0.109940106706E-10   0.000000000000E+00   0.147656250000E+03  -0.242449919307E-11   0.000000000000E+00
   64.   0.551562500000E+03  -0.547036275144E-11   0.000000000000E+00   0.148437500000E+03  -0.121651305930E-11   0.000000000000E+00
   65.   0.550781250000E+03  -0.109539646346E-10   0.000000000000E+00   0.149218750000E+03  -0.245142960862E-11   0.000000000000E+00
   66.   0.550000000000E+03  -0.545036649561E-11   0.000000000000E+00   0.150000000000E+03  -0.122997894172E-11   0.000000000000E+00
   67.   0.549218750000E+03  -0.109139922472E-10   0.000000000000E+00   0.150781250000E+03  -0.247839481647E-11   0.000000000000E+00
   68.   0.548437500000E+03  -0.543040294737E-11   0.000000000000E+00   0.151562500000E+03  -0.124345891450E-11   0.000000000000E+00
   69.   0.547656250000E+03  -0.108741029886E-10   0.000000000000E+00   0.152343750000E+03  -0.250539488514E-11   0.000000000000E+00
   70.   0.546875000000E+03  -0.541049926106E-11   0.000000000000E+00   0.153125000000E+03  -0.125695744836E-11   0.000000000000E+00
   71.   0.546093750000E+03  -0.108342630161E-10   0.000000000000E+00   0.153906250000E+03  -0.253242133702E-11   0.000000000000E+00
   72.   0.545312500000E+03  -0.539060508268E-11   0.000000000000E+00   0.154687500000E+03  -0.127046478021E-11   0.000000000000E+00
   73.   0.544531250000E+03  -0.107944585284E-10   0.000000000000E+00   0.155468750000E+03  -0.255947672281E-11   0.000000000000E+00
   74.   0.543750000000E+03  -0.537070430398E-11   0.000000000000E+00   0.156250000000E+03  -0.128398084202E-11   0.000000000000E+00
   75.   0.542968750000E+03  -0.107547033795E-10   0.000000000000E+00   0.157031250000E+03  -0.258656520767E-11   0.000000000000E+00
   76.   0.542187500000E+03  -0.535084126215E-11   0.000000000000E+00   0.157812500000E+03  -0.129752071762E-11   0.000000000000E+00
   77.   0.541406250000E+03  -0.107149810765E-10   0.000000000000E+00   0.158593750000E+03  -0.261367922495E-11   0.000000000000E+00
   78.   0.540625000000E+03  -0.533097073086E-11   0.000000000000E+00   0.159375000000E+03  -0.131107304891E-11   0.000000000000E+00
   79.   0.539843750000E+03  -0.106753023640E-10   0.000000000000E+00   0.160156250000E+03  -0.264082553219E-11   0.000000000000E+00
   80.   0.539062500000E+03  -0.531113786448E-11   0.000000000000E+00   0.160937500000E+03  -0.132464775057E-11   0.000000000000E+00
   81.   0.538281250000E+03  -0.106356871711E-10   0.000000000000E+00   0.161718750000E+03  -0.266800086486E-11   0.000000000000E+00
   82.   0.537500000000E+03  -0.529140178597E-11   0.000000000000E+00   0.162500000000E+03  -0.133820540626E-11   0.000000000000E+00
   83.   0.536718750000E+03  -0.105961257937E-10   0.000000000000E+00   0.163281250000E+03  -0.269520977782E-11   0.000000000000E+00
   84.   0.535937500000E+03  -0.527162503689E-11   0.000000000000E+00   0.164062500000E+03  -0.135182451239E-11   0.000000000000E+00
   85.   0.535156250000E+03  -0.105565942740E-10   0.000000000000E+00   0.164843750000E+03  -0.272244700498E-11   0.000000000000E+00
   86.   0.534375000000E+03  -0.525190632544E-11   0.000000000000E+00   0.165625000000E+03  -0.136543067584E-11   0.000000000000E+00
   87.   0.533593750000E+03  -0.105171189392E-10   0.000000000000E+00   0.166406250000E+03  -0.274970843582E-11   0.000000000000E+00
   88.   0.532812500000E+03  -0.523216545902E-11   0.000000000000E+00   0.167187500000E+03  -0.137906087180E-11   0.000000000000E+00
   89.   0.532031250000E+03  -0.104776889619E-10   0.000000000000E+00   0.167968750000E+03  -0.277700360281E-11   0.000000000000E+00
   90.   0.531250000000E+03  -0.521244882678E-11   0.000000000000E+00   0.168750000000E+03  -0.139270257787E-11   0.000000000000E+00
   91.   0.530468750000E+03  -0.104382973518E-10   0.000000000000E+00   0.169531250000E+03  -0.280432439698E-11   0.000000000000E+00
   92.   0.529687500000E+03  -0.519278731557E-11   0.000000000000E+00   0.170312500000E+03  -0.140635826389E-11   0.000000000000E+00
   93.   0.528906250000E+03  -0.103989579528E-10   0.000000000000E+00   0.171093750000E+03  -0.283167780742E-11   0.000000000000E+00
   94.   0.528125000000E+03  -0.517313624821E-11   0.000000000000E+00   0.171875000000E+03  -0.142002623854E-11   0.000000000000E+00
   95.   0.527343750000E+03  -0.103596473134E-10   0.000000000000E+00   0.172656250000E+03  -0.285906469830E-11   0.000000000000E+00
   96.   0.526562500000E+03  -0.515347373161E-11   0.000000000000E+00   0.173437500000E+03  -0.143371408576E-11   0.000000000000E+00
   97.   0.525781250000E+03  -0.103203815568E-10   0.000000000000E+00   0.174218750000E+03  -0.288647941078E-11   0.000000000000E+00
   98.   0.525000000000E+03  -0.513386593925E-11   0.000000000000E+00   0.175000000000E+03  -0.144742400294E-11   0.000000000000E+00
   99.   0.524218750000E+03  -0.102811810250E-10   0.000000000000E+00   0.175781250000E+03  -0.291392537031E-11   0.000000000000E+00
  100.   0.523437500000E+03  -0.511431279598E-11   0.000000000000E+00   0.176562500000E+03  -0.146113832924E-11   0.000000000000E+00
  101.   0.522656250000E+03  -0.102420403797E-10   0.000000000000E+00   0.177343750000E+03  -0.294140194546E-11   0.000000000000E+00
  102.   0.521875000000E+03  -0.509472022811E-11   0.000000000000E+00   0.178125000000E+03  -0.147486966845E-11   0.000000000000E+00
  103.   0.521093750000E+03  -0.102028918101E-10   0.000000000000E+00   0.178906250000E+03  -0.296890327593E-11   0.000000000000E+00
  104.   0.520312500000E+03  -0.507515489732E-11   0.000000000000E+00   0.179687500000E+03  -0.148860395199E-11   0.000000000000E+00
  105.   0.519531250000E+03  -0.101638018830E-10   0.000000000000E+00   0.180468750000E+03  -0.299643646004E-11   0.000000000000E+00
  106.   0.518750000000E+03  -0.505563514977E-11   0.000000000000E+00   0.181250000000E+03  -0.150236321030E-11   0.000000000000E+00
  107.   0.517968750000E+03  -0.101247717917E-10   0.000000000000E+00   0.182031250000E+03  -0.302399633156E-11   0.000000000000E+00
  108.   0.517187500000E+03  -0.503613955758E-11   0.000000000000E+00   0.182812500000E+03  -0.151613290917E-11   0.000000000000E+00
  109.   0.516406250000E+03  -0.100857809966E-10   0.000000000000E+00   0.183593750000E+03  -0.305159486067E-11   0.000000000000E+00
  110.   0.515625000000E+03  -0.501666036165E-11   0.000000000000E+00   0.184375000000E+03  -0.152993306031E-11   0.000000000000E+00
  111.   0.514843750000E+03  -0.100468052975E-10   0.000000000000E+00   0.185156250000E+03  -0.307922375631E-11   0.000000000000E+00
  112.   0.514062500000E+03  -0.499719188694E-11   0.000000000000E+00   0.185937500000E+03  -0.154373789407E-11   0.000000000000E+00
  113.   0.513281250000E+03  -0.100078763850E-10   0.000000000000E+00   0.186718750000E+03  -0.310688435589E-11   0.000000000000E+00
  114.   0.512500000000E+03  -0.497778793067E-11   0.000000000000E+00   0.187500000000E+03  -0.155756803907E-11   0.000000000000E+00
  115.   0.511718750000E+03  -0.996902994226E-11   0.000000000000E+00   0.188281250000E+03  -0.313458112364E-11   0.000000000000E+00
  116.   0.510937500000E+03  -0.495830846709E-11   0.000000000000E+00   0.189062500000E+03  -0.157140969771E-11   0.000000000000E+00
  117.   0.510156250000E+03  -0.993018546422E-11   0.000000000000E+00   0.189843750000E+03  -0.316230768268E-11   0.000000000000E+00
  118.   0.509375000000E+03  -0.493892121978E-11   0.000000000000E+00   0.190625000000E+03  -0.158525780346E-11   0.000000000000E+00
  119.   0.508593750000E+03  -0.989138027539E-11   0.000000000000E+00   0.191406250000E+03  -0.319006578147E-11   0.000000000000E+00
  120.   0.507812500000E+03  -0.491953257803E-11   0.000000000000E+00   0.192187500000E+03  -0.159913253543E-11   0.000000000000E+00
  121.   0.507031250000E+03  -0.985264800336E-11   0.000000000000E+00   0.192968750000E+03  -0.321785698367E-11   0.000000000000E+00
  122.   0.506250000000E+03  -0.490021432687E-11   0.000000000000E+00   0.193750000000E+03  -0.161302677217E-11   0.000000000000E+00
  123.   0.505468750000E+03  -0.981398733390E-11   0.000000000000E+00   0.194531250000E+03  -0.324568308037E-11   0.000000000000E+00
  124.   0.504687500000E+03  -0.488087136751E-11   0.000000000000E+00   0.195312500000E+03  -0.162692077759E-11   0.000000000000E+00
  125.   0.503906250000E+03  -0.977537695139E-11   0.000000000000E+00   0.196093750000E+03  -0.327354166774E-11   0.000000000000E+00
  126.   0.503125000000E+03  -0.486159887008E-11   0.000000000000E+00   0.196875000000E+03  -0.164084157229E-11   0.000000000000E+00
  127.   0.502343750000E+03  -0.973681703213E-11   0.000000000000E+00   0.197656250000E+03  -0.330142682196E-11   0.000000000000E+00
  128.   0.501562500000E+03  -0.484231340226E-11   0.000000000000E+00   0.198437500000E+03  -0.165479023443E-11   0.000000000000E+00
  129.   0.500781250000E+03  -0.969829572078E-11   0.000000000000E+00   0.199218750000E+03  -0.332934825999E-11   0.000000000000E+00
  130.   0.500000000000E+03  -0.482307981938E-11   0.000000000000E+00   0.200000000000E+03  -0.166874386896E-11   0.000000000000E+00
  131.   0.499218750000E+03  -0.965981215087E-11   0.000000000000E+00   0.200781250000E+03  -0.335731033166E-11   0.000000000000E+00
  132.   0.498437500000E+03  -0.480382943839E-11   0.000000000000E+00   0.201562500000E+03  -0.168270855861E-11   0.000000000000E+00
  133.   0.497656250000E+03  -0.962137241459E-11   0.000000000000E+00   0.202343750000E+03  -0.338529739960E-11   0.000000000000E+00
  134.   0.496875000000E+03  -0.478463780242E-11   0.000000000000E+00   0.203125000000E+03  -0.169668033408E-11   0.000000000000E+00
  135.   0.496093750000E+03  -0.958297254015E-11   0.000000000000E+00   0.203906250000E+03  -0.341332383396E-11   0.000000000000E+00
  136.   0.495312500000E+03  -0.476546214499E-11   0.000000000000E+00   0.204687500000E+03  -0.171070333831E-11   0.000000000000E+00
  137.   0.494531250000E+03  -0.954461906270E-11   0.000000000000E+00   0.205468750000E+03  -0.344138420765E-11   0.000000000000E+00
  138.   0.493750000000E+03  -0.474627414633E-11   0.000000000000E+00   0.206250000000E+03  -0.172472742347E-11   0.000000000000E+00
  139.   0.492968750000E+03  -0.950632472435E-11   0.000000000000E+00   0.207031250000E+03  -0.346948102325E-11   0.000000000000E+00
  140.   0.492187500000E+03  -0.472714945024E-11   0.000000000000E+00   0.207812500000E+03  -0.173876195566E-11   0.000000000000E+00
  141.   0.491406250000E+03  -0.946807608583E-11   0.000000000000E+00   0.208593750000E+03  -0.349760576181E-11   0.000000000000E+00
  142.   0.490625000000E+03  -0.470802761199E-11   0.000000000000E+00   0.209375000000E+03  -0.175282162487E-11   0.000000000000E+00
  143.   0.489843750000E+03  -0.942985328183E-11   0.000000000000E+00   0.210156250000E+03  -0.352577347030E-11   0.000000000000E+00
  144.   0.489062500000E+03  -0.468892366850E-11   0.000000000000E+00   0.210937500000E+03  -0.176689859838E-11   0.000000000000E+00
  145.   0.488281250000E+03  -0.939171058475E-11   0.000000000000E+00   0.211718750000E+03  -0.355397494547E-11   0.000000000000E+00
  146.   0.487500000000E+03  -0.466988585231E-11   0.000000000000E+00   0.212500000000E+03  -0.178098608493E-11   0.000000000000E+00
  147.   0.486718750000E+03  -0.935359925510E-11   0.000000000000E+00   0.213281250000E+03  -0.358221271729E-11   0.000000000000E+00
  148.   0.485937500000E+03  -0.465082546470E-11   0.000000000000E+00   0.214062500000E+03  -0.179509967357E-11   0.000000000000E+00
  149.   0.485156250000E+03  -0.931554836901E-11   0.000000000000E+00   0.214843750000E+03  -0.361049234603E-11   0.000000000000E+00
  150.   0.484375000000E+03  -0.463184562947E-11   0.000000000000E+00   0.215625000000E+03  -0.180923650809E-11   0.000000000000E+00
  151.   0.483593750000E+03  -0.927754736582E-11   0.000000000000E+00   0.216406250000E+03  -0.363880611211E-11   0.000000000000E+00
  152.   0.482812500000E+03  -0.461284815815E-11   0.000000000000E+00   0.217187500000E+03  -0.182339091598E-11   0.000000000000E+00
  153.   0.482031250000E+03  -0.923959894407E-11   0.000000000000E+00   0.217968750000E+03  -0.366715477655E-11   0.000000000000E+00
  154.   0.481250000000E+03  -0.459385920473E-11   0.000000000000E+00   0.218750000000E+03  -0.183755342632E-11   0.000000000000E+00
  155.   0.480468750000E+03  -0.920169225113E-11   0.000000000000E+00   0.219531250000E+03  -0.369554399796E-11   0.000000000000E+00
  156.   0.479687500000E+03  -0.457494628937E-11   0.000000000000E+00   0.220312500000E+03  -0.185173561949E-11   0.000000000000E+00
  157.   0.478906250000E+03  -0.916382543155E-11   0.000000000000E+00   0.221093750000E+03  -0.372396858336E-11   0.000000000000E+00
  158.   0.478125000000E+03  -0.455600227274E-11   0.000000000000E+00   0.221875000000E+03  -0.186593937509E-11   0.000000000000E+00
  159.   0.477343750000E+03  -0.912600957661E-11   0.000000000000E+00   0.222656250000E+03  -0.375242299839E-11   0.000000000000E+00
  160.   0.476562500000E+03  -0.453709469926E-11   0.000000000000E+00   0.223437500000E+03  -0.188015113279E-11   0.000000000000E+00
  161.   0.475781250000E+03  -0.908826618284E-11   0.000000000000E+00   0.224218750000E+03  -0.378091833874E-11   0.000000000000E+00
  162.   0.475000000000E+03  -0.451824345583E-11   0.000000000000E+00   0.225000000000E+03  -0.189440286670E-11   0.000000000000E+00
  163.   0.474218750000E+03  -0.905055943795E-11   0.000000000000E+00   0.225781250000E+03  -0.380945723445E-11   0.000000000000E+00
  164.   0.473437500000E+03  -0.449942470754E-11   0.000000000000E+00   0.226562500000E+03  -0.190866221073E-11   0.000000000000E+00
  165.   0.472656250000E+03  -0.901289822484E-11   0.000000000000E+00   0.227343750000E+03  -0.383803463352E-11   0.000000000000E+00
  166.   0.471875000000E+03  -0.448058055161E-11   0.000000000000E+00   0.228125000000E+03  -0.192294833736E-11   0.000000000000E+00
  167.   0.471093750000E+03  -0.897528802670E-11   0.000000000000E+00   0.228906250000E+03  -0.386664815262E-11   0.000000000000E+00
  168.   0.470312500000E+03  -0.446180142701E-11   0.000000000000E+00   0.229687500000E+03  -0.193723695319E-11   0.000000000000E+00
  169.   0.469531250000E+03  -0.893776443916E-11   0.000000000000E+00   0.230468750000E+03  -0.389529955345E-11   0.000000000000E+00
  170.   0.468750000000E+03  -0.444306136843E-11   0.000000000000E+00   0.231250000000E+03  -0.195155670139E-11   0.000000000000E+00
  171.   0.467968750000E+03  -0.890028385503E-11   0.000000000000E+00   0.232031250000E+03  -0.392400139449E-11   0.000000000000E+00
  172.   0.467187500000E+03  -0.442431146964E-11   0.000000000000E+00   0.232812500000E+03  -0.196589999391E-11   0.000000000000E+00
  173.   0.466406250000E+03  -0.886283870223E-11   0.000000000000E+00   0.233593750000E+03  -0.395273278430E-11   0.000000000000E+00
  174.   0.465625000000E+03  -0.440562241723E-11   0.000000000000E+00   0.234375000000E+03  -0.198026196297E-11   0.000000000000E+00
  175.   0.464843750000E+03  -0.882545852933E-11   0.000000000000E+00   0.235156250000E+03  -0.398151032046E-11   0.000000000000E+00
  176.   0.464062500000E+03  -0.438691846906E-11   0.000000000000E+00   0.235937500000E+03  -0.199463911017E-11   0.000000000000E+00
  177.   0.463281250000E+03  -0.878810980082E-11   0.000000000000E+00   0.236718750000E+03  -0.401032920597E-11   0.000000000000E+00
  178.   0.462500000000E+03  -0.436825312242E-11   0.000000000000E+00   0.237500000000E+03  -0.200905466478E-11   0.000000000000E+00
  179.   0.461718750000E+03  -0.875082434558E-11   0.000000000000E+00   0.238281250000E+03  -0.403918589550E-11   0.000000000000E+00
  180.   0.460937500000E+03  -0.434962046069E-11   0.000000000000E+00   0.239062500000E+03  -0.202346781996E-11   0.000000000000E+00
  181.   0.460156250000E+03  -0.871360545014E-11   0.000000000000E+00   0.239843750000E+03  -0.406807829360E-11   0.000000000000E+00
  182.   0.459375000000E+03  -0.433102462802E-11   0.000000000000E+00   0.240625000000E+03  -0.203790437188E-11   0.000000000000E+00
  183.   0.458593750000E+03  -0.867644378944E-11   0.000000000000E+00   0.241406250000E+03  -0.409701676320E-11   0.000000000000E+00
  184.   0.457812500000E+03  -0.431246036517E-11   0.000000000000E+00   0.242187500000E+03  -0.205236485647E-11   0.000000000000E+00
  185.   0.457031250000E+03  -0.863933601815E-11   0.000000000000E+00   0.242968750000E+03  -0.412600941702E-11   0.000000000000E+00
  186.   0.456250000000E+03  -0.429389236763E-11   0.000000000000E+00   0.243750000000E+03  -0.206685836596E-11   0.000000000000E+00
  187.   0.455468750000E+03  -0.860231085380E-11   0.000000000000E+00   0.244531250000E+03  -0.415504269185E-11   0.000000000000E+00
  188.   0.454687500000E+03  -0.427541987967E-11   0.000000000000E+00   0.245312500000E+03  -0.208136881876E-11   0.000000000000E+00
  189.   0.453906250000E+03  -0.856531859526E-11   0.000000000000E+00   0.246093750000E+03  -0.418412369178E-11   0.000000000000E+00
  190.   0.453125000000E+03  -0.425691783365E-11   0.000000000000E+00   0.246875000000E+03  -0.209589569364E-11   0.000000000000E+00
  191.   0.452343750000E+03  -0.852836705542E-11   0.000000000000E+00   0.247656250000E+03  -0.421324852601E-11   0.000000000000E+00
  192.   0.451562500000E+03  -0.423844453969E-11   0.000000000000E+00   0.248437500000E+03  -0.211045247593E-11   0.000000000000E+00
  193.   0.450781250000E+03  -0.849149309509E-11   0.000000000000E+00   0.249218750000E+03  -0.424241937486E-11   0.000000000000E+00
  194.   0.450000000000E+03  -0.422002941797E-11   0.000000000000E+00   0.250000000000E+03  -0.212502999430E-11   0.000000000000E+00
  195.   0.449218750000E+03  -0.845468545395E-11   0.000000000000E+00   0.250781250000E+03  -0.427162852968E-11   0.000000000000E+00
  196.   0.448437500000E+03  -0.420162499729E-11   0.000000000000E+00   0.251562500000E+03  -0.213962083706E-11   0.000000000000E+00
  197.   0.447656250000E+03  -0.841794045049E-11   0.000000000000E+00   0.252343750000E+03  -0.430089945060E-11   0.000000000000E+00
  198.   0.446875000000E+03  -0.418327149385E-11   0.000000000000E+00   0.253125000000E+03  -0.215425116450E-11   0.000000000000E+00
  199.   0.446093750000E+03  -0.838123629812E-11   0.000000000000E+00   0.253906250000E+03  -0.433022147976E-11   0.000000000000E+00
  200.   0.445312500000E+03  -0.416492337414E-11   0.000000000000E+00   0.254687500000E+03  -0.216890653037E-11   0.000000000000E+00
  201.   0.444531250000E+03  -0.834458438153E-11   0.000000000000E+00   0.255468750000E+03  -0.435959044693E-11   0.000000000000E+00
  202.   0.443750000000E+03  -0.414660223892E-11   0.000000000000E+00   0.256250000000E+03  -0.218360033426E-11   0.000000000000E+00
  203.   0.442968750000E+03  -0.830804297806E-11   0.000000000000E+00   0.257031250000E+03  -0.438903117907E-11   0.000000000000E+00
  204.   0.442187500000E+03  -0.412837341606E-11   0.000000000000E+00   0.257812500000E+03  -0.219830956431E-11   0.000000000000E+00
  205.   0.441406250000E+03  -0.827161324001E-11   0.000000000000E+00   0.258593750000E+03  -0.441853807016E-11   0.000000000000E+00
  206.   0.440625000000E+03  -0.411015872673E-11   0.000000000000E+00   0.259375000000E+03  -0.221306785506E-11   0.000000000000E+00
  207.   0.439843750000E+03  -0.823527250604E-11   0.000000000000E+00   0.260156250000E+03  -0.444811466285E-11   0.000000000000E+00
  208.   0.439062500000E+03  -0.409201503892E-11   0.000000000000E+00   0.260937500000E+03  -0.222784554891E-11   0.000000000000E+00
  209.   0.438281250000E+03  -0.819902892655E-11   0.000000000000E+00   0.261718750000E+03  -0.447776546937E-11   0.000000000000E+00
  210.   0.437500000000E+03  -0.407391465821E-11   0.000000000000E+00   0.262500000000E+03  -0.224267629442E-11   0.000000000000E+00
  211.   0.436718750000E+03  -0.816288091429E-11   0.000000000000E+00   0.263281250000E+03  -0.450751607836E-11   0.000000000000E+00
  212.   0.435937500000E+03  -0.405584079569E-11   0.000000000000E+00   0.264062500000E+03  -0.225755935114E-11   0.000000000000E+00
  213.   0.435156250000E+03  -0.812686748246E-11   0.000000000000E+00   0.264843750000E+03  -0.453736363322E-11   0.000000000000E+00
  214.   0.434375000000E+03  -0.403785528248E-11   0.000000000000E+00   0.265625000000E+03  -0.227248778793E-11   0.000000000000E+00
  215.   0.433593750000E+03  -0.809100465293E-11   0.000000000000E+00   0.266406250000E+03  -0.456733898717E-11   0.000000000000E+00
  216.   0.432812500000E+03  -0.401996571827E-11   0.000000000000E+00   0.267187500000E+03  -0.228748778960E-11   0.000000000000E+00
  217.   0.432031250000E+03  -0.805531085984E-11   0.000000000000E+00   0.267968750000E+03  -0.459745741120E-11   0.000000000000E+00
  218.   0.431250000000E+03  -0.400214433271E-11   0.000000000000E+00   0.268750000000E+03  -0.230255438440E-11   0.000000000000E+00
  219.   0.430468750000E+03  -0.801981885010E-11   0.000000000000E+00   0.269531250000E+03  -0.462773543928E-11   0.000000000000E+00
  220.   0.429687500000E+03  -0.398445341527E-11   0.000000000000E+00   0.270312500000E+03  -0.231773432720E-11   0.000000000000E+00
  221.   0.428906250000E+03  -0.798459460144E-11   0.000000000000E+00   0.271093750000E+03  -0.465823972768E-11   0.000000000000E+00
  222.   0.428125000000E+03  -0.396689931730E-11   0.000000000000E+00   0.271875000000E+03  -0.233302517224E-11   0.000000000000E+00
  223.   0.427343750000E+03  -0.794966890190E-11   0.000000000000E+00   0.272656250000E+03  -0.468900283440E-11   0.000000000000E+00
  224.   0.426562500000E+03  -0.394951361864E-11   0.000000000000E+00   0.273437500000E+03  -0.234846154362E-11   0.000000000000E+00
  225.   0.425781250000E+03  -0.791513347476E-11   0.000000000000E+00   0.274218750000E+03  -0.472008357094E-11   0.000000000000E+00
  226.   0.425000000000E+03  -0.393236199705E-11   0.000000000000E+00   0.275000000000E+03  -0.236406997119E-11   0.000000000000E+00
  227.   0.424218750000E+03  -0.788108993547E-11   0.000000000000E+00   0.275781250000E+03  -0.475154892796E-11   0.000000000000E+00
  228.   0.423437500000E+03  -0.391544140521E-11   0.000000000000E+00   0.276562500000E+03  -0.237990186998E-11   0.000000000000E+00
  229.   0.422656250000E+03  -0.784763824685E-11   0.000000000000E+00   0.277343750000E+03  -0.478352227975E-11   0.000000000000E+00
  230.   0.421875000000E+03  -0.389887690968E-11   0.000000000000E+00   0.278125000000E+03  -0.239600080955E-11   0.000000000000E+00
  231.   0.421093750000E+03  -0.781495369190E-11   0.000000000000E+00   0.278906250000E+03  -0.481613761117E-11   0.000000000000E+00
  232.   0.420312500000E+03  -0.388273091995E-11   0.000000000000E+00   0.279687500000E+03  -0.241245803719E-11   0.000000000000E+00
  233.   0.419531250000E+03  -0.778323608139E-11   0.000000000000E+00   0.280468750000E+03  -0.484958378446E-11   0.000000000000E+00
  234.   0.418750000000E+03  -0.386715176558E-11   0.000000000000E+00   0.281250000000E+03  -0.242940777559E-11   0.000000000000E+00
  235.   0.417968750000E+03  -0.775276807801E-11   0.000000000000E+00   0.282031250000E+03  -0.488407195952E-11   0.000000000000E+00
  236.   0.417187500000E+03  -0.385223200291E-11   0.000000000000E+00   0.282812500000E+03  -0.244692094057E-11   0.000000000000E+00
  237.   0.416406250000E+03  -0.772385788055E-11   0.000000000000E+00   0.283593750000E+03  -0.491988665871E-11   0.000000000000E+00
  238.   0.415625000000E+03  -0.383821289946E-11   0.000000000000E+00   0.284375000000E+03  -0.246517242779E-11   0.000000000000E+00
  239.   0.414843750000E+03  -0.769695558946E-11   0.000000000000E+00   0.285156250000E+03  -0.495742379798E-11   0.000000000000E+00
  240.   0.414062500000E+03  -0.382529783094E-11   0.000000000000E+00   0.285937500000E+03  -0.248440947024E-11   0.000000000000E+00
  241.   0.413281250000E+03  -0.767261705083E-11   0.000000000000E+00   0.286718750000E+03  -0.499716222315E-11   0.000000000000E+00
  242.   0.412500000000E+03  -0.381381830065E-11   0.000000000000E+00   0.287500000000E+03  -0.250488855903E-11   0.000000000000E+00
  243.   0.411718750000E+03  -0.765155218112E-11   0.000000000000E+00   0.288281250000E+03  -0.503972229185E-11   0.000000000000E+00
  244.   0.410937500000E+03  -0.380420587732E-11   0.000000000000E+00   0.289062500000E+03  -0.252692958295E-11   0.000000000000E+00
  245.   0.410156250000E+03  -0.763467472403E-11   0.000000000000E+00   0.289843750000E+03  -0.508592066033E-11   0.000000000000E+00
  246.   0.409375000000E+03  -0.379691731817E-11   0.000000000000E+00   0.290625000000E+03  -0.255103118556E-11   0.000000000000E+00
  247.   0.408593750000E+03  -0.762318697759E-11   0.000000000000E+00   0.291406250000E+03  -0.513680394869E-11   0.000000000000E+00
  248.   0.407812500000E+03  -0.379266792629E-11   0.000000000000E+00   0.292187500000E+03  -0.257776410402E-11   0.000000000000E+00
  249.   0.407031250000E+03  -0.761861922532E-11   0.000000000000E+00   0.292968750000E+03  -0.519373105630E-11   0.000000000000E+00
  250.   0.406250000000E+03  -0.379232369283E-11   0.000000000000E+00   0.293750000000E+03  -0.260790883744E-11   0.000000000000E+00
  251.   0.405468750000E+03  -0.762294353460E-11   0.000000000000E+00   0.294531250000E+03  -0.525850767313E-11   0.000000000000E+00
  252.   0.404687500000E+03  -0.379697066393E-11   0.000000000000E+00   0.295312500000E+03  -0.264248189045E-11   0.000000000000E+00
  253.   0.403906250000E+03  -0.763878840193E-11   0.000000000000E+00   0.296093750000E+03  -0.533346514173E-11   0.000000000000E+00
  254.   0.403125000000E+03  -0.380813855384E-11   0.000000000000E+00   0.296875000000E+03  -0.268281650913E-11   0.000000000000E+00
  255.   0.402343750000E+03  -0.766962454747E-11   0.000000000000E+00   0.297656250000E+03  -0.542172873499E-11   0.000000000000E+00
  256.   0.401562500000E+03  -0.382776474538E-11   0.000000000000E+00   0.298437500000E+03  -0.273069678232E-11   0.000000000000E+00
  257.   0.400781250000E+03  -0.772003147651E-11   0.000000000000E+00   0.299218750000E+03  -0.552742475880E-11   0.000000000000E+00
  258.   0.400000000000E+03  -0.385849088323E-11   0.000000000000E+00   0.300000000000E+03  -0.278847007175E-11   0.000000000000E+00
  259.   0.399218750000E+03  -0.779605011923E-11   0.000000000000E+00   0.300781250000E+03  -0.565601929637E-11   0.000000000000E+00
  260.   0.398437500000E+03  -0.390371223939E-11   0.000000000000E+00   0.301562500000E+03  -0.285923010091E-11   0.000000000000E+00
  261.   0.397656250000E+03  -0.790556615520E-11   0.000000000000E+00   0.302343750000E+03  -0.581472063911E-11   0.000000000000E+00
  262.   0.396875000000E+03  -0.396796975559E-11   0.000000000000E+00   0.303125000000E+03  -0.294712104195E-11   0.000000000000E+00
  263.   0.396093750000E+03  -0.805879039647E-11   0.000000000000E+00   0.303906250000E+03  -0.601286145495E-11   0.000000000000E+00
  264.   0.395312500000E+03  -0.405691386456E-11   0.000000000000E+00   0.304687500000E+03  -0.305732472343E-11   0.000000000000E+00
  265.   0.394531250000E+03  -0.826867184263E-11   0.000000000000E+00   0.305468750000E+03  -0.626235550790E-11   0.000000000000E+00
  266.   0.393750000000E+03  -0.417782585868E-11   0.000000000000E+00   0.306250000000E+03  -0.319657597052E-11   0.000000000000E+00
  267.   0.392968750000E+03  -0.855133132403E-11   0.000000000000E+00   0.307031250000E+03  -0.657816388168E-11   0.000000000000E+00
  268.   0.392187500000E+03  -0.433957220147E-11   0.000000000000E+00   0.307812500000E+03  -0.337310770111E-11   0.000000000000E+00
  269.   0.391406250000E+03  -0.892621043616E-11   0.000000000000E+00   0.308593750000E+03  -0.697844002730E-11   0.000000000000E+00
  270.   0.390625000000E+03  -0.455271049595E-11   0.000000000000E+00   0.309375000000E+03  -0.359684785627E-11   0.000000000000E+00
  271.   0.389843750000E+03  -0.941628916071E-11   0.000000000000E+00   0.310156250000E+03  -0.748477577097E-11   0.000000000000E+00
  272.   0.389062500000E+03  -0.482964698228E-11   0.000000000000E+00   0.310937500000E+03  -0.387945590291E-11   0.000000000000E+00
  273.   0.388281250000E+03  -0.100481050885E-10   0.000000000000E+00   0.311718750000E+03  -0.812241204161E-11   0.000000000000E+00
  274.   0.387500000000E+03  -0.518451163887E-11   0.000000000000E+00   0.312500000000E+03  -0.423444955753E-11   0.000000000000E+00
  275.   0.386718750000E+03  -0.108522913511E-10   0.000000000000E+00   0.313281250000E+03  -0.892064345779E-11   0.000000000000E+00
  276.   0.385937500000E+03  -0.563370515878E-11   0.000000000000E+00   0.314062500000E+03  -0.467756812168E-11   0.000000000000E+00
  277.   0.385156250000E+03  -0.118653708409E-10   0.000000000000E+00   0.314843750000E+03  -0.991461767304E-11   0.000000000000E+00
  278.   0.384375000000E+03  -0.619720361368E-11   0.000000000000E+00   0.315625000000E+03  -0.522808680756E-11   0.000000000000E+00
  279.   0.383593750000E+03  -0.131343159849E-10   0.000000000000E+00   0.316406250000E+03  -0.111496188734E-10   0.000000000000E+00
  280.   0.382812500000E+03  -0.690182339657E-11   0.000000000000E+00   0.317187500000E+03  -0.591181349824E-11   0.000000000000E+00
  281.   0.382031250000E+03  -0.147265005321E-10   0.000000000000E+00   0.317968750000E+03  -0.126903034351E-10   0.000000000000E+00
  282.   0.381250000000E+03  -0.778785117162E-11   0.000000000000E+00   0.318750000000E+03  -0.676734820273E-11   0.000000000000E+00
  283.   0.380468750000E+03  -0.167480095016E-10   0.000000000000E+00   0.319531250000E+03  -0.146379378152E-10   0.000000000000E+00
  284.   0.379687500000E+03  -0.892087845575E-11   0.000000000000E+00   0.320312500000E+03  -0.785719062775E-11   0.000000000000E+00
  285.   0.378906250000E+03  -0.193740034668E-10   0.000000000000E+00   0.321093750000E+03  -0.171592291898E-10   0.000000000000E+00
  286.   0.378125000000E+03  -0.104104650444E-10   0.000000000000E+00   0.321875000000E+03  -0.928547466067E-11   0.000000000000E+00
  287.   0.377343750000E+03  -0.228938051670E-10   0.000000000000E+00   0.322656250000E+03  -0.205293744907E-10   0.000000000000E+00
  288.   0.376562500000E+03  -0.124366604536E-10   0.000000000000E+00   0.323437500000E+03  -0.112235681015E-10   0.000000000000E+00
  289.   0.375781250000E+03  -0.277694874595E-10   0.000000000000E+00   0.324218750000E+03  -0.251888975960E-10   0.000000000000E+00
  290.   0.375000000000E+03  -0.152825844390E-10   0.000000000000E+00   0.325000000000E+03  -0.139416862406E-10   0.000000000000E+00
  291.   0.374218750000E+03  -0.346988606448E-10   0.000000000000E+00   0.325781250000E+03  -0.318061803948E-10   0.000000000000E+00
  292.   0.373437500000E+03  -0.193653040095E-10   0.000000000000E+00   0.326562500000E+03  -0.178401999413E-10   0.000000000000E+00
  293.   0.372656250000E+03  -0.446600805056E-10   0.000000000000E+00   0.327343750000E+03  -0.413241461264E-10   0.000000000000E+00
  294.   0.371875000000E+03  -0.252496701871E-10   0.000000000000E+00   0.328125000000E+03  -0.234652349079E-10   0.000000000000E+00
  295.   0.371093750000E+03  -0.588957791849E-10   0.000000000000E+00   0.328906250000E+03  -0.549513920868E-10   0.000000000000E+00
  296.   0.370312500000E+03  -0.336183440749E-10   0.000000000000E+00   0.329687500000E+03  -0.314839199560E-10   0.000000000000E+00
  297.   0.369531250000E+03  -0.787751142176E-10   0.000000000000E+00   0.330468750000E+03  -0.740374569032E-10   0.000000000000E+00
  298.   0.368750000000E+03  -0.451622202328E-10   0.000000000000E+00   0.331250000000E+03  -0.425829508282E-10   0.000000000000E+00
  299.   0.367968750000E+03  -0.105470651082E-09   0.000000000000E+00   0.332031250000E+03  -0.997686456517E-10   0.000000000000E+00
  300.   0.367187500000E+03  -0.603645807771E-10   0.000000000000E+00   0.332812500000E+03  -0.572635735414E-10   0.000000000000E+00
  301.   0.366406250000E+03  -0.139405822292E-09   0.000000000000E+00   0.333593750000E+03  -0.132636801168E-09   0.000000000000E+00
  302.   0.365625000000E+03  -0.791615369070E-10   0.000000000000E+00   0.334375000000E+03  -0.755125420945E-10   0.000000000000E+00
  303.   0.364843750000E+03  -0.179537897004E-09   0.000000000000E+00   0.335156250000E+03  -0.171736257407E-09   0.000000000000E+00
  304.   0.364062500000E+03  -0.100564352328E-09   0.000000000000E+00   0.335937500000E+03  -0.964280045591E-10   0.000000000000E+00
  305.   0.363281250000E+03  -0.222515733276E-09   0.000000000000E+00   0.336718750000E+03  -0.213921408397E-09   0.000000000000E+00
  306.   0.362500000000E+03  -0.122204797747E-09   0.000000000000E+00   0.337500000000E+03  -0.117760049802E-09   0.000000000000E+00
  307.   0.361718750000E+03  -0.262182350758E-09   0.000000000000E+00   0.338281250000E+03  -0.253276019292E-09   0.000000000000E+00
  308.   0.360937500000E+03  -0.140260059629E-09   0.000000000000E+00   0.339062500000E+03  -0.135810414826E-09   0.000000000000E+00
  309.   0.360156250000E+03  -0.288540702029E-09   0.000000000000E+00   0.339843750000E+03  -0.280046413975E-09   0.000000000000E+00
  310.   0.359375000000E+03  -0.148702183506E-09   0.000000000000E+00   0.340625000000E+03  -0.144661645924E-09   0.000000000000E+00
  311.   0.358593750000E+03  -0.289187250572E-09   0.000000000000E+00   0.341406250000E+03  -0.281959881109E-09   0.000000000000E+00
  312.   0.357812500000E+03  -0.140559648091E-09   0.000000000000E+00   0.342187500000E+03  -0.137388432742E-09   0.000000000000E+00
  313.   0.357031250000E+03  -0.242422641361E-09   0.000000000000E+00   0.342968750000E+03  -0.237400586991E-09   0.000000000000E+00
  314.   0.356250000000E+03  -0.104169933773E-09   0.000000000000E+00   0.343750000000E+03  -0.102268593542E-09   0.000000000000E+00
  315.   0.355468750000E+03  -0.133099109396E-09   0.000000000000E+00   0.344531250000E+03  -0.130874562050E-09   0.000000000000E+00
  316.   0.354687500000E+03  -0.241168073343E-10   0.000000000000E+00   0.345312500000E+03  -0.238782819573E-10   0.000000000000E+00
  317.   0.353906250000E+03   0.117015903040E-09   0.000000000000E+00   0.346093750000E+03   0.115970565318E-09   0.000000000000E+00
  318.   0.353125000000E+03   0.974650700794E-10   0.000000000000E+00   0.346875000000E+03   0.968202792051E-10   0.000000000000E+00
  319.   0.352343750000E+03   0.504983215071E-09   0.000000000000E+00   0.347656250000E+03   0.501363853172E-09   0.000000000000E+00
  320.   0.351562500000E+03   0.545443836882E-09   0.000000000000E+00   0.348437500000E+03   0.542380040401E-09   0.000000000000E+00
  321.   0.350781250000E+03   0.139587305145E-08   0.000000000000E+00   0.349218750000E+03   0.139407374695E-08   0.000000000000E+00
  322.   0.350000000000E+03   0.391533173139E-08   0.000000000000E+00   0.350000000000E+03   0.391533181672E-08   0.000000000000E+00
  323.   0.349218750000E+03   0.139407355525E-08   0.000000000000E+00   0.350781250000E+03   0.139587322699E-08   0.000000000000E+00
  324.   0.348437500000E+03   0.542379937234E-09   0.000000000000E+00   0.351562500000E+03   0.545443917979E-09   0.000000000000E+00
  325.   0.347656250000E+03   0.501363666714E-09   0.000000000000E+00   0.352343750000E+03   0.504983389689E-09   0.000000000000E+00
  326.   0.346875000000E+03   0.968201885319E-10   0.000000000000E+00   0.353125000000E+03   0.974651573012E-10   0.000000000000E+00
  327.   0.346093750000E+03   0.115970383138E-09   0.000000000000E+00   0.353906250000E+03   0.117016089995E-09   0.000000000000E+00
  328.   0.345312500000E+03  -0.238783701453E-10   0.000000000000E+00   0.354687500000E+03  -0.241167373813E-10   0.000000000000E+00
  329.   0.344531250000E+03  -0.130874751874E-09   0.000000000000E+00   0.355468750000E+03  -0.133098930946E-09   0.000000000000E+00
  330.   0.343750000000E+03  -0.102268688051E-09   0.000000000000E+00   0.356250000000E+03  -0.104169872061E-09   0.000000000000E+00
  331.   0.342968750000E+03  -0.237400767302E-09   0.000000000000E+00   0.357031250000E+03  -0.242422483737E-09   0.000000000000E+00
  332.   0.342187500000E+03  -0.137388507787E-09   0.000000000000E+00   0.357812500000E+03  -0.140559593052E-09   0.000000000000E+00
  333.   0.341406250000E+03  -0.281960064144E-09   0.000000000000E+00   0.358593750000E+03  -0.289187102154E-09   0.000000000000E+00
  334.   0.340625000000E+03  -0.144661740313E-09   0.000000000000E+00   0.359375000000E+03  -0.148702099187E-09   0.000000000000E+00
  335.   0.339843750000E+03  -0.280046592398E-09   0.000000000000E+00   0.360156250000E+03  -0.288540561821E-09   0.000000000000E+00
  336.   0.339062500000E+03  -0.135810507226E-09   0.000000000000E+00   0.360937500000E+03  -0.140259980000E-09   0.000000000000E+00
  337.   0.338281250000E+03  -0.253276186722E-09   0.000000000000E+00   0.361718750000E+03  -0.262182217523E-09   0.000000000000E+00
  338.   0.337500000000E+03  -0.117760119067E-09   0.000000000000E+00   0.362500000000E+03  -0.122204741155E-09   0.000000000000E+00
  339.   0.336718750000E+03  -0.213921557685E-09   0.000000000000E+00   0.363281250000E+03  -0.222515591224E-09   0.000000000000E+00
  340.   0.335937500000E+03  -0.964280685067E-10   0.000000000000E+00   0.364062500000E+03  -0.100564284894E-09   0.000000000000E+00
  341.   0.335156250000E+03  -0.171736412567E-09   0.000000000000E+00   0.364843750000E+03  -0.179537734488E-09   0.000000000000E+00
  342.   0.334375000000E+03  -0.755126251750E-10   0.000000000000E+00   0.365625000000E+03  -0.791614608614E-10   0.000000000000E+00
  343.   0.333593750000E+03  -0.132636965365E-09   0.000000000000E+00   0.366406250000E+03  -0.139405647237E-09   0.000000000000E+00
  344.   0.332812500000E+03  -0.572636655851E-10   0.000000000000E+00   0.367187500000E+03  -0.603644999601E-10   0.000000000000E+00
  345.   0.332031250000E+03  -0.997688132698E-10   0.000000000000E+00   0.367968750000E+03  -0.105470487228E-09   0.000000000000E+00
  346.   0.331250000000E+03  -0.425830568110E-10   0.000000000000E+00   0.368750000000E+03  -0.451621421524E-10   0.000000000000E+00
  347.   0.330468750000E+03  -0.740376427809E-10   0.000000000000E+00   0.369531250000E+03  -0.787749472977E-10   0.000000000000E+00
  348.   0.329687500000E+03  -0.314840206531E-10   0.000000000000E+00   0.370312500000E+03  -0.336182628745E-10   0.000000000000E+00
  349.   0.328906250000E+03  -0.549515747241E-10   0.000000000000E+00   0.371093750000E+03  -0.588956118003E-10   0.000000000000E+00
  350.   0.328125000000E+03  -0.234653161964E-10   0.000000000000E+00   0.371875000000E+03  -0.252495714560E-10   0.000000000000E+00
  351.   0.327343750000E+03  -0.413243030620E-10   0.000000000000E+00   0.372656250000E+03  -0.446599009924E-10   0.000000000000E+00
  352.   0.326562500000E+03  -0.178402599599E-10   0.000000000000E+00   0.373437500000E+03  -0.193652123632E-10   0.000000000000E+00
  353.   0.325781250000E+03  -0.318063332631E-10   0.000000000000E+00   0.374218750000E+03  -0.346986712940E-10   0.000000000000E+00
  354.   0.325000000000E+03  -0.139417744431E-10   0.000000000000E+00   0.375000000000E+03  -0.152824860417E-10   0.000000000000E+00
  355.   0.324218750000E+03  -0.251890548330E-10   0.000000000000E+00   0.375781250000E+03  -0.277692928324E-10   0.000000000000E+00
  356.   0.323437500000E+03  -0.112236536966E-10   0.000000000000E+00   0.376562500000E+03  -0.124365709066E-10   0.000000000000E+00
  357.   0.322656250000E+03  -0.205295322529E-10   0.000000000000E+00   0.377343750000E+03  -0.228936114223E-10   0.000000000000E+00
  358.   0.321875000000E+03  -0.928555502032E-11   0.000000000000E+00   0.378125000000E+03  -0.104103623440E-10   0.000000000000E+00
  359.   0.321093750000E+03  -0.171593899031E-10   0.000000000000E+00   0.378906250000E+03  -0.193738121298E-10   0.000000000000E+00
  360.   0.320312500000E+03  -0.785725729705E-11   0.000000000000E+00   0.379687500000E+03  -0.892079751541E-11   0.000000000000E+00
  361.   0.319531250000E+03  -0.146381005719E-10   0.000000000000E+00   0.380468750000E+03  -0.167478335273E-10   0.000000000000E+00
  362.   0.318750000000E+03  -0.676742401762E-11   0.000000000000E+00   0.381250000000E+03  -0.778779633306E-11   0.000000000000E+00
  363.   0.317968750000E+03  -0.126904570916E-10   0.000000000000E+00   0.382031250000E+03  -0.147263378516E-10   0.000000000000E+00
  364.   0.317187500000E+03  -0.591188871758E-11   0.000000000000E+00   0.382812500000E+03  -0.690173201057E-11   0.000000000000E+00
  365.   0.316406250000E+03  -0.111497708517E-10   0.000000000000E+00   0.383593750000E+03  -0.131341468307E-10   0.000000000000E+00
  366.   0.315625000000E+03  -0.522813813103E-11   0.000000000000E+00   0.384375000000E+03  -0.619710088947E-11   0.000000000000E+00
  367.   0.314843750000E+03  -0.991475241552E-11   0.000000000000E+00   0.385156250000E+03  -0.118652011260E-10   0.000000000000E+00
  368.   0.314062500000E+03  -0.467762769705E-11   0.000000000000E+00   0.385937500000E+03  -0.563361547074E-11   0.000000000000E+00
  369.   0.313281250000E+03  -0.892077525527E-11   0.000000000000E+00   0.386718750000E+03  -0.108521283598E-10   0.000000000000E+00
  370.   0.312500000000E+03  -0.423452660043E-11   0.000000000000E+00   0.387500000000E+03  -0.518442029278E-11   0.000000000000E+00
  371.   0.311718750000E+03  -0.812255171322E-11   0.000000000000E+00   0.388281250000E+03  -0.100479492604E-10   0.000000000000E+00
  372.   0.310937500000E+03  -0.387954746672E-11   0.000000000000E+00   0.389062500000E+03  -0.482956881862E-11   0.000000000000E+00
  373.   0.310156250000E+03  -0.748492535324E-11   0.000000000000E+00   0.389843750000E+03  -0.941613837657E-11   0.000000000000E+00
  374.   0.309375000000E+03  -0.359691601369E-11   0.000000000000E+00   0.390625000000E+03  -0.455263629517E-11   0.000000000000E+00
  375.   0.308593750000E+03  -0.697857341520E-11   0.000000000000E+00   0.391406250000E+03  -0.892606420910E-11   0.000000000000E+00
  376.   0.307812500000E+03  -0.337317328509E-11   0.000000000000E+00   0.392187500000E+03  -0.433948298119E-11   0.000000000000E+00
  377.   0.307031250000E+03  -0.657830403342E-11   0.000000000000E+00   0.392968750000E+03  -0.855117225950E-11   0.000000000000E+00
  378.   0.306250000000E+03  -0.319664604747E-11   0.000000000000E+00   0.393750000000E+03  -0.417774514848E-11   0.000000000000E+00
  379.   0.305468750000E+03  -0.626250125204E-11   0.000000000000E+00   0.394531250000E+03  -0.826851289613E-11   0.000000000000E+00
  380.   0.304687500000E+03  -0.305739758532E-11   0.000000000000E+00   0.395312500000E+03  -0.405683150020E-11   0.000000000000E+00
  381.   0.303906250000E+03  -0.601299100335E-11   0.000000000000E+00   0.396093750000E+03  -0.805863041324E-11   0.000000000000E+00
  382.   0.303125000000E+03  -0.294717573275E-11   0.000000000000E+00   0.396875000000E+03  -0.396788664315E-11   0.000000000000E+00
  383.   0.302343750000E+03  -0.581485858646E-11   0.000000000000E+00   0.397656250000E+03  -0.790541960254E-11   0.000000000000E+00
  384.   0.301562500000E+03  -0.285930533915E-11   0.000000000000E+00   0.398437500000E+03  -0.390366846310E-11   0.000000000000E+00
  385.   0.300781250000E+03  -0.565617070417E-11   0.000000000000E+00   0.399218750000E+03  -0.779590736956E-11   0.000000000000E+00
  386.   0.300000000000E+03  -0.278853803527E-11   0.000000000000E+00   0.400000000000E+03  -0.385840371459E-11   0.000000000000E+00
  387.   0.299218750000E+03  -0.552757704227E-11   0.000000000000E+00   0.400781250000E+03  -0.771986733559E-11   0.000000000000E+00
  388.   0.298437500000E+03  -0.273076784605E-11   0.000000000000E+00   0.401562500000E+03  -0.382766136317E-11   0.000000000000E+00
  389.   0.297656250000E+03  -0.542187913188E-11   0.000000000000E+00   0.402343750000E+03  -0.766944561411E-11   0.000000000000E+00
  390.   0.296875000000E+03  -0.268290269656E-11   0.000000000000E+00   0.403125000000E+03  -0.380803832643E-11   0.000000000000E+00
  391.   0.296093750000E+03  -0.533362350480E-11   0.000000000000E+00   0.403906250000E+03  -0.763859526357E-11   0.000000000000E+00
  392.   0.295312500000E+03  -0.264256625132E-11   0.000000000000E+00   0.404687500000E+03  -0.379687634013E-11   0.000000000000E+00
  393.   0.294531250000E+03  -0.525866733892E-11   0.000000000000E+00   0.405468750000E+03  -0.762274229609E-11   0.000000000000E+00
  394.   0.293750000000E+03  -0.260799126211E-11   0.000000000000E+00   0.406250000000E+03  -0.379222358026E-11   0.000000000000E+00
  395.   0.292968750000E+03  -0.519389755898E-11   0.000000000000E+00   0.407031250000E+03  -0.761842115598E-11   0.000000000000E+00
  396.   0.292187500000E+03  -0.257782531512E-11   0.000000000000E+00   0.407812500000E+03  -0.379259905089E-11   0.000000000000E+00
  397.   0.291406250000E+03  -0.513695523972E-11   0.000000000000E+00   0.408593750000E+03  -0.762302132488E-11   0.000000000000E+00
  398.   0.290625000000E+03  -0.255110261760E-11   0.000000000000E+00   0.409375000000E+03  -0.379684738319E-11   0.000000000000E+00
  399.   0.289843750000E+03  -0.508606838520E-11   0.000000000000E+00   0.410156250000E+03  -0.763452700315E-11   0.000000000000E+00
  400.   0.289062500000E+03  -0.252700982446E-11   0.000000000000E+00   0.410937500000E+03  -0.380413297394E-11   0.000000000000E+00
  401.   0.288281250000E+03  -0.503987191580E-11   0.000000000000E+00   0.411718750000E+03  -0.765138596443E-11   0.000000000000E+00
  402.   0.287500000000E+03  -0.250494520315E-11   0.000000000000E+00   0.412500000000E+03  -0.381376386336E-11   0.000000000000E+00
  403.   0.286718750000E+03  -0.499730923946E-11   0.000000000000E+00   0.413281250000E+03  -0.767244298228E-11   0.000000000000E+00
  404.   0.285937500000E+03  -0.248447673532E-11   0.000000000000E+00   0.414062500000E+03  -0.382521707388E-11   0.000000000000E+00
  405.   0.285156250000E+03  -0.495757279891E-11   0.000000000000E+00   0.414843750000E+03  -0.769676952835E-11   0.000000000000E+00
  406.   0.284375000000E+03  -0.246525775113E-11   0.000000000000E+00   0.415625000000E+03  -0.383810372621E-11   0.000000000000E+00
  407.   0.283593750000E+03  -0.492003457736E-11   0.000000000000E+00   0.416406250000E+03  -0.772367142601E-11   0.000000000000E+00
  408.   0.282812500000E+03  -0.244699090645E-11   0.000000000000E+00   0.417187500000E+03  -0.385214575815E-11   0.000000000000E+00
  409.   0.282031250000E+03  -0.488422753659E-11   0.000000000000E+00   0.417968750000E+03  -0.775259066073E-11   0.000000000000E+00
  410.   0.281250000000E+03  -0.242947552208E-11   0.000000000000E+00   0.418750000000E+03  -0.386704795857E-11   0.000000000000E+00
  411.   0.280468750000E+03  -0.484974393537E-11   0.000000000000E+00   0.419531250000E+03  -0.778305923454E-11   0.000000000000E+00
  412.   0.279687500000E+03  -0.241254856581E-11   0.000000000000E+00   0.420312500000E+03  -0.388261745822E-11   0.000000000000E+00
  413.   0.278906250000E+03  -0.481630804387E-11   0.000000000000E+00   0.421093750000E+03  -0.781476799629E-11   0.000000000000E+00
  414.   0.278125000000E+03  -0.239607752911E-11   0.000000000000E+00   0.421875000000E+03  -0.389879126999E-11   0.000000000000E+00
  415.   0.277343750000E+03  -0.478369075333E-11   0.000000000000E+00   0.422656250000E+03  -0.784745320548E-11   0.000000000000E+00
  416.   0.276562500000E+03  -0.237998046470E-11   0.000000000000E+00   0.423437500000E+03  -0.391535812233E-11   0.000000000000E+00
  417.   0.275781250000E+03  -0.475171063218E-11   0.000000000000E+00   0.424218750000E+03  -0.788089774679E-11   0.000000000000E+00
  418.   0.275000000000E+03  -0.236414454494E-11   0.000000000000E+00   0.425000000000E+03  -0.393225699570E-11   0.000000000000E+00
  419.   0.274218750000E+03  -0.472023387851E-11   0.000000000000E+00   0.425781250000E+03  -0.791495354227E-11   0.000000000000E+00
  420.   0.273437500000E+03  -0.234853517347E-11   0.000000000000E+00   0.426562500000E+03  -0.394944770695E-11   0.000000000000E+00
  421.   0.272656250000E+03  -0.468916105142E-11   0.000000000000E+00   0.427343750000E+03  -0.794950577877E-11   0.000000000000E+00
  422.   0.271875000000E+03  -0.233310401497E-11   0.000000000000E+00   0.428125000000E+03  -0.396681088605E-11   0.000000000000E+00
  423.   0.271093750000E+03  -0.465841186550E-11   0.000000000000E+00   0.428906250000E+03  -0.798440231916E-11   0.000000000000E+00
  424.   0.270312500000E+03  -0.231783198412E-11   0.000000000000E+00   0.429687500000E+03  -0.398434977699E-11   0.000000000000E+00
  425.   0.269531250000E+03  -0.462791350173E-11   0.000000000000E+00   0.430468750000E+03  -0.801961915541E-11   0.000000000000E+00
  426.   0.268750000000E+03  -0.230264827262E-11   0.000000000000E+00   0.431250000000E+03  -0.400205988631E-11   0.000000000000E+00
  427.   0.267968750000E+03  -0.459762519634E-11   0.000000000000E+00   0.432031250000E+03  -0.805511757538E-11   0.000000000000E+00
  428.   0.267187500000E+03  -0.228758502726E-11   0.000000000000E+00   0.432812500000E+03  -0.401987571540E-11   0.000000000000E+00
  429.   0.266406250000E+03  -0.456751486375E-11   0.000000000000E+00   0.433593750000E+03  -0.809081130472E-11   0.000000000000E+00
  430.   0.265625000000E+03  -0.227257718640E-11   0.000000000000E+00   0.434375000000E+03  -0.403777819888E-11   0.000000000000E+00
  431.   0.264843750000E+03  -0.453753646394E-11   0.000000000000E+00   0.435156250000E+03  -0.812667437884E-11   0.000000000000E+00
  432.   0.264062500000E+03  -0.225764339866E-11   0.000000000000E+00   0.435937500000E+03  -0.405577294302E-11   0.000000000000E+00
  433.   0.263281250000E+03  -0.450768802247E-11   0.000000000000E+00   0.436718750000E+03  -0.816270059881E-11   0.000000000000E+00
  434.   0.262500000000E+03  -0.224277322198E-11   0.000000000000E+00   0.437500000000E+03  -0.407382255721E-11   0.000000000000E+00
  435.   0.261718750000E+03  -0.447794013088E-11   0.000000000000E+00   0.438281250000E+03  -0.819885055974E-11   0.000000000000E+00
  436.   0.260937500000E+03  -0.222792760142E-11   0.000000000000E+00   0.439062500000E+03  -0.409190721094E-11   0.000000000000E+00
  437.   0.260156250000E+03  -0.444827729025E-11   0.000000000000E+00   0.439843750000E+03  -0.823510834765E-11   0.000000000000E+00
  438.   0.259375000000E+03  -0.221314781854E-11   0.000000000000E+00   0.440625000000E+03  -0.411007822439E-11   0.000000000000E+00
  439.   0.258593750000E+03  -0.441870742239E-11   0.000000000000E+00   0.441406250000E+03  -0.827146315927E-11   0.000000000000E+00
  440.   0.257812500000E+03  -0.219841701665E-11   0.000000000000E+00   0.442187500000E+03  -0.412827886926E-11   0.000000000000E+00
  441.   0.257031250000E+03  -0.438921529268E-11   0.000000000000E+00   0.442968750000E+03  -0.830790287854E-11   0.000000000000E+00
  442.   0.256250000000E+03  -0.218367772962E-11   0.000000000000E+00   0.443750000000E+03  -0.414656255419E-11   0.000000000000E+00
  443.   0.255468750000E+03  -0.435977537549E-11   0.000000000000E+00   0.444531250000E+03  -0.834444827297E-11   0.000000000000E+00
  444.   0.254687500000E+03  -0.216899031942E-11   0.000000000000E+00   0.445312500000E+03  -0.416484833743E-11   0.000000000000E+00
  445.   0.253906250000E+03  -0.433038975454E-11   0.000000000000E+00   0.446093750000E+03  -0.838106050992E-11   0.000000000000E+00
  446.   0.253125000000E+03  -0.215434183464E-11   0.000000000000E+00   0.446875000000E+03  -0.418318371651E-11   0.000000000000E+00
  447.   0.252343750000E+03  -0.430106293857E-11   0.000000000000E+00   0.447656250000E+03  -0.841775617479E-11   0.000000000000E+00
  448.   0.251562500000E+03  -0.213970519088E-11   0.000000000000E+00   0.448437500000E+03  -0.420154737355E-11   0.000000000000E+00
  449.   0.250781250000E+03  -0.427179285511E-11   0.000000000000E+00   0.449218750000E+03  -0.845450690607E-11   0.000000000000E+00
  450.   0.250000000000E+03  -0.212510779509E-11   0.000000000000E+00   0.450000000000E+03  -0.421994162754E-11   0.000000000000E+00
  451.   0.249218750000E+03  -0.424257203337E-11   0.000000000000E+00   0.450781250000E+03  -0.849131286723E-11   0.000000000000E+00
  452.   0.248437500000E+03  -0.211053593980E-11   0.000000000000E+00   0.451562500000E+03  -0.423835876763E-11   0.000000000000E+00
  453.   0.247656250000E+03  -0.421340387002E-11   0.000000000000E+00   0.452343750000E+03  -0.852818465329E-11   0.000000000000E+00
  454.   0.246875000000E+03  -0.209597801053E-11   0.000000000000E+00   0.453125000000E+03  -0.425683932019E-11   0.000000000000E+00
  455.   0.246093750000E+03  -0.418428313740E-11   0.000000000000E+00   0.453906250000E+03  -0.856512537563E-11   0.000000000000E+00
  456.   0.245312500000E+03  -0.208144932389E-11   0.000000000000E+00   0.454687500000E+03  -0.427531355049E-11   0.000000000000E+00
  457.   0.244531250000E+03  -0.415520717686E-11   0.000000000000E+00   0.455468750000E+03  -0.860212396569E-11   0.000000000000E+00
  458.   0.243750000000E+03  -0.206693515396E-11   0.000000000000E+00   0.456250000000E+03  -0.429381998418E-11   0.000000000000E+00
  459.   0.242968750000E+03  -0.412616779651E-11   0.000000000000E+00   0.457031250000E+03  -0.863919415764E-11   0.000000000000E+00
  460.   0.242187500000E+03  -0.205244603232E-11   0.000000000000E+00   0.457812500000E+03  -0.431242435200E-11   0.000000000000E+00
  461.   0.241406250000E+03  -0.409717562648E-11   0.000000000000E+00   0.458593750000E+03  -0.867630459395E-11   0.000000000000E+00
  462.   0.240625000000E+03  -0.203798817665E-11   0.000000000000E+00   0.459375000000E+03  -0.433098863901E-11   0.000000000000E+00
  463.   0.239843750000E+03  -0.406824060341E-11   0.000000000000E+00   0.460156250000E+03  -0.871348649310E-11   0.000000000000E+00
  464.   0.239062500000E+03  -0.202354419275E-11   0.000000000000E+00   0.460937500000E+03  -0.434956966576E-11   0.000000000000E+00
  465.   0.238281250000E+03  -0.403934224027E-11   0.000000000000E+00   0.461718750000E+03  -0.875072275204E-11   0.000000000000E+00
  466.   0.237500000000E+03  -0.200912276602E-11   0.000000000000E+00   0.462500000000E+03  -0.436820813138E-11   0.000000000000E+00
  467.   0.236718750000E+03  -0.401047803457E-11   0.000000000000E+00   0.463281250000E+03  -0.878800036673E-11   0.000000000000E+00
  468.   0.235937500000E+03  -0.199473231612E-11   0.000000000000E+00   0.464062500000E+03  -0.438688121082E-11   0.000000000000E+00
  469.   0.235156250000E+03  -0.398166143472E-11   0.000000000000E+00   0.464843750000E+03  -0.882533870806E-11   0.000000000000E+00
  470.   0.234375000000E+03  -0.198034756760E-11   0.000000000000E+00   0.465625000000E+03  -0.440556337867E-11   0.000000000000E+00
  471.   0.233593750000E+03  -0.395288300396E-11   0.000000000000E+00   0.466406250000E+03  -0.886274260092E-11   0.000000000000E+00
  472.   0.232812500000E+03  -0.196598450717E-11   0.000000000000E+00   0.467187500000E+03  -0.442427574491E-11   0.000000000000E+00
  473.   0.232031250000E+03  -0.392414627688E-11   0.000000000000E+00   0.467968750000E+03  -0.890017039041E-11   0.000000000000E+00
  474.   0.231250000000E+03  -0.195163467913E-11   0.000000000000E+00   0.468750000000E+03  -0.444300848710E-11   0.000000000000E+00
  475.   0.230468750000E+03  -0.389544832322E-11   0.000000000000E+00   0.469531250000E+03  -0.893765476094E-11   0.000000000000E+00
  476.   0.229687500000E+03  -0.193730381556E-11   0.000000000000E+00   0.470312500000E+03  -0.446173933805E-11   0.000000000000E+00
  477.   0.228906250000E+03  -0.386679329470E-11   0.000000000000E+00   0.471093750000E+03  -0.897519584607E-11   0.000000000000E+00
  478.   0.228125000000E+03  -0.192301812121E-11   0.000000000000E+00   0.471875000000E+03  -0.448053867047E-11   0.000000000000E+00
  479.   0.227343750000E+03  -0.383818435534E-11   0.000000000000E+00   0.472656250000E+03  -0.901277917797E-11   0.000000000000E+00
  480.   0.226562500000E+03  -0.190874516570E-11   0.000000000000E+00   0.473437500000E+03  -0.449935390211E-11   0.000000000000E+00
  481.   0.225781250000E+03  -0.380960497927E-11   0.000000000000E+00   0.474218750000E+03  -0.905043951933E-11   0.000000000000E+00
  482.   0.225000000000E+03  -0.189447866952E-11   0.000000000000E+00   0.475000000000E+03  -0.451819956117E-11   0.000000000000E+00
  483.   0.224218750000E+03  -0.378106083699E-11   0.000000000000E+00   0.475781250000E+03  -0.908812938404E-11   0.000000000000E+00
  484.   0.223437500000E+03  -0.188023441342E-11   0.000000000000E+00   0.476562500000E+03  -0.453702360532E-11   0.000000000000E+00
  485.   0.222656250000E+03  -0.375256749830E-11   0.000000000000E+00   0.477343750000E+03  -0.912586958973E-11   0.000000000000E+00
  486.   0.221875000000E+03  -0.186601457920E-11   0.000000000000E+00   0.478125000000E+03  -0.455593416742E-11   0.000000000000E+00
  487.   0.221093750000E+03  -0.372411195220E-11   0.000000000000E+00   0.478906250000E+03  -0.916365667405E-11   0.000000000000E+00
  488.   0.220312500000E+03  -0.185181335194E-11   0.000000000000E+00   0.479687500000E+03  -0.457484524002E-11   0.000000000000E+00
  489.   0.219531250000E+03  -0.369568740715E-11   0.000000000000E+00   0.480468750000E+03  -0.920151177123E-11   0.000000000000E+00
  490.   0.218750000000E+03  -0.183762677911E-11   0.000000000000E+00   0.481250000000E+03  -0.459377228089E-11   0.000000000000E+00
  491.   0.217968750000E+03  -0.366730297327E-11   0.000000000000E+00   0.482031250000E+03  -0.923944136383E-11   0.000000000000E+00
  492.   0.217187500000E+03  -0.182345985567E-11   0.000000000000E+00   0.482812500000E+03  -0.461275605183E-11   0.000000000000E+00
  493.   0.216406250000E+03  -0.363895536580E-11   0.000000000000E+00   0.483593750000E+03  -0.927740298484E-11   0.000000000000E+00
  494.   0.215625000000E+03  -0.180930687995E-11   0.000000000000E+00   0.484375000000E+03  -0.463176339242E-11   0.000000000000E+00
  495.   0.214843750000E+03  -0.361064321405E-11   0.000000000000E+00   0.485156250000E+03  -0.931541477182E-11   0.000000000000E+00
  496.   0.214062500000E+03  -0.179518475707E-11   0.000000000000E+00   0.485937500000E+03  -0.465075096235E-11   0.000000000000E+00
  497.   0.213281250000E+03  -0.358237162104E-11   0.000000000000E+00   0.486718750000E+03  -0.935347174814E-11   0.000000000000E+00
  498.   0.212500000000E+03  -0.178107287905E-11   0.000000000000E+00   0.487500000000E+03  -0.466982441104E-11   0.000000000000E+00
  499.   0.211718750000E+03  -0.355413304360E-11   0.000000000000E+00   0.488281250000E+03  -0.939158100614E-11   0.000000000000E+00
  500.   0.210937500000E+03  -0.176697189464E-11   0.000000000000E+00   0.489062500000E+03  -0.468889233929E-11   0.000000000000E+00
  501.   0.210156250000E+03  -0.352592747276E-11   0.000000000000E+00   0.489843750000E+03  -0.942973947814E-11   0.000000000000E+00
  502.   0.209375000000E+03  -0.175289740872E-11   0.000000000000E+00   0.490625000000E+03  -0.470799139263E-11   0.000000000000E+00
  503.   0.208593750000E+03  -0.349775587581E-11   0.000000000000E+00   0.491406250000E+03  -0.946792906366E-11   0.000000000000E+00
  504.   0.207812500000E+03  -0.173883540184E-11   0.000000000000E+00   0.492187500000E+03  -0.472708778778E-11   0.000000000000E+00
  505.   0.207031250000E+03  -0.346962245820E-11   0.000000000000E+00   0.492968750000E+03  -0.950618662372E-11   0.000000000000E+00
  506.   0.206250000000E+03  -0.172480111571E-11   0.000000000000E+00   0.493750000000E+03  -0.474620885989E-11   0.000000000000E+00
  507.   0.205468750000E+03  -0.344152952229E-11   0.000000000000E+00   0.494531250000E+03  -0.954450912348E-11   0.000000000000E+00
  508.   0.204687500000E+03  -0.171077473198E-11   0.000000000000E+00   0.495312500000E+03  -0.476540742265E-11   0.000000000000E+00
  509.   0.203906250000E+03  -0.341346346616E-11   0.000000000000E+00   0.496093750000E+03  -0.958285947872E-11   0.000000000000E+00
  510.   0.203125000000E+03  -0.169676371579E-11   0.000000000000E+00   0.496875000000E+03  -0.478459229384E-11   0.000000000000E+00
  511.   0.202343750000E+03  -0.338542908425E-11   0.000000000000E+00   0.497656250000E+03  -0.962125477762E-11   0.000000000000E+00
  512.   0.201562500000E+03  -0.168277139691E-11   0.000000000000E+00   0.498437500000E+03  -0.480379772331E-11   0.000000000000E+00
  513.   0.200781250000E+03  -0.335743375006E-11   0.000000000000E+00   0.499218750000E+03  -0.965970339804E-11   0.000000000000E+00
  514.   0.200000000000E+03  -0.166881176544E-11   0.000000000000E+00   0.500000000000E+03  -0.482301345743E-11   0.000000000000E+00
  515.   0.199218750000E+03  -0.332948494375E-11   0.000000000000E+00   0.500781250000E+03  -0.969818118085E-11   0.000000000000E+00
  516.   0.198437500000E+03  -0.165485642082E-11   0.000000000000E+00   0.501562500000E+03  -0.484226800307E-11   0.000000000000E+00
  517.   0.197656250000E+03  -0.330156922609E-11   0.000000000000E+00   0.502343750000E+03  -0.973671182611E-11   0.000000000000E+00
  518.   0.196875000000E+03  -0.164091643730E-11   0.000000000000E+00   0.503125000000E+03  -0.486154157689E-11   0.000000000000E+00
  519.   0.196093750000E+03  -0.327368196725E-11   0.000000000000E+00   0.503906250000E+03  -0.977530502406E-11   0.000000000000E+00
  520.   0.195312500000E+03  -0.162699815633E-11   0.000000000000E+00   0.504687500000E+03  -0.488083067656E-11   0.000000000000E+00
  521.   0.194531250000E+03  -0.324581996785E-11   0.000000000000E+00   0.505468750000E+03  -0.981394040370E-11   0.000000000000E+00
  522.   0.193750000000E+03  -0.161308950369E-11   0.000000000000E+00   0.506250000000E+03  -0.490016888477E-11   0.000000000000E+00
  523.   0.192968750000E+03  -0.321798967618E-11   0.000000000000E+00   0.507031250000E+03  -0.985262403305E-11   0.000000000000E+00
  524.   0.192187500000E+03  -0.159920411596E-11   0.000000000000E+00   0.507812500000E+03  -0.491952308359E-11   0.000000000000E+00
  525.   0.191406250000E+03  -0.319019668683E-11   0.000000000000E+00   0.508593750000E+03  -0.989135913537E-11   0.000000000000E+00
  526.   0.190625000000E+03  -0.158532630689E-11   0.000000000000E+00   0.509375000000E+03  -0.493890312580E-11   0.000000000000E+00
  527.   0.189843750000E+03  -0.316244722529E-11   0.000000000000E+00   0.510156250000E+03  -0.993010459049E-11   0.000000000000E+00
  528.   0.189062500000E+03  -0.157148187045E-11   0.000000000000E+00   0.510937500000E+03  -0.495828997373E-11   0.000000000000E+00
  529.   0.188281250000E+03  -0.313471944639E-11   0.000000000000E+00   0.511718750000E+03  -0.996891721851E-11   0.000000000000E+00
  530.   0.187500000000E+03  -0.155763634387E-11   0.000000000000E+00   0.512500000000E+03  -0.497771510331E-11   0.000000000000E+00
  531.   0.186718750000E+03  -0.310702611729E-11   0.000000000000E+00   0.513281250000E+03  -0.100078102202E-10   0.000000000000E+00
  532.   0.185937500000E+03  -0.154381766099E-11   0.000000000000E+00   0.514062500000E+03  -0.499716623024E-11   0.000000000000E+00
  533.   0.185156250000E+03  -0.307936060000E-11   0.000000000000E+00   0.514843750000E+03  -0.100467097249E-10   0.000000000000E+00
  534.   0.184375000000E+03  -0.153000265536E-11   0.000000000000E+00   0.515625000000E+03  -0.501659257152E-11   0.000000000000E+00
  535.   0.183593750000E+03  -0.305173058427E-11   0.000000000000E+00   0.516406250000E+03  -0.100856544486E-10   0.000000000000E+00
  536.   0.182812500000E+03  -0.151621254430E-11   0.000000000000E+00   0.517187500000E+03  -0.503607352775E-11   0.000000000000E+00
  537.   0.182031250000E+03  -0.302412962858E-11   0.000000000000E+00   0.517968750000E+03  -0.101246524745E-10   0.000000000000E+00
  538.   0.181250000000E+03  -0.150242810035E-11   0.000000000000E+00   0.518750000000E+03  -0.505560021316E-11   0.000000000000E+00
  539.   0.180468750000E+03  -0.299656321865E-11   0.000000000000E+00   0.519531250000E+03  -0.101636995589E-10   0.000000000000E+00
  540.   0.179687500000E+03  -0.148867390952E-11   0.000000000000E+00   0.520312500000E+03  -0.507512557246E-11   0.000000000000E+00
  541.   0.178906250000E+03  -0.296902572044E-11   0.000000000000E+00   0.521093750000E+03  -0.102027842452E-10   0.000000000000E+00
  542.   0.178125000000E+03  -0.147492456541E-11   0.000000000000E+00   0.521875000000E+03  -0.509466985273E-11   0.000000000000E+00
  543.   0.177343750000E+03  -0.294151285401E-11   0.000000000000E+00   0.522656250000E+03  -0.102418927142E-10   0.000000000000E+00
  544.   0.176562500000E+03  -0.146119272143E-11   0.000000000000E+00   0.523437500000E+03  -0.511425522291E-11   0.000000000000E+00
  545.   0.175781250000E+03  -0.291404252828E-11   0.000000000000E+00   0.524218750000E+03  -0.102810492211E-10   0.000000000000E+00
  546.   0.175000000000E+03  -0.144747625901E-11   0.000000000000E+00   0.525000000000E+03  -0.513380673849E-11   0.000000000000E+00
  547.   0.174218750000E+03  -0.288660023778E-11   0.000000000000E+00   0.525781250000E+03  -0.103202876717E-10   0.000000000000E+00
  548.   0.173437500000E+03  -0.143378169349E-11   0.000000000000E+00   0.526562500000E+03  -0.515346584328E-11   0.000000000000E+00
  549.   0.172656250000E+03  -0.285919007754E-11   0.000000000000E+00   0.527343750000E+03  -0.103595616146E-10   0.000000000000E+00
  550.   0.171875000000E+03  -0.142009627346E-11   0.000000000000E+00   0.528125000000E+03  -0.517308544780E-11   0.000000000000E+00
  551.   0.171093750000E+03  -0.283180912172E-11   0.000000000000E+00   0.528906250000E+03  -0.103988803129E-10   0.000000000000E+00
  552.   0.170312500000E+03  -0.140642735212E-11   0.000000000000E+00   0.529687500000E+03  -0.519272470120E-11   0.000000000000E+00
  553.   0.169531250000E+03  -0.280445769871E-11   0.000000000000E+00   0.530468750000E+03  -0.104382113361E-10   0.000000000000E+00
  554.   0.168750000000E+03  -0.139277115320E-11   0.000000000000E+00   0.531250000000E+03  -0.521239655448E-11   0.000000000000E+00
  555.   0.167968750000E+03  -0.277713435888E-11   0.000000000000E+00   0.532031250000E+03  -0.104775955782E-10   0.000000000000E+00
  556.   0.167187500000E+03  -0.137913116752E-11   0.000000000000E+00   0.532812500000E+03  -0.523212674577E-11   0.000000000000E+00
  557.   0.166406250000E+03  -0.274984473279E-11   0.000000000000E+00   0.533593750000E+03  -0.105170401052E-10   0.000000000000E+00
  558.   0.165625000000E+03  -0.136550927504E-11   0.000000000000E+00   0.534375000000E+03  -0.525183128338E-11   0.000000000000E+00
  559.   0.164843750000E+03  -0.272258298920E-11   0.000000000000E+00   0.535156250000E+03  -0.105565191956E-10   0.000000000000E+00
  560.   0.164062500000E+03  -0.135188271040E-11   0.000000000000E+00   0.535937500000E+03  -0.527158107486E-11   0.000000000000E+00
  561.   0.163281250000E+03  -0.269533534625E-11   0.000000000000E+00   0.536718750000E+03  -0.105960385116E-10   0.000000000000E+00
  562.   0.162500000000E+03  -0.133827880831E-11   0.000000000000E+00   0.537500000000E+03  -0.529129040731E-11   0.000000000000E+00
  563.   0.161718750000E+03  -0.266812252004E-11   0.000000000000E+00   0.538281250000E+03  -0.106356294044E-10   0.000000000000E+00
  564.   0.160937500000E+03  -0.132470468043E-11   0.000000000000E+00   0.539062500000E+03  -0.531115089168E-11   0.000000000000E+00
  565.   0.160156250000E+03  -0.264094581422E-11   0.000000000000E+00   0.539843750000E+03  -0.106752363685E-10   0.000000000000E+00
  566.   0.159375000000E+03  -0.131113517650E-11   0.000000000000E+00   0.540625000000E+03  -0.533096143434E-11   0.000000000000E+00
  567.   0.158593750000E+03  -0.261379233384E-11   0.000000000000E+00   0.541406250000E+03  -0.107148839636E-10   0.000000000000E+00
  568.   0.157812500000E+03  -0.129758834375E-11   0.000000000000E+00   0.542187500000E+03  -0.535078306997E-11   0.000000000000E+00
  569.   0.157031250000E+03  -0.258666860224E-11   0.000000000000E+00   0.542968750000E+03  -0.107546026489E-10   0.000000000000E+00
  570.   0.156250000000E+03  -0.128404218922E-11   0.000000000000E+00   0.543750000000E+03  -0.537065328605E-11   0.000000000000E+00
  571.   0.155468750000E+03  -0.255958006038E-11   0.000000000000E+00   0.544531250000E+03  -0.107943665087E-10   0.000000000000E+00
  572.   0.154687500000E+03  -0.127051222220E-11   0.000000000000E+00   0.545312500000E+03  -0.539053406509E-11   0.000000000000E+00
  573.   0.153906250000E+03  -0.253252580649E-11   0.000000000000E+00   0.546093750000E+03  -0.108341699483E-10   0.000000000000E+00
  574.   0.153125000000E+03  -0.125700228464E-11   0.000000000000E+00   0.546875000000E+03  -0.541040862106E-11   0.000000000000E+00
  575.   0.152343750000E+03  -0.250549958587E-11   0.000000000000E+00   0.547656250000E+03  -0.108739933397E-10   0.000000000000E+00
  576.   0.151562500000E+03  -0.124351334141E-11   0.000000000000E+00   0.548437500000E+03  -0.543032678264E-11   0.000000000000E+00
  577.   0.150781250000E+03  -0.247850393872E-11   0.000000000000E+00   0.549218750000E+03  -0.109138845630E-10   0.000000000000E+00
  578.   0.150000000000E+03  -0.123003090940E-11   0.000000000000E+00   0.550000000000E+03  -0.545029664412E-11   0.000000000000E+00
  579.   0.149218750000E+03  -0.245153457528E-11   0.000000000000E+00   0.550781250000E+03  -0.109538413262E-10   0.000000000000E+00
  580.   0.148437500000E+03  -0.121656496436E-11   0.000000000000E+00   0.551562500000E+03  -0.547031257518E-11   0.000000000000E+00
  581.   0.147656250000E+03  -0.242460463943E-11   0.000000000000E+00   0.552343750000E+03  -0.109938492636E-10   0.000000000000E+00
  582.   0.146875000000E+03  -0.120312716370E-11   0.000000000000E+00   0.553125000000E+03  -0.549028561316E-11   0.000000000000E+00
  583.   0.146093750000E+03  -0.239771421452E-11   0.000000000000E+00   0.553906250000E+03  -0.110339437132E-10   0.000000000000E+00
  584.   0.145312500000E+03  -0.118969958000E-11   0.000000000000E+00   0.554687500000E+03  -0.551037417004E-11   0.000000000000E+00
  585.   0.144531250000E+03  -0.237085339025E-11   0.000000000000E+00   0.555468750000E+03  -0.110741290293E-10   0.000000000000E+00
  586.   0.143750000000E+03  -0.117628843702E-11   0.000000000000E+00   0.556250000000E+03  -0.553045235839E-11   0.000000000000E+00
  587.   0.142968750000E+03  -0.234402999762E-11   0.000000000000E+00   0.557031250000E+03  -0.111143597709E-10   0.000000000000E+00
  588.   0.142187500000E+03  -0.116290106894E-11   0.000000000000E+00   0.557812500000E+03  -0.555062710250E-11   0.000000000000E+00
  589.   0.141406250000E+03  -0.231724011806E-11   0.000000000000E+00   0.558593750000E+03  -0.111546744556E-10   0.000000000000E+00
  590.   0.140625000000E+03  -0.114951601491E-11   0.000000000000E+00   0.559375000000E+03  -0.557075275636E-11   0.000000000000E+00
  591.   0.139843750000E+03  -0.229049015785E-11   0.000000000000E+00   0.560156250000E+03  -0.111950058520E-10   0.000000000000E+00
  592.   0.139062500000E+03  -0.113616859257E-11   0.000000000000E+00   0.560937500000E+03  -0.559090589342E-11   0.000000000000E+00
  593.   0.138281250000E+03  -0.226378240486E-11   0.000000000000E+00   0.561718750000E+03  -0.112353790901E-10   0.000000000000E+00
  594.   0.137500000000E+03  -0.112283520415E-11   0.000000000000E+00   0.562500000000E+03  -0.561111005368E-11   0.000000000000E+00
  595.   0.136718750000E+03  -0.223711166874E-11   0.000000000000E+00   0.563281250000E+03  -0.112758019726E-10   0.000000000000E+00
  596.   0.135937500000E+03  -0.110952017115E-11   0.000000000000E+00   0.564062500000E+03  -0.563129462381E-11   0.000000000000E+00
  597.   0.135156250000E+03  -0.221050152832E-11   0.000000000000E+00   0.564843750000E+03  -0.113163574663E-10   0.000000000000E+00
  598.   0.134375000000E+03  -0.109624153055E-11   0.000000000000E+00   0.565625000000E+03  -0.565162098905E-11   0.000000000000E+00
  599.   0.133593750000E+03  -0.218396625739E-11   0.000000000000E+00   0.566406250000E+03  -0.113571210902E-10   0.000000000000E+00
  600.   0.132812500000E+03  -0.108300293671E-11   0.000000000000E+00   0.567187500000E+03  -0.567206308229E-11   0.000000000000E+00
  601.   0.132031250000E+03  -0.215755986826E-11   0.000000000000E+00   0.567968750000E+03  -0.113983586982E-10   0.000000000000E+00
  602.   0.131250000000E+03  -0.106985998137E-11   0.000000000000E+00   0.568750000000E+03  -0.569278129165E-11   0.000000000000E+00
  603.   0.130468750000E+03  -0.213133836020E-11   0.000000000000E+00   0.569531250000E+03  -0.114404495670E-10   0.000000000000E+00
  604.   0.129687500000E+03  -0.105679980716E-11   0.000000000000E+00   0.570312500000E+03  -0.571412881096E-11   0.000000000000E+00
  605.   0.128906250000E+03  -0.210540659269E-11   0.000000000000E+00   0.571093750000E+03  -0.114839868151E-10   0.000000000000E+00
  606.   0.128125000000E+03  -0.104393177851E-11   0.000000000000E+00   0.571875000000E+03  -0.573636207963E-11   0.000000000000E+00
  607.   0.127343750000E+03  -0.207990819280E-11   0.000000000000E+00   0.572656250000E+03  -0.115298019723E-10   0.000000000000E+00
  608.   0.126562500000E+03  -0.103131852402E-11   0.000000000000E+00   0.573437500000E+03  -0.575994196070E-11   0.000000000000E+00
  609.   0.125781250000E+03  -0.205496781917E-11   0.000000000000E+00   0.574218750000E+03  -0.115787174997E-10   0.000000000000E+00
  610.   0.125000000000E+03  -0.101901395053E-11   0.000000000000E+00   0.575000000000E+03  -0.578526994933E-11   0.000000000000E+00
  611.   0.124218750000E+03  -0.203068436145E-11   0.000000000000E+00   0.575781250000E+03  -0.116312584713E-10   0.000000000000E+00
  612.   0.123437500000E+03  -0.100705863235E-11   0.000000000000E+00   0.576562500000E+03  -0.581254474615E-11   0.000000000000E+00
  613.   0.122656250000E+03  -0.200702158832E-11   0.000000000000E+00   0.577343750000E+03  -0.116871487996E-10   0.000000000000E+00
  614.   0.121875000000E+03  -0.995380796798E-12   0.000000000000E+00   0.578125000000E+03  -0.584122982610E-11   0.000000000000E+00
  615.   0.121093750000E+03  -0.198368900643E-11   0.000000000000E+00   0.578906250000E+03  -0.117442107679E-10   0.000000000000E+00
  616.   0.120312500000E+03  -0.983755597492E-12   0.000000000000E+00   0.579687500000E+03  -0.586968091814E-11   0.000000000000E+00
  617.   0.119531250000E+03  -0.195997404440E-11   0.000000000000E+00   0.580468750000E+03  -0.117971644695E-10   0.000000000000E+00
  618.   0.118750000000E+03  -0.971687796849E-12   0.000000000000E+00   0.581250000000E+03  -0.589424223000E-11   0.000000000000E+00
  619.   0.117968750000E+03  -0.193458081014E-11   0.000000000000E+00   0.582031250000E+03  -0.118363746666E-10   0.000000000000E+00
  620.   0.117187500000E+03  -0.958375922295E-12   0.000000000000E+00   0.582812500000E+03  -0.590884079074E-11   0.000000000000E+00
  621.   0.116406250000E+03  -0.190556465847E-11   0.000000000000E+00   0.583593750000E+03  -0.118471200163E-10   0.000000000000E+00
  622.   0.115625000000E+03  -0.942661608425E-12   0.000000000000E+00   0.584375000000E+03  -0.590478932524E-11   0.000000000000E+00
  623.   0.114843750000E+03  -0.187045965677E-11   0.000000000000E+00   0.585156250000E+03  -0.118102413148E-10   0.000000000000E+00
  624.   0.114062500000E+03  -0.923227053953E-12   0.000000000000E+00   0.585937500000E+03  -0.587152209142E-11   0.000000000000E+00
  625.   0.113281250000E+03  -0.182685726892E-11   0.000000000000E+00   0.586718750000E+03  -0.117058272154E-10   0.000000000000E+00
  626.   0.112500000000E+03  -0.898954136071E-12   0.000000000000E+00   0.587500000000E+03  -0.579948998937E-11   0.000000000000E+00
  627.   0.111718750000E+03  -0.177347394806E-11   0.000000000000E+00   0.588281250000E+03  -0.115208196866E-10   0.000000000000E+00
  628.   0.110937500000E+03  -0.869668392097E-12   0.000000000000E+00   0.589062500000E+03  -0.568518523432E-11   0.000000000000E+00
  629.   0.110156250000E+03  -0.171188961215E-11   0.000000000000E+00   0.589843750000E+03  -0.112617638766E-10   0.000000000000E+00
  630.   0.109375000000E+03  -0.837125084874E-12   0.000000000000E+00   0.590625000000E+03  -0.553855236720E-11   0.000000000000E+00
  631.   0.108593750000E+03  -0.164887878092E-11   0.000000000000E+00   0.591406250000E+03  -0.109726511028E-10   0.000000000000E+00
  632.   0.107812500000E+03  -0.806362366035E-12   0.000000000000E+00   0.592187500000E+03  -0.539375807134E-11   0.000000000000E+00
  633.   0.107031250000E+03  -0.159903486602E-11   0.000000000000E+00   0.592968750000E+03  -0.107557333497E-10   0.000000000000E+00
  634.   0.106250000000E+03  -0.786891192653E-12   0.000000000000E+00   0.593750000000E+03  -0.531867495058E-11   0.000000000000E+00
  635.   0.105468750000E+03  -0.158725845628E-11   0.000000000000E+00   0.594531250000E+03  -0.107926005466E-10   0.000000000000E+00
  636.   0.104687500000E+03  -0.794409015257E-12   0.000000000000E+00   0.595312500000E+03  -0.542928908613E-11   0.000000000000E+00
  637.   0.103906250000E+03  -0.164845119829E-11   0.000000000000E+00   0.596093750000E+03  -0.113447521949E-10   0.000000000000E+00
  638.   0.103125000000E+03  -0.848018012643E-12   0.000000000000E+00   0.596875000000E+03  -0.587057597166E-11   0.000000000000E+00
  639.   0.102343750000E+03  -0.182221902644E-11   0.000000000000E+00   0.597656250000E+03  -0.127156113309E-10   0.000000000000E+00
  640.   0.101562500000E+03  -0.974015816201E-12   0.000000000000E+00   0.598437500000E+03  -0.684569515631E-11   0.000000000000E+00
  641.   0.100781250000E+03  -0.209610740699E-11   0.000000000000E+00   0.599218750000E+03  -0.148123694810E-10   0.000000000000E+00
