mode   UX_top        UY_top        UX_bot        UY_bot      (bending: UY_top~UY_bot, UX_top~-UX_bot)
  1.    -0.2726E-10     0.1000E+01     0.2724E-10     0.1000E+01
  2.     0.5092E-04    -0.1012E-02    -0.5092E-04    -0.1012E-02
  3.    -0.2920E-04     0.2761E-03     0.2920E-04     0.2761E-03
  4.    -0.1839E-04     0.1117E-03     0.1839E-04     0.1117E-03
  5.     0.1197E-04    -0.5365E-04    -0.1197E-04    -0.5365E-04
  6.    -0.6358E-04     0.2925E-06    -0.6358E-04    -0.2925E-06
  7.    -0.8792E-05     0.3130E-04     0.8792E-05     0.3130E-04
  8.     0.6906E-05    -0.2047E-04    -0.6906E-05    -0.2047E-04
  9.     0.2329E-04    -0.1219E-06     0.2329E-04     0.1219E-06
 10.    -0.5705E-05     0.1454E-04     0.5705E-05     0.1454E-04
 11.     0.4865E-05    -0.1091E-04    -0.4865E-05    -0.1091E-04
 12.    -0.1692E-04     0.1121E-06    -0.1692E-04    -0.1121E-06
 13.    -0.4238E-05     0.8506E-05     0.4238E-05     0.8506E-05
 14.     0.3805E-05    -0.6927E-05    -0.3805E-05    -0.6927E-05
 15.     0.1032E-04    -0.9247E-07     0.1032E-04     0.9247E-07
 16.    -0.3475E-05     0.5794E-05     0.3475E-05     0.5794E-05
 17.     0.3124E-05    -0.4808E-05    -0.3124E-05    -0.4808E-05
 18.    -0.7294E-05     0.8957E-07    -0.7294E-05    -0.8957E-07
 19.    -0.2920E-05     0.4173E-05     0.2920E-05     0.4173E-05
 20.     0.2759E-05    -0.3677E-05    -0.2760E-05    -0.3678E-05
