mode  f_Hz  UX_top  UY_top  UX_bot  UY_bot  UY_mid   [r = RO; flexural: UY_top ~ +UY_bot, UX_top ~ -UX_bot]
  1.   0.125089510075E+05  -0.12919E+00   0.10000E+01   0.12919E+00   0.10000E+01   0.99716E+00
  2.   0.553173544016E+05   0.50069E+00  -0.87573E+00  -0.50069E+00  -0.87573E+00  -0.86001E+00
  3.   0.895003542888E+05   0.95100E+00  -0.36831E-01   0.95100E+00   0.36831E-01  -0.17887E-12
  4.   0.128444231223E+06  -0.51229E+00   0.61572E+00   0.51229E+00   0.61572E+00   0.58443E+00
  5.   0.202411309338E+06   0.66770E+00  -0.49780E+00  -0.66770E+00  -0.49780E+00  -0.45055E+00
  6.   0.226808470603E+06  -0.51354E+00   0.17617E-01  -0.51354E+00  -0.17617E-01   0.23052E-13
  7.   0.270745203981E+06  -0.87504E+00   0.15102E+00   0.87504E+00   0.15102E+00   0.15231E+00
  8.   0.302358694134E+06  -0.51690E-01  -0.57829E+00   0.51690E-01  -0.57829E+00  -0.43965E+00
  9.   0.337272645444E+06   0.16665E+00   0.24088E-01   0.16665E+00  -0.24088E-01  -0.14022E-14
 10.   0.352581833943E+06  -0.67512E+00   0.55190E-01   0.67512E+00   0.55190E-01   0.87532E-01
 11.   0.380550442916E+06  -0.25334E-01   0.66208E+00   0.25334E-01   0.66208E+00   0.42236E+00
 12.   0.406541214622E+06   0.27976E+00  -0.45987E+00   0.27976E+00   0.45987E+00   0.61507E-13
 13.   0.418550522657E+06   0.96777E+00  -0.10000E+01   0.96777E+00   0.10000E+01   0.21562E-13
 14.   0.444758752061E+06  -0.56214E+00   0.25401E+00   0.56214E+00   0.25401E+00   0.20615E+00
 15.   0.460120011607E+06  -0.58188E+00   0.26033E+00  -0.58188E+00  -0.26033E+00  -0.82922E-12
 16.   0.461268974692E+06  -0.54738E-01  -0.66396E+00   0.54738E-01  -0.66396E+00  -0.29605E+00
 17.   0.507247829068E+06  -0.40137E+00   0.35506E-01  -0.40137E+00  -0.35506E-01   0.23054E-13
 18.   0.521773112712E+06  -0.39605E+00  -0.56268E-01  -0.39605E+00   0.56268E-01  -0.35625E-13
 19.   0.531824591866E+06   0.42546E+00  -0.61804E+00  -0.42546E+00  -0.61804E+00  -0.25449E+00
 20.   0.539241415162E+06   0.14813E+00  -0.31993E+00   0.14813E+00   0.31993E+00   0.24741E-13
 21.   0.547856980245E+06  -0.26816E+00  -0.31030E+00   0.26816E+00  -0.31030E+00   0.23523E-01
 22.   0.568918132592E+06   0.54674E+00   0.28967E+00   0.54674E+00  -0.28967E+00   0.14486E-12
 23.   0.596768459891E+06  -0.16915E+00   0.80350E+00  -0.16915E+00  -0.80350E+00   0.16545E-13
 24.   0.606831578919E+06  -0.59779E+00   0.79802E+00   0.59779E+00   0.79802E+00   0.11878E+00
 25.   0.634352550141E+06  -0.47599E+00   0.78371E-01  -0.47599E+00  -0.78371E-01  -0.24716E-11
 26.   0.635095513922E+06  -0.14309E+00  -0.13111E+00   0.14309E+00  -0.13111E+00   0.15248E+00
 27.   0.651406903243E+06   0.21170E+00   0.26904E+00   0.21170E+00  -0.26904E+00  -0.18897E-11
 28.   0.656774934763E+06  -0.95813E-01   0.86903E+00  -0.95813E-01  -0.86903E+00   0.33506E-11
 29.   0.674752536309E+06   0.10000E+01  -0.86336E+00  -0.10000E+01  -0.86336E+00   0.19572E+00
 30.   0.709614650652E+06   0.47969E-01  -0.61497E-01  -0.47969E-01  -0.61497E-01   0.19767E+00
