i  r_top  QtopRe  QtopIm  r_bot  QbotRe  QbotIm   [mm, mC]
    1.   0.600000000000E+03  -0.126282560178E-08   0.000000000000E+00   0.100000000000E+03   0.154887231301E-06   0.000000000000E+00
    2.   0.100000000000E+03   0.154887231301E-06   0.000000000000E+00   0.600000000000E+03  -0.126282559338E-08   0.000000000000E+00
    3.   0.596875000000E+03  -0.501834006803E-08   0.000000000000E+00   0.103125000000E+03  -0.715454819591E-08   0.000000000000E+00
    4.   0.593750000000E+03  -0.249692520041E-08   0.000000000000E+00   0.106250000000E+03  -0.157148634637E-07   0.000000000000E+00
    5.   0.590625000000E+03  -0.494414869826E-08   0.000000000000E+00   0.109375000000E+03  -0.198694730958E-07   0.000000000000E+00
    6.   0.587500000000E+03  -0.244181031728E-08   0.000000000000E+00   0.112500000000E+03  -0.375562937610E-08   0.000000000000E+00
    7.   0.584375000000E+03  -0.483527816111E-08   0.000000000000E+00   0.115625000000E+03  -0.109243668190E-07   0.000000000000E+00
    8.   0.581250000000E+03  -0.238637745235E-08   0.000000000000E+00   0.118750000000E+03  -0.639832958336E-09   0.000000000000E+00
    9.   0.578125000000E+03  -0.471784728632E-08   0.000000000000E+00   0.121875000000E+03  -0.538749412298E-08   0.000000000000E+00
   10.   0.575000000000E+03  -0.232643128760E-08   0.000000000000E+00   0.125000000000E+03   0.193877832193E-09   0.000000000000E+00
   11.   0.571875000000E+03  -0.459752645466E-08   0.000000000000E+00   0.128125000000E+03  -0.257670970768E-08   0.000000000000E+00
   12.   0.568750000000E+03  -0.226634249600E-08   0.000000000000E+00   0.131250000000E+03   0.308770562629E-09   0.000000000000E+00
   13.   0.565625000000E+03  -0.447678311745E-08   0.000000000000E+00   0.134375000000E+03  -0.127189887332E-08   0.000000000000E+00
   14.   0.562500000000E+03  -0.220614375843E-08   0.000000000000E+00   0.137500000000E+03   0.260132507656E-09   0.000000000000E+00
   15.   0.559375000000E+03  -0.435659091713E-08   0.000000000000E+00   0.140625000000E+03  -0.648219528282E-09   0.000000000000E+00
   16.   0.556250000000E+03  -0.214636745706E-08   0.000000000000E+00   0.143750000000E+03   0.178103824421E-09   0.000000000000E+00
   17.   0.553125000000E+03  -0.423738220822E-08   0.000000000000E+00   0.146875000000E+03  -0.352245521433E-09   0.000000000000E+00
   18.   0.550000000000E+03  -0.208710034443E-08   0.000000000000E+00   0.150000000000E+03   0.109411793822E-09   0.000000000000E+00
   19.   0.546875000000E+03  -0.411932628603E-08   0.000000000000E+00   0.153125000000E+03  -0.209288386339E-09   0.000000000000E+00
   20.   0.543750000000E+03  -0.202842312003E-08   0.000000000000E+00   0.156250000000E+03   0.584768627269E-10   0.000000000000E+00
   21.   0.540625000000E+03  -0.400250274550E-08   0.000000000000E+00   0.159375000000E+03  -0.141918487340E-09   0.000000000000E+00
   22.   0.537500000000E+03  -0.197036408940E-08   0.000000000000E+00   0.162500000000E+03   0.226514014860E-10   0.000000000000E+00
   23.   0.534375000000E+03  -0.388695179851E-08   0.000000000000E+00   0.165625000000E+03  -0.112592413105E-09   0.000000000000E+00
   24.   0.531250000000E+03  -0.191294353055E-08   0.000000000000E+00   0.168750000000E+03  -0.280025779516E-11   0.000000000000E+00
   25.   0.528125000000E+03  -0.377270050184E-08   0.000000000000E+00   0.171875000000E+03  -0.103515259649E-09   0.000000000000E+00
   26.   0.525000000000E+03  -0.185617498937E-08   0.000000000000E+00   0.175000000000E+03  -0.216463783317E-10   0.000000000000E+00
   27.   0.521875000000E+03  -0.365977111043E-08   0.000000000000E+00   0.178125000000E+03  -0.105784591578E-09   0.000000000000E+00
   28.   0.518750000000E+03  -0.180007051890E-08   0.000000000000E+00   0.181250000000E+03  -0.365947246493E-10   0.000000000000E+00
   29.   0.515625000000E+03  -0.354818494046E-08   0.000000000000E+00   0.184375000000E+03  -0.114897849310E-09   0.000000000000E+00
   30.   0.512500000000E+03  -0.174464127101E-08   0.000000000000E+00   0.187500000000E+03  -0.494248922866E-10   0.000000000000E+00
   31.   0.509375000000E+03  -0.343796357519E-08   0.000000000000E+00   0.190625000000E+03  -0.128497550922E-09   0.000000000000E+00
   32.   0.506250000000E+03  -0.168989854483E-08   0.000000000000E+00   0.193750000000E+03  -0.612724617521E-10   0.000000000000E+00
   33.   0.503125000000E+03  -0.332912941809E-08   0.000000000000E+00   0.196875000000E+03  -0.145329017174E-09   0.000000000000E+00
   34.   0.500000000000E+03  -0.163585379148E-08   0.000000000000E+00   0.200000000000E+03  -0.728461330498E-10   0.000000000000E+00
   35.   0.496875000000E+03  -0.322170589727E-08   0.000000000000E+00   0.203125000000E+03  -0.164712690326E-09   0.000000000000E+00
   36.   0.493750000000E+03  -0.158251886965E-08   0.000000000000E+00   0.206250000000E+03  -0.845845075518E-10   0.000000000000E+00
   37.   0.490625000000E+03  -0.311571726873E-08   0.000000000000E+00   0.209375000000E+03  -0.186278941240E-09   0.000000000000E+00
   38.   0.487500000000E+03  -0.152990544242E-08   0.000000000000E+00   0.212500000000E+03  -0.967584258832E-10   0.000000000000E+00
   39.   0.484375000000E+03  -0.301118888582E-08   0.000000000000E+00   0.215625000000E+03  -0.209828176090E-09   0.000000000000E+00
   40.   0.481250000000E+03  -0.147802576416E-08   0.000000000000E+00   0.218750000000E+03  -0.109535885789E-09   0.000000000000E+00
   41.   0.478125000000E+03  -0.290814710210E-08   0.000000000000E+00   0.221875000000E+03  -0.235255941560E-09   0.000000000000E+00
   42.   0.475000000000E+03  -0.142689171141E-08   0.000000000000E+00   0.225000000000E+03  -0.123022092970E-09   0.000000000000E+00
   43.   0.471875000000E+03  -0.280661928757E-08   0.000000000000E+00   0.228125000000E+03  -0.262511742645E-09   0.000000000000E+00
   44.   0.468750000000E+03  -0.137651451425E-08   0.000000000000E+00   0.231250000000E+03  -0.137283795035E-09   0.000000000000E+00
   45.   0.465625000000E+03  -0.270663416619E-08   0.000000000000E+00   0.234375000000E+03  -0.291576114450E-09   0.000000000000E+00
   46.   0.462500000000E+03  -0.132690455345E-08   0.000000000000E+00   0.237500000000E+03  -0.152363665376E-09   0.000000000000E+00
   47.   0.459375000000E+03  -0.260822189831E-08   0.000000000000E+00   0.240625000000E+03  -0.322447761821E-09   0.000000000000E+00
   48.   0.456250000000E+03  -0.127806975645E-08   0.000000000000E+00   0.243750000000E+03  -0.168288450125E-09   0.000000000000E+00
   49.   0.453125000000E+03  -0.251141438107E-08   0.000000000000E+00   0.246875000000E+03  -0.355136303192E-09   0.000000000000E+00
   50.   0.450000000000E+03  -0.123001395434E-08   0.000000000000E+00   0.250000000000E+03  -0.185072600839E-09   0.000000000000E+00
   51.   0.446875000000E+03  -0.241624512736E-08   0.000000000000E+00   0.253125000000E+03  -0.389657975247E-09   0.000000000000E+00
   52.   0.443750000000E+03  -0.118273262084E-08   0.000000000000E+00   0.256250000000E+03  -0.202718314117E-09   0.000000000000E+00
   53.   0.440625000000E+03  -0.232274775912E-08   0.000000000000E+00   0.259375000000E+03  -0.426032126867E-09   0.000000000000E+00
   54.   0.437500000000E+03  -0.113620568911E-08   0.000000000000E+00   0.262500000000E+03  -0.221211030828E-09   0.000000000000E+00
   55.   0.434375000000E+03  -0.223095000001E-08   0.000000000000E+00   0.265625000000E+03  -0.464275166878E-09   0.000000000000E+00
   56.   0.431250000000E+03  -0.109038169768E-08   0.000000000000E+00   0.268750000000E+03  -0.240507159414E-09   0.000000000000E+00
   57.   0.428125000000E+03  -0.214085544970E-08   0.000000000000E+00   0.271875000000E+03  -0.504384845010E-09   0.000000000000E+00
   58.   0.425000000000E+03  -0.104514626045E-08   0.000000000000E+00   0.275000000000E+03  -0.260506741103E-09   0.000000000000E+00
   59.   0.421875000000E+03  -0.205239159755E-08   0.000000000000E+00   0.278125000000E+03  -0.546295859501E-09   0.000000000000E+00
   60.   0.418750000000E+03  -0.100025080775E-08   0.000000000000E+00   0.281250000000E+03  -0.280990722101E-09   0.000000000000E+00
   61.   0.415625000000E+03  -0.196527424124E-08   0.000000000000E+00   0.284375000000E+03  -0.589761736472E-09   0.000000000000E+00
   62.   0.412500000000E+03  -0.955163450269E-09   0.000000000000E+00   0.287500000000E+03  -0.301486057342E-09   0.000000000000E+00
   63.   0.409375000000E+03  -0.187864602280E-08   0.000000000000E+00   0.290625000000E+03  -0.634033921479E-09   0.000000000000E+00
   64.   0.406250000000E+03  -0.908698746725E-09   0.000000000000E+00   0.293750000000E+03  -0.320929549359E-09   0.000000000000E+00
   65.   0.403125000000E+03  -0.179020037773E-08   0.000000000000E+00   0.296875000000E+03  -0.677063798567E-09   0.000000000000E+00
   66.   0.400000000000E+03  -0.858285571966E-09   0.000000000000E+00   0.300000000000E+03  -0.336979953914E-09   0.000000000000E+00
   67.   0.396875000000E+03  -0.169383192490E-08   0.000000000000E+00   0.303125000000E+03  -0.713333411134E-09   0.000000000000E+00
   68.   0.393750000000E+03  -0.797804462829E-09   0.000000000000E+00   0.306250000000E+03  -0.344007275017E-09   0.000000000000E+00
   69.   0.390625000000E+03  -0.157436228099E-08   0.000000000000E+00   0.309375000000E+03  -0.728843521788E-09   0.000000000000E+00
   70.   0.387500000000E+03  -0.714229951342E-09   0.000000000000E+00   0.312500000000E+03  -0.329770506442E-09   0.000000000000E+00
   71.   0.384375000000E+03  -0.139228135908E-08   0.000000000000E+00   0.315625000000E+03  -0.686546660583E-09   0.000000000000E+00
   72.   0.381250000000E+03  -0.573044976236E-09   0.000000000000E+00   0.318750000000E+03  -0.261596869269E-09   0.000000000000E+00
   73.   0.378125000000E+03  -0.105413558293E-08   0.000000000000E+00   0.321875000000E+03  -0.496896703881E-09   0.000000000000E+00
   74.   0.375000000000E+03  -0.309920439792E-09   0.000000000000E+00   0.325000000000E+03  -0.765769468905E-10   0.000000000000E+00
   75.   0.371875000000E+03  -0.306282032087E-09   0.000000000000E+00   0.328125000000E+03   0.862727969627E-10   0.000000000000E+00
   76.   0.368750000000E+03   0.288781076718E-09   0.000000000000E+00   0.331250000000E+03   0.433366184887E-09   0.000000000000E+00
   77.   0.365625000000E+03   0.142158138491E-08   0.000000000000E+00   0.334375000000E+03   0.162980472620E-08   0.000000000000E+00
   78.   0.362500000000E+03   0.145315497847E-08   0.000000000000E+00   0.337500000000E+03   0.151008496845E-08   0.000000000000E+00
   79.   0.359375000000E+03   0.599967911210E-08   0.000000000000E+00   0.340625000000E+03   0.600192984642E-08   0.000000000000E+00
   80.   0.356250000000E+03   0.465330028391E-08   0.000000000000E+00   0.343750000000E+03   0.461613876086E-08   0.000000000000E+00
   81.   0.353125000000E+03   0.185988643431E-07   0.000000000000E+00   0.346875000000E+03   0.185178786192E-07   0.000000000000E+00
   82.   0.350000000000E+03   0.301989435854E-07   0.000000000000E+00   0.350000000000E+03   0.301989435671E-07   0.000000000000E+00
   83.   0.346875000000E+03   0.185178786429E-07   0.000000000000E+00   0.353125000000E+03   0.185988643338E-07   0.000000000000E+00
   84.   0.343750000000E+03   0.461613878353E-08   0.000000000000E+00   0.356250000000E+03   0.465330028628E-08   0.000000000000E+00
   85.   0.340625000000E+03   0.600192987879E-08   0.000000000000E+00   0.359375000000E+03   0.599967911211E-08   0.000000000000E+00
   86.   0.337500000000E+03   0.151008497430E-08   0.000000000000E+00   0.362500000000E+03   0.145315498092E-08   0.000000000000E+00
   87.   0.334375000000E+03   0.162980474717E-08   0.000000000000E+00   0.365625000000E+03   0.142158136215E-08   0.000000000000E+00
   88.   0.331250000000E+03   0.433366170732E-09   0.000000000000E+00   0.368750000000E+03   0.288781040270E-09   0.000000000000E+00
   89.   0.328125000000E+03   0.862728104722E-10   0.000000000000E+00   0.371875000000E+03  -0.306282068142E-09   0.000000000000E+00
   90.   0.325000000000E+03  -0.765769535815E-10   0.000000000000E+00   0.375000000000E+03  -0.309920452031E-09   0.000000000000E+00
   91.   0.321875000000E+03  -0.496896691430E-09   0.000000000000E+00   0.378125000000E+03  -0.105413563770E-08   0.000000000000E+00
   92.   0.318750000000E+03  -0.261596845833E-09   0.000000000000E+00   0.381250000000E+03  -0.573045042017E-09   0.000000000000E+00
   93.   0.315625000000E+03  -0.686546642913E-09   0.000000000000E+00   0.384375000000E+03  -0.139228140942E-08   0.000000000000E+00
   94.   0.312500000000E+03  -0.329770502525E-09   0.000000000000E+00   0.387500000000E+03  -0.714229959471E-09   0.000000000000E+00
   95.   0.309375000000E+03  -0.728843501382E-09   0.000000000000E+00   0.390625000000E+03  -0.157436227861E-08   0.000000000000E+00
   96.   0.306250000000E+03  -0.344007266367E-09   0.000000000000E+00   0.393750000000E+03  -0.797804421722E-09   0.000000000000E+00
   97.   0.303125000000E+03  -0.713333389903E-09   0.000000000000E+00   0.396875000000E+03  -0.169383190778E-08   0.000000000000E+00
   98.   0.300000000000E+03  -0.336979939192E-09   0.000000000000E+00   0.400000000000E+03  -0.858285567157E-09   0.000000000000E+00
   99.   0.296875000000E+03  -0.677063793624E-09   0.000000000000E+00   0.403125000000E+03  -0.179020036300E-08   0.000000000000E+00
  100.   0.293750000000E+03  -0.320929537593E-09   0.000000000000E+00   0.406250000000E+03  -0.908698712835E-09   0.000000000000E+00
  101.   0.290625000000E+03  -0.634033926153E-09   0.000000000000E+00   0.409375000000E+03  -0.187864601387E-08   0.000000000000E+00
  102.   0.287500000000E+03  -0.301486074821E-09   0.000000000000E+00   0.412500000000E+03  -0.955163452869E-09   0.000000000000E+00
  103.   0.284375000000E+03  -0.589761734568E-09   0.000000000000E+00   0.415625000000E+03  -0.196527425202E-08   0.000000000000E+00
  104.   0.281250000000E+03  -0.280990713733E-09   0.000000000000E+00   0.418750000000E+03  -0.100025086213E-08   0.000000000000E+00
  105.   0.278125000000E+03  -0.546295850178E-09   0.000000000000E+00   0.421875000000E+03  -0.205239161395E-08   0.000000000000E+00
  106.   0.275000000000E+03  -0.260506728227E-09   0.000000000000E+00   0.425000000000E+03  -0.104514630368E-08   0.000000000000E+00
  107.   0.271875000000E+03  -0.504384837251E-09   0.000000000000E+00   0.428125000000E+03  -0.214085545446E-08   0.000000000000E+00
  108.   0.268750000000E+03  -0.240507150458E-09   0.000000000000E+00   0.431250000000E+03  -0.109038169476E-08   0.000000000000E+00
  109.   0.265625000000E+03  -0.464275156843E-09   0.000000000000E+00   0.434375000000E+03  -0.223094999778E-08   0.000000000000E+00
  110.   0.262500000000E+03  -0.221211015228E-09   0.000000000000E+00   0.437500000000E+03  -0.113620567605E-08   0.000000000000E+00
  111.   0.259375000000E+03  -0.426032117058E-09   0.000000000000E+00   0.440625000000E+03  -0.232274775499E-08   0.000000000000E+00
  112.   0.256250000000E+03  -0.202718308576E-09   0.000000000000E+00   0.443750000000E+03  -0.118273264421E-08   0.000000000000E+00
  113.   0.253125000000E+03  -0.389657966568E-09   0.000000000000E+00   0.446875000000E+03  -0.241624510135E-08   0.000000000000E+00
  114.   0.250000000000E+03  -0.185072593814E-09   0.000000000000E+00   0.450000000000E+03  -0.123001391806E-08   0.000000000000E+00
  115.   0.246875000000E+03  -0.355136296299E-09   0.000000000000E+00   0.453125000000E+03  -0.251141434620E-08   0.000000000000E+00
  116.   0.243750000000E+03  -0.168288444937E-09   0.000000000000E+00   0.456250000000E+03  -0.127806977968E-08   0.000000000000E+00
  117.   0.240625000000E+03  -0.322447759530E-09   0.000000000000E+00   0.459375000000E+03  -0.260822187581E-08   0.000000000000E+00
  118.   0.237500000000E+03  -0.152363668969E-09   0.000000000000E+00   0.462500000000E+03  -0.132690455537E-08   0.000000000000E+00
  119.   0.234375000000E+03  -0.291576111376E-09   0.000000000000E+00   0.465625000000E+03  -0.270663415050E-08   0.000000000000E+00
  120.   0.231250000000E+03  -0.137283786319E-09   0.000000000000E+00   0.468750000000E+03  -0.137651457473E-08   0.000000000000E+00
  121.   0.228125000000E+03  -0.262511738370E-09   0.000000000000E+00   0.471875000000E+03  -0.280661929666E-08   0.000000000000E+00
  122.   0.225000000000E+03  -0.123022086977E-09   0.000000000000E+00   0.475000000000E+03  -0.142689167750E-08   0.000000000000E+00
  123.   0.221875000000E+03  -0.235255940942E-09   0.000000000000E+00   0.478125000000E+03  -0.290814713256E-08   0.000000000000E+00
  124.   0.218750000000E+03  -0.109535882628E-09   0.000000000000E+00   0.481250000000E+03  -0.147802580056E-08   0.000000000000E+00
  125.   0.215625000000E+03  -0.209828177549E-09   0.000000000000E+00   0.484375000000E+03  -0.301118892487E-08   0.000000000000E+00
  126.   0.212500000000E+03  -0.967584263312E-10   0.000000000000E+00   0.487500000000E+03  -0.152990541766E-08   0.000000000000E+00
  127.   0.209375000000E+03  -0.186278940552E-09   0.000000000000E+00   0.490625000000E+03  -0.311571724896E-08   0.000000000000E+00
  128.   0.206250000000E+03  -0.845845006287E-10   0.000000000000E+00   0.493750000000E+03  -0.158251879611E-08   0.000000000000E+00
  129.   0.203125000000E+03  -0.164712685635E-09   0.000000000000E+00   0.496875000000E+03  -0.322170589413E-08   0.000000000000E+00
  130.   0.200000000000E+03  -0.728461292909E-10   0.000000000000E+00   0.500000000000E+03  -0.163585377158E-08   0.000000000000E+00
  131.   0.196875000000E+03  -0.145329011746E-09   0.000000000000E+00   0.503125000000E+03  -0.332912946485E-08   0.000000000000E+00
  132.   0.193750000000E+03  -0.612724594288E-10   0.000000000000E+00   0.506250000000E+03  -0.168989853731E-08   0.000000000000E+00
  133.   0.190625000000E+03  -0.128497546080E-09   0.000000000000E+00   0.509375000000E+03  -0.343796362268E-08   0.000000000000E+00
  134.   0.187500000000E+03  -0.494248891088E-10   0.000000000000E+00   0.512500000000E+03  -0.174464129927E-08   0.000000000000E+00
  135.   0.184375000000E+03  -0.114897843398E-09   0.000000000000E+00   0.515625000000E+03  -0.354818499880E-08   0.000000000000E+00
  136.   0.181250000000E+03  -0.365947201367E-10   0.000000000000E+00   0.518750000000E+03  -0.180007049611E-08   0.000000000000E+00
  137.   0.178125000000E+03  -0.105784585725E-09   0.000000000000E+00   0.521875000000E+03  -0.365977114317E-08   0.000000000000E+00
  138.   0.175000000000E+03  -0.216463755392E-10   0.000000000000E+00   0.525000000000E+03  -0.185617498759E-08   0.000000000000E+00
  139.   0.171875000000E+03  -0.103515254188E-09   0.000000000000E+00   0.528125000000E+03  -0.377270051310E-08   0.000000000000E+00
  140.   0.168750000000E+03  -0.280025501313E-11   0.000000000000E+00   0.531250000000E+03  -0.191294354683E-08   0.000000000000E+00
  141.   0.165625000000E+03  -0.112592407774E-09   0.000000000000E+00   0.534375000000E+03  -0.388695181914E-08   0.000000000000E+00
  142.   0.162500000000E+03   0.226514042702E-10   0.000000000000E+00   0.537500000000E+03  -0.197036405385E-08   0.000000000000E+00
  143.   0.159375000000E+03  -0.141918482806E-09   0.000000000000E+00   0.540625000000E+03  -0.400250271957E-08   0.000000000000E+00
  144.   0.156250000000E+03   0.584768645191E-10   0.000000000000E+00   0.543750000000E+03  -0.202842308232E-08   0.000000000000E+00
  145.   0.153125000000E+03  -0.209288383084E-09   0.000000000000E+00   0.546875000000E+03  -0.411932620228E-08   0.000000000000E+00
  146.   0.150000000000E+03   0.109411795652E-09   0.000000000000E+00   0.550000000000E+03  -0.208710027460E-08   0.000000000000E+00
  147.   0.146875000000E+03  -0.352245518220E-09   0.000000000000E+00   0.553125000000E+03  -0.423738218121E-08   0.000000000000E+00
  148.   0.143750000000E+03   0.178103825859E-09   0.000000000000E+00   0.556250000000E+03  -0.214636753516E-08   0.000000000000E+00
  149.   0.140625000000E+03  -0.648219524675E-09   0.000000000000E+00   0.559375000000E+03  -0.435659100082E-08   0.000000000000E+00
  150.   0.137500000000E+03   0.260132509416E-09   0.000000000000E+00   0.562500000000E+03  -0.220614377254E-08   0.000000000000E+00
  151.   0.134375000000E+03  -0.127189886967E-08   0.000000000000E+00   0.565625000000E+03  -0.447678310427E-08   0.000000000000E+00
  152.   0.131250000000E+03   0.308770564074E-09   0.000000000000E+00   0.568750000000E+03  -0.226634231653E-08   0.000000000000E+00
  153.   0.128125000000E+03  -0.257670970420E-08   0.000000000000E+00   0.571875000000E+03  -0.459752644447E-08   0.000000000000E+00
  154.   0.125000000000E+03   0.193877833974E-09   0.000000000000E+00   0.575000000000E+03  -0.232643125764E-08   0.000000000000E+00
  155.   0.121875000000E+03  -0.538749411972E-08   0.000000000000E+00   0.578125000000E+03  -0.471784735589E-08   0.000000000000E+00
  156.   0.118750000000E+03  -0.639832956706E-09   0.000000000000E+00   0.581250000000E+03  -0.238637740309E-08   0.000000000000E+00
  157.   0.115625000000E+03  -0.109243668159E-07   0.000000000000E+00   0.584375000000E+03  -0.483527817748E-08   0.000000000000E+00
  158.   0.112500000000E+03  -0.375562937460E-08   0.000000000000E+00   0.587500000000E+03  -0.244181030808E-08   0.000000000000E+00
  159.   0.109375000000E+03  -0.198694730930E-07   0.000000000000E+00   0.590625000000E+03  -0.494414868715E-08   0.000000000000E+00
  160.   0.106250000000E+03  -0.157148634624E-07   0.000000000000E+00   0.593750000000E+03  -0.249692530831E-08   0.000000000000E+00
  161.   0.103125000000E+03  -0.715454819378E-08   0.000000000000E+00   0.596875000000E+03  -0.501834005492E-08   0.000000000000E+00
