i  r_top  QtopRe  QtopIm  r_bot  QbotRe  QbotIm   [mm, mC]
    1.   0.600000000000E+03  -0.127202970885E-10   0.000000000000E+00   0.100000000000E+03  -0.510190980937E-11   0.000000000000E+00
    2.   0.100000000000E+03  -0.510190974160E-11   0.000000000000E+00   0.600000000000E+03  -0.127202973701E-10   0.000000000000E+00
    3.   0.593750000000E+03  -0.428432672638E-10   0.000000000000E+00   0.106250000000E+03  -0.480882558952E-10   0.000000000000E+00
    4.   0.587500000000E+03  -0.149844640871E-10   0.000000000000E+00   0.112500000000E+03  -0.216426548927E-10   0.000000000000E+00
    5.   0.581250000000E+03  -0.414952491941E-10   0.000000000000E+00   0.118750000000E+03  -0.560149664740E-10   0.000000000000E+00
    6.   0.575000000000E+03  -0.168708148499E-10   0.000000000000E+00   0.125000000000E+03  -0.252926964676E-10   0.000000000000E+00
    7.   0.568750000000E+03  -0.408848263125E-10   0.000000000000E+00   0.131250000000E+03  -0.586062203923E-10   0.000000000000E+00
    8.   0.562500000000E+03  -0.170191465067E-10   0.000000000000E+00   0.137500000000E+03  -0.266530524153E-10   0.000000000000E+00
    9.   0.556250000000E+03  -0.415325854380E-10   0.000000000000E+00   0.143750000000E+03  -0.612891867730E-10   0.000000000000E+00
   10.   0.550000000000E+03  -0.171821758740E-10   0.000000000000E+00   0.150000000000E+03  -0.278620381767E-10   0.000000000000E+00
   11.   0.543750000000E+03  -0.421589510660E-10   0.000000000000E+00   0.156250000000E+03  -0.635216131009E-10   0.000000000000E+00
   12.   0.537500000000E+03  -0.173461022120E-10   0.000000000000E+00   0.162500000000E+03  -0.288639236369E-10   0.000000000000E+00
   13.   0.531250000000E+03  -0.427567448918E-10   0.000000000000E+00   0.168750000000E+03  -0.652496342785E-10   0.000000000000E+00
   14.   0.525000000000E+03  -0.175159072550E-10   0.000000000000E+00   0.175000000000E+03  -0.297116630266E-10   0.000000000000E+00
   15.   0.518750000000E+03  -0.433423250221E-10   0.000000000000E+00   0.181250000000E+03  -0.665381207829E-10   0.000000000000E+00
   16.   0.512500000000E+03  -0.176760766135E-10   0.000000000000E+00   0.187500000000E+03  -0.303582696613E-10   0.000000000000E+00
   17.   0.506250000000E+03  -0.439255774832E-10   0.000000000000E+00   0.193750000000E+03  -0.673927486459E-10   0.000000000000E+00
   18.   0.500000000000E+03  -0.178367676364E-10   0.000000000000E+00   0.200000000000E+03  -0.308153829524E-10   0.000000000000E+00
   19.   0.493750000000E+03  -0.445172849555E-10   0.000000000000E+00   0.206250000000E+03  -0.678263453665E-10   0.000000000000E+00
   20.   0.487500000000E+03  -0.180021088607E-10   0.000000000000E+00   0.212500000000E+03  -0.310866648273E-10   0.000000000000E+00
   21.   0.481250000000E+03  -0.451272114307E-10   0.000000000000E+00   0.218750000000E+03  -0.678521626160E-10   0.000000000000E+00
   22.   0.475000000000E+03  -0.181821809390E-10   0.000000000000E+00   0.225000000000E+03  -0.311836942613E-10   0.000000000000E+00
   23.   0.468750000000E+03  -0.457878573567E-10   0.000000000000E+00   0.231250000000E+03  -0.675050955776E-10   0.000000000000E+00
   24.   0.462500000000E+03  -0.183491287182E-10   0.000000000000E+00   0.237500000000E+03  -0.310934826120E-10   0.000000000000E+00
   25.   0.456250000000E+03  -0.464978409814E-10   0.000000000000E+00   0.243750000000E+03  -0.668014821860E-10   0.000000000000E+00
   26.   0.450000000000E+03  -0.185465343280E-10   0.000000000000E+00   0.250000000000E+03  -0.308492720532E-10   0.000000000000E+00
   27.   0.443750000000E+03  -0.474808648897E-10   0.000000000000E+00   0.256250000000E+03  -0.659416218384E-10   0.000000000000E+00
   28.   0.437500000000E+03  -0.184276100080E-10   0.000000000000E+00   0.262500000000E+03  -0.301989748281E-10   0.000000000000E+00
   29.   0.431250000000E+03  -0.483290987862E-10   0.000000000000E+00   0.268750000000E+03  -0.646360373018E-10   0.000000000000E+00
   30.   0.425000000000E+03  -0.191090582019E-10   0.000000000000E+00   0.275000000000E+03  -0.299775059158E-10   0.000000000000E+00
   31.   0.418750000000E+03  -0.505456652580E-10   0.000000000000E+00   0.281250000000E+03  -0.642091404876E-10   0.000000000000E+00
   32.   0.412500000000E+03  -0.185862936212E-10   0.000000000000E+00   0.287500000000E+03  -0.287267198135E-10   0.000000000000E+00
   33.   0.406250000000E+03  -0.451542538717E-10   0.000000000000E+00   0.293750000000E+03  -0.568887268412E-10   0.000000000000E+00
   34.   0.400000000000E+03  -0.412744354963E-10   0.000000000000E+00   0.300000000000E+03  -0.470864175955E-10   0.000000000000E+00
   35.   0.393750000000E+03  -0.531333654404E-10   0.000000000000E+00   0.306250000000E+03  -0.615571097628E-10   0.000000000000E+00
   36.   0.387500000000E+03  -0.302388750212E-10   0.000000000000E+00   0.312500000000E+03  -0.369114502585E-10   0.000000000000E+00
   37.   0.381250000000E+03  -0.137036107089E-09   0.000000000000E+00   0.318750000000E+03  -0.135859902631E-09   0.000000000000E+00
   38.   0.375000000000E+03  -0.119068541754E-09   0.000000000000E+00   0.325000000000E+03  -0.107379004420E-09   0.000000000000E+00
   39.   0.368750000000E+03  -0.968285863619E-09   0.000000000000E+00   0.331250000000E+03  -0.944806853720E-09   0.000000000000E+00
   40.   0.362500000000E+03  -0.160561618068E-08   0.000000000000E+00   0.337500000000E+03  -0.153351494178E-08   0.000000000000E+00
   41.   0.356250000000E+03  -0.196136257589E-08   0.000000000000E+00   0.343750000000E+03  -0.193938089027E-08   0.000000000000E+00
   42.   0.350000000000E+03   0.121610260391E-07   0.000000000000E+00   0.350000000000E+03   0.121610260357E-07   0.000000000000E+00
   43.   0.343750000000E+03  -0.193938088905E-08   0.000000000000E+00   0.356250000000E+03  -0.196136257945E-08   0.000000000000E+00
   44.   0.337500000000E+03  -0.153351494294E-08   0.000000000000E+00   0.362500000000E+03  -0.160561618228E-08   0.000000000000E+00
   45.   0.331250000000E+03  -0.944806854838E-09   0.000000000000E+00   0.368750000000E+03  -0.968285864775E-09   0.000000000000E+00
   46.   0.325000000000E+03  -0.107379005349E-09   0.000000000000E+00   0.375000000000E+03  -0.119068542375E-09   0.000000000000E+00
   47.   0.318750000000E+03  -0.135859904120E-09   0.000000000000E+00   0.381250000000E+03  -0.137036107089E-09   0.000000000000E+00
   48.   0.312500000000E+03  -0.369114530442E-10   0.000000000000E+00   0.387500000000E+03  -0.302388751811E-10   0.000000000000E+00
   49.   0.306250000000E+03  -0.615571121094E-10   0.000000000000E+00   0.393750000000E+03  -0.531333652703E-10   0.000000000000E+00
   50.   0.300000000000E+03  -0.470864180857E-10   0.000000000000E+00   0.400000000000E+03  -0.412744348617E-10   0.000000000000E+00
   51.   0.293750000000E+03  -0.568887283203E-10   0.000000000000E+00   0.406250000000E+03  -0.451542529257E-10   0.000000000000E+00
   52.   0.287500000000E+03  -0.287267204753E-10   0.000000000000E+00   0.412500000000E+03  -0.185862928600E-10   0.000000000000E+00
   53.   0.281250000000E+03  -0.642091405509E-10   0.000000000000E+00   0.418750000000E+03  -0.505456644417E-10   0.000000000000E+00
   54.   0.275000000000E+03  -0.299775052548E-10   0.000000000000E+00   0.425000000000E+03  -0.191090574876E-10   0.000000000000E+00
   55.   0.268750000000E+03  -0.646360353730E-10   0.000000000000E+00   0.431250000000E+03  -0.483290981100E-10   0.000000000000E+00
   56.   0.262500000000E+03  -0.301989727768E-10   0.000000000000E+00   0.437500000000E+03  -0.184276102808E-10   0.000000000000E+00
   57.   0.256250000000E+03  -0.659416198455E-10   0.000000000000E+00   0.443750000000E+03  -0.474808642066E-10   0.000000000000E+00
   58.   0.250000000000E+03  -0.308492720081E-10   0.000000000000E+00   0.450000000000E+03  -0.185465343683E-10   0.000000000000E+00
   59.   0.243750000000E+03  -0.668014814751E-10   0.000000000000E+00   0.456250000000E+03  -0.464978407038E-10   0.000000000000E+00
   60.   0.237500000000E+03  -0.310934802178E-10   0.000000000000E+00   0.462500000000E+03  -0.183491306439E-10   0.000000000000E+00
   61.   0.231250000000E+03  -0.675050966409E-10   0.000000000000E+00   0.468750000000E+03  -0.457878558474E-10   0.000000000000E+00
   62.   0.225000000000E+03  -0.311836945371E-10   0.000000000000E+00   0.475000000000E+03  -0.181821818181E-10   0.000000000000E+00
   63.   0.218750000000E+03  -0.678521618626E-10   0.000000000000E+00   0.481250000000E+03  -0.451272109602E-10   0.000000000000E+00
   64.   0.212500000000E+03  -0.310866637203E-10   0.000000000000E+00   0.487500000000E+03  -0.180021101140E-10   0.000000000000E+00
   65.   0.206250000000E+03  -0.678263443545E-10   0.000000000000E+00   0.493750000000E+03  -0.445172855538E-10   0.000000000000E+00
   66.   0.200000000000E+03  -0.308153832496E-10   0.000000000000E+00   0.500000000000E+03  -0.178367674291E-10   0.000000000000E+00
   67.   0.193750000000E+03  -0.673927463342E-10   0.000000000000E+00   0.506250000000E+03  -0.439255768355E-10   0.000000000000E+00
   68.   0.187500000000E+03  -0.303582665055E-10   0.000000000000E+00   0.512500000000E+03  -0.176760759255E-10   0.000000000000E+00
   69.   0.181250000000E+03  -0.665381175186E-10   0.000000000000E+00   0.518750000000E+03  -0.433423239951E-10   0.000000000000E+00
   70.   0.175000000000E+03  -0.297116613517E-10   0.000000000000E+00   0.525000000000E+03  -0.175159078888E-10   0.000000000000E+00
   71.   0.168750000000E+03  -0.652496334272E-10   0.000000000000E+00   0.531250000000E+03  -0.427567447160E-10   0.000000000000E+00
   72.   0.162500000000E+03  -0.288639236917E-10   0.000000000000E+00   0.537500000000E+03  -0.173461030334E-10   0.000000000000E+00
   73.   0.156250000000E+03  -0.635216138969E-10   0.000000000000E+00   0.543750000000E+03  -0.421589514140E-10   0.000000000000E+00
   74.   0.150000000000E+03  -0.278620380218E-10   0.000000000000E+00   0.550000000000E+03  -0.171821761615E-10   0.000000000000E+00
   75.   0.143750000000E+03  -0.612891875595E-10   0.000000000000E+00   0.556250000000E+03  -0.415325851342E-10   0.000000000000E+00
   76.   0.137500000000E+03  -0.266530528166E-10   0.000000000000E+00   0.562500000000E+03  -0.170191471137E-10   0.000000000000E+00
   77.   0.131250000000E+03  -0.586062213336E-10   0.000000000000E+00   0.568750000000E+03  -0.408848256799E-10   0.000000000000E+00
   78.   0.125000000000E+03  -0.252926983219E-10   0.000000000000E+00   0.575000000000E+03  -0.168708145754E-10   0.000000000000E+00
   79.   0.118750000000E+03  -0.560149662682E-10   0.000000000000E+00   0.581250000000E+03  -0.414952485584E-10   0.000000000000E+00
   80.   0.112500000000E+03  -0.216426539004E-10   0.000000000000E+00   0.587500000000E+03  -0.149844629887E-10   0.000000000000E+00
   81.   0.106250000000E+03  -0.480882559868E-10   0.000000000000E+00   0.593750000000E+03  -0.428432675351E-10   0.000000000000E+00
