i  r_top  QtopRe  QtopIm   [mm, mC]
    1.   0.600000000000E+03  -0.247154776046E-06   0.000000000000E+00
    2.   0.100000000000E+03   0.459317558368E-06   0.000000000000E+00
    3.   0.598437500000E+03  -0.947279234630E-06   0.000000000000E+00
    4.   0.596875000000E+03  -0.452968667700E-06   0.000000000000E+00
    5.   0.595312500000E+03  -0.864899007309E-06   0.000000000000E+00
    6.   0.593750000000E+03  -0.411931084694E-06   0.000000000000E+00
    7.   0.592187500000E+03  -0.783141521684E-06   0.000000000000E+00
    8.   0.590625000000E+03  -0.371210577513E-06   0.000000000000E+00
    9.   0.589062500000E+03  -0.702021499620E-06   0.000000000000E+00
   10.   0.587500000000E+03  -0.330810936463E-06   0.000000000000E+00
   11.   0.585937500000E+03  -0.621545823212E-06   0.000000000000E+00
   12.   0.584375000000E+03  -0.290734866571E-06   0.000000000000E+00
   13.   0.582812500000E+03  -0.541720013114E-06   0.000000000000E+00
   14.   0.581250000000E+03  -0.250985124390E-06   0.000000000000E+00
   15.   0.579687500000E+03  -0.462550028958E-06   0.000000000000E+00
   16.   0.578125000000E+03  -0.211564891026E-06   0.000000000000E+00
   17.   0.576562500000E+03  -0.384042606587E-06   0.000000000000E+00
   18.   0.575000000000E+03  -0.172477711084E-06   0.000000000000E+00
   19.   0.573437500000E+03  -0.306205023168E-06   0.000000000000E+00
   20.   0.571875000000E+03  -0.133727313256E-06   0.000000000000E+00
   21.   0.570312500000E+03  -0.229044767557E-06   0.000000000000E+00
   22.   0.568750000000E+03  -0.953174579167E-07   0.000000000000E+00
   23.   0.567187500000E+03  -0.152569307281E-06   0.000000000000E+00
   24.   0.565625000000E+03  -0.572518534662E-07   0.000000000000E+00
   25.   0.564062500000E+03  -0.767859752009E-07   0.000000000000E+00
   26.   0.562500000000E+03  -0.195341254782E-07   0.000000000000E+00
   27.   0.560937500000E+03  -0.170193692512E-08   0.000000000000E+00
   28.   0.559375000000E+03   0.178321853762E-07   0.000000000000E+00
   29.   0.557812500000E+03   0.726758024074E-07   0.000000000000E+00
   30.   0.556250000000E+03   0.548436143286E-07   0.000000000000E+00
   31.   0.554687500000E+03   0.146340378793E-06   0.000000000000E+00
   32.   0.553125000000E+03   0.914967620625E-07   0.000000000000E+00
   33.   0.551562500000E+03   0.219285051146E-06   0.000000000000E+00
   34.   0.550000000000E+03   0.127788286830E-06   0.000000000000E+00
   35.   0.548437500000E+03   0.291503188909E-06   0.000000000000E+00
   36.   0.546875000000E+03   0.163714899863E-06   0.000000000000E+00
   37.   0.545312500000E+03   0.362988265459E-06   0.000000000000E+00
   38.   0.543750000000E+03   0.199273363363E-06   0.000000000000E+00
   39.   0.542187500000E+03   0.433733855806E-06   0.000000000000E+00
   40.   0.540625000000E+03   0.234460490181E-06   0.000000000000E+00
   41.   0.539062500000E+03   0.503733636709E-06   0.000000000000E+00
   42.   0.537500000000E+03   0.269273144220E-06   0.000000000000E+00
   43.   0.535937500000E+03   0.572981387681E-06   0.000000000000E+00
   44.   0.534375000000E+03   0.303708241131E-06   0.000000000000E+00
   45.   0.532812500000E+03   0.641470992489E-06   0.000000000000E+00
   46.   0.531250000000E+03   0.337762748990E-06   0.000000000000E+00
   47.   0.529687500000E+03   0.709196440218E-06   0.000000000000E+00
   48.   0.528125000000E+03   0.371433688837E-06   0.000000000000E+00
   49.   0.526562500000E+03   0.776151826392E-06   0.000000000000E+00
   50.   0.525000000000E+03   0.404718135149E-06   0.000000000000E+00
   51.   0.523437500000E+03   0.842331353759E-06   0.000000000000E+00
   52.   0.521875000000E+03   0.437613216187E-06   0.000000000000E+00
   53.   0.520312500000E+03   0.907729332932E-06   0.000000000000E+00
   54.   0.518750000000E+03   0.470116114302E-06   0.000000000000E+00
   55.   0.517187500000E+03   0.972340182995E-06   0.000000000000E+00
   56.   0.515625000000E+03   0.502224066236E-06   0.000000000000E+00
   57.   0.514062500000E+03   0.103615843208E-05   0.000000000000E+00
   58.   0.512500000000E+03   0.533934363372E-06   0.000000000000E+00
   59.   0.510937500000E+03   0.109917871787E-05   0.000000000000E+00
   60.   0.509375000000E+03   0.565244352004E-06   0.000000000000E+00
   61.   0.507812500000E+03   0.116139578813E-05   0.000000000000E+00
   62.   0.506250000000E+03   0.596151433611E-06   0.000000000000E+00
   63.   0.504687500000E+03   0.122280450123E-05   0.000000000000E+00
   64.   0.503125000000E+03   0.626653065100E-06   0.000000000000E+00
   65.   0.501562500000E+03   0.128339982670E-05   0.000000000000E+00
   66.   0.500000000000E+03   0.656746759070E-06   0.000000000000E+00
   67.   0.498437500000E+03   0.134317684565E-05   0.000000000000E+00
   68.   0.496875000000E+03   0.686430084028E-06   0.000000000000E+00
   69.   0.495312500000E+03   0.140213075125E-05   0.000000000000E+00
   70.   0.493750000000E+03   0.715700664663E-06   0.000000000000E+00
   71.   0.492187500000E+03   0.146025684929E-05   0.000000000000E+00
   72.   0.490625000000E+03   0.744556182056E-06   0.000000000000E+00
   73.   0.489062500000E+03   0.151755055855E-05   0.000000000000E+00
   74.   0.487500000000E+03   0.772994373896E-06   0.000000000000E+00
   75.   0.485937500000E+03   0.157400741120E-05   0.000000000000E+00
   76.   0.484375000000E+03   0.801013034704E-06   0.000000000000E+00
   77.   0.482812500000E+03   0.162962305337E-05   0.000000000000E+00
   78.   0.481250000000E+03   0.828610016040E-06   0.000000000000E+00
   79.   0.479687500000E+03   0.168439324535E-05   0.000000000000E+00
   80.   0.478125000000E+03   0.855783226687E-06   0.000000000000E+00
   81.   0.476562500000E+03   0.173831386218E-05   0.000000000000E+00
   82.   0.475000000000E+03   0.882530632851E-06   0.000000000000E+00
   83.   0.473437500000E+03   0.179138089384E-05   0.000000000000E+00
   84.   0.471875000000E+03   0.908850258340E-06   0.000000000000E+00
   85.   0.470312500000E+03   0.184359044574E-05   0.000000000000E+00
   86.   0.468750000000E+03   0.934740184729E-06   0.000000000000E+00
   87.   0.467187500000E+03   0.189493873894E-05   0.000000000000E+00
   88.   0.465625000000E+03   0.960198551533E-06   0.000000000000E+00
   89.   0.464062500000E+03   0.194542211057E-05   0.000000000000E+00
   90.   0.462500000000E+03   0.985223556356E-06   0.000000000000E+00
   91.   0.460937500000E+03   0.199503701409E-05   0.000000000000E+00
   92.   0.459375000000E+03   0.100981345504E-05   0.000000000000E+00
   93.   0.457812500000E+03   0.204378001955E-05   0.000000000000E+00
   94.   0.456250000000E+03   0.103396656181E-05   0.000000000000E+00
   95.   0.454687500000E+03   0.209164781391E-05   0.000000000000E+00
   96.   0.453125000000E+03   0.105768124939E-05   0.000000000000E+00
   97.   0.451562500000E+03   0.213863720125E-05   0.000000000000E+00
   98.   0.450000000000E+03   0.108095594914E-05   0.000000000000E+00
   99.   0.448437500000E+03   0.218474510302E-05   0.000000000000E+00
  100.   0.446875000000E+03   0.110378915116E-05   0.000000000000E+00
  101.   0.445312500000E+03   0.222996855829E-05   0.000000000000E+00
  102.   0.443750000000E+03   0.112617940439E-05   0.000000000000E+00
  103.   0.442187500000E+03   0.227430472387E-05   0.000000000000E+00
  104.   0.440625000000E+03   0.114812531674E-05   0.000000000000E+00
  105.   0.439062500000E+03   0.231775087460E-05   0.000000000000E+00
  106.   0.437500000000E+03   0.116962555510E-05   0.000000000000E+00
  107.   0.435937500000E+03   0.236030440339E-05   0.000000000000E+00
  108.   0.434375000000E+03   0.119067884552E-05   0.000000000000E+00
  109.   0.432812500000E+03   0.240196282149E-05   0.000000000000E+00
  110.   0.431250000000E+03   0.121128397320E-05   0.000000000000E+00
  111.   0.429687500000E+03   0.244272375853E-05   0.000000000000E+00
  112.   0.428125000000E+03   0.123143978256E-05   0.000000000000E+00
  113.   0.426562500000E+03   0.248258496269E-05   0.000000000000E+00
  114.   0.425000000000E+03   0.125114517735E-05   0.000000000000E+00
  115.   0.423437500000E+03   0.252154430074E-05   0.000000000000E+00
  116.   0.421875000000E+03   0.127039912061E-05   0.000000000000E+00
  117.   0.420312500000E+03   0.255959975816E-05   0.000000000000E+00
  118.   0.418750000000E+03   0.128920063477E-05   0.000000000000E+00
  119.   0.417187500000E+03   0.259674943917E-05   0.000000000000E+00
  120.   0.415625000000E+03   0.130754880162E-05   0.000000000000E+00
  121.   0.414062500000E+03   0.263299156679E-05   0.000000000000E+00
  122.   0.412500000000E+03   0.132544276238E-05   0.000000000000E+00
  123.   0.410937500000E+03   0.266832448282E-05   0.000000000000E+00
  124.   0.409375000000E+03   0.134288171765E-05   0.000000000000E+00
  125.   0.407812500000E+03   0.270274664789E-05   0.000000000000E+00
  126.   0.406250000000E+03   0.135986492744E-05   0.000000000000E+00
  127.   0.404687500000E+03   0.273625664139E-05   0.000000000000E+00
  128.   0.403125000000E+03   0.137639171115E-05   0.000000000000E+00
  129.   0.401562500000E+03   0.276885316150E-05   0.000000000000E+00
  130.   0.400000000000E+03   0.139246144754E-05   0.000000000000E+00
  131.   0.398437500000E+03   0.280053502504E-05   0.000000000000E+00
  132.   0.396875000000E+03   0.140807357470E-05   0.000000000000E+00
  133.   0.395312500000E+03   0.283130116749E-05   0.000000000000E+00
  134.   0.393750000000E+03   0.142322758999E-05   0.000000000000E+00
  135.   0.392187500000E+03   0.286115064283E-05   0.000000000000E+00
  136.   0.390625000000E+03   0.143792305004E-05   0.000000000000E+00
  137.   0.389062500000E+03   0.289008262345E-05   0.000000000000E+00
  138.   0.387500000000E+03   0.145215957061E-05   0.000000000000E+00
  139.   0.385937500000E+03   0.291809640000E-05   0.000000000000E+00
  140.   0.384375000000E+03   0.146593682658E-05   0.000000000000E+00
  141.   0.382812500000E+03   0.294519138122E-05   0.000000000000E+00
  142.   0.381250000000E+03   0.147925455184E-05   0.000000000000E+00
  143.   0.379687500000E+03   0.297136709384E-05   0.000000000000E+00
  144.   0.378125000000E+03   0.149211253920E-05   0.000000000000E+00
  145.   0.376562500000E+03   0.299662318228E-05   0.000000000000E+00
  146.   0.375000000000E+03   0.150451064028E-05   0.000000000000E+00
  147.   0.373437500000E+03   0.302095940848E-05   0.000000000000E+00
  148.   0.371875000000E+03   0.151644876541E-05   0.000000000000E+00
  149.   0.370312500000E+03   0.304437565171E-05   0.000000000000E+00
  150.   0.368750000000E+03   0.152792688350E-05   0.000000000000E+00
  151.   0.367187500000E+03   0.306687190817E-05   0.000000000000E+00
  152.   0.365625000000E+03   0.153894502189E-05   0.000000000000E+00
  153.   0.364062500000E+03   0.308844829089E-05   0.000000000000E+00
  154.   0.362500000000E+03   0.154950326622E-05   0.000000000000E+00
  155.   0.360937500000E+03   0.310910502928E-05   0.000000000000E+00
  156.   0.359375000000E+03   0.155960176028E-05   0.000000000000E+00
  157.   0.357812500000E+03   0.312884246885E-05   0.000000000000E+00
  158.   0.356250000000E+03   0.156924070581E-05   0.000000000000E+00
  159.   0.354687500000E+03   0.314766107091E-05   0.000000000000E+00
  160.   0.353125000000E+03   0.157842036235E-05   0.000000000000E+00
  161.   0.351562500000E+03   0.316556141214E-05   0.000000000000E+00
  162.   0.350000000000E+03   0.158714104703E-05   0.000000000000E+00
  163.   0.348437500000E+03   0.318254418417E-05   0.000000000000E+00
  164.   0.346875000000E+03   0.159540313440E-05   0.000000000000E+00
  165.   0.345312500000E+03   0.319861019329E-05   0.000000000000E+00
  166.   0.343750000000E+03   0.160320705615E-05   0.000000000000E+00
  167.   0.342187500000E+03   0.321376035984E-05   0.000000000000E+00
  168.   0.340625000000E+03   0.161055330096E-05   0.000000000000E+00
  169.   0.339062500000E+03   0.322799571788E-05   0.000000000000E+00
  170.   0.337500000000E+03   0.161744241420E-05   0.000000000000E+00
  171.   0.335937500000E+03   0.324131741464E-05   0.000000000000E+00
  172.   0.334375000000E+03   0.162387499772E-05   0.000000000000E+00
  173.   0.332812500000E+03   0.325372671000E-05   0.000000000000E+00
  174.   0.331250000000E+03   0.162985170957E-05   0.000000000000E+00
  175.   0.329687500000E+03   0.326522497597E-05   0.000000000000E+00
  176.   0.328125000000E+03   0.163537326370E-05   0.000000000000E+00
  177.   0.326562500000E+03   0.327581369612E-05   0.000000000000E+00
  178.   0.325000000000E+03   0.164044042973E-05   0.000000000000E+00
  179.   0.323437500000E+03   0.328549446499E-05   0.000000000000E+00
  180.   0.321875000000E+03   0.164505403258E-05   0.000000000000E+00
  181.   0.320312500000E+03   0.329426898743E-05   0.000000000000E+00
  182.   0.318750000000E+03   0.164921495219E-05   0.000000000000E+00
  183.   0.317187500000E+03   0.330213907803E-05   0.000000000000E+00
  184.   0.315625000000E+03   0.165292412319E-05   0.000000000000E+00
  185.   0.314062500000E+03   0.330910666038E-05   0.000000000000E+00
  186.   0.312500000000E+03   0.165618253455E-05   0.000000000000E+00
  187.   0.310937500000E+03   0.331517376638E-05   0.000000000000E+00
  188.   0.309375000000E+03   0.165899122921E-05   0.000000000000E+00
  189.   0.307812500000E+03   0.332034253554E-05   0.000000000000E+00
  190.   0.306250000000E+03   0.166135130372E-05   0.000000000000E+00
  191.   0.304687500000E+03   0.332461521416E-05   0.000000000000E+00
  192.   0.303125000000E+03   0.166326390784E-05   0.000000000000E+00
  193.   0.301562500000E+03   0.332799415457E-05   0.000000000000E+00
  194.   0.300000000000E+03   0.166473024415E-05   0.000000000000E+00
  195.   0.298437500000E+03   0.333048181431E-05   0.000000000000E+00
  196.   0.296875000000E+03   0.166575156760E-05   0.000000000000E+00
  197.   0.295312500000E+03   0.333208075525E-05   0.000000000000E+00
  198.   0.293750000000E+03   0.166632918511E-05   0.000000000000E+00
  199.   0.292187500000E+03   0.333279364271E-05   0.000000000000E+00
  200.   0.290625000000E+03   0.166646445507E-05   0.000000000000E+00
  201.   0.289062500000E+03   0.333262324452E-05   0.000000000000E+00
  202.   0.287500000000E+03   0.166615878693E-05   0.000000000000E+00
  203.   0.285937500000E+03   0.333157243006E-05   0.000000000000E+00
  204.   0.284375000000E+03   0.166541364064E-05   0.000000000000E+00
  205.   0.282812500000E+03   0.332964416929E-05   0.000000000000E+00
  206.   0.281250000000E+03   0.166423052618E-05   0.000000000000E+00
  207.   0.279687500000E+03   0.332684153164E-05   0.000000000000E+00
  208.   0.278125000000E+03   0.166261100302E-05   0.000000000000E+00
  209.   0.276562500000E+03   0.332316768504E-05   0.000000000000E+00
  210.   0.275000000000E+03   0.166055667959E-05   0.000000000000E+00
  211.   0.273437500000E+03   0.331862589467E-05   0.000000000000E+00
  212.   0.271875000000E+03   0.165806921267E-05   0.000000000000E+00
  213.   0.270312500000E+03   0.331321952191E-05   0.000000000000E+00
  214.   0.268750000000E+03   0.165515030686E-05   0.000000000000E+00
  215.   0.267187500000E+03   0.330695202310E-05   0.000000000000E+00
  216.   0.265625000000E+03   0.165180171388E-05   0.000000000000E+00
  217.   0.264062500000E+03   0.329982694824E-05   0.000000000000E+00
  218.   0.262500000000E+03   0.164802523202E-05   0.000000000000E+00
  219.   0.260937500000E+03   0.329184793977E-05   0.000000000000E+00
  220.   0.259375000000E+03   0.164382270544E-05   0.000000000000E+00
  221.   0.257812500000E+03   0.328301873118E-05   0.000000000000E+00
  222.   0.256250000000E+03   0.163919602346E-05   0.000000000000E+00
  223.   0.254687500000E+03   0.327334314560E-05   0.000000000000E+00
  224.   0.253125000000E+03   0.163414711989E-05   0.000000000000E+00
  225.   0.251562500000E+03   0.326282509439E-05   0.000000000000E+00
  226.   0.250000000000E+03   0.162867797227E-05   0.000000000000E+00
  227.   0.248437500000E+03   0.325146857557E-05   0.000000000000E+00
  228.   0.246875000000E+03   0.162279060110E-05   0.000000000000E+00
  229.   0.245312500000E+03   0.323927767230E-05   0.000000000000E+00
  230.   0.243750000000E+03   0.161648706904E-05   0.000000000000E+00
  231.   0.242187500000E+03   0.322625655124E-05   0.000000000000E+00
  232.   0.240625000000E+03   0.160976948007E-05   0.000000000000E+00
  233.   0.239062500000E+03   0.321240946082E-05   0.000000000000E+00
  234.   0.237500000000E+03   0.160263997865E-05   0.000000000000E+00
  235.   0.235937500000E+03   0.319774072952E-05   0.000000000000E+00
  236.   0.234375000000E+03   0.159510074881E-05   0.000000000000E+00
  237.   0.232812500000E+03   0.318225476400E-05   0.000000000000E+00
  238.   0.231250000000E+03   0.158715401317E-05   0.000000000000E+00
  239.   0.229687500000E+03   0.316595604719E-05   0.000000000000E+00
  240.   0.228125000000E+03   0.157880203203E-05   0.000000000000E+00
  241.   0.226562500000E+03   0.314884913631E-05   0.000000000000E+00
  242.   0.225000000000E+03   0.157004710232E-05   0.000000000000E+00
  243.   0.223437500000E+03   0.313093866075E-05   0.000000000000E+00
  244.   0.221875000000E+03   0.156089155652E-05   0.000000000000E+00
  245.   0.220312500000E+03   0.311222931995E-05   0.000000000000E+00
  246.   0.218750000000E+03   0.155133776156E-05   0.000000000000E+00
  247.   0.217187500000E+03   0.309272588110E-05   0.000000000000E+00
  248.   0.215625000000E+03   0.154138811771E-05   0.000000000000E+00
  249.   0.214062500000E+03   0.307243317678E-05   0.000000000000E+00
  250.   0.212500000000E+03   0.153104505729E-05   0.000000000000E+00
  251.   0.210937500000E+03   0.305135610246E-05   0.000000000000E+00
  252.   0.209375000000E+03   0.152031104344E-05   0.000000000000E+00
  253.   0.207812500000E+03   0.302949961394E-05   0.000000000000E+00
  254.   0.206250000000E+03   0.150918856882E-05   0.000000000000E+00
  255.   0.204687500000E+03   0.300686872460E-05   0.000000000000E+00
  256.   0.203125000000E+03   0.149768015415E-05   0.000000000000E+00
  257.   0.201562500000E+03   0.298346850254E-05   0.000000000000E+00
  258.   0.200000000000E+03   0.148578834682E-05   0.000000000000E+00
  259.   0.198437500000E+03   0.295930406764E-05   0.000000000000E+00
  260.   0.196875000000E+03   0.147351571931E-05   0.000000000000E+00
  261.   0.195312500000E+03   0.293438058835E-05   0.000000000000E+00
  262.   0.193750000000E+03   0.146086486759E-05   0.000000000000E+00
  263.   0.192187500000E+03   0.290870327842E-05   0.000000000000E+00
  264.   0.190625000000E+03   0.144783840944E-05   0.000000000000E+00
  265.   0.189062500000E+03   0.288227739338E-05   0.000000000000E+00
  266.   0.187500000000E+03   0.143443898262E-05   0.000000000000E+00
  267.   0.185937500000E+03   0.285510822690E-05   0.000000000000E+00
  268.   0.184375000000E+03   0.142066924302E-05   0.000000000000E+00
  269.   0.182812500000E+03   0.282720110689E-05   0.000000000000E+00
  270.   0.181250000000E+03   0.140653186268E-05   0.000000000000E+00
  271.   0.179687500000E+03   0.279856139141E-05   0.000000000000E+00
  272.   0.178125000000E+03   0.139202952762E-05   0.000000000000E+00
  273.   0.176562500000E+03   0.276919446434E-05   0.000000000000E+00
  274.   0.175000000000E+03   0.137716493569E-05   0.000000000000E+00
  275.   0.173437500000E+03   0.273910573081E-05   0.000000000000E+00
  276.   0.171875000000E+03   0.136194079417E-05   0.000000000000E+00
  277.   0.170312500000E+03   0.270830061229E-05   0.000000000000E+00
  278.   0.168750000000E+03   0.134635981727E-05   0.000000000000E+00
  279.   0.167187500000E+03   0.267678454143E-05   0.000000000000E+00
  280.   0.165625000000E+03   0.133042472342E-05   0.000000000000E+00
  281.   0.164062500000E+03   0.264456295647E-05   0.000000000000E+00
  282.   0.162500000000E+03   0.131413823241E-05   0.000000000000E+00
  283.   0.160937500000E+03   0.261164129512E-05   0.000000000000E+00
  284.   0.159375000000E+03   0.129750306219E-05   0.000000000000E+00
  285.   0.157812500000E+03   0.257802498805E-05   0.000000000000E+00
  286.   0.156250000000E+03   0.128052192547E-05   0.000000000000E+00
  287.   0.154687500000E+03   0.254371945166E-05   0.000000000000E+00
  288.   0.153125000000E+03   0.126319752594E-05   0.000000000000E+00
  289.   0.151562500000E+03   0.250873008036E-05   0.000000000000E+00
  290.   0.150000000000E+03   0.124553255430E-05   0.000000000000E+00
  291.   0.148437500000E+03   0.247306223851E-05   0.000000000000E+00
  292.   0.146875000000E+03   0.122752968419E-05   0.000000000000E+00
  293.   0.145312500000E+03   0.243672125261E-05   0.000000000000E+00
  294.   0.143750000000E+03   0.120919156845E-05   0.000000000000E+00
  295.   0.142187500000E+03   0.239971240457E-05   0.000000000000E+00
  296.   0.140625000000E+03   0.119052083610E-05   0.000000000000E+00
  297.   0.139062500000E+03   0.236204092719E-05   0.000000000000E+00
  298.   0.137500000000E+03   0.117152009090E-05   0.000000000000E+00
  299.   0.135937500000E+03   0.232371200274E-05   0.000000000000E+00
  300.   0.134375000000E+03   0.115219191145E-05   0.000000000000E+00
  301.   0.132812500000E+03   0.228473076422E-05   0.000000000000E+00
  302.   0.131250000000E+03   0.113253885232E-05   0.000000000000E+00
  303.   0.129687500000E+03   0.224510229532E-05   0.000000000000E+00
  304.   0.128125000000E+03   0.111256344306E-05   0.000000000000E+00
  305.   0.126562500000E+03   0.220483161946E-05   0.000000000000E+00
  306.   0.125000000000E+03   0.109226817827E-05   0.000000000000E+00
  307.   0.123437500000E+03   0.216392365965E-05   0.000000000000E+00
  308.   0.121875000000E+03   0.107165548717E-05   0.000000000000E+00
  309.   0.120312500000E+03   0.212238314245E-05   0.000000000000E+00
  310.   0.118750000000E+03   0.105072766739E-05   0.000000000000E+00
  311.   0.117187500000E+03   0.208021442153E-05   0.000000000000E+00
  312.   0.115625000000E+03   0.102948677315E-05   0.000000000000E+00
  313.   0.114062500000E+03   0.203742123274E-05   0.000000000000E+00
  314.   0.112500000000E+03   0.100793448168E-05   0.000000000000E+00
  315.   0.110937500000E+03   0.199400647834E-05   0.000000000000E+00
  316.   0.109375000000E+03   0.986072009776E-06   0.000000000000E+00
  317.   0.107812500000E+03   0.194997226261E-05   0.000000000000E+00
  318.   0.106250000000E+03   0.963900231337E-06   0.000000000000E+00
  319.   0.104687500000E+03   0.190532047178E-05   0.000000000000E+00
  320.   0.103125000000E+03   0.941420044194E-06   0.000000000000E+00
  321.   0.101562500000E+03   0.186005493221E-05   0.000000000000E+00
