i  r_top  QtopRe  QtopIm  r_bot  QbotRe  QbotIm   [mm, mC]
    1.   0.600000000000E+03  -0.102466273894E-06   0.000000000000E+00   0.100000000000E+03  -0.440316198739E-07   0.000000000000E+00
    2.   0.100000000000E+03  -0.440316198739E-07   0.000000000000E+00   0.600000000000E+03  -0.102466273894E-06   0.000000000000E+00
    3.   0.598437500000E+03  -0.867042372799E-08   0.000000000000E+00   0.101562500000E+03  -0.100001369109E-07   0.000000000000E+00
    4.   0.596875000000E+03  -0.653781773677E-08   0.000000000000E+00   0.103125000000E+03  -0.513040651074E-08   0.000000000000E+00
    5.   0.595312500000E+03   0.368647410804E-08   0.000000000000E+00   0.104687500000E+03  -0.262452461163E-08   0.000000000000E+00
    6.   0.593750000000E+03   0.332286153536E-09   0.000000000000E+00   0.106250000000E+03  -0.150648168029E-08   0.000000000000E+00
    7.   0.592187500000E+03   0.444733934024E-08   0.000000000000E+00   0.107812500000E+03  -0.788984130014E-09   0.000000000000E+00
    8.   0.590625000000E+03   0.145155605402E-08   0.000000000000E+00   0.109375000000E+03  -0.412539881741E-09   0.000000000000E+00
    9.   0.589062500000E+03   0.334271426953E-08   0.000000000000E+00   0.110937500000E+03  -0.279823147277E-09   0.000000000000E+00
   10.   0.587500000000E+03   0.103779614043E-08   0.000000000000E+00   0.112500000000E+03  -0.225043323039E-09   0.000000000000E+00
   11.   0.585937500000E+03   0.217048302306E-08   0.000000000000E+00   0.114062500000E+03  -0.160717165608E-09   0.000000000000E+00
   12.   0.584375000000E+03   0.791464525483E-09   0.000000000000E+00   0.115625000000E+03  -0.849063383738E-10   0.000000000000E+00
   13.   0.582812500000E+03   0.141165956875E-08   0.000000000000E+00   0.117187500000E+03  -0.889577455839E-10   0.000000000000E+00
   14.   0.581250000000E+03   0.516212675066E-09   0.000000000000E+00   0.118750000000E+03  -0.498283672771E-10   0.000000000000E+00
   15.   0.579687500000E+03   0.902509107752E-09   0.000000000000E+00   0.120312500000E+03  -0.550588874396E-10   0.000000000000E+00
   16.   0.578125000000E+03   0.344110213164E-09   0.000000000000E+00   0.121875000000E+03  -0.248242700822E-10   0.000000000000E+00
   17.   0.576562500000E+03   0.583150159448E-09   0.000000000000E+00   0.123437500000E+03  -0.309524576515E-10   0.000000000000E+00
   18.   0.575000000000E+03   0.225023695573E-09   0.000000000000E+00   0.125000000000E+03  -0.132305169733E-10   0.000000000000E+00
   19.   0.573437500000E+03   0.379974941769E-09   0.000000000000E+00   0.126562500000E+03  -0.153828211076E-10   0.000000000000E+00
   20.   0.571875000000E+03   0.149588079980E-09   0.000000000000E+00   0.128125000000E+03  -0.547594150521E-11   0.000000000000E+00
   21.   0.570312500000E+03   0.252909836243E-09   0.000000000000E+00   0.129687500000E+03  -0.421863469813E-11   0.000000000000E+00
   22.   0.568750000000E+03   0.101553383979E-09   0.000000000000E+00   0.131250000000E+03  -0.453964228468E-12   0.000000000000E+00
   23.   0.567187500000E+03   0.173862703104E-09   0.000000000000E+00   0.132812500000E+03   0.392851651972E-11   0.000000000000E+00
   24.   0.565625000000E+03   0.717876982689E-10   0.000000000000E+00   0.134375000000E+03   0.322936699063E-11   0.000000000000E+00
   25.   0.564062500000E+03   0.125574078474E-09   0.000000000000E+00   0.135937500000E+03   0.102651293778E-10   0.000000000000E+00
   26.   0.562500000000E+03   0.537473922110E-10   0.000000000000E+00   0.137500000000E+03   0.610575763115E-11   0.000000000000E+00
   27.   0.560937500000E+03   0.968941782605E-10   0.000000000000E+00   0.139062500000E+03   0.154837242006E-10   0.000000000000E+00
   28.   0.559375000000E+03   0.432845992194E-10   0.000000000000E+00   0.140625000000E+03   0.853513280946E-11   0.000000000000E+00
   29.   0.557812500000E+03   0.807820664722E-10   0.000000000000E+00   0.142187500000E+03   0.200589926978E-10   0.000000000000E+00
   30.   0.556250000000E+03   0.377023938017E-10   0.000000000000E+00   0.143750000000E+03   0.107208743011E-10   0.000000000000E+00
   31.   0.554687500000E+03   0.727486724484E-10   0.000000000000E+00   0.145312500000E+03   0.242928543195E-10   0.000000000000E+00
   32.   0.553125000000E+03   0.352765867773E-10   0.000000000000E+00   0.146875000000E+03   0.127913029834E-10   0.000000000000E+00
   33.   0.551562500000E+03   0.699402538983E-10   0.000000000000E+00   0.148437500000E+03   0.283823227269E-10   0.000000000000E+00
   34.   0.550000000000E+03   0.349031558419E-10   0.000000000000E+00   0.150000000000E+03   0.148261795813E-10   0.000000000000E+00
   35.   0.548437500000E+03   0.705374466508E-10   0.000000000000E+00   0.151562500000E+03   0.324536409028E-10   0.000000000000E+00
   36.   0.546875000000E+03   0.358762439322E-10   0.000000000000E+00   0.153125000000E+03   0.168758374815E-10   0.000000000000E+00
   37.   0.545312500000E+03   0.733788383888E-10   0.000000000000E+00   0.154687500000E+03   0.365874003457E-10   0.000000000000E+00
   38.   0.543750000000E+03   0.377438838675E-10   0.000000000000E+00   0.156250000000E+03   0.189718440897E-10   0.000000000000E+00
   39.   0.542187500000E+03   0.777207815907E-10   0.000000000000E+00   0.157812500000E+03   0.408342789427E-10   0.000000000000E+00
   40.   0.540625000000E+03   0.402158864893E-10   0.000000000000E+00   0.159375000000E+03   0.211337679006E-10   0.000000000000E+00
   41.   0.539062500000E+03   0.830852090300E-10   0.000000000000E+00   0.160937500000E+03   0.452254963448E-10   0.000000000000E+00
   42.   0.537500000000E+03   0.431050399981E-10   0.000000000000E+00   0.162500000000E+03   0.233734220183E-10   0.000000000000E+00
   43.   0.535937500000E+03   0.891628831153E-10   0.000000000000E+00   0.164062500000E+03   0.497795687495E-10   0.000000000000E+00
   44.   0.534375000000E+03   0.462896592605E-10   0.000000000000E+00   0.165625000000E+03   0.256975788327E-10   0.000000000000E+00
   45.   0.532812500000E+03   0.957519403482E-10   0.000000000000E+00   0.167187500000E+03   0.545067050235E-10   0.000000000000E+00
   46.   0.531250000000E+03   0.496897555912E-10   0.000000000000E+00   0.168750000000E+03   0.281097138563E-10   0.000000000000E+00
   47.   0.529687500000E+03   0.102718827551E-09   0.000000000000E+00   0.170312500000E+03   0.594116520547E-10   0.000000000000E+00
   48.   0.528125000000E+03   0.532518794481E-10   0.000000000000E+00   0.171875000000E+03   0.306111282018E-10   0.000000000000E+00
   49.   0.526562500000E+03   0.109973472760E-09   0.000000000000E+00   0.173437500000E+03   0.644955375587E-10   0.000000000000E+00
   50.   0.525000000000E+03   0.569394822135E-10   0.000000000000E+00   0.175000000000E+03   0.332016742818E-10   0.000000000000E+00
   51.   0.523437500000E+03   0.117453501194E-09   0.000000000000E+00   0.176562500000E+03   0.697570627088E-10   0.000000000000E+00
   52.   0.521875000000E+03   0.607267869641E-10   0.000000000000E+00   0.178125000000E+03   0.358802255154E-10   0.000000000000E+00
   53.   0.520312500000E+03   0.125114201924E-09   0.000000000000E+00   0.179687500000E+03   0.751932748940E-10   0.000000000000E+00
   54.   0.518750000000E+03   0.645948946652E-10   0.000000000000E+00   0.181250000000E+03   0.386449793965E-10   0.000000000000E+00
   55.   0.517187500000E+03   0.132922149391E-09   0.000000000000E+00   0.182812500000E+03   0.808000686426E-10   0.000000000000E+00
   56.   0.515625000000E+03   0.685293054332E-10   0.000000000000E+00   0.184375000000E+03   0.414936556785E-10   0.000000000000E+00
   57.   0.514062500000E+03   0.140851150529E-09   0.000000000000E+00   0.185937500000E+03   0.865725114844E-10   0.000000000000E+00
   58.   0.512500000000E+03   0.725183454794E-10   0.000000000000E+00   0.187500000000E+03   0.444236245674E-10   0.000000000000E+00
   59.   0.510937500000E+03   0.148879667581E-09   0.000000000000E+00   0.189062500000E+03   0.925050563636E-10   0.000000000000E+00
   60.   0.509375000000E+03   0.765521664653E-10   0.000000000000E+00   0.190625000000E+03   0.474319902356E-10   0.000000000000E+00
   61.   0.507812500000E+03   0.156989180671E-09   0.000000000000E+00   0.192187500000E+03   0.985916817226E-10   0.000000000000E+00
   62.   0.506250000000E+03   0.806221114426E-10   0.000000000000E+00   0.193750000000E+03   0.505156471061E-10   0.000000000000E+00
   63.   0.504687500000E+03   0.165163148761E-09   0.000000000000E+00   0.195312500000E+03   0.104825983281E-09   0.000000000000E+00
   64.   0.503125000000E+03   0.847203095796E-10   0.000000000000E+00   0.196875000000E+03   0.536713158377E-10   0.000000000000E+00
   65.   0.501562500000E+03   0.173386349293E-09   0.000000000000E+00   0.198437500000E+03   0.111201236437E-09   0.000000000000E+00
   66.   0.500000000000E+03   0.888394194885E-10   0.000000000000E+00   0.200000000000E+03   0.568955705053E-10   0.000000000000E+00
   67.   0.498437500000E+03   0.181644459099E-09   0.000000000000E+00   0.201562500000E+03   0.117710438382E-09   0.000000000000E+00
   68.   0.496875000000E+03   0.929724711719E-10   0.000000000000E+00   0.203125000000E+03   0.601848530577E-10   0.000000000000E+00
   69.   0.495312500000E+03   0.189923789567E-09   0.000000000000E+00   0.204687500000E+03   0.124346337874E-09   0.000000000000E+00
   70.   0.493750000000E+03   0.971127566557E-10   0.000000000000E+00   0.206250000000E+03   0.635354873874E-10   0.000000000000E+00
   71.   0.492187500000E+03   0.198211118277E-09   0.000000000000E+00   0.207812500000E+03   0.131101456181E-09   0.000000000000E+00
   72.   0.490625000000E+03   0.101253770465E-09   0.000000000000E+00   0.209375000000E+03   0.669436881324E-10   0.000000000000E+00
   73.   0.489062500000E+03   0.206493583843E-09   0.000000000000E+00   0.210937500000E+03   0.137968103555E-09   0.000000000000E+00
   74.   0.487500000000E+03   0.105389167391E-09   0.000000000000E+00   0.212500000000E+03   0.704055675952E-10   0.000000000000E+00
   75.   0.485937500000E+03   0.214758619438E-09   0.000000000000E+00   0.214062500000E+03   0.144938391442E-09   0.000000000000E+00
   76.   0.484375000000E+03   0.109512736226E-09   0.000000000000E+00   0.215625000000E+03   0.739171411105E-10   0.000000000000E+00
   77.   0.482812500000E+03   0.222993912630E-09   0.000000000000E+00   0.217187500000E+03   0.152004243020E-09   0.000000000000E+00
   78.   0.481250000000E+03   0.113618385004E-09   0.000000000000E+00   0.218750000000E+03   0.774743316239E-10   0.000000000000E+00
   79.   0.479687500000E+03   0.231187380232E-09   0.000000000000E+00   0.220312500000E+03   0.159157403056E-09   0.000000000000E+00
   80.   0.478125000000E+03   0.117700131060E-09   0.000000000000E+00   0.221875000000E+03   0.810729756952E-10   0.000000000000E+00
   81.   0.476562500000E+03   0.239327152482E-09   0.000000000000E+00   0.223437500000E+03   0.166389445022E-09   0.000000000000E+00
   82.   0.475000000000E+03   0.121752097387E-09   0.000000000000E+00   0.225000000000E+03   0.847088251746E-10   0.000000000000E+00
   83.   0.473437500000E+03   0.247401569136E-09   0.000000000000E+00   0.226562500000E+03   0.173691779405E-09   0.000000000000E+00
   84.   0.471875000000E+03   0.125768509652E-09   0.000000000000E+00   0.228125000000E+03   0.883775532655E-10   0.000000000000E+00
   85.   0.470312500000E+03   0.255399174459E-09   0.000000000000E+00   0.229687500000E+03   0.181055663605E-09   0.000000000000E+00
   86.   0.468750000000E+03   0.129743696665E-09   0.000000000000E+00   0.231250000000E+03   0.920747579635E-10   0.000000000000E+00
   87.   0.467187500000E+03   0.263308721611E-09   0.000000000000E+00   0.232812500000E+03   0.188472210009E-09   0.000000000000E+00
   88.   0.465625000000E+03   0.133672090109E-09   0.000000000000E+00   0.234375000000E+03   0.957959674443E-10   0.000000000000E+00
   89.   0.464062500000E+03   0.271119176523E-09   0.000000000000E+00   0.235937500000E+03   0.195932396937E-09   0.000000000000E+00
   90.   0.462500000000E+03   0.137548233213E-09   0.000000000000E+00   0.237500000000E+03   0.995366455470E-10   0.000000000000E+00
   91.   0.460937500000E+03   0.278819729713E-09   0.000000000000E+00   0.239062500000E+03   0.203427082722E-09   0.000000000000E+00
   92.   0.459375000000E+03   0.141366783484E-09   0.000000000000E+00   0.240625000000E+03   0.103292199124E-09   0.000000000000E+00
   93.   0.457812500000E+03   0.286399814946E-09   0.000000000000E+00   0.242187500000E+03   0.210947024896E-09   0.000000000000E+00
   94.   0.456250000000E+03   0.145122524267E-09   0.000000000000E+00   0.243750000000E+03   0.107057991197E-09   0.000000000000E+00
   95.   0.454687500000E+03   0.293849135400E-09   0.000000000000E+00   0.245312500000E+03   0.218482905388E-09   0.000000000000E+00
   96.   0.453125000000E+03   0.148810383311E-09   0.000000000000E+00   0.246875000000E+03   0.110829354154E-09   0.000000000000E+00
   97.   0.451562500000E+03   0.301157704708E-09   0.000000000000E+00   0.248437500000E+03   0.226025367567E-09   0.000000000000E+00
   98.   0.450000000000E+03   0.152425456517E-09   0.000000000000E+00   0.250000000000E+03   0.114601610504E-09   0.000000000000E+00
   99.   0.448437500000E+03   0.308315913322E-09   0.000000000000E+00   0.251562500000E+03   0.233565073554E-09   0.000000000000E+00
  100.   0.446875000000E+03   0.155963045868E-09   0.000000000000E+00   0.253125000000E+03   0.118370111758E-09   0.000000000000E+00
  101.   0.445312500000E+03   0.315314626654E-09   0.000000000000E+00   0.254687500000E+03   0.241092789188E-09   0.000000000000E+00
  102.   0.443750000000E+03   0.159418723012E-09   0.000000000000E+00   0.256250000000E+03   0.122130283604E-09   0.000000000000E+00
  103.   0.442187500000E+03   0.322145340384E-09   0.000000000000E+00   0.257812500000E+03   0.248599516128E-09   0.000000000000E+00
  104.   0.440625000000E+03   0.162788419459E-09   0.000000000000E+00   0.259375000000E+03   0.125877711939E-09   0.000000000000E+00
  105.   0.439062500000E+03   0.328800423593E-09   0.000000000000E+00   0.260937500000E+03   0.256076696719E-09   0.000000000000E+00
  106.   0.437500000000E+03   0.166068577404E-09   0.000000000000E+00   0.262500000000E+03   0.129608264962E-09   0.000000000000E+00
  107.   0.435937500000E+03   0.335273493583E-09   0.000000000000E+00   0.264062500000E+03   0.263516536394E-09   0.000000000000E+00
  108.   0.434375000000E+03   0.169256377843E-09   0.000000000000E+00   0.265625000000E+03   0.133318288326E-09   0.000000000000E+00
  109.   0.432812500000E+03   0.341560001966E-09   0.000000000000E+00   0.267187500000E+03   0.270912505654E-09   0.000000000000E+00
  110.   0.431250000000E+03   0.172350098356E-09   0.000000000000E+00   0.268750000000E+03   0.137004915597E-09   0.000000000000E+00
  111.   0.429687500000E+03   0.347658150248E-09   0.000000000000E+00   0.270312500000E+03   0.278260131237E-09   0.000000000000E+00
  112.   0.428125000000E+03   0.175349664076E-09   0.000000000000E+00   0.271875000000E+03   0.140666548131E-09   0.000000000000E+00
  113.   0.426562500000E+03   0.353570317089E-09   0.000000000000E+00   0.273437500000E+03   0.285558241391E-09   0.000000000000E+00
  114.   0.425000000000E+03   0.178257527658E-09   0.000000000000E+00   0.275000000000E+03   0.144303615014E-09   0.000000000000E+00
  115.   0.423437500000E+03   0.359305291367E-09   0.000000000000E+00   0.276562500000E+03   0.292810922164E-09   0.000000000000E+00
  116.   0.421875000000E+03   0.181080021181E-09   0.000000000000E+00   0.278125000000E+03   0.147919772010E-09   0.000000000000E+00
  117.   0.420312500000E+03   0.364881754418E-09   0.000000000000E+00   0.279687500000E+03   0.300030604761E-09   0.000000000000E+00
  118.   0.418750000000E+03   0.183829481697E-09   0.000000000000E+00   0.281250000000E+03   0.151523786807E-09   0.000000000000E+00
  119.   0.417187500000E+03   0.370333723149E-09   0.000000000000E+00   0.282812500000E+03   0.307242927024E-09   0.000000000000E+00
  120.   0.415625000000E+03   0.186527562902E-09   0.000000000000E+00   0.284375000000E+03   0.155132513515E-09   0.000000000000E+00
  121.   0.414062500000E+03   0.375719050975E-09   0.000000000000E+00   0.285937500000E+03   0.314494392852E-09   0.000000000000E+00
  122.   0.412500000000E+03   0.189210422858E-09   0.000000000000E+00   0.287500000000E+03   0.158775567607E-09   0.000000000000E+00
  123.   0.410937500000E+03   0.381132705560E-09   0.000000000000E+00   0.289062500000E+03   0.321864447118E-09   0.000000000000E+00
  124.   0.409375000000E+03   0.191936805455E-09   0.000000000000E+00   0.290625000000E+03   0.162502716888E-09   0.000000000000E+00
  125.   0.407812500000E+03   0.386727511185E-09   0.000000000000E+00   0.292187500000E+03   0.329484501430E-09   0.000000000000E+00
  126.   0.406250000000E+03   0.194800682948E-09   0.000000000000E+00   0.293750000000E+03   0.166395508820E-09   0.000000000000E+00
  127.   0.404687500000E+03   0.392746546297E-09   0.000000000000E+00   0.295312500000E+03   0.337567921781E-09   0.000000000000E+00
  128.   0.403125000000E+03   0.197950993458E-09   0.000000000000E+00   0.296875000000E+03   0.170585607658E-09   0.000000000000E+00
  129.   0.401562500000E+03   0.399573746955E-09   0.000000000000E+00   0.298437500000E+03   0.346457284592E-09   0.000000000000E+00
  130.   0.400000000000E+03   0.201622484787E-09   0.000000000000E+00   0.300000000000E+03   0.175283688288E-09   0.000000000000E+00
  131.   0.398437500000E+03   0.407812939591E-09   0.000000000000E+00   0.301562500000E+03   0.356698847002E-09   0.000000000000E+00
  132.   0.396875000000E+03   0.206183883727E-09   0.000000000000E+00   0.303125000000E+03   0.180824990159E-09   0.000000000000E+00
  133.   0.395312500000E+03   0.418411283949E-09   0.000000000000E+00   0.304687500000E+03   0.369159904215E-09   0.000000000000E+00
  134.   0.393750000000E+03   0.212213194751E-09   0.000000000000E+00   0.306250000000E+03   0.187741137441E-09   0.000000000000E+00
  135.   0.392187500000E+03   0.432852001113E-09   0.000000000000E+00   0.307812500000E+03   0.385213661471E-09   0.000000000000E+00
  136.   0.390625000000E+03   0.220615260392E-09   0.000000000000E+00   0.309375000000E+03   0.196873291144E-09   0.000000000000E+00
  137.   0.389062500000E+03   0.453455509215E-09   0.000000000000E+00   0.310937500000E+03   0.407030677464E-09   0.000000000000E+00
  138.   0.387500000000E+03   0.232806091221E-09   0.000000000000E+00   0.312500000000E+03   0.209551114174E-09   0.000000000000E+00
  139.   0.385937500000E+03   0.483848899329E-09   0.000000000000E+00   0.314062500000E+03   0.438037359133E-09   0.000000000000E+00
  140.   0.384375000000E+03   0.250999134393E-09   0.000000000000E+00   0.315625000000E+03   0.227873303823E-09   0.000000000000E+00
  141.   0.382812500000E+03   0.529701364786E-09   0.000000000000E+00   0.317187500000E+03   0.483640421073E-09   0.000000000000E+00
  142.   0.381250000000E+03   0.278662990762E-09   0.000000000000E+00   0.318750000000E+03   0.255159479662E-09   0.000000000000E+00
  143.   0.379687500000E+03   0.599862979875E-09   0.000000000000E+00   0.320312500000E+03   0.552359486260E-09   0.000000000000E+00
  144.   0.378125000000E+03   0.321205127389E-09   0.000000000000E+00   0.321875000000E+03   0.296633407238E-09   0.000000000000E+00
  145.   0.376562500000E+03   0.708173175881E-09   0.000000000000E+00   0.323437500000E+03   0.657639151769E-09   0.000000000000E+00
  146.   0.375000000000E+03   0.387195022490E-09   0.000000000000E+00   0.325000000000E+03   0.360645415082E-09   0.000000000000E+00
  147.   0.373437500000E+03   0.876180018465E-09   0.000000000000E+00   0.326562500000E+03   0.820606783941E-09   0.000000000000E+00
  148.   0.371875000000E+03   0.489800494627E-09   0.000000000000E+00   0.328125000000E+03   0.460151802238E-09   0.000000000000E+00
  149.   0.370312500000E+03   0.113773978111E-08   0.000000000000E+00   0.329687500000E+03   0.107474629338E-08   0.000000000000E+00
  150.   0.368750000000E+03   0.651094765034E-09   0.000000000000E+00   0.331250000000E+03   0.617016586846E-09   0.000000000000E+00
  151.   0.367187500000E+03   0.154535903224E-08   0.000000000000E+00   0.332812500000E+03   0.147247487119E-08   0.000000000000E+00
  152.   0.365625000000E+03   0.903032389915E-09   0.000000000000E+00   0.334375000000E+03   0.863261298270E-09   0.000000000000E+00
  153.   0.364062500000E+03   0.218332502006E-08   0.000000000000E+00   0.335937500000E+03   0.209856730176E-08   0.000000000000E+00
  154.   0.362500000000E+03   0.131046459402E-08   0.000000000000E+00   0.337500000000E+03   0.126398858595E-08   0.000000000000E+00
  155.   0.360937500000E+03   0.318876489883E-08   0.000000000000E+00   0.339062500000E+03   0.309197464414E-08   0.000000000000E+00
  156.   0.359375000000E+03   0.196819392740E-08   0.000000000000E+00   0.340625000000E+03   0.191500110456E-08   0.000000000000E+00
  157.   0.357812500000E+03   0.479409361756E-08   0.000000000000E+00   0.342187500000E+03   0.468969486797E-08   0.000000000000E+00
  158.   0.356250000000E+03   0.306737795796E-08   0.000000000000E+00   0.343750000000E+03   0.301297719170E-08   0.000000000000E+00
  159.   0.354687500000E+03   0.764434234474E-08   0.000000000000E+00   0.345312500000E+03   0.754344729878E-08   0.000000000000E+00
  160.   0.353125000000E+03   0.572721078889E-08   0.000000000000E+00   0.346875000000E+03   0.567004049295E-08   0.000000000000E+00
  161.   0.351562500000E+03   0.127197131399E-07   0.000000000000E+00   0.348437500000E+03   0.126747510793E-07   0.000000000000E+00
  162.   0.350000000000E+03   0.228550764988E-07   0.000000000000E+00   0.350000000000E+03   0.228550764991E-07   0.000000000000E+00
  163.   0.348437500000E+03   0.126747510799E-07   0.000000000000E+00   0.351562500000E+03   0.127197131396E-07   0.000000000000E+00
  164.   0.346875000000E+03   0.567004049204E-08   0.000000000000E+00   0.353125000000E+03   0.572721078791E-08   0.000000000000E+00
  165.   0.345312500000E+03   0.754344729909E-08   0.000000000000E+00   0.354687500000E+03   0.764434234512E-08   0.000000000000E+00
  166.   0.343750000000E+03   0.301297719100E-08   0.000000000000E+00   0.356250000000E+03   0.306737795870E-08   0.000000000000E+00
  167.   0.342187500000E+03   0.468969486818E-08   0.000000000000E+00   0.357812500000E+03   0.479409361833E-08   0.000000000000E+00
  168.   0.340625000000E+03   0.191500110551E-08   0.000000000000E+00   0.359375000000E+03   0.196819392780E-08   0.000000000000E+00
  169.   0.339062500000E+03   0.309197464401E-08   0.000000000000E+00   0.360937500000E+03   0.318876489985E-08   0.000000000000E+00
  170.   0.337500000000E+03   0.126398858490E-08   0.000000000000E+00   0.362500000000E+03   0.131046459433E-08   0.000000000000E+00
  171.   0.335937500000E+03   0.209856730191E-08   0.000000000000E+00   0.364062500000E+03   0.218332502078E-08   0.000000000000E+00
  172.   0.334375000000E+03   0.863261298226E-09   0.000000000000E+00   0.365625000000E+03   0.903032390798E-09   0.000000000000E+00
  173.   0.332812500000E+03   0.147247487175E-08   0.000000000000E+00   0.367187500000E+03   0.154535903258E-08   0.000000000000E+00
  174.   0.331250000000E+03   0.617016586753E-09   0.000000000000E+00   0.368750000000E+03   0.651094765737E-09   0.000000000000E+00
  175.   0.329687500000E+03   0.107474629341E-08   0.000000000000E+00   0.370312500000E+03   0.113773978109E-08   0.000000000000E+00
  176.   0.328125000000E+03   0.460151802998E-09   0.000000000000E+00   0.371875000000E+03   0.489800494262E-09   0.000000000000E+00
  177.   0.326562500000E+03   0.820606784088E-09   0.000000000000E+00   0.373437500000E+03   0.876180018258E-09   0.000000000000E+00
  178.   0.325000000000E+03   0.360645414801E-09   0.000000000000E+00   0.375000000000E+03   0.387195022571E-09   0.000000000000E+00
  179.   0.323437500000E+03   0.657639152167E-09   0.000000000000E+00   0.376562500000E+03   0.708173175222E-09   0.000000000000E+00
  180.   0.321875000000E+03   0.296633408227E-09   0.000000000000E+00   0.378125000000E+03   0.321205126530E-09   0.000000000000E+00
  181.   0.320312500000E+03   0.552359487375E-09   0.000000000000E+00   0.379687500000E+03   0.599862979492E-09   0.000000000000E+00
  182.   0.318750000000E+03   0.255159480192E-09   0.000000000000E+00   0.381250000000E+03   0.278662989881E-09   0.000000000000E+00
  183.   0.317187500000E+03   0.483640422459E-09   0.000000000000E+00   0.382812500000E+03   0.529701364426E-09   0.000000000000E+00
  184.   0.315625000000E+03   0.227873304559E-09   0.000000000000E+00   0.384375000000E+03   0.250999133551E-09   0.000000000000E+00
  185.   0.314062500000E+03   0.438037360004E-09   0.000000000000E+00   0.385937500000E+03   0.483848899074E-09   0.000000000000E+00
  186.   0.312500000000E+03   0.209551114396E-09   0.000000000000E+00   0.387500000000E+03   0.232806091859E-09   0.000000000000E+00
  187.   0.310937500000E+03   0.407030677616E-09   0.000000000000E+00   0.389062500000E+03   0.453455509117E-09   0.000000000000E+00
  188.   0.309375000000E+03   0.196873291019E-09   0.000000000000E+00   0.390625000000E+03   0.220615261782E-09   0.000000000000E+00
  189.   0.307812500000E+03   0.385213661072E-09   0.000000000000E+00   0.392187500000E+03   0.432852001185E-09   0.000000000000E+00
  190.   0.306250000000E+03   0.187741136755E-09   0.000000000000E+00   0.393750000000E+03   0.212213194838E-09   0.000000000000E+00
  191.   0.304687500000E+03   0.369159903981E-09   0.000000000000E+00   0.395312500000E+03   0.418411283977E-09   0.000000000000E+00
  192.   0.303125000000E+03   0.180824989675E-09   0.000000000000E+00   0.396875000000E+03   0.206183882557E-09   0.000000000000E+00
  193.   0.301562500000E+03   0.356698846988E-09   0.000000000000E+00   0.398437500000E+03   0.407812939243E-09   0.000000000000E+00
  194.   0.300000000000E+03   0.175283688199E-09   0.000000000000E+00   0.400000000000E+03   0.201622484202E-09   0.000000000000E+00
  195.   0.298437500000E+03   0.346457284662E-09   0.000000000000E+00   0.401562500000E+03   0.399573747089E-09   0.000000000000E+00
  196.   0.296875000000E+03   0.170585605837E-09   0.000000000000E+00   0.403125000000E+03   0.197950993766E-09   0.000000000000E+00
  197.   0.295312500000E+03   0.337567921876E-09   0.000000000000E+00   0.404687500000E+03   0.392746546373E-09   0.000000000000E+00
  198.   0.293750000000E+03   0.166395508777E-09   0.000000000000E+00   0.406250000000E+03   0.194800683420E-09   0.000000000000E+00
  199.   0.292187500000E+03   0.329484501454E-09   0.000000000000E+00   0.407812500000E+03   0.386727511709E-09   0.000000000000E+00
  200.   0.290625000000E+03   0.162502716184E-09   0.000000000000E+00   0.409375000000E+03   0.191936806533E-09   0.000000000000E+00
  201.   0.289062500000E+03   0.321864446640E-09   0.000000000000E+00   0.410937500000E+03   0.381132705776E-09   0.000000000000E+00
  202.   0.287500000000E+03   0.158775566641E-09   0.000000000000E+00   0.412500000000E+03   0.189210423328E-09   0.000000000000E+00
  203.   0.285937500000E+03   0.314494392528E-09   0.000000000000E+00   0.414062500000E+03   0.375719050638E-09   0.000000000000E+00
  204.   0.284375000000E+03   0.155132511653E-09   0.000000000000E+00   0.415625000000E+03   0.186527563733E-09   0.000000000000E+00
  205.   0.282812500000E+03   0.307242926743E-09   0.000000000000E+00   0.417187500000E+03   0.370333722968E-09   0.000000000000E+00
  206.   0.281250000000E+03   0.151523787356E-09   0.000000000000E+00   0.418750000000E+03   0.183829481286E-09   0.000000000000E+00
  207.   0.279687500000E+03   0.300030605127E-09   0.000000000000E+00   0.420312500000E+03   0.364881754246E-09   0.000000000000E+00
  208.   0.278125000000E+03   0.147919772347E-09   0.000000000000E+00   0.421875000000E+03   0.181080021977E-09   0.000000000000E+00
  209.   0.276562500000E+03   0.292810922704E-09   0.000000000000E+00   0.423437500000E+03   0.359305291169E-09   0.000000000000E+00
  210.   0.275000000000E+03   0.144303615397E-09   0.000000000000E+00   0.425000000000E+03   0.178257528665E-09   0.000000000000E+00
  211.   0.273437500000E+03   0.285558241835E-09   0.000000000000E+00   0.426562500000E+03   0.353570316336E-09   0.000000000000E+00
  212.   0.271875000000E+03   0.140666548358E-09   0.000000000000E+00   0.428125000000E+03   0.175349664803E-09   0.000000000000E+00
  213.   0.270312500000E+03   0.278260131642E-09   0.000000000000E+00   0.429687500000E+03   0.347658149621E-09   0.000000000000E+00
  214.   0.268750000000E+03   0.137004916673E-09   0.000000000000E+00   0.431250000000E+03   0.172350098403E-09   0.000000000000E+00
  215.   0.267187500000E+03   0.270912505161E-09   0.000000000000E+00   0.432812500000E+03   0.341560001922E-09   0.000000000000E+00
  216.   0.265625000000E+03   0.133318288624E-09   0.000000000000E+00   0.434375000000E+03   0.169256379288E-09   0.000000000000E+00
  217.   0.264062500000E+03   0.263516535693E-09   0.000000000000E+00   0.435937500000E+03   0.335273493400E-09   0.000000000000E+00
  218.   0.262500000000E+03   0.129608264869E-09   0.000000000000E+00   0.437500000000E+03   0.166068576840E-09   0.000000000000E+00
  219.   0.260937500000E+03   0.256076696289E-09   0.000000000000E+00   0.439062500000E+03   0.328800423511E-09   0.000000000000E+00
  220.   0.259375000000E+03   0.125877711714E-09   0.000000000000E+00   0.440625000000E+03   0.162788418294E-09   0.000000000000E+00
  221.   0.257812500000E+03   0.248599515712E-09   0.000000000000E+00   0.442187500000E+03   0.322145339786E-09   0.000000000000E+00
  222.   0.256250000000E+03   0.122130282631E-09   0.000000000000E+00   0.443750000000E+03   0.159418722849E-09   0.000000000000E+00
  223.   0.254687500000E+03   0.241092788990E-09   0.000000000000E+00   0.445312500000E+03   0.315314626227E-09   0.000000000000E+00
  224.   0.253125000000E+03   0.118370111462E-09   0.000000000000E+00   0.446875000000E+03   0.155963045745E-09   0.000000000000E+00
  225.   0.251562500000E+03   0.233565073524E-09   0.000000000000E+00   0.448437500000E+03   0.308315913569E-09   0.000000000000E+00
  226.   0.250000000000E+03   0.114601610529E-09   0.000000000000E+00   0.450000000000E+03   0.152425456810E-09   0.000000000000E+00
  227.   0.248437500000E+03   0.226025367628E-09   0.000000000000E+00   0.451562500000E+03   0.301157705072E-09   0.000000000000E+00
  228.   0.246875000000E+03   0.110829353622E-09   0.000000000000E+00   0.453125000000E+03   0.148810383790E-09   0.000000000000E+00
  229.   0.245312500000E+03   0.218482905288E-09   0.000000000000E+00   0.454687500000E+03   0.293849135417E-09   0.000000000000E+00
  230.   0.243750000000E+03   0.107057991270E-09   0.000000000000E+00   0.456250000000E+03   0.145122524314E-09   0.000000000000E+00
  231.   0.242187500000E+03   0.210947024864E-09   0.000000000000E+00   0.457812500000E+03   0.286399814499E-09   0.000000000000E+00
  232.   0.240625000000E+03   0.103292199321E-09   0.000000000000E+00   0.459375000000E+03   0.141366782938E-09   0.000000000000E+00
  233.   0.239062500000E+03   0.203427082590E-09   0.000000000000E+00   0.460937500000E+03   0.278819728954E-09   0.000000000000E+00
  234.   0.237500000000E+03   0.995366454775E-10   0.000000000000E+00   0.462500000000E+03   0.137548232353E-09   0.000000000000E+00
  235.   0.235937500000E+03   0.195932396863E-09   0.000000000000E+00   0.464062500000E+03   0.271119175370E-09   0.000000000000E+00
  236.   0.234375000000E+03   0.957959674703E-10   0.000000000000E+00   0.465625000000E+03   0.133672089642E-09   0.000000000000E+00
  237.   0.232812500000E+03   0.188472209853E-09   0.000000000000E+00   0.467187500000E+03   0.263308720736E-09   0.000000000000E+00
  238.   0.231250000000E+03   0.920747579947E-10   0.000000000000E+00   0.468750000000E+03   0.129743695941E-09   0.000000000000E+00
  239.   0.229687500000E+03   0.181055663518E-09   0.000000000000E+00   0.470312500000E+03   0.255399174142E-09   0.000000000000E+00
  240.   0.228125000000E+03   0.883775532922E-10   0.000000000000E+00   0.471875000000E+03   0.125768509653E-09   0.000000000000E+00
  241.   0.226562500000E+03   0.173691779156E-09   0.000000000000E+00   0.473437500000E+03   0.247401568917E-09   0.000000000000E+00
  242.   0.225000000000E+03   0.847088252166E-10   0.000000000000E+00   0.475000000000E+03   0.121752097741E-09   0.000000000000E+00
  243.   0.223437500000E+03   0.166389444887E-09   0.000000000000E+00   0.476562500000E+03   0.239327152360E-09   0.000000000000E+00
  244.   0.221875000000E+03   0.810729753906E-10   0.000000000000E+00   0.478125000000E+03   0.117700131009E-09   0.000000000000E+00
  245.   0.220312500000E+03   0.159157403198E-09   0.000000000000E+00   0.479687500000E+03   0.231187380206E-09   0.000000000000E+00
  246.   0.218750000000E+03   0.774743316624E-10   0.000000000000E+00   0.481250000000E+03   0.113618385319E-09   0.000000000000E+00
  247.   0.217187500000E+03   0.152004243035E-09   0.000000000000E+00   0.482812500000E+03   0.222993912925E-09   0.000000000000E+00
  248.   0.215625000000E+03   0.739171406355E-10   0.000000000000E+00   0.484375000000E+03   0.109512736468E-09   0.000000000000E+00
  249.   0.214062500000E+03   0.144938391094E-09   0.000000000000E+00   0.485937500000E+03   0.214758619560E-09   0.000000000000E+00
  250.   0.212500000000E+03   0.704055675709E-10   0.000000000000E+00   0.487500000000E+03   0.105389168155E-09   0.000000000000E+00
  251.   0.210937500000E+03   0.137968103223E-09   0.000000000000E+00   0.489062500000E+03   0.206493583783E-09   0.000000000000E+00
  252.   0.209375000000E+03   0.669436881965E-10   0.000000000000E+00   0.490625000000E+03   0.101253770769E-09   0.000000000000E+00
  253.   0.207812500000E+03   0.131101455936E-09   0.000000000000E+00   0.492187500000E+03   0.198211117907E-09   0.000000000000E+00
  254.   0.206250000000E+03   0.635354873330E-10   0.000000000000E+00   0.493750000000E+03   0.971127563518E-10   0.000000000000E+00
  255.   0.204687500000E+03   0.124346337652E-09   0.000000000000E+00   0.495312500000E+03   0.189923789102E-09   0.000000000000E+00
  256.   0.203125000000E+03   0.601848527088E-10   0.000000000000E+00   0.496875000000E+03   0.929724708160E-10   0.000000000000E+00
  257.   0.201562500000E+03   0.117710438160E-09   0.000000000000E+00   0.498437500000E+03   0.181644458630E-09   0.000000000000E+00
  258.   0.200000000000E+03   0.568955704489E-10   0.000000000000E+00   0.500000000000E+03   0.888394195714E-10   0.000000000000E+00
  259.   0.198437500000E+03   0.111201236160E-09   0.000000000000E+00   0.501562500000E+03   0.173386348852E-09   0.000000000000E+00
  260.   0.196875000000E+03   0.536713156688E-10   0.000000000000E+00   0.503125000000E+03   0.847203089289E-10   0.000000000000E+00
  261.   0.195312500000E+03   0.104825983094E-09   0.000000000000E+00   0.504687500000E+03   0.165163148414E-09   0.000000000000E+00
  262.   0.193750000000E+03   0.505156468800E-10   0.000000000000E+00   0.506250000000E+03   0.806221110009E-10   0.000000000000E+00
  263.   0.192187500000E+03   0.985916815684E-10   0.000000000000E+00   0.507812500000E+03   0.156989180317E-09   0.000000000000E+00
  264.   0.190625000000E+03   0.474319900988E-10   0.000000000000E+00   0.509375000000E+03   0.765521663612E-10   0.000000000000E+00
  265.   0.189062500000E+03   0.925050562654E-10   0.000000000000E+00   0.510937500000E+03   0.148879667402E-09   0.000000000000E+00
  266.   0.187500000000E+03   0.444236245372E-10   0.000000000000E+00   0.512500000000E+03   0.725183452072E-10   0.000000000000E+00
  267.   0.185937500000E+03   0.865725113292E-10   0.000000000000E+00   0.514062500000E+03   0.140851150412E-09   0.000000000000E+00
  268.   0.184375000000E+03   0.414936557093E-10   0.000000000000E+00   0.515625000000E+03   0.685293051565E-10   0.000000000000E+00
  269.   0.182812500000E+03   0.808000685418E-10   0.000000000000E+00   0.517187500000E+03   0.132922149072E-09   0.000000000000E+00
  270.   0.181250000000E+03   0.386449793040E-10   0.000000000000E+00   0.518750000000E+03   0.645948948158E-10   0.000000000000E+00
  271.   0.179687500000E+03   0.751932748300E-10   0.000000000000E+00   0.520312500000E+03   0.125114201588E-09   0.000000000000E+00
  272.   0.178125000000E+03   0.358802252982E-10   0.000000000000E+00   0.521875000000E+03   0.607267871815E-10   0.000000000000E+00
  273.   0.176562500000E+03   0.697570626350E-10   0.000000000000E+00   0.523437500000E+03   0.117453500909E-09   0.000000000000E+00
  274.   0.175000000000E+03   0.332016742648E-10   0.000000000000E+00   0.525000000000E+03   0.569394819831E-10   0.000000000000E+00
  275.   0.173437500000E+03   0.644955373328E-10   0.000000000000E+00   0.526562500000E+03   0.109973472622E-09   0.000000000000E+00
  276.   0.171875000000E+03   0.306111281744E-10   0.000000000000E+00   0.528125000000E+03   0.532518794892E-10   0.000000000000E+00
  277.   0.170312500000E+03   0.594116518520E-10   0.000000000000E+00   0.529687500000E+03   0.102718827425E-09   0.000000000000E+00
  278.   0.168750000000E+03   0.281097138857E-10   0.000000000000E+00   0.531250000000E+03   0.496897553567E-10   0.000000000000E+00
  279.   0.167187500000E+03   0.545067048556E-10   0.000000000000E+00   0.532812500000E+03   0.957519401301E-10   0.000000000000E+00
  280.   0.165625000000E+03   0.256975786767E-10   0.000000000000E+00   0.534375000000E+03   0.462896590333E-10   0.000000000000E+00
  281.   0.164062500000E+03   0.497795686111E-10   0.000000000000E+00   0.535937500000E+03   0.891628829685E-10   0.000000000000E+00
  282.   0.162500000000E+03   0.233734218534E-10   0.000000000000E+00   0.537500000000E+03   0.431050397428E-10   0.000000000000E+00
  283.   0.160937500000E+03   0.452254962299E-10   0.000000000000E+00   0.539062500000E+03   0.830852089798E-10   0.000000000000E+00
  284.   0.159375000000E+03   0.211337677627E-10   0.000000000000E+00   0.540625000000E+03   0.402158863716E-10   0.000000000000E+00
  285.   0.157812500000E+03   0.408342787988E-10   0.000000000000E+00   0.542187500000E+03   0.777207816785E-10   0.000000000000E+00
  286.   0.156250000000E+03   0.189718440863E-10   0.000000000000E+00   0.543750000000E+03   0.377438838778E-10   0.000000000000E+00
  287.   0.154687500000E+03   0.365874002346E-10   0.000000000000E+00   0.545312500000E+03   0.733788384810E-10   0.000000000000E+00
  288.   0.153125000000E+03   0.168758373829E-10   0.000000000000E+00   0.546875000000E+03   0.358762437430E-10   0.000000000000E+00
  289.   0.151562500000E+03   0.324536407479E-10   0.000000000000E+00   0.548437500000E+03   0.705374465894E-10   0.000000000000E+00
  290.   0.150000000000E+03   0.148261795044E-10   0.000000000000E+00   0.550000000000E+03   0.349031558287E-10   0.000000000000E+00
  291.   0.148437500000E+03   0.283823225603E-10   0.000000000000E+00   0.551562500000E+03   0.699402537656E-10   0.000000000000E+00
  292.   0.146875000000E+03   0.127913029514E-10   0.000000000000E+00   0.553125000000E+03   0.352765865606E-10   0.000000000000E+00
  293.   0.145312500000E+03   0.242928541477E-10   0.000000000000E+00   0.554687500000E+03   0.727486723603E-10   0.000000000000E+00
  294.   0.143750000000E+03   0.107208741965E-10   0.000000000000E+00   0.556250000000E+03   0.377023937922E-10   0.000000000000E+00
  295.   0.142187500000E+03   0.200589925286E-10   0.000000000000E+00   0.557812500000E+03   0.807820664279E-10   0.000000000000E+00
  296.   0.140625000000E+03   0.853513274248E-11   0.000000000000E+00   0.559375000000E+03   0.432845992450E-10   0.000000000000E+00
  297.   0.139062500000E+03   0.154837240650E-10   0.000000000000E+00   0.560937500000E+03   0.968941782440E-10   0.000000000000E+00
  298.   0.137500000000E+03   0.610575751699E-11   0.000000000000E+00   0.562500000000E+03   0.537473921730E-10   0.000000000000E+00
  299.   0.135937500000E+03   0.102651292563E-10   0.000000000000E+00   0.564062500000E+03   0.125574078460E-09   0.000000000000E+00
  300.   0.134375000000E+03   0.322936696578E-11   0.000000000000E+00   0.565625000000E+03   0.717876981816E-10   0.000000000000E+00
  301.   0.132812500000E+03   0.392851641968E-11   0.000000000000E+00   0.567187500000E+03   0.173862703097E-09   0.000000000000E+00
  302.   0.131250000000E+03  -0.453964276398E-12   0.000000000000E+00   0.568750000000E+03   0.101553383903E-09   0.000000000000E+00
  303.   0.129687500000E+03  -0.421863479434E-11   0.000000000000E+00   0.570312500000E+03   0.252909836210E-09   0.000000000000E+00
  304.   0.128125000000E+03  -0.547594156355E-11   0.000000000000E+00   0.571875000000E+03   0.149588079959E-09   0.000000000000E+00
  305.   0.126562500000E+03  -0.153828212100E-10   0.000000000000E+00   0.573437500000E+03   0.379974941745E-09   0.000000000000E+00
  306.   0.125000000000E+03  -0.132305170208E-10   0.000000000000E+00   0.575000000000E+03   0.225023695596E-09   0.000000000000E+00
  307.   0.123437500000E+03  -0.309524577637E-10   0.000000000000E+00   0.576562500000E+03   0.583150159449E-09   0.000000000000E+00
  308.   0.121875000000E+03  -0.248242701334E-10   0.000000000000E+00   0.578125000000E+03   0.344110213162E-09   0.000000000000E+00
  309.   0.120312500000E+03  -0.550588875557E-10   0.000000000000E+00   0.579687500000E+03   0.902509107755E-09   0.000000000000E+00
  310.   0.118750000000E+03  -0.498283673449E-10   0.000000000000E+00   0.581250000000E+03   0.516212675048E-09   0.000000000000E+00
  311.   0.117187500000E+03  -0.889577456960E-10   0.000000000000E+00   0.582812500000E+03   0.141165956874E-08   0.000000000000E+00
  312.   0.115625000000E+03  -0.849063384389E-10   0.000000000000E+00   0.584375000000E+03   0.791464525487E-09   0.000000000000E+00
  313.   0.114062500000E+03  -0.160717165715E-09   0.000000000000E+00   0.585937500000E+03   0.217048302304E-08   0.000000000000E+00
  314.   0.112500000000E+03  -0.225043323093E-09   0.000000000000E+00   0.587500000000E+03   0.103779614044E-08   0.000000000000E+00
  315.   0.110937500000E+03  -0.279823147380E-09   0.000000000000E+00   0.589062500000E+03   0.334271426951E-08   0.000000000000E+00
  316.   0.109375000000E+03  -0.412539881795E-09   0.000000000000E+00   0.590625000000E+03   0.145155605401E-08   0.000000000000E+00
  317.   0.107812500000E+03  -0.788984130111E-09   0.000000000000E+00   0.592187500000E+03   0.444733934023E-08   0.000000000000E+00
  318.   0.106250000000E+03  -0.150648168033E-08   0.000000000000E+00   0.593750000000E+03   0.332286153526E-09   0.000000000000E+00
  319.   0.104687500000E+03  -0.262452461171E-08   0.000000000000E+00   0.595312500000E+03   0.368647410803E-08   0.000000000000E+00
  320.   0.103125000000E+03  -0.513040651077E-08   0.000000000000E+00   0.596875000000E+03  -0.653781773677E-08   0.000000000000E+00
  321.   0.101562500000E+03  -0.100001369110E-07   0.000000000000E+00   0.598437500000E+03  -0.867042372800E-08   0.000000000000E+00
