mode f[Hz] tag=zp4_sc_h18 target=121.61564Hz
  1.     0.00000000E+00
  2.     0.12136441E+03
  3.     0.56451359E+03
  4.     0.13526741E+04
  5.     0.24700757E+04
  6.     0.24900213E+04
  7.     0.39432267E+04
  8.     0.56725908E+04
  9.     0.63294043E+04
 10.     0.76376256E+04
 11.     0.98006375E+04
 12.     0.10673741E+05
 13.     0.12128204E+05
 14.     0.14591618E+05
 15.     0.15401552E+05
 16.     0.17166733E+05
 17.     0.19833511E+05
 18.     0.20247386E+05
 19.     0.22575467E+05
 20.     0.25126208E+05
