mode  f_Hz  UX_top  UY_top  UX_bot  UY_bot  UY_mid   [r = RO; flexural: UY_top ~ +UY_bot, UX_top ~ -UX_bot]
  1.   0.126505654896E+05   0.48681E-05  -0.37446E-04  -0.48681E-05  -0.37446E-04  -0.37299E-04
  2.   0.557282025512E+05   0.65620E-05  -0.11462E-04  -0.65620E-05  -0.11462E-04  -0.11215E-04
  3.   0.900881961863E+05  -0.37507E-05   0.21164E-06  -0.37507E-05  -0.21164E-06   0.11604E-17
  4.   0.129060397826E+06   0.63556E-05  -0.76442E-05  -0.63556E-05  -0.76442E-05  -0.72545E-05
  5.   0.203470305503E+06   0.11384E-04  -0.86071E-05  -0.11384E-04  -0.86071E-05  -0.77988E-05
  6.   0.232013464525E+06   0.12601E-05  -0.71931E-07   0.12601E-05   0.71931E-07  -0.64762E-19
  7.   0.274226553635E+06   0.84197E-05  -0.21979E-05  -0.84197E-05  -0.21979E-05  -0.19529E-05
  8.   0.309155807648E+06  -0.13882E-05  -0.29074E-05   0.13882E-05  -0.29074E-05  -0.23320E-05
  9.   0.355981243252E+06   0.66724E-06   0.41196E-08   0.66724E-06  -0.41196E-08  -0.28871E-18
 10.   0.360748875025E+06  -0.40024E-05   0.11991E-05   0.40024E-05   0.11991E-05   0.10467E-05
 11.   0.387254419302E+06  -0.11901E-05  -0.30221E-05   0.11901E-05  -0.30221E-05  -0.21025E-05
 12.   0.437960045567E+06  -0.19890E-07  -0.16973E-07  -0.19890E-07   0.16973E-07   0.11762E-20
 13.   0.454539882208E+06   0.22227E-05  -0.23039E-05  -0.22227E-05  -0.23039E-05  -0.15863E-05
 14.   0.468406296763E+06  -0.16297E-05   0.17940E-05  -0.16297E-05  -0.17940E-05  -0.84343E-19
 15.   0.474598138614E+06   0.17728E-05   0.12895E-05  -0.17728E-05   0.12895E-05   0.59273E-06
 16.   0.491885901359E+06   0.10774E-05  -0.79125E-06   0.10774E-05   0.79125E-06   0.56848E-19
 17.   0.538857069585E+06   0.12780E-05  -0.34924E-05  -0.12780E-05  -0.34924E-05  -0.17651E-05
 18.   0.539083724277E+06  -0.92011E-06   0.37744E-06  -0.92011E-06  -0.37744E-06  -0.25364E-17
 19.   0.576603894097E+06  -0.15357E-05   0.69533E-07   0.15357E-05   0.69533E-07   0.28206E-06
 20.   0.577964257258E+06   0.34033E-06   0.64429E-07   0.34033E-06  -0.64429E-07  -0.15500E-18
 21.   0.597818097982E+06   0.27057E-06   0.14712E-06   0.27057E-06  -0.14712E-06  -0.46100E-19
 22.   0.612936753536E+06  -0.51792E-06   0.14090E-06  -0.51792E-06  -0.14090E-06   0.43284E-18
 23.   0.617534202675E+06   0.92301E-06  -0.29491E-05  -0.92301E-06  -0.29491E-05  -0.93091E-06
 24.   0.622775201321E+06   0.95086E-07  -0.10192E-05   0.95086E-07   0.10192E-05  -0.10477E-17
 25.   0.669357598959E+06   0.59930E-06   0.14163E-06   0.59930E-06  -0.14163E-06   0.18572E-18
 26.   0.673288181650E+06  -0.53982E-06   0.70296E-06  -0.53982E-06  -0.70296E-06  -0.18128E-16
 27.   0.676280742638E+06  -0.14270E-05   0.89535E-06   0.14270E-05   0.89535E-06   0.48063E-06
 28.   0.694508335138E+06   0.79188E-06  -0.19331E-05  -0.79188E-06  -0.19331E-05  -0.73042E-07
 29.   0.702620846298E+06  -0.14811E-06  -0.33041E-06  -0.14811E-06   0.33041E-06   0.40298E-16
 30.   0.751614546459E+06   0.36320E-06  -0.41402E-06   0.36320E-06   0.41402E-06  -0.37288E-16
