i  r_top  QtopRe  QtopIm  r_bot  QbotRe  QbotIm   [mm, mC]
    1.   0.600000000000E+03  -0.139209094825E-06   0.000000000000E+00   0.100000000000E+03   0.839570420077E-12   0.000000000000E+00
    2.   0.100000000000E+03   0.839569668266E-12   0.000000000000E+00   0.600000000000E+03  -0.139209094828E-06   0.000000000000E+00
    3.   0.599218750000E+03  -0.700438921938E-07   0.000000000000E+00   0.100781250000E+03   0.320439398687E-11   0.000000000000E+00
    4.   0.598437500000E+03  -0.152924828714E-07   0.000000000000E+00   0.101562500000E+03   0.151589466952E-11   0.000000000000E+00
    5.   0.597656250000E+03  -0.124985774288E-07   0.000000000000E+00   0.102343750000E+03   0.286237377771E-11   0.000000000000E+00
    6.   0.596875000000E+03   0.792941082622E-09   0.000000000000E+00   0.103125000000E+03   0.134688212457E-11   0.000000000000E+00
    7.   0.596093750000E+03   0.777758488567E-08   0.000000000000E+00   0.103906250000E+03   0.265244169532E-11   0.000000000000E+00
    8.   0.595312500000E+03   0.841240794053E-08   0.000000000000E+00   0.104687500000E+03   0.129438009333E-11   0.000000000000E+00
    9.   0.594531250000E+03   0.186596634185E-07   0.000000000000E+00   0.105468750000E+03   0.262051514775E-11   0.000000000000E+00
   10.   0.593750000000E+03   0.104645290862E-07   0.000000000000E+00   0.106250000000E+03   0.131501243683E-11   0.000000000000E+00
   11.   0.592968750000E+03   0.214340198960E-07   0.000000000000E+00   0.107031250000E+03   0.270226609930E-11   0.000000000000E+00
   12.   0.592187500000E+03   0.110389388977E-07   0.000000000000E+00   0.107812500000E+03   0.137647571171E-11   0.000000000000E+00
   13.   0.591406250000E+03   0.211491456917E-07   0.000000000000E+00   0.108593750000E+03   0.283808978861E-11   0.000000000000E+00
   14.   0.590625000000E+03   0.101649459670E-07   0.000000000000E+00   0.109375000000E+03   0.145160103262E-11   0.000000000000E+00
   15.   0.589843750000E+03   0.189105431701E-07   0.000000000000E+00   0.110156250000E+03   0.298521119505E-11   0.000000000000E+00
   16.   0.589062500000E+03   0.877115456459E-08   0.000000000000E+00   0.110937500000E+03   0.152420226608E-11   0.000000000000E+00
   17.   0.588281250000E+03   0.158926608902E-07   0.000000000000E+00   0.111718750000E+03   0.311917926634E-11   0.000000000000E+00
   18.   0.587500000000E+03   0.714422450950E-08   0.000000000000E+00   0.112500000000E+03   0.158607281000E-11   0.000000000000E+00
   19.   0.586718750000E+03   0.127005101865E-07   0.000000000000E+00   0.113281250000E+03   0.322953179890E-11   0.000000000000E+00
   20.   0.585937500000E+03   0.557145403237E-08   0.000000000000E+00   0.114062500000E+03   0.163491047922E-11   0.000000000000E+00
   21.   0.585156250000E+03   0.975119040607E-08   0.000000000000E+00   0.114843750000E+03   0.331508269902E-11   0.000000000000E+00
   22.   0.584375000000E+03   0.419075203119E-08   0.000000000000E+00   0.115625000000E+03   0.167185655549E-11   0.000000000000E+00
   23.   0.583593750000E+03   0.725486307303E-08   0.000000000000E+00   0.116406250000E+03   0.337964642507E-11   0.000000000000E+00
   24.   0.582812500000E+03   0.307071552407E-08   0.000000000000E+00   0.117187500000E+03   0.169960945943E-11   0.000000000000E+00
   25.   0.582031250000E+03   0.528275883314E-08   0.000000000000E+00   0.117968750000E+03   0.342886653349E-11   0.000000000000E+00
   26.   0.581250000000E+03   0.221531084977E-08   0.000000000000E+00   0.118750000000E+03   0.172113711416E-11   0.000000000000E+00
   27.   0.580468750000E+03   0.380712027951E-08   0.000000000000E+00   0.119531250000E+03   0.346820623380E-11   0.000000000000E+00
   28.   0.579687500000E+03   0.159266621644E-08   0.000000000000E+00   0.120312500000E+03   0.173896612833E-11   0.000000000000E+00
   29.   0.578906250000E+03   0.274750756488E-08   0.000000000000E+00   0.121093750000E+03   0.350197993134E-11   0.000000000000E+00
   30.   0.578125000000E+03   0.115433961359E-08   0.000000000000E+00   0.121875000000E+03   0.175490544561E-11   0.000000000000E+00
   31.   0.577343750000E+03   0.200643653118E-08   0.000000000000E+00   0.122656250000E+03   0.353311404222E-11   0.000000000000E+00
   32.   0.576562500000E+03   0.851041015834E-09   0.000000000000E+00   0.123437500000E+03   0.177008631913E-11   0.000000000000E+00
   33.   0.575781250000E+03   0.149308401059E-08   0.000000000000E+00   0.124218750000E+03   0.356331326555E-11   0.000000000000E+00
   34.   0.575000000000E+03   0.640950778578E-09   0.000000000000E+00   0.125000000000E+03   0.178509769306E-11   0.000000000000E+00
   35.   0.574218750000E+03   0.113450088140E-08   0.000000000000E+00   0.125781250000E+03   0.359339925368E-11   0.000000000000E+00
   36.   0.573437500000E+03   0.492667438221E-09   0.000000000000E+00   0.126562500000E+03   0.180017152929E-11   0.000000000000E+00
   37.   0.572656250000E+03   0.877909059558E-09   0.000000000000E+00   0.127343750000E+03   0.362363958854E-11   0.000000000000E+00
   38.   0.571875000000E+03   0.384633716489E-09   0.000000000000E+00   0.128125000000E+03   0.181534246196E-11   0.000000000000E+00
   39.   0.571093750000E+03   0.688044205641E-09   0.000000000000E+00   0.128906250000E+03   0.365401306454E-11   0.000000000000E+00
   40.   0.570312500000E+03   0.303046463197E-09   0.000000000000E+00   0.129687500000E+03   0.183055383584E-11   0.000000000000E+00
   41.   0.569531250000E+03   0.542729911994E-09   0.000000000000E+00   0.130468750000E+03   0.368438578936E-11   0.000000000000E+00
   42.   0.568750000000E+03   0.239498167318E-09   0.000000000000E+00   0.131250000000E+03   0.184572355948E-11   0.000000000000E+00
   43.   0.567968750000E+03   0.428556300673E-09   0.000000000000E+00   0.132031250000E+03   0.371461386544E-11   0.000000000000E+00
   44.   0.567187500000E+03   0.188986307964E-09   0.000000000000E+00   0.132812500000E+03   0.186079529351E-11   0.000000000000E+00
   45.   0.566406250000E+03   0.337475945911E-09   0.000000000000E+00   0.133593750000E+03   0.374458267611E-11   0.000000000000E+00
   46.   0.565625000000E+03   0.148480257221E-09   0.000000000000E+00   0.134375000000E+03   0.187570675315E-11   0.000000000000E+00
   47.   0.564843750000E+03   0.264468907826E-09   0.000000000000E+00   0.135156250000E+03   0.377421625315E-11   0.000000000000E+00
   48.   0.564062500000E+03   0.116007744633E-09   0.000000000000E+00   0.135937500000E+03   0.189044077743E-11   0.000000000000E+00
   49.   0.563281250000E+03   0.206114435036E-09   0.000000000000E+00   0.136718750000E+03   0.380348131843E-11   0.000000000000E+00
   50.   0.562500000000E+03   0.901347217409E-10   0.000000000000E+00   0.137500000000E+03   0.190498296440E-11   0.000000000000E+00
   51.   0.561718750000E+03   0.159811299779E-09   0.000000000000E+00   0.138281250000E+03   0.383236643161E-11   0.000000000000E+00
   52.   0.560937500000E+03   0.697041910732E-10   0.000000000000E+00   0.139062500000E+03   0.191933413097E-11   0.000000000000E+00
   53.   0.560156250000E+03   0.123405062285E-09   0.000000000000E+00   0.139843750000E+03   0.386087826428E-11   0.000000000000E+00
   54.   0.559375000000E+03   0.537248998505E-10   0.000000000000E+00   0.140625000000E+03   0.193350820765E-11   0.000000000000E+00
   55.   0.558593750000E+03   0.950390342140E-10   0.000000000000E+00   0.141406250000E+03   0.388902810115E-11   0.000000000000E+00
   56.   0.557812500000E+03   0.413345873693E-10   0.000000000000E+00   0.142187500000E+03   0.194749758770E-11   0.000000000000E+00
   57.   0.557031250000E+03   0.731088935671E-10   0.000000000000E+00   0.142968750000E+03   0.391682972346E-11   0.000000000000E+00
   58.   0.556250000000E+03   0.317924201007E-10   0.000000000000E+00   0.143750000000E+03   0.196131987316E-11   0.000000000000E+00
   59.   0.555468750000E+03   0.562525078451E-10   0.000000000000E+00   0.144531250000E+03   0.394428993860E-11   0.000000000000E+00
   60.   0.554687500000E+03   0.244772509472E-10   0.000000000000E+00   0.145312500000E+03   0.197496857084E-11   0.000000000000E+00
   61.   0.553906250000E+03   0.433422819782E-10   0.000000000000E+00   0.146093750000E+03   0.397141804870E-11   0.000000000000E+00
   62.   0.553125000000E+03   0.188823128963E-10   0.000000000000E+00   0.146875000000E+03   0.198845283179E-11   0.000000000000E+00
   63.   0.552343750000E+03   0.334688430742E-10   0.000000000000E+00   0.147656250000E+03   0.399821975352E-11   0.000000000000E+00
   64.   0.551562500000E+03   0.146045669307E-10   0.000000000000E+00   0.148437500000E+03   0.200177805957E-11   0.000000000000E+00
   65.   0.550781250000E+03   0.259157749884E-10   0.000000000000E+00   0.149218750000E+03   0.402469926777E-11   0.000000000000E+00
   66.   0.550000000000E+03   0.113302628501E-10   0.000000000000E+00   0.150000000000E+03   0.201494093181E-11   0.000000000000E+00
   67.   0.549218750000E+03   0.201292751470E-10   0.000000000000E+00   0.150781250000E+03   0.405085682696E-11   0.000000000000E+00
   68.   0.548437500000E+03   0.881909400966E-11   0.000000000000E+00   0.151562500000E+03   0.202794269060E-11   0.000000000000E+00
   69.   0.547656250000E+03   0.156870671600E-10   0.000000000000E+00   0.152343750000E+03   0.407669589488E-11   0.000000000000E+00
   70.   0.546875000000E+03   0.688895274075E-11   0.000000000000E+00   0.153125000000E+03   0.204079082020E-11   0.000000000000E+00
   71.   0.546093750000E+03   0.122697980529E-10   0.000000000000E+00   0.153906250000E+03   0.410221133116E-11   0.000000000000E+00
   72.   0.545312500000E+03   0.540254098200E-11   0.000000000000E+00   0.154687500000E+03   0.205347070102E-11   0.000000000000E+00
   73.   0.544531250000E+03   0.963668087776E-11   0.000000000000E+00   0.155468750000E+03   0.412740656082E-11   0.000000000000E+00
   74.   0.543750000000E+03   0.425637086961E-11   0.000000000000E+00   0.156250000000E+03   0.206599413190E-11   0.000000000000E+00
   75.   0.542968750000E+03   0.760591735643E-11   0.000000000000E+00   0.157031250000E+03   0.415228113888E-11   0.000000000000E+00
   76.   0.542187500000E+03   0.337215974822E-11   0.000000000000E+00   0.157812500000E+03   0.207835437199E-11   0.000000000000E+00
   77.   0.541406250000E+03   0.603962132465E-11   0.000000000000E+00   0.158593750000E+03   0.417683023675E-11   0.000000000000E+00
   78.   0.540625000000E+03   0.269033950811E-11   0.000000000000E+00   0.159375000000E+03   0.209055169012E-11   0.000000000000E+00
   79.   0.539843750000E+03   0.483255992044E-11   0.000000000000E+00   0.160156250000E+03   0.420105549406E-11   0.000000000000E+00
   80.   0.539062500000E+03   0.216527880120E-11   0.000000000000E+00   0.160937500000E+03   0.210258956748E-11   0.000000000000E+00
   81.   0.538281250000E+03   0.390390059351E-11   0.000000000000E+00   0.161718750000E+03   0.422495243013E-11   0.000000000000E+00
   82.   0.537500000000E+03   0.176180417194E-11   0.000000000000E+00   0.162500000000E+03   0.211446252713E-11   0.000000000000E+00
   83.   0.536718750000E+03   0.319120676046E-11   0.000000000000E+00   0.163281250000E+03   0.424852321915E-11   0.000000000000E+00
   84.   0.535937500000E+03   0.145267075667E-11   0.000000000000E+00   0.164062500000E+03   0.212617036404E-11   0.000000000000E+00
   85.   0.535156250000E+03   0.264606194147E-11   0.000000000000E+00   0.164843750000E+03   0.427176828924E-11   0.000000000000E+00
   86.   0.534375000000E+03   0.121671985575E-11   0.000000000000E+00   0.165625000000E+03   0.213771350706E-11   0.000000000000E+00
   87.   0.533593750000E+03   0.223083932589E-11   0.000000000000E+00   0.166406250000E+03   0.429468571504E-11   0.000000000000E+00
   88.   0.532812500000E+03   0.103749253688E-11   0.000000000000E+00   0.167187500000E+03   0.214909530532E-11   0.000000000000E+00
   89.   0.532031250000E+03   0.191628006691E-11   0.000000000000E+00   0.167968750000E+03   0.431727313545E-11   0.000000000000E+00
   90.   0.531250000000E+03   0.902193390383E-12   0.000000000000E+00   0.168750000000E+03   0.216031041600E-11   0.000000000000E+00
   91.   0.530468750000E+03   0.167964829160E-11   0.000000000000E+00   0.169531250000E+03   0.433952982958E-11   0.000000000000E+00
   92.   0.529687500000E+03   0.800885114348E-12   0.000000000000E+00   0.170312500000E+03   0.217135994420E-11   0.000000000000E+00
   93.   0.528906250000E+03   0.150330121037E-11   0.000000000000E+00   0.171093750000E+03   0.436145402772E-11   0.000000000000E+00
   94.   0.528125000000E+03   0.725862975162E-12   0.000000000000E+00   0.171875000000E+03   0.218224729752E-11   0.000000000000E+00
   95.   0.527343750000E+03   0.137357289751E-11   0.000000000000E+00   0.172656250000E+03   0.438304672666E-11   0.000000000000E+00
   96.   0.526562500000E+03   0.671166950444E-12   0.000000000000E+00   0.173437500000E+03   0.219296507088E-11   0.000000000000E+00
   97.   0.525781250000E+03   0.127989391530E-11   0.000000000000E+00   0.174218750000E+03   0.440430597060E-11   0.000000000000E+00
   98.   0.525000000000E+03   0.632189934039E-12   0.000000000000E+00   0.175000000000E+03   0.220351749589E-11   0.000000000000E+00
   99.   0.524218750000E+03   0.121410201078E-11   0.000000000000E+00   0.175781250000E+03   0.442522975925E-11   0.000000000000E+00
  100.   0.523437500000E+03   0.605376591455E-12   0.000000000000E+00   0.176562500000E+03   0.221389754694E-11   0.000000000000E+00
  101.   0.522656250000E+03   0.116990011825E-11   0.000000000000E+00   0.177343750000E+03   0.444581655079E-11   0.000000000000E+00
  102.   0.521875000000E+03   0.587985230368E-12   0.000000000000E+00   0.178125000000E+03   0.222411441970E-11   0.000000000000E+00
  103.   0.521093750000E+03   0.114243081426E-11   0.000000000000E+00   0.178906250000E+03   0.446606596088E-11   0.000000000000E+00
  104.   0.520312500000E+03   0.577901868803E-12   0.000000000000E+00   0.179687500000E+03   0.223415969080E-11   0.000000000000E+00
  105.   0.519531250000E+03   0.112794862951E-11   0.000000000000E+00   0.180468750000E+03   0.448597737536E-11   0.000000000000E+00
  106.   0.518750000000E+03   0.573494867790E-12   0.000000000000E+00   0.181250000000E+03   0.224403739789E-11   0.000000000000E+00
  107.   0.517968750000E+03   0.112356346235E-11   0.000000000000E+00   0.182031250000E+03   0.450554809088E-11   0.000000000000E+00
  108.   0.517187500000E+03   0.573506582309E-12   0.000000000000E+00   0.182812500000E+03   0.225374214557E-11   0.000000000000E+00
  109.   0.516406250000E+03   0.112704435847E-11   0.000000000000E+00   0.183593750000E+03   0.452477611162E-11   0.000000000000E+00
  110.   0.515625000000E+03   0.576963723222E-12   0.000000000000E+00   0.184375000000E+03   0.226327633942E-11   0.000000000000E+00
  111.   0.514843750000E+03   0.113666853710E-11   0.000000000000E+00   0.185156250000E+03   0.454366259948E-11   0.000000000000E+00
  112.   0.514062500000E+03   0.583117378461E-12   0.000000000000E+00   0.185937500000E+03   0.227263828372E-11   0.000000000000E+00
  113.   0.513281250000E+03   0.115110325445E-11   0.000000000000E+00   0.186718750000E+03   0.456220452482E-11   0.000000000000E+00
  114.   0.512500000000E+03   0.591384084430E-12   0.000000000000E+00   0.187500000000E+03   0.228183147085E-11   0.000000000000E+00
  115.   0.511718750000E+03   0.116931786497E-11   0.000000000000E+00   0.188281250000E+03   0.458040256109E-11   0.000000000000E+00
  116.   0.510937500000E+03   0.601315781483E-12   0.000000000000E+00   0.189062500000E+03   0.229085128024E-11   0.000000000000E+00
  117.   0.510156250000E+03   0.119051323968E-11   0.000000000000E+00   0.189843750000E+03   0.459825407047E-11   0.000000000000E+00
  118.   0.509375000000E+03   0.612562650671E-12   0.000000000000E+00   0.190625000000E+03   0.229969373695E-11   0.000000000000E+00
  119.   0.508593750000E+03   0.121407081541E-11   0.000000000000E+00   0.191406250000E+03   0.461575740032E-11   0.000000000000E+00
  120.   0.507812500000E+03   0.624855414504E-12   0.000000000000E+00   0.192187500000E+03   0.230836804905E-11   0.000000000000E+00
  121.   0.507031250000E+03   0.123951113041E-11   0.000000000000E+00   0.192968750000E+03   0.463291159592E-11   0.000000000000E+00
  122.   0.506250000000E+03   0.637983752748E-12   0.000000000000E+00   0.193750000000E+03   0.231686707673E-11   0.000000000000E+00
  123.   0.505468750000E+03   0.126646163443E-11   0.000000000000E+00   0.194531250000E+03   0.464971966115E-11   0.000000000000E+00
  124.   0.504687500000E+03   0.651786257327E-12   0.000000000000E+00   0.195312500000E+03   0.232518602804E-11   0.000000000000E+00
  125.   0.503906250000E+03   0.129463233692E-11   0.000000000000E+00   0.196093750000E+03   0.466617378306E-11   0.000000000000E+00
  126.   0.503125000000E+03   0.666134925162E-12   0.000000000000E+00   0.196875000000E+03   0.233333231319E-11   0.000000000000E+00
  127.   0.502343750000E+03   0.132379758987E-11   0.000000000000E+00   0.197656250000E+03   0.468227517790E-11   0.000000000000E+00
  128.   0.501562500000E+03   0.680931548047E-12   0.000000000000E+00   0.198437500000E+03   0.234130588230E-11   0.000000000000E+00
  129.   0.500781250000E+03   0.135378012797E-11   0.000000000000E+00   0.199218750000E+03   0.469802427769E-11   0.000000000000E+00
  130.   0.500000000000E+03   0.696095731694E-12   0.000000000000E+00   0.200000000000E+03   0.234909912448E-11   0.000000000000E+00
  131.   0.499218750000E+03   0.138444228351E-11   0.000000000000E+00   0.200781250000E+03   0.471342007089E-11   0.000000000000E+00
  132.   0.498437500000E+03   0.711570667741E-12   0.000000000000E+00   0.201562500000E+03   0.235671249756E-11   0.000000000000E+00
  133.   0.497656250000E+03   0.141567580163E-11   0.000000000000E+00   0.202343750000E+03   0.472846051900E-11   0.000000000000E+00
  134.   0.496875000000E+03   0.727306702249E-12   0.000000000000E+00   0.203125000000E+03   0.236415515783E-11   0.000000000000E+00
  135.   0.496093750000E+03   0.144739521505E-11   0.000000000000E+00   0.203906250000E+03   0.474314346448E-11   0.000000000000E+00
  136.   0.495312500000E+03   0.743267182232E-12   0.000000000000E+00   0.204687500000E+03   0.237141637844E-11   0.000000000000E+00
  137.   0.494531250000E+03   0.147953259289E-11   0.000000000000E+00   0.205468750000E+03   0.475746811086E-11   0.000000000000E+00
  138.   0.493750000000E+03   0.759420754220E-12   0.000000000000E+00   0.206250000000E+03   0.237849760408E-11   0.000000000000E+00
  139.   0.492968750000E+03   0.151203262509E-11   0.000000000000E+00   0.207031250000E+03   0.477143231324E-11   0.000000000000E+00
  140.   0.492187500000E+03   0.775743271258E-12   0.000000000000E+00   0.207812500000E+03   0.238539911404E-11   0.000000000000E+00
  141.   0.491406250000E+03   0.154485135466E-11   0.000000000000E+00   0.208593750000E+03   0.478503665296E-11   0.000000000000E+00
  142.   0.490625000000E+03   0.792215422602E-12   0.000000000000E+00   0.209375000000E+03   0.239211888971E-11   0.000000000000E+00
  143.   0.489843750000E+03   0.157795308563E-11   0.000000000000E+00   0.210156250000E+03   0.479828173534E-11   0.000000000000E+00
  144.   0.489062500000E+03   0.808820681368E-12   0.000000000000E+00   0.210937500000E+03   0.239866155174E-11   0.000000000000E+00
  145.   0.488281250000E+03   0.161130938164E-11   0.000000000000E+00   0.211718750000E+03   0.481116445488E-11   0.000000000000E+00
  146.   0.487500000000E+03   0.825545835166E-12   0.000000000000E+00   0.212500000000E+03   0.240502109763E-11   0.000000000000E+00
  147.   0.486718750000E+03   0.164489415062E-11   0.000000000000E+00   0.213281250000E+03   0.482368318280E-11   0.000000000000E+00
  148.   0.485937500000E+03   0.842380639947E-12   0.000000000000E+00   0.214062500000E+03   0.241120126883E-11   0.000000000000E+00
  149.   0.485156250000E+03   0.167868717914E-11   0.000000000000E+00   0.214843750000E+03   0.483583759698E-11   0.000000000000E+00
  150.   0.484375000000E+03   0.859314417524E-12   0.000000000000E+00   0.215625000000E+03   0.241719636086E-11   0.000000000000E+00
  151.   0.483593750000E+03   0.171267001650E-11   0.000000000000E+00   0.216406250000E+03   0.484762543339E-11   0.000000000000E+00
  152.   0.482812500000E+03   0.876337958167E-12   0.000000000000E+00   0.217187500000E+03   0.242301117848E-11   0.000000000000E+00
  153.   0.482031250000E+03   0.174682685705E-11   0.000000000000E+00   0.217968750000E+03   0.485904753726E-11   0.000000000000E+00
  154.   0.481250000000E+03   0.893444028326E-12   0.000000000000E+00   0.218750000000E+03   0.242863934448E-11   0.000000000000E+00
  155.   0.480468750000E+03   0.178114407454E-11   0.000000000000E+00   0.219531250000E+03   0.487010574507E-11   0.000000000000E+00
  156.   0.479687500000E+03   0.910628630537E-12   0.000000000000E+00   0.220312500000E+03   0.243408612038E-11   0.000000000000E+00
  157.   0.478906250000E+03   0.181560962588E-11   0.000000000000E+00   0.221093750000E+03   0.488079458898E-11   0.000000000000E+00
  158.   0.478125000000E+03   0.927883438041E-12   0.000000000000E+00   0.221875000000E+03   0.243935068527E-11   0.000000000000E+00
  159.   0.477343750000E+03   0.185021137629E-11   0.000000000000E+00   0.222656250000E+03   0.489111163777E-11   0.000000000000E+00
  160.   0.476562500000E+03   0.945203859741E-12   0.000000000000E+00   0.223437500000E+03   0.244442921131E-11   0.000000000000E+00
  161.   0.475781250000E+03   0.188493949351E-11   0.000000000000E+00   0.224218750000E+03   0.490105732681E-11   0.000000000000E+00
  162.   0.475000000000E+03   0.962586176382E-12   0.000000000000E+00   0.225000000000E+03   0.244932038933E-11   0.000000000000E+00
  163.   0.474218750000E+03   0.191978211822E-11   0.000000000000E+00   0.225781250000E+03   0.491063251223E-11   0.000000000000E+00
  164.   0.473437500000E+03   0.980020219386E-12   0.000000000000E+00   0.226562500000E+03   0.245402377946E-11   0.000000000000E+00
  165.   0.472656250000E+03   0.195473020645E-11   0.000000000000E+00   0.227343750000E+03   0.491983328150E-11   0.000000000000E+00
  166.   0.471875000000E+03   0.997505411150E-12   0.000000000000E+00   0.228125000000E+03   0.245854260063E-11   0.000000000000E+00
  167.   0.471093750000E+03   0.198977524607E-11   0.000000000000E+00   0.228906250000E+03   0.492866068211E-11   0.000000000000E+00
  168.   0.470312500000E+03   0.101503786784E-11   0.000000000000E+00   0.229687500000E+03   0.246287580442E-11   0.000000000000E+00
  169.   0.469531250000E+03   0.202490798708E-11   0.000000000000E+00   0.230468750000E+03   0.493711617854E-11   0.000000000000E+00
  170.   0.468750000000E+03   0.103261112061E-11   0.000000000000E+00   0.231250000000E+03   0.246702266272E-11   0.000000000000E+00
  171.   0.467968750000E+03   0.206011899257E-11   0.000000000000E+00   0.232031250000E+03   0.494519598325E-11   0.000000000000E+00
  172.   0.467187500000E+03   0.105022100358E-11   0.000000000000E+00   0.232812500000E+03   0.247098248454E-11   0.000000000000E+00
  173.   0.466406250000E+03   0.209540037903E-11   0.000000000000E+00   0.233593750000E+03   0.495289676785E-11   0.000000000000E+00
  174.   0.465625000000E+03   0.106786498455E-11   0.000000000000E+00   0.234375000000E+03   0.247475089973E-11   0.000000000000E+00
  175.   0.464843750000E+03   0.213074398256E-11   0.000000000000E+00   0.235156250000E+03   0.496021907057E-11   0.000000000000E+00
  176.   0.464062500000E+03   0.108553780928E-11   0.000000000000E+00   0.235937500000E+03   0.247833236172E-11   0.000000000000E+00
  177.   0.463281250000E+03   0.216614267396E-11   0.000000000000E+00   0.236718750000E+03   0.496716441075E-11   0.000000000000E+00
  178.   0.462500000000E+03   0.110323703226E-11   0.000000000000E+00   0.237500000000E+03   0.248172498241E-11   0.000000000000E+00
  179.   0.461718750000E+03   0.220158596988E-11   0.000000000000E+00   0.238281250000E+03   0.497373089030E-11   0.000000000000E+00
  180.   0.460937500000E+03   0.112095460933E-11   0.000000000000E+00   0.239062500000E+03   0.248492641838E-11   0.000000000000E+00
  181.   0.460156250000E+03   0.223706558635E-11   0.000000000000E+00   0.239843750000E+03   0.497991477589E-11   0.000000000000E+00
  182.   0.459375000000E+03   0.113868854947E-11   0.000000000000E+00   0.240625000000E+03   0.248793742928E-11   0.000000000000E+00
  183.   0.458593750000E+03   0.227257472871E-11   0.000000000000E+00   0.241406250000E+03   0.498571856102E-11   0.000000000000E+00
  184.   0.457812500000E+03   0.115643728242E-11   0.000000000000E+00   0.242187500000E+03   0.249075845391E-11   0.000000000000E+00
  185.   0.457031250000E+03   0.230810575480E-11   0.000000000000E+00   0.242968750000E+03   0.499114162967E-11   0.000000000000E+00
  186.   0.456250000000E+03   0.117419331082E-11   0.000000000000E+00   0.243750000000E+03   0.249338873950E-11   0.000000000000E+00
  187.   0.455468750000E+03   0.234364871253E-11   0.000000000000E+00   0.244531250000E+03   0.499617629824E-11   0.000000000000E+00
  188.   0.454687500000E+03   0.119195270441E-11   0.000000000000E+00   0.245312500000E+03   0.249582338499E-11   0.000000000000E+00
  189.   0.453906250000E+03   0.237919557590E-11   0.000000000000E+00   0.246093750000E+03   0.500082418694E-11   0.000000000000E+00
  190.   0.453125000000E+03   0.120971372965E-11   0.000000000000E+00   0.246875000000E+03   0.249806478229E-11   0.000000000000E+00
  191.   0.452343750000E+03   0.241474023864E-11   0.000000000000E+00   0.247656250000E+03   0.500508541092E-11   0.000000000000E+00
  192.   0.451562500000E+03   0.122747087679E-11   0.000000000000E+00   0.248437500000E+03   0.250011332079E-11   0.000000000000E+00
  193.   0.450781250000E+03   0.245027279728E-11   0.000000000000E+00   0.249218750000E+03   0.500895980218E-11   0.000000000000E+00
  194.   0.450000000000E+03   0.124522032931E-11   0.000000000000E+00   0.250000000000E+03   0.250197241890E-11   0.000000000000E+00
  195.   0.449218750000E+03   0.248578372208E-11   0.000000000000E+00   0.250781250000E+03   0.501244324792E-11   0.000000000000E+00
  196.   0.448437500000E+03   0.126295656063E-11   0.000000000000E+00   0.251562500000E+03   0.250363057075E-11   0.000000000000E+00
  197.   0.447656250000E+03   0.252126262827E-11   0.000000000000E+00   0.252343750000E+03   0.501553244021E-11   0.000000000000E+00
  198.   0.446875000000E+03   0.128067261484E-11   0.000000000000E+00   0.253125000000E+03   0.250509175964E-11   0.000000000000E+00
  199.   0.446093750000E+03   0.255669833625E-11   0.000000000000E+00   0.253906250000E+03   0.501822129240E-11   0.000000000000E+00
  200.   0.445312500000E+03   0.129836722993E-11   0.000000000000E+00   0.254687500000E+03   0.250635449620E-11   0.000000000000E+00
  201.   0.444531250000E+03   0.259208263561E-11   0.000000000000E+00   0.255468750000E+03   0.502051100357E-11   0.000000000000E+00
  202.   0.443750000000E+03   0.131603203871E-11   0.000000000000E+00   0.256250000000E+03   0.250741703434E-11   0.000000000000E+00
  203.   0.442968750000E+03   0.262740512790E-11   0.000000000000E+00   0.257031250000E+03   0.502239820511E-11   0.000000000000E+00
  204.   0.442187500000E+03   0.133366443072E-11   0.000000000000E+00   0.257812500000E+03   0.250827708399E-11   0.000000000000E+00
  205.   0.441406250000E+03   0.266265019348E-11   0.000000000000E+00   0.258593750000E+03   0.502387531192E-11   0.000000000000E+00
  206.   0.440625000000E+03   0.135125377812E-11   0.000000000000E+00   0.259375000000E+03   0.250893260101E-11   0.000000000000E+00
  207.   0.439843750000E+03   0.269780443509E-11   0.000000000000E+00   0.260156250000E+03   0.502493620752E-11   0.000000000000E+00
  208.   0.439062500000E+03   0.136879502973E-11   0.000000000000E+00   0.260937500000E+03   0.250937382792E-11   0.000000000000E+00
  209.   0.438281250000E+03   0.273285054983E-11   0.000000000000E+00   0.261718750000E+03   0.502557091392E-11   0.000000000000E+00
  210.   0.437500000000E+03   0.138627623244E-11   0.000000000000E+00   0.262500000000E+03   0.250960296864E-11   0.000000000000E+00
  211.   0.436718750000E+03   0.276776866327E-11   0.000000000000E+00   0.263281250000E+03   0.502577357509E-11   0.000000000000E+00
  212.   0.435937500000E+03   0.140368960835E-11   0.000000000000E+00   0.264062500000E+03   0.250961494514E-11   0.000000000000E+00
  213.   0.435156250000E+03   0.280253717122E-11   0.000000000000E+00   0.264843750000E+03   0.502552647957E-11   0.000000000000E+00
  214.   0.434375000000E+03   0.142102255426E-11   0.000000000000E+00   0.265625000000E+03   0.250939620911E-11   0.000000000000E+00
  215.   0.433593750000E+03   0.283712998860E-11   0.000000000000E+00   0.266406250000E+03   0.502481246204E-11   0.000000000000E+00
  216.   0.432812500000E+03   0.143826127521E-11   0.000000000000E+00   0.267187500000E+03   0.250893873817E-11   0.000000000000E+00
  217.   0.432031250000E+03   0.287151177451E-11   0.000000000000E+00   0.267968750000E+03   0.502361199315E-11   0.000000000000E+00
  218.   0.431250000000E+03   0.145538245476E-11   0.000000000000E+00   0.268750000000E+03   0.250823129439E-11   0.000000000000E+00
  219.   0.430468750000E+03   0.290564075278E-11   0.000000000000E+00   0.269531250000E+03   0.502189033986E-11   0.000000000000E+00
  220.   0.429687500000E+03   0.147236858090E-11   0.000000000000E+00   0.270312500000E+03   0.250725741986E-11   0.000000000000E+00
  221.   0.428906250000E+03   0.293946848062E-11   0.000000000000E+00   0.271093750000E+03   0.501961756498E-11   0.000000000000E+00
  222.   0.428125000000E+03   0.148919076944E-11   0.000000000000E+00   0.271875000000E+03   0.250600006681E-11   0.000000000000E+00
  223.   0.427343750000E+03   0.297292972356E-11   0.000000000000E+00   0.272656250000E+03   0.501673974397E-11   0.000000000000E+00
  224.   0.426562500000E+03   0.150580910197E-11   0.000000000000E+00   0.273437500000E+03   0.250442467443E-11   0.000000000000E+00
  225.   0.425781250000E+03   0.300594234108E-11   0.000000000000E+00   0.274218750000E+03   0.501319459555E-11   0.000000000000E+00
  226.   0.425000000000E+03   0.152218442616E-11   0.000000000000E+00   0.275000000000E+03   0.250249793463E-11   0.000000000000E+00
  227.   0.424218750000E+03   0.303840777761E-11   0.000000000000E+00   0.275781250000E+03   0.500890495782E-11   0.000000000000E+00
  228.   0.423437500000E+03   0.153825628973E-11   0.000000000000E+00   0.276562500000E+03   0.250017607911E-11   0.000000000000E+00
  229.   0.422656250000E+03   0.307019506632E-11   0.000000000000E+00   0.277343750000E+03   0.500376505007E-11   0.000000000000E+00
  230.   0.421875000000E+03   0.155395188861E-11   0.000000000000E+00   0.278125000000E+03   0.249740226277E-11   0.000000000000E+00
  231.   0.421093750000E+03   0.310113856231E-11   0.000000000000E+00   0.278906250000E+03   0.499763461677E-11   0.000000000000E+00
  232.   0.420312500000E+03   0.156917927505E-11   0.000000000000E+00   0.279687500000E+03   0.249409303742E-11   0.000000000000E+00
  233.   0.419531250000E+03   0.313102766607E-11   0.000000000000E+00   0.280468750000E+03   0.499034114537E-11   0.000000000000E+00
  234.   0.418750000000E+03   0.158382639162E-11   0.000000000000E+00   0.281250000000E+03   0.249015265391E-11   0.000000000000E+00
  235.   0.417968750000E+03   0.315959283985E-11   0.000000000000E+00   0.282031250000E+03   0.498165552511E-11   0.000000000000E+00
  236.   0.417187500000E+03   0.159773326872E-11   0.000000000000E+00   0.282812500000E+03   0.248545545449E-11   0.000000000000E+00
  237.   0.416406250000E+03   0.318648727696E-11   0.000000000000E+00   0.283593750000E+03   0.497128910712E-11   0.000000000000E+00
  238.   0.415625000000E+03   0.161070565499E-11   0.000000000000E+00   0.284375000000E+03   0.247983310461E-11   0.000000000000E+00
  239.   0.414843750000E+03   0.321127107858E-11   0.000000000000E+00   0.285156250000E+03   0.495885956317E-11   0.000000000000E+00
  240.   0.414062500000E+03   0.162249987009E-11   0.000000000000E+00   0.285937500000E+03   0.247307003138E-11   0.000000000000E+00
  241.   0.413281250000E+03   0.323338011290E-11   0.000000000000E+00   0.286718750000E+03   0.494387813598E-11   0.000000000000E+00
  242.   0.412500000000E+03   0.163279948690E-11   0.000000000000E+00   0.287500000000E+03   0.246489853072E-11   0.000000000000E+00
  243.   0.411718750000E+03   0.325209587834E-11   0.000000000000E+00   0.288281250000E+03   0.492572030514E-11   0.000000000000E+00
  244.   0.410937500000E+03   0.164120486527E-11   0.000000000000E+00   0.289062500000E+03   0.245496181086E-11   0.000000000000E+00
  245.   0.410156250000E+03   0.326649405614E-11   0.000000000000E+00   0.289843750000E+03   0.490357867748E-11   0.000000000000E+00
  246.   0.409375000000E+03   0.164718914180E-11   0.000000000000E+00   0.290625000000E+03   0.244281047347E-11   0.000000000000E+00
  247.   0.408593750000E+03   0.327538531483E-11   0.000000000000E+00   0.291406250000E+03   0.487640591601E-11   0.000000000000E+00
  248.   0.407812500000E+03   0.165008815636E-11   0.000000000000E+00   0.292187500000E+03   0.242784503956E-11   0.000000000000E+00
  249.   0.407031250000E+03   0.327723355225E-11   0.000000000000E+00   0.292968750000E+03   0.484283600250E-11   0.000000000000E+00
  250.   0.406250000000E+03   0.164903475417E-11   0.000000000000E+00   0.293750000000E+03   0.240929801176E-11   0.000000000000E+00
  251.   0.405468750000E+03   0.327003285802E-11   0.000000000000E+00   0.294531250000E+03   0.480108385081E-11   0.000000000000E+00
  252.   0.404687500000E+03   0.164288534364E-11   0.000000000000E+00   0.295312500000E+03   0.238615123192E-11   0.000000000000E+00
  253.   0.403906250000E+03   0.325115147217E-11   0.000000000000E+00   0.296093750000E+03   0.474880190789E-11   0.000000000000E+00
  254.   0.403125000000E+03   0.163015394403E-11   0.000000000000E+00   0.296875000000E+03   0.235707276842E-11   0.000000000000E+00
  255.   0.402343750000E+03   0.321712317139E-11   0.000000000000E+00   0.297656250000E+03   0.468287183840E-11   0.000000000000E+00
  256.   0.401562500000E+03   0.160886241760E-11   0.000000000000E+00   0.298437500000E+03   0.232028695650E-11   0.000000000000E+00
  257.   0.400781250000E+03   0.316337274618E-11   0.000000000000E+00   0.299218750000E+03   0.459916591706E-11   0.000000000000E+00
  258.   0.400000000000E+03   0.157641080301E-11   0.000000000000E+00   0.300000000000E+03   0.227343256588E-11   0.000000000000E+00
  259.   0.399218750000E+03   0.308385951246E-11   0.000000000000E+00   0.300781250000E+03   0.449221288489E-11   0.000000000000E+00
  260.   0.398437500000E+03   0.152935709525E-11   0.000000000000E+00   0.301562500000E+03   0.221340084673E-11   0.000000000000E+00
  261.   0.397656250000E+03   0.297067834081E-11   0.000000000000E+00   0.302343750000E+03   0.435481641286E-11   0.000000000000E+00
  262.   0.396875000000E+03   0.146323693683E-11   0.000000000000E+00   0.303125000000E+03   0.213610182878E-11   0.000000000000E+00
  263.   0.396093750000E+03   0.281361592278E-11   0.000000000000E+00   0.303906250000E+03   0.417763203853E-11   0.000000000000E+00
  264.   0.395312500000E+03   0.137229784198E-11   0.000000000000E+00   0.304687500000E+03   0.203627452485E-11   0.000000000000E+00
  265.   0.394531250000E+03   0.259970181354E-11   0.000000000000E+00   0.305468750000E+03   0.394872372576E-11   0.000000000000E+00
  266.   0.393750000000E+03   0.124931049466E-11   0.000000000000E+00   0.306250000000E+03   0.190724328567E-11   0.000000000000E+00
  267.   0.392968750000E+03   0.231283735358E-11   0.000000000000E+00   0.307031250000E+03   0.365317659315E-11   0.000000000000E+00
  268.   0.392187500000E+03   0.108540082582E-11   0.000000000000E+00   0.307812500000E+03   0.174076014935E-11   0.000000000000E+00
  269.   0.391406250000E+03   0.193354720027E-11   0.000000000000E+00   0.308593750000E+03   0.327281552508E-11   0.000000000000E+00
  270.   0.390625000000E+03   0.869966730142E-12   0.000000000000E+00   0.309375000000E+03   0.152689416762E-11   0.000000000000E+00
  271.   0.389843750000E+03   0.143886767635E-11   0.000000000000E+00   0.310156250000E+03   0.278603350261E-11   0.000000000000E+00
  272.   0.389062500000E+03   0.590664998520E-12   0.000000000000E+00   0.310937500000E+03   0.125398776759E-11   0.000000000000E+00
  273.   0.388281250000E+03   0.802245752360E-12   0.000000000000E+00   0.311718750000E+03   0.216763221692E-11   0.000000000000E+00
  274.   0.387500000000E+03   0.233326162293E-12   0.000000000000E+00   0.312500000000E+03   0.908535966832E-12   0.000000000000E+00
  275.   0.386718750000E+03  -0.695712419698E-14   0.000000000000E+00   0.313281250000E+03   0.138828509298E-11   0.000000000000E+00
  276.   0.385937500000E+03  -0.218442612285E-12   0.000000000000E+00   0.314062500000E+03   0.474785878365E-12   0.000000000000E+00
  277.   0.385156250000E+03  -0.102525703536E-11   0.000000000000E+00   0.314843750000E+03   0.412847788222E-12   0.000000000000E+00
  278.   0.384375000000E+03  -0.784628939223E-12   0.000000000000E+00   0.315625000000E+03  -0.665230781039E-13   0.000000000000E+00
  279.   0.383593750000E+03  -0.229965549789E-11   0.000000000000E+00   0.316406250000E+03  -0.803961202322E-12   0.000000000000E+00
  280.   0.382812500000E+03  -0.149204951087E-11   0.000000000000E+00   0.317187500000E+03  -0.741230791300E-12   0.000000000000E+00
  281.   0.382031250000E+03  -0.389750771981E-11   0.000000000000E+00   0.317968750000E+03  -0.232678992532E-11   0.000000000000E+00
  282.   0.381250000000E+03  -0.238099742209E-11   0.000000000000E+00   0.318750000000E+03  -0.158792977255E-11   0.000000000000E+00
  283.   0.380468750000E+03  -0.592489007601E-11   0.000000000000E+00   0.319531250000E+03  -0.425691110949E-11   0.000000000000E+00
  284.   0.379687500000E+03  -0.351703891231E-11   0.000000000000E+00   0.320312500000E+03  -0.266907488173E-11   0.000000000000E+00
  285.   0.378906250000E+03  -0.855699818059E-11   0.000000000000E+00   0.321093750000E+03  -0.676101876206E-11   0.000000000000E+00
  286.   0.378125000000E+03  -0.500973610736E-11   0.000000000000E+00   0.321875000000E+03  -0.408885312427E-11   0.000000000000E+00
  287.   0.377343750000E+03  -0.120831719351E-10   0.000000000000E+00   0.322656250000E+03  -0.101143216721E-10   0.000000000000E+00
  288.   0.376562500000E+03  -0.703921247691E-11   0.000000000000E+00   0.323437500000E+03  -0.601860672072E-11   0.000000000000E+00
  289.   0.375781250000E+03  -0.169654635084E-10   0.000000000000E+00   0.324218750000E+03  -0.147573561678E-10   0.000000000000E+00
  290.   0.375000000000E+03  -0.988852023833E-11   0.000000000000E+00   0.325000000000E+03  -0.872856564503E-11   0.000000000000E+00
  291.   0.374218750000E+03  -0.239016995979E-10   0.000000000000E+00   0.325781250000E+03  -0.213584757409E-10   0.000000000000E+00
  292.   0.373437500000E+03  -0.139747584708E-10   0.000000000000E+00   0.326562500000E+03  -0.126190549409E-10   0.000000000000E+00
  293.   0.372656250000E+03  -0.338700367769E-10   0.000000000000E+00   0.327343750000E+03  -0.308606236219E-10   0.000000000000E+00
  294.   0.371875000000E+03  -0.198627578546E-10   0.000000000000E+00   0.328125000000E+03  -0.182362727639E-10   0.000000000000E+00
  295.   0.371093750000E+03  -0.481131168085E-10   0.000000000000E+00   0.328906250000E+03  -0.444724072035E-10   0.000000000000E+00
  296.   0.370312500000E+03  -0.282352042163E-10   0.000000000000E+00   0.329687500000E+03  -0.262473042716E-10   0.000000000000E+00
  297.   0.369531250000E+03  -0.680000824722E-10   0.000000000000E+00   0.330468750000E+03  -0.635433218401E-10   0.000000000000E+00
  298.   0.368750000000E+03  -0.397829788301E-10   0.000000000000E+00   0.331250000000E+03  -0.373388304573E-10   0.000000000000E+00
  299.   0.367968750000E+03  -0.947035107713E-10   0.000000000000E+00   0.332031250000E+03  -0.892596846227E-10   0.000000000000E+00
  300.   0.367187500000E+03  -0.549893658015E-10   0.000000000000E+00   0.332812500000E+03  -0.520121006677E-10   0.000000000000E+00
  301.   0.366406250000E+03  -0.128646839826E-09   0.000000000000E+00   0.333593750000E+03  -0.122113356555E-09   0.000000000000E+00
  302.   0.365625000000E+03  -0.737904935715E-10   0.000000000000E+00   0.334375000000E+03  -0.702539005135E-10   0.000000000000E+00
  303.   0.364843750000E+03  -0.168787358240E-09   0.000000000000E+00   0.335156250000E+03  -0.161198652021E-09   0.000000000000E+00
  304.   0.364062500000E+03  -0.951976152598E-10   0.000000000000E+00   0.335937500000E+03  -0.911623425927E-10   0.000000000000E+00
  305.   0.363281250000E+03  -0.211773919594E-09   0.000000000000E+00   0.336718750000E+03  -0.203369960782E-09   0.000000000000E+00
  306.   0.362500000000E+03  -0.116842499540E-09   0.000000000000E+00   0.337500000000E+03  -0.112487540120E-09   0.000000000000E+00
  307.   0.361718750000E+03  -0.251449509339E-09   0.000000000000E+00   0.338281250000E+03  -0.242711063483E-09   0.000000000000E+00
  308.   0.360937500000E+03  -0.134902324464E-09   0.000000000000E+00   0.339062500000E+03  -0.130531226253E-09   0.000000000000E+00
  309.   0.360156250000E+03  -0.277817092800E-09   0.000000000000E+00   0.339843750000E+03  -0.269468250133E-09   0.000000000000E+00
  310.   0.359375000000E+03  -0.143349159126E-09   0.000000000000E+00   0.340625000000E+03  -0.139375917232E-09   0.000000000000E+00
  311.   0.358593750000E+03  -0.278473144061E-09   0.000000000000E+00   0.341406250000E+03  -0.271368815308E-09   0.000000000000E+00
  312.   0.357812500000E+03  -0.135211455837E-09   0.000000000000E+00   0.342187500000E+03  -0.132096308893E-09   0.000000000000E+00
  313.   0.357031250000E+03  -0.231718299884E-09   0.000000000000E+00   0.342968750000E+03  -0.226796901182E-09   0.000000000000E+00
  314.   0.356250000000E+03  -0.988267088195E-10   0.000000000000E+00   0.343750000000E+03  -0.969702120560E-10   0.000000000000E+00
  315.   0.355468750000E+03  -0.122404777119E-09   0.000000000000E+00   0.344531250000E+03  -0.120258560271E-09   0.000000000000E+00
  316.   0.354687500000E+03  -0.187786653035E-10   0.000000000000E+00   0.345312500000E+03  -0.185738041368E-10   0.000000000000E+00
  317.   0.353906250000E+03   0.127699967400E-09   0.000000000000E+00   0.346093750000E+03   0.126598626193E-09   0.000000000000E+00
  318.   0.353125000000E+03   0.102798001244E-09   0.000000000000E+00   0.346875000000E+03   0.102130724272E-09   0.000000000000E+00
  319.   0.352343750000E+03   0.515656720186E-09   0.000000000000E+00   0.347656250000E+03   0.512003695744E-09   0.000000000000E+00
  320.   0.351562500000E+03   0.550771408288E-09   0.000000000000E+00   0.348437500000E+03   0.547696307151E-09   0.000000000000E+00
  321.   0.350781250000E+03   0.140653573435E-08   0.000000000000E+00   0.349218750000E+03   0.140472508663E-08   0.000000000000E+00
  322.   0.350000000000E+03   0.392065379367E-08   0.000000000000E+00   0.350000000000E+03   0.392065379466E-08   0.000000000000E+00
  323.   0.349218750000E+03   0.140472508504E-08   0.000000000000E+00   0.350781250000E+03   0.140653573549E-08   0.000000000000E+00
  324.   0.348437500000E+03   0.547696305908E-09   0.000000000000E+00   0.351562500000E+03   0.550771407428E-09   0.000000000000E+00
  325.   0.347656250000E+03   0.512003693822E-09   0.000000000000E+00   0.352343750000E+03   0.515656720935E-09   0.000000000000E+00
  326.   0.346875000000E+03   0.102130724385E-09   0.000000000000E+00   0.353125000000E+03   0.102798000021E-09   0.000000000000E+00
  327.   0.346093750000E+03   0.126598624300E-09   0.000000000000E+00   0.353906250000E+03   0.127699968782E-09   0.000000000000E+00
  328.   0.345312500000E+03  -0.185738043860E-10   0.000000000000E+00   0.354687500000E+03  -0.187786638772E-10   0.000000000000E+00
  329.   0.344531250000E+03  -0.120258559388E-09   0.000000000000E+00   0.355468750000E+03  -0.122404774247E-09   0.000000000000E+00
  330.   0.343750000000E+03  -0.969702136089E-10   0.000000000000E+00   0.356250000000E+03  -0.988267064842E-10   0.000000000000E+00
  331.   0.342968750000E+03  -0.226796901579E-09   0.000000000000E+00   0.357031250000E+03  -0.231718298550E-09   0.000000000000E+00
  332.   0.342187500000E+03  -0.132096305361E-09   0.000000000000E+00   0.357812500000E+03  -0.135211451981E-09   0.000000000000E+00
  333.   0.341406250000E+03  -0.271368816337E-09   0.000000000000E+00   0.358593750000E+03  -0.278473142622E-09   0.000000000000E+00
  334.   0.340625000000E+03  -0.139375916544E-09   0.000000000000E+00   0.359375000000E+03  -0.143349161872E-09   0.000000000000E+00
  335.   0.339843750000E+03  -0.269468251984E-09   0.000000000000E+00   0.360156250000E+03  -0.277817092677E-09   0.000000000000E+00
  336.   0.339062500000E+03  -0.130531229134E-09   0.000000000000E+00   0.360937500000E+03  -0.134902326586E-09   0.000000000000E+00
  337.   0.338281250000E+03  -0.242711066554E-09   0.000000000000E+00   0.361718750000E+03  -0.251449507850E-09   0.000000000000E+00
  338.   0.337500000000E+03  -0.112487543814E-09   0.000000000000E+00   0.362500000000E+03  -0.116842499007E-09   0.000000000000E+00
  339.   0.336718750000E+03  -0.203369964074E-09   0.000000000000E+00   0.363281250000E+03  -0.211773918430E-09   0.000000000000E+00
  340.   0.335937500000E+03  -0.911623439644E-10   0.000000000000E+00   0.364062500000E+03  -0.951976160564E-10   0.000000000000E+00
  341.   0.335156250000E+03  -0.161198653536E-09   0.000000000000E+00   0.364843750000E+03  -0.168787358651E-09   0.000000000000E+00
  342.   0.334375000000E+03  -0.702539002806E-10   0.000000000000E+00   0.365625000000E+03  -0.737904898064E-10   0.000000000000E+00
  343.   0.333593750000E+03  -0.122113357386E-09   0.000000000000E+00   0.366406250000E+03  -0.128646838450E-09   0.000000000000E+00
  344.   0.332812500000E+03  -0.520120988854E-10   0.000000000000E+00   0.367187500000E+03  -0.549893634840E-10   0.000000000000E+00
  345.   0.332031250000E+03  -0.892596840015E-10   0.000000000000E+00   0.367968750000E+03  -0.947035082020E-10   0.000000000000E+00
  346.   0.331250000000E+03  -0.373388295951E-10   0.000000000000E+00   0.368750000000E+03  -0.397829775501E-10   0.000000000000E+00
  347.   0.330468750000E+03  -0.635433206490E-10   0.000000000000E+00   0.369531250000E+03  -0.680000785341E-10   0.000000000000E+00
  348.   0.329687500000E+03  -0.262473044305E-10   0.000000000000E+00   0.370312500000E+03  -0.282352045545E-10   0.000000000000E+00
  349.   0.328906250000E+03  -0.444724043839E-10   0.000000000000E+00   0.371093750000E+03  -0.481131120787E-10   0.000000000000E+00
  350.   0.328125000000E+03  -0.182362721724E-10   0.000000000000E+00   0.371875000000E+03  -0.198627543780E-10   0.000000000000E+00
  351.   0.327343750000E+03  -0.308606219288E-10   0.000000000000E+00   0.372656250000E+03  -0.338700325869E-10   0.000000000000E+00
  352.   0.326562500000E+03  -0.126190562176E-10   0.000000000000E+00   0.373437500000E+03  -0.139747535461E-10   0.000000000000E+00
  353.   0.325781250000E+03  -0.213584761361E-10   0.000000000000E+00   0.374218750000E+03  -0.239016933005E-10   0.000000000000E+00
  354.   0.325000000000E+03  -0.872856534043E-11   0.000000000000E+00   0.375000000000E+03  -0.988851707021E-11   0.000000000000E+00
  355.   0.324218750000E+03  -0.147573582245E-10   0.000000000000E+00   0.375781250000E+03  -0.169654556196E-10   0.000000000000E+00
  356.   0.323437500000E+03  -0.601860475662E-11   0.000000000000E+00   0.376562500000E+03  -0.703920657830E-11   0.000000000000E+00
  357.   0.322656250000E+03  -0.101143212195E-10   0.000000000000E+00   0.377343750000E+03  -0.120831627946E-10   0.000000000000E+00
  358.   0.321875000000E+03  -0.408885333359E-11   0.000000000000E+00   0.378125000000E+03  -0.500973349593E-11   0.000000000000E+00
  359.   0.321093750000E+03  -0.676101638679E-11   0.000000000000E+00   0.378906250000E+03  -0.855698906015E-11   0.000000000000E+00
  360.   0.320312500000E+03  -0.266908200737E-11   0.000000000000E+00   0.379687500000E+03  -0.351703292649E-11   0.000000000000E+00
  361.   0.319531250000E+03  -0.425690839308E-11   0.000000000000E+00   0.380468750000E+03  -0.592488130751E-11   0.000000000000E+00
  362.   0.318750000000E+03  -0.158792564877E-11   0.000000000000E+00   0.381250000000E+03  -0.238099030654E-11   0.000000000000E+00
  363.   0.317968750000E+03  -0.232678895750E-11   0.000000000000E+00   0.382031250000E+03  -0.389750006721E-11   0.000000000000E+00
  364.   0.317187500000E+03  -0.741230470718E-12   0.000000000000E+00   0.382812500000E+03  -0.149204300380E-11   0.000000000000E+00
  365.   0.316406250000E+03  -0.803959416989E-12   0.000000000000E+00   0.383593750000E+03  -0.229965057237E-11   0.000000000000E+00
  366.   0.315625000000E+03  -0.665231291376E-13   0.000000000000E+00   0.384375000000E+03  -0.784626025814E-12   0.000000000000E+00
  367.   0.314843750000E+03   0.412849291388E-12   0.000000000000E+00   0.385156250000E+03  -0.102525371296E-11   0.000000000000E+00
  368.   0.314062500000E+03   0.474786582607E-12   0.000000000000E+00   0.385937500000E+03  -0.218442490716E-12   0.000000000000E+00
  369.   0.313281250000E+03   0.138828710521E-11   0.000000000000E+00   0.386718750000E+03  -0.695316995602E-14   0.000000000000E+00
  370.   0.312500000000E+03   0.908536588468E-12   0.000000000000E+00   0.387500000000E+03   0.233329636619E-12   0.000000000000E+00
  371.   0.311718750000E+03   0.216763464333E-11   0.000000000000E+00   0.388281250000E+03   0.802253274165E-12   0.000000000000E+00
  372.   0.310937500000E+03   0.125398985677E-11   0.000000000000E+00   0.389062500000E+03   0.590667867901E-12   0.000000000000E+00
  373.   0.310156250000E+03   0.278603644271E-11   0.000000000000E+00   0.389843750000E+03   0.143887261101E-11   0.000000000000E+00
  374.   0.309375000000E+03   0.152689460338E-11   0.000000000000E+00   0.390625000000E+03   0.869970165123E-12   0.000000000000E+00
  375.   0.308593750000E+03   0.327281868128E-11   0.000000000000E+00   0.391406250000E+03   0.193355198571E-11   0.000000000000E+00
  376.   0.307812500000E+03   0.174076051530E-11   0.000000000000E+00   0.392187500000E+03   0.108540264036E-11   0.000000000000E+00
  377.   0.307031250000E+03   0.365317994714E-11   0.000000000000E+00   0.392968750000E+03   0.231284335053E-11   0.000000000000E+00
  378.   0.306250000000E+03   0.190724317036E-11   0.000000000000E+00   0.393750000000E+03   0.124931095680E-11   0.000000000000E+00
  379.   0.305468750000E+03   0.394872721879E-11   0.000000000000E+00   0.394531250000E+03   0.259970618183E-11   0.000000000000E+00
  380.   0.304687500000E+03   0.203627627987E-11   0.000000000000E+00   0.395312500000E+03   0.137229803029E-11   0.000000000000E+00
  381.   0.303906250000E+03   0.417763715834E-11   0.000000000000E+00   0.396093750000E+03   0.281361972762E-11   0.000000000000E+00
  382.   0.303125000000E+03   0.213610762583E-11   0.000000000000E+00   0.396875000000E+03   0.146323850878E-11   0.000000000000E+00
  383.   0.302343750000E+03   0.435482166001E-11   0.000000000000E+00   0.397656250000E+03   0.297068215520E-11   0.000000000000E+00
  384.   0.301562500000E+03   0.221340147614E-11   0.000000000000E+00   0.398437500000E+03   0.152936114790E-11   0.000000000000E+00
  385.   0.300781250000E+03   0.449221497097E-11   0.000000000000E+00   0.399218750000E+03   0.308386393178E-11   0.000000000000E+00
  386.   0.300000000000E+03   0.227343412671E-11   0.000000000000E+00   0.400000000000E+03   0.157641175708E-11   0.000000000000E+00
  387.   0.299218750000E+03   0.459916639097E-11   0.000000000000E+00   0.400781250000E+03   0.316337726184E-11   0.000000000000E+00
  388.   0.298437500000E+03   0.232028652140E-11   0.000000000000E+00   0.401562500000E+03   0.160886692102E-11   0.000000000000E+00
  389.   0.297656250000E+03   0.468287426536E-11   0.000000000000E+00   0.402343750000E+03   0.321712857375E-11   0.000000000000E+00
  390.   0.296875000000E+03   0.235707649111E-11   0.000000000000E+00   0.403125000000E+03   0.163015653465E-11   0.000000000000E+00
  391.   0.296093750000E+03   0.474880696714E-11   0.000000000000E+00   0.403906250000E+03   0.325115620095E-11   0.000000000000E+00
  392.   0.295312500000E+03   0.238615411508E-11   0.000000000000E+00   0.404687500000E+03   0.164288708263E-11   0.000000000000E+00
  393.   0.294531250000E+03   0.480109328575E-11   0.000000000000E+00   0.405468750000E+03   0.327003803587E-11   0.000000000000E+00
  394.   0.293750000000E+03   0.240929920340E-11   0.000000000000E+00   0.406250000000E+03   0.164903697546E-11   0.000000000000E+00
  395.   0.292968750000E+03   0.484284431629E-11   0.000000000000E+00   0.407031250000E+03   0.327724164245E-11   0.000000000000E+00
  396.   0.292187500000E+03   0.242784171888E-11   0.000000000000E+00   0.407812500000E+03   0.165009445606E-11   0.000000000000E+00
  397.   0.291406250000E+03   0.487641094368E-11   0.000000000000E+00   0.408593750000E+03   0.327539469978E-11   0.000000000000E+00
  398.   0.290625000000E+03   0.244281181083E-11   0.000000000000E+00   0.409375000000E+03   0.164719539959E-11   0.000000000000E+00
  399.   0.289843750000E+03   0.490358404830E-11   0.000000000000E+00   0.410156250000E+03   0.326650432725E-11   0.000000000000E+00
  400.   0.289062500000E+03   0.245496482376E-11   0.000000000000E+00   0.410937500000E+03   0.164121135226E-11   0.000000000000E+00
  401.   0.288281250000E+03   0.492572575517E-11   0.000000000000E+00   0.411718750000E+03   0.325210635084E-11   0.000000000000E+00
  402.   0.287500000000E+03   0.246490421646E-11   0.000000000000E+00   0.412500000000E+03   0.163280193712E-11   0.000000000000E+00
  403.   0.286718750000E+03   0.494388317249E-11   0.000000000000E+00   0.413281250000E+03   0.323338884263E-11   0.000000000000E+00
  404.   0.285937500000E+03   0.247307191201E-11   0.000000000000E+00   0.414062500000E+03   0.162250429415E-11   0.000000000000E+00
  405.   0.285156250000E+03   0.495886441100E-11   0.000000000000E+00   0.414843750000E+03   0.321127763253E-11   0.000000000000E+00
  406.   0.284375000000E+03   0.247983446514E-11   0.000000000000E+00   0.415625000000E+03   0.161070817440E-11   0.000000000000E+00
  407.   0.283593750000E+03   0.497129527876E-11   0.000000000000E+00   0.416406250000E+03   0.318649349342E-11   0.000000000000E+00
  408.   0.282812500000E+03   0.248545723115E-11   0.000000000000E+00   0.417187500000E+03   0.159773422356E-11   0.000000000000E+00
  409.   0.282031250000E+03   0.498166395937E-11   0.000000000000E+00   0.417968750000E+03   0.315960050651E-11   0.000000000000E+00
  410.   0.281250000000E+03   0.249015549415E-11   0.000000000000E+00   0.418750000000E+03   0.158382852759E-11   0.000000000000E+00
  411.   0.280468750000E+03   0.499034770196E-11   0.000000000000E+00   0.419531250000E+03   0.313103654160E-11   0.000000000000E+00
  412.   0.279687500000E+03   0.249409582649E-11   0.000000000000E+00   0.420312500000E+03   0.156918816693E-11   0.000000000000E+00
  413.   0.278906250000E+03   0.499763961863E-11   0.000000000000E+00   0.421093750000E+03   0.310114688367E-11   0.000000000000E+00
  414.   0.278125000000E+03   0.249740490843E-11   0.000000000000E+00   0.421875000000E+03   0.155395761510E-11   0.000000000000E+00
  415.   0.277343750000E+03   0.500376847751E-11   0.000000000000E+00   0.422656250000E+03   0.307020334034E-11   0.000000000000E+00
  416.   0.276562500000E+03   0.250017949911E-11   0.000000000000E+00   0.423437500000E+03   0.153825972808E-11   0.000000000000E+00
  417.   0.275781250000E+03   0.500890925536E-11   0.000000000000E+00   0.424218750000E+03   0.303841557303E-11   0.000000000000E+00
  418.   0.275000000000E+03   0.250250059721E-11   0.000000000000E+00   0.425000000000E+03   0.152218825198E-11   0.000000000000E+00
  419.   0.274218750000E+03   0.501319968439E-11   0.000000000000E+00   0.425781250000E+03   0.300595006294E-11   0.000000000000E+00
  420.   0.273437500000E+03   0.250442536113E-11   0.000000000000E+00   0.426562500000E+03   0.150581379081E-11   0.000000000000E+00
  421.   0.272656250000E+03   0.501674242960E-11   0.000000000000E+00   0.427343750000E+03   0.297293722500E-11   0.000000000000E+00
  422.   0.271875000000E+03   0.250600149999E-11   0.000000000000E+00   0.428125000000E+03   0.148919462701E-11   0.000000000000E+00
  423.   0.271093750000E+03   0.501962056374E-11   0.000000000000E+00   0.428906250000E+03   0.293947661086E-11   0.000000000000E+00
  424.   0.270312500000E+03   0.250726201579E-11   0.000000000000E+00   0.429687500000E+03   0.147237408470E-11   0.000000000000E+00
  425.   0.269531250000E+03   0.502189681169E-11   0.000000000000E+00   0.430468750000E+03   0.290564855034E-11   0.000000000000E+00
  426.   0.268750000000E+03   0.250823656106E-11   0.000000000000E+00   0.431250000000E+03   0.145538667823E-11   0.000000000000E+00
  427.   0.267968750000E+03   0.502361824993E-11   0.000000000000E+00   0.432031250000E+03   0.287151890959E-11   0.000000000000E+00
  428.   0.267187500000E+03   0.250894415969E-11   0.000000000000E+00   0.432812500000E+03   0.143826385191E-11   0.000000000000E+00
  429.   0.266406250000E+03   0.502482091095E-11   0.000000000000E+00   0.433593750000E+03   0.283713873111E-11   0.000000000000E+00
  430.   0.265625000000E+03   0.250940344944E-11   0.000000000000E+00   0.434375000000E+03   0.142102790247E-11   0.000000000000E+00
  431.   0.264843750000E+03   0.502553681796E-11   0.000000000000E+00   0.435156250000E+03   0.280254758587E-11   0.000000000000E+00
  432.   0.264062500000E+03   0.250962101551E-11   0.000000000000E+00   0.435937500000E+03   0.140369536497E-11   0.000000000000E+00
  433.   0.263281250000E+03   0.502578474592E-11   0.000000000000E+00   0.436718750000E+03   0.276777859744E-11   0.000000000000E+00
  434.   0.262500000000E+03   0.250960949885E-11   0.000000000000E+00   0.437500000000E+03   0.138628054653E-11   0.000000000000E+00
  435.   0.261718750000E+03   0.502558147495E-11   0.000000000000E+00   0.438281250000E+03   0.273285872818E-11   0.000000000000E+00
  436.   0.260937500000E+03   0.250937540365E-11   0.000000000000E+00   0.439062500000E+03   0.136879732787E-11   0.000000000000E+00
  437.   0.260156250000E+03   0.502494308020E-11   0.000000000000E+00   0.439843750000E+03   0.269781185846E-11   0.000000000000E+00
  438.   0.259375000000E+03   0.250893444743E-11   0.000000000000E+00   0.440625000000E+03   0.135125747962E-11   0.000000000000E+00
  439.   0.258593750000E+03   0.502388101421E-11   0.000000000000E+00   0.441406250000E+03   0.266265833808E-11   0.000000000000E+00
  440.   0.257812500000E+03   0.250828270282E-11   0.000000000000E+00   0.442187500000E+03   0.133366825642E-11   0.000000000000E+00
  441.   0.257031250000E+03   0.502240408434E-11   0.000000000000E+00   0.442968750000E+03   0.262741233758E-11   0.000000000000E+00
  442.   0.256250000000E+03   0.250742174969E-11   0.000000000000E+00   0.443750000000E+03   0.131603673674E-11   0.000000000000E+00
  443.   0.255468750000E+03   0.502051726386E-11   0.000000000000E+00   0.444531250000E+03   0.259209045281E-11   0.000000000000E+00
  444.   0.254687500000E+03   0.250635916278E-11   0.000000000000E+00   0.445312500000E+03   0.129837181012E-11   0.000000000000E+00
  445.   0.253906250000E+03   0.501822517306E-11   0.000000000000E+00   0.446093750000E+03   0.255670653813E-11   0.000000000000E+00
  446.   0.253125000000E+03   0.250509466560E-11   0.000000000000E+00   0.446875000000E+03   0.128067801614E-11   0.000000000000E+00
  447.   0.252343750000E+03   0.501553159767E-11   0.000000000000E+00   0.447656250000E+03   0.252127034909E-11   0.000000000000E+00
  448.   0.251562500000E+03   0.250363358960E-11   0.000000000000E+00   0.448437500000E+03   0.126296002948E-11   0.000000000000E+00
  449.   0.250781250000E+03   0.501244339099E-11   0.000000000000E+00   0.449218750000E+03   0.248579063547E-11   0.000000000000E+00
  450.   0.250000000000E+03   0.250197360239E-11   0.000000000000E+00   0.450000000000E+03   0.124522436052E-11   0.000000000000E+00
  451.   0.249218750000E+03   0.500896409391E-11   0.000000000000E+00   0.450781250000E+03   0.245028041862E-11   0.000000000000E+00
  452.   0.248437500000E+03   0.250012008914E-11   0.000000000000E+00   0.451562500000E+03   0.122747482661E-11   0.000000000000E+00
  453.   0.247656250000E+03   0.500509312755E-11   0.000000000000E+00   0.452343750000E+03   0.241474938770E-11   0.000000000000E+00
  454.   0.246875000000E+03   0.249807210413E-11   0.000000000000E+00   0.453125000000E+03   0.120971900633E-11   0.000000000000E+00
  455.   0.246093750000E+03   0.500083061734E-11   0.000000000000E+00   0.453906250000E+03   0.237920638458E-11   0.000000000000E+00
  456.   0.245312500000E+03   0.249582502791E-11   0.000000000000E+00   0.454687500000E+03   0.119195820638E-11   0.000000000000E+00
  457.   0.244531250000E+03   0.499618101706E-11   0.000000000000E+00   0.455468750000E+03   0.234365941831E-11   0.000000000000E+00
  458.   0.243750000000E+03   0.249339026543E-11   0.000000000000E+00   0.456250000000E+03   0.117419729295E-11   0.000000000000E+00
  459.   0.242968750000E+03   0.499114639020E-11   0.000000000000E+00   0.457031250000E+03   0.230811597626E-11   0.000000000000E+00
  460.   0.242187500000E+03   0.249076055700E-11   0.000000000000E+00   0.457812500000E+03   0.115644258621E-11   0.000000000000E+00
  461.   0.241406250000E+03   0.498572836958E-11   0.000000000000E+00   0.458593750000E+03   0.227258471530E-11   0.000000000000E+00
  462.   0.240625000000E+03   0.248794574344E-11   0.000000000000E+00   0.459375000000E+03   0.113869388669E-11   0.000000000000E+00
  463.   0.239843750000E+03   0.497993137184E-11   0.000000000000E+00   0.460156250000E+03   0.223707587548E-11   0.000000000000E+00
  464.   0.239062500000E+03   0.248493565896E-11   0.000000000000E+00   0.460937500000E+03   0.112095834808E-11   0.000000000000E+00
  465.   0.238281250000E+03   0.497374741676E-11   0.000000000000E+00   0.461718750000E+03   0.220159627521E-11   0.000000000000E+00
  466.   0.237500000000E+03   0.248173269954E-11   0.000000000000E+00   0.462500000000E+03   0.110324118693E-11   0.000000000000E+00
  467.   0.236718750000E+03   0.496718296059E-11   0.000000000000E+00   0.463281250000E+03   0.216615374504E-11   0.000000000000E+00
  468.   0.235937500000E+03   0.247834186169E-11   0.000000000000E+00   0.464062500000E+03   0.108554448602E-11   0.000000000000E+00
  469.   0.235156250000E+03   0.496023721101E-11   0.000000000000E+00   0.464843750000E+03   0.213075677969E-11   0.000000000000E+00
  470.   0.234375000000E+03   0.247475951228E-11   0.000000000000E+00   0.465625000000E+03   0.106787184818E-11   0.000000000000E+00
  471.   0.233593750000E+03   0.495291159465E-11   0.000000000000E+00   0.466406250000E+03   0.209541360206E-11   0.000000000000E+00
  472.   0.232812500000E+03   0.247098592615E-11   0.000000000000E+00   0.467187500000E+03   0.105022722746E-11   0.000000000000E+00
  473.   0.232031250000E+03   0.494520921368E-11   0.000000000000E+00   0.467968750000E+03   0.206013192216E-11   0.000000000000E+00
  474.   0.231250000000E+03   0.246703057849E-11   0.000000000000E+00   0.468750000000E+03   0.103261731729E-11   0.000000000000E+00
  475.   0.230468750000E+03   0.493713155602E-11   0.000000000000E+00   0.469531250000E+03   0.202492149307E-11   0.000000000000E+00
  476.   0.229687500000E+03   0.246288617489E-11   0.000000000000E+00   0.470312500000E+03   0.101504365014E-11   0.000000000000E+00
  477.   0.228906250000E+03   0.492867700422E-11   0.000000000000E+00   0.471093750000E+03   0.198978911378E-11   0.000000000000E+00
  478.   0.228125000000E+03   0.245854977112E-11   0.000000000000E+00   0.471875000000E+03   0.997512231995E-12   0.000000000000E+00
  479.   0.227343750000E+03   0.491984769222E-11   0.000000000000E+00   0.472656250000E+03   0.195474321487E-11   0.000000000000E+00
  480.   0.226562500000E+03   0.245402889674E-11   0.000000000000E+00   0.473437500000E+03   0.980025930420E-12   0.000000000000E+00
  481.   0.225781250000E+03   0.491064496008E-11   0.000000000000E+00   0.474218750000E+03   0.191979402615E-11   0.000000000000E+00
  482.   0.225000000000E+03   0.244932353841E-11   0.000000000000E+00   0.475000000000E+03   0.962590581469E-12   0.000000000000E+00
  483.   0.224218750000E+03   0.490107121942E-11   0.000000000000E+00   0.475781250000E+03   0.188495146436E-11   0.000000000000E+00
  484.   0.223437500000E+03   0.244443567667E-11   0.000000000000E+00   0.476562500000E+03   0.945210182696E-12   0.000000000000E+00
  485.   0.222656250000E+03   0.489112591777E-11   0.000000000000E+00   0.477343750000E+03   0.185022470875E-11   0.000000000000E+00
  486.   0.221875000000E+03   0.243935666426E-11   0.000000000000E+00   0.478125000000E+03   0.927890177339E-12   0.000000000000E+00
  487.   0.221093750000E+03   0.488080950151E-11   0.000000000000E+00   0.478906250000E+03   0.181562290421E-11   0.000000000000E+00
  488.   0.220312500000E+03   0.243409412888E-11   0.000000000000E+00   0.479687500000E+03   0.910635170458E-12   0.000000000000E+00
  489.   0.219531250000E+03   0.487012283174E-11   0.000000000000E+00   0.480468750000E+03   0.178115722763E-11   0.000000000000E+00
  490.   0.218750000000E+03   0.242864738605E-11   0.000000000000E+00   0.481250000000E+03   0.893450550407E-12   0.000000000000E+00
  491.   0.217968750000E+03   0.485906638205E-11   0.000000000000E+00   0.482031250000E+03   0.174683962785E-11   0.000000000000E+00
  492.   0.217187500000E+03   0.242301538019E-11   0.000000000000E+00   0.482812500000E+03   0.876344176732E-12   0.000000000000E+00
  493.   0.216406250000E+03   0.484764222475E-11   0.000000000000E+00   0.483593750000E+03   0.171268232566E-11   0.000000000000E+00
  494.   0.215625000000E+03   0.241720302223E-11   0.000000000000E+00   0.484375000000E+03   0.859320432226E-12   0.000000000000E+00
  495.   0.214843750000E+03   0.483585325083E-11   0.000000000000E+00   0.485156250000E+03   0.167869944971E-11   0.000000000000E+00
  496.   0.214062500000E+03   0.241120892591E-11   0.000000000000E+00   0.485937500000E+03   0.842386774961E-12   0.000000000000E+00
  497.   0.213281250000E+03   0.482369765192E-11   0.000000000000E+00   0.486718750000E+03   0.164490630485E-11   0.000000000000E+00
  498.   0.212500000000E+03   0.240503093771E-11   0.000000000000E+00   0.487500000000E+03   0.825552156587E-12   0.000000000000E+00
  499.   0.211718750000E+03   0.481117816823E-11   0.000000000000E+00   0.488281250000E+03   0.161132181195E-11   0.000000000000E+00
  500.   0.210937500000E+03   0.239866705969E-11   0.000000000000E+00   0.489062500000E+03   0.808826288309E-12   0.000000000000E+00
  501.   0.210156250000E+03   0.479829444910E-11   0.000000000000E+00   0.489843750000E+03   0.157796628037E-11   0.000000000000E+00
  502.   0.209375000000E+03   0.239212613062E-11   0.000000000000E+00   0.490625000000E+03   0.792222566391E-12   0.000000000000E+00
  503.   0.208593750000E+03   0.478504886190E-11   0.000000000000E+00   0.491406250000E+03   0.154486406486E-11   0.000000000000E+00
  504.   0.207812500000E+03   0.238540416763E-11   0.000000000000E+00   0.492187500000E+03   0.775749301623E-12   0.000000000000E+00
  505.   0.207031250000E+03   0.477144282796E-11   0.000000000000E+00   0.492968750000E+03   0.151204505160E-11   0.000000000000E+00
  506.   0.206250000000E+03   0.237850112987E-11   0.000000000000E+00   0.493750000000E+03   0.759427326395E-12   0.000000000000E+00
  507.   0.205468750000E+03   0.475747544739E-11   0.000000000000E+00   0.494531250000E+03   0.147954510831E-11   0.000000000000E+00
  508.   0.204687500000E+03   0.237142031007E-11   0.000000000000E+00   0.495312500000E+03   0.743273924468E-12   0.000000000000E+00
  509.   0.203906250000E+03   0.474314970796E-11   0.000000000000E+00   0.496093750000E+03   0.144740779311E-11   0.000000000000E+00
  510.   0.203125000000E+03   0.236415826632E-11   0.000000000000E+00   0.496875000000E+03   0.727313308266E-12   0.000000000000E+00
  511.   0.202343750000E+03   0.472846648555E-11   0.000000000000E+00   0.497656250000E+03   0.141568840824E-11   0.000000000000E+00
  512.   0.201562500000E+03   0.235671906232E-11   0.000000000000E+00   0.498437500000E+03   0.711577093558E-12   0.000000000000E+00
  513.   0.200781250000E+03   0.471342771622E-11   0.000000000000E+00   0.499218750000E+03   0.138445523975E-11   0.000000000000E+00
  514.   0.200000000000E+03   0.234910508996E-11   0.000000000000E+00   0.500000000000E+03   0.696101777927E-12   0.000000000000E+00
  515.   0.199218750000E+03   0.469803397441E-11   0.000000000000E+00   0.500781250000E+03   0.135379310113E-11   0.000000000000E+00
  516.   0.198437500000E+03   0.234130407046E-11   0.000000000000E+00   0.501562500000E+03   0.680937673379E-12   0.000000000000E+00
  517.   0.197656250000E+03   0.468228441925E-11   0.000000000000E+00   0.502343750000E+03   0.132381050469E-11   0.000000000000E+00
  518.   0.196875000000E+03   0.233333914109E-11   0.000000000000E+00   0.503125000000E+03   0.666141358053E-12   0.000000000000E+00
  519.   0.196093750000E+03   0.466618279197E-11   0.000000000000E+00   0.503906250000E+03   0.129464597772E-11   0.000000000000E+00
  520.   0.195312500000E+03   0.232519050987E-11   0.000000000000E+00   0.504687500000E+03   0.651793156231E-12   0.000000000000E+00
  521.   0.194531250000E+03   0.464972867153E-11   0.000000000000E+00   0.505468750000E+03   0.126647595529E-11   0.000000000000E+00
  522.   0.193750000000E+03   0.231687076714E-11   0.000000000000E+00   0.506250000000E+03   0.637991247640E-12   0.000000000000E+00
  523.   0.192968750000E+03   0.463292193883E-11   0.000000000000E+00   0.507031250000E+03   0.123952570671E-11   0.000000000000E+00
  524.   0.192187500000E+03   0.230837314407E-11   0.000000000000E+00   0.507812500000E+03   0.624862290651E-12   0.000000000000E+00
  525.   0.191406250000E+03   0.461576679640E-11   0.000000000000E+00   0.508593750000E+03   0.121408511258E-11   0.000000000000E+00
  526.   0.190625000000E+03   0.229970073412E-11   0.000000000000E+00   0.509375000000E+03   0.612569923329E-12   0.000000000000E+00
  527.   0.189843750000E+03   0.459826396171E-11   0.000000000000E+00   0.510156250000E+03   0.119052711922E-11   0.000000000000E+00
  528.   0.189062500000E+03   0.229085632969E-11   0.000000000000E+00   0.510937500000E+03   0.601321851314E-12   0.000000000000E+00
  529.   0.188281250000E+03   0.458041227411E-11   0.000000000000E+00   0.511718750000E+03   0.116933125424E-11   0.000000000000E+00
  530.   0.187500000000E+03   0.228183575215E-11   0.000000000000E+00   0.512500000000E+03   0.591390922235E-12   0.000000000000E+00
  531.   0.186718750000E+03   0.456221625969E-11   0.000000000000E+00   0.513281250000E+03   0.115111722509E-11   0.000000000000E+00
  532.   0.185937500000E+03   0.227264291224E-11   0.000000000000E+00   0.514062500000E+03   0.583123977510E-12   0.000000000000E+00
  533.   0.185156250000E+03   0.454367381560E-11   0.000000000000E+00   0.514843750000E+03   0.113668286522E-11   0.000000000000E+00
  534.   0.184375000000E+03   0.226328324963E-11   0.000000000000E+00   0.515625000000E+03   0.576971269822E-12   0.000000000000E+00
  535.   0.183593750000E+03   0.452478738973E-11   0.000000000000E+00   0.516406250000E+03   0.112705854531E-11   0.000000000000E+00
  536.   0.182812500000E+03   0.225374887399E-11   0.000000000000E+00   0.517187500000E+03   0.573513230710E-12   0.000000000000E+00
  537.   0.182031250000E+03   0.450556019641E-11   0.000000000000E+00   0.517968750000E+03   0.112357732304E-11   0.000000000000E+00
  538.   0.181250000000E+03   0.224404191393E-11   0.000000000000E+00   0.518750000000E+03   0.573502129973E-12   0.000000000000E+00
  539.   0.180468750000E+03   0.448599038261E-11   0.000000000000E+00   0.519531250000E+03   0.112796303801E-11   0.000000000000E+00
  540.   0.179687500000E+03   0.223416459139E-11   0.000000000000E+00   0.520312500000E+03   0.577909358811E-12   0.000000000000E+00
  541.   0.178906250000E+03   0.446608040280E-11   0.000000000000E+00   0.521093750000E+03   0.114244542356E-11   0.000000000000E+00
  542.   0.178125000000E+03   0.222412169531E-11   0.000000000000E+00   0.521875000000E+03   0.587992714010E-12   0.000000000000E+00
  543.   0.177343750000E+03   0.444583058368E-11   0.000000000000E+00   0.522656250000E+03   0.116991501248E-11   0.000000000000E+00
  544.   0.176562500000E+03   0.221390660676E-11   0.000000000000E+00   0.523437500000E+03   0.605384123973E-12   0.000000000000E+00
  545.   0.175781250000E+03   0.442524455834E-11   0.000000000000E+00   0.524218750000E+03   0.121411694858E-11   0.000000000000E+00
  546.   0.175000000000E+03   0.220352347971E-11   0.000000000000E+00   0.525000000000E+03   0.632197088556E-12   0.000000000000E+00
  547.   0.174218750000E+03   0.440432143798E-11   0.000000000000E+00   0.525781250000E+03   0.127990861519E-11   0.000000000000E+00
  548.   0.173437500000E+03   0.219297553767E-11   0.000000000000E+00   0.526562500000E+03   0.671174428078E-12   0.000000000000E+00
  549.   0.172656250000E+03   0.438306365518E-11   0.000000000000E+00   0.527343750000E+03   0.137358739570E-11   0.000000000000E+00
  550.   0.171875000000E+03   0.218225462236E-11   0.000000000000E+00   0.528125000000E+03   0.725870316820E-12   0.000000000000E+00
  551.   0.171093750000E+03   0.436147052231E-11   0.000000000000E+00   0.528906250000E+03   0.150331600708E-11   0.000000000000E+00
  552.   0.170312500000E+03   0.217137107451E-11   0.000000000000E+00   0.529687500000E+03   0.800892228114E-12   0.000000000000E+00
  553.   0.169531250000E+03   0.433954512355E-11   0.000000000000E+00   0.530468750000E+03   0.167966303998E-11   0.000000000000E+00
  554.   0.168750000000E+03   0.216031790396E-11   0.000000000000E+00   0.531250000000E+03   0.902200895505E-12   0.000000000000E+00
  555.   0.167968750000E+03   0.431728885043E-11   0.000000000000E+00   0.532031250000E+03   0.191629443020E-11   0.000000000000E+00
  556.   0.167187500000E+03   0.214910510719E-11   0.000000000000E+00   0.532812500000E+03   0.103749977987E-11   0.000000000000E+00
  557.   0.166406250000E+03   0.429470116526E-11   0.000000000000E+00   0.533593750000E+03   0.223085387352E-11   0.000000000000E+00
  558.   0.165625000000E+03   0.213772236378E-11   0.000000000000E+00   0.534375000000E+03   0.121672715612E-11   0.000000000000E+00
  559.   0.164843750000E+03   0.427178493947E-11   0.000000000000E+00   0.535156250000E+03   0.264607646713E-11   0.000000000000E+00
  560.   0.164062500000E+03   0.212617550618E-11   0.000000000000E+00   0.535937500000E+03   0.145267818877E-11   0.000000000000E+00
  561.   0.163281250000E+03   0.424854027175E-11   0.000000000000E+00   0.536718750000E+03   0.319122113487E-11   0.000000000000E+00
  562.   0.162500000000E+03   0.211446963912E-11   0.000000000000E+00   0.537500000000E+03   0.176181045675E-11   0.000000000000E+00
  563.   0.161718750000E+03   0.422496632088E-11   0.000000000000E+00   0.538281250000E+03   0.390391463679E-11   0.000000000000E+00
  564.   0.160937500000E+03   0.210259751092E-11   0.000000000000E+00   0.539062500000E+03   0.216528570477E-11   0.000000000000E+00
  565.   0.160156250000E+03   0.420106639560E-11   0.000000000000E+00   0.539843750000E+03   0.483257421804E-11   0.000000000000E+00
  566.   0.159375000000E+03   0.209056052600E-11   0.000000000000E+00   0.540625000000E+03   0.269034664337E-11   0.000000000000E+00
  567.   0.158593750000E+03   0.417684073005E-11   0.000000000000E+00   0.541406250000E+03   0.603963587879E-11   0.000000000000E+00
  568.   0.157812500000E+03   0.207835873472E-11   0.000000000000E+00   0.542187500000E+03   0.337216665937E-11   0.000000000000E+00
  569.   0.157031250000E+03   0.415229046355E-11   0.000000000000E+00   0.542968750000E+03   0.760593180517E-11   0.000000000000E+00
  570.   0.156250000000E+03   0.206599857912E-11   0.000000000000E+00   0.543750000000E+03   0.425637786797E-11   0.000000000000E+00
  571.   0.155468750000E+03   0.412741734785E-11   0.000000000000E+00   0.544531250000E+03   0.963669536409E-11   0.000000000000E+00
  572.   0.154687500000E+03   0.205347419916E-11   0.000000000000E+00   0.545312500000E+03   0.540254857809E-11   0.000000000000E+00
  573.   0.153906250000E+03   0.410222353282E-11   0.000000000000E+00   0.546093750000E+03   0.122698130198E-10   0.000000000000E+00
  574.   0.153125000000E+03   0.204079760539E-11   0.000000000000E+00   0.546875000000E+03   0.688896031834E-11   0.000000000000E+00
  575.   0.152343750000E+03   0.407670974183E-11   0.000000000000E+00   0.547656250000E+03   0.156870823122E-10   0.000000000000E+00
  576.   0.151562500000E+03   0.202795284039E-11   0.000000000000E+00   0.548437500000E+03   0.881910168428E-11   0.000000000000E+00
  577.   0.150781250000E+03   0.405087351362E-11   0.000000000000E+00   0.549218750000E+03   0.201292901899E-10   0.000000000000E+00
  578.   0.150000000000E+03   0.201495054461E-11   0.000000000000E+00   0.550000000000E+03   0.113302704489E-10   0.000000000000E+00
  579.   0.149218750000E+03   0.402471333017E-11   0.000000000000E+00   0.550781250000E+03   0.259157901047E-10   0.000000000000E+00
  580.   0.148437500000E+03   0.200178296911E-11   0.000000000000E+00   0.551562500000E+03   0.146045746190E-10   0.000000000000E+00
  581.   0.147656250000E+03   0.399823250648E-11   0.000000000000E+00   0.552343750000E+03   0.334688583802E-10   0.000000000000E+00
  582.   0.146875000000E+03   0.198846002315E-11   0.000000000000E+00   0.553125000000E+03   0.188823203917E-10   0.000000000000E+00
  583.   0.146093750000E+03   0.397142975490E-11   0.000000000000E+00   0.553906250000E+03   0.433422974375E-10   0.000000000000E+00
  584.   0.145312500000E+03   0.197497240257E-11   0.000000000000E+00   0.554687500000E+03   0.244772588431E-10   0.000000000000E+00
  585.   0.144531250000E+03   0.394429950317E-11   0.000000000000E+00   0.555468750000E+03   0.562525232806E-10   0.000000000000E+00
  586.   0.143750000000E+03   0.196132211231E-11   0.000000000000E+00   0.556250000000E+03   0.317924279151E-10   0.000000000000E+00
  587.   0.142968750000E+03   0.391683920436E-11   0.000000000000E+00   0.557031250000E+03   0.731089090783E-10   0.000000000000E+00
  588.   0.142187500000E+03   0.194750354544E-11   0.000000000000E+00   0.557812500000E+03   0.413345954764E-10   0.000000000000E+00
  589.   0.141406250000E+03   0.388904176472E-11   0.000000000000E+00   0.558593750000E+03   0.950390497093E-10   0.000000000000E+00
  590.   0.140625000000E+03   0.193351322916E-11   0.000000000000E+00   0.559375000000E+03   0.537249076088E-10   0.000000000000E+00
  591.   0.139843750000E+03   0.386089272548E-11   0.000000000000E+00   0.560156250000E+03   0.123405077606E-09   0.000000000000E+00
  592.   0.139062500000E+03   0.191934317959E-11   0.000000000000E+00   0.560937500000E+03   0.697041987099E-10   0.000000000000E+00
  593.   0.138281250000E+03   0.383238157419E-11   0.000000000000E+00   0.561718750000E+03   0.159811315108E-09   0.000000000000E+00
  594.   0.137500000000E+03   0.190499060343E-11   0.000000000000E+00   0.562500000000E+03   0.901347294960E-10   0.000000000000E+00
  595.   0.136718750000E+03   0.380349345411E-11   0.000000000000E+00   0.563281250000E+03   0.206114450395E-09   0.000000000000E+00
  596.   0.135937500000E+03   0.189044652926E-11   0.000000000000E+00   0.564062500000E+03   0.116007752325E-09   0.000000000000E+00
  597.   0.135156250000E+03   0.377422693923E-11   0.000000000000E+00   0.564843750000E+03   0.264468923204E-09   0.000000000000E+00
  598.   0.134375000000E+03   0.187571144721E-11   0.000000000000E+00   0.565625000000E+03   0.148480264925E-09   0.000000000000E+00
  599.   0.133593750000E+03   0.374459179379E-11   0.000000000000E+00   0.566406250000E+03   0.337475961333E-09   0.000000000000E+00
  600.   0.132812500000E+03   0.186079638744E-11   0.000000000000E+00   0.567187500000E+03   0.188986315659E-09   0.000000000000E+00
  601.   0.132031250000E+03   0.371462232228E-11   0.000000000000E+00   0.567968750000E+03   0.428556316504E-09   0.000000000000E+00
  602.   0.131250000000E+03   0.184573077328E-11   0.000000000000E+00   0.568750000000E+03   0.239498175355E-09   0.000000000000E+00
  603.   0.130468750000E+03   0.368439454982E-11   0.000000000000E+00   0.569531250000E+03   0.542729927948E-09   0.000000000000E+00
  604.   0.129687500000E+03   0.183055484073E-11   0.000000000000E+00   0.570312500000E+03   0.303046471133E-09   0.000000000000E+00
  605.   0.128906250000E+03   0.365402117441E-11   0.000000000000E+00   0.571093750000E+03   0.688044221423E-09   0.000000000000E+00
  606.   0.128125000000E+03   0.181534607834E-11   0.000000000000E+00   0.571875000000E+03   0.384633724360E-09   0.000000000000E+00
  607.   0.127343750000E+03   0.362364764755E-11   0.000000000000E+00   0.572656250000E+03   0.877909075304E-09   0.000000000000E+00
  608.   0.126562500000E+03   0.180017370583E-11   0.000000000000E+00   0.573437500000E+03   0.492667446117E-09   0.000000000000E+00
  609.   0.125781250000E+03   0.359340677224E-11   0.000000000000E+00   0.574218750000E+03   0.113450089717E-08   0.000000000000E+00
  610.   0.125000000000E+03   0.178510138589E-11   0.000000000000E+00   0.575000000000E+03   0.640950786516E-09   0.000000000000E+00
  611.   0.124218750000E+03   0.356332020930E-11   0.000000000000E+00   0.575781250000E+03   0.149308402651E-08   0.000000000000E+00
  612.   0.123437500000E+03   0.177008912396E-11   0.000000000000E+00   0.576562500000E+03   0.851041023883E-09   0.000000000000E+00
  613.   0.122656250000E+03   0.353312015142E-11   0.000000000000E+00   0.577343750000E+03   0.200643654722E-08   0.000000000000E+00
  614.   0.121875000000E+03   0.175490718563E-11   0.000000000000E+00   0.578125000000E+03   0.115433962158E-08   0.000000000000E+00
  615.   0.121093750000E+03   0.350198700005E-11   0.000000000000E+00   0.578906250000E+03   0.274750758098E-08   0.000000000000E+00
  616.   0.120312500000E+03   0.173896898709E-11   0.000000000000E+00   0.579687500000E+03   0.159266622445E-08   0.000000000000E+00
  617.   0.119531250000E+03   0.346821389041E-11   0.000000000000E+00   0.580468750000E+03   0.380712029564E-08   0.000000000000E+00
  618.   0.118750000000E+03   0.172113967533E-11   0.000000000000E+00   0.581250000000E+03   0.221531085782E-08   0.000000000000E+00
  619.   0.117968750000E+03   0.342887402582E-11   0.000000000000E+00   0.582031250000E+03   0.528275884921E-08   0.000000000000E+00
  620.   0.117187500000E+03   0.169961332327E-11   0.000000000000E+00   0.582812500000E+03   0.307071553212E-08   0.000000000000E+00
  621.   0.116406250000E+03   0.337965400396E-11   0.000000000000E+00   0.583593750000E+03   0.725486308906E-08   0.000000000000E+00
  622.   0.115625000000E+03   0.167186219907E-11   0.000000000000E+00   0.584375000000E+03   0.419075203920E-08   0.000000000000E+00
  623.   0.114843750000E+03   0.331508784638E-11   0.000000000000E+00   0.585156250000E+03   0.975119042200E-08   0.000000000000E+00
  624.   0.114062500000E+03   0.163491557318E-11   0.000000000000E+00   0.585937500000E+03   0.557145404026E-08   0.000000000000E+00
  625.   0.113281250000E+03   0.322953709532E-11   0.000000000000E+00   0.586718750000E+03   0.127005102022E-07   0.000000000000E+00
  626.   0.112500000000E+03   0.158607349610E-11   0.000000000000E+00   0.587500000000E+03   0.714422451722E-08   0.000000000000E+00
  627.   0.111718750000E+03   0.311918490175E-11   0.000000000000E+00   0.588281250000E+03   0.158926609055E-07   0.000000000000E+00
  628.   0.110937500000E+03   0.152420254533E-11   0.000000000000E+00   0.589062500000E+03   0.877115457218E-08   0.000000000000E+00
  629.   0.110156250000E+03   0.298521728944E-11   0.000000000000E+00   0.589843750000E+03   0.189105431850E-07   0.000000000000E+00
  630.   0.109375000000E+03   0.145160465115E-11   0.000000000000E+00   0.590625000000E+03   0.101649459744E-07   0.000000000000E+00
  631.   0.108593750000E+03   0.283809641266E-11   0.000000000000E+00   0.591406250000E+03   0.211491457061E-07   0.000000000000E+00
  632.   0.107812500000E+03   0.137647892105E-11   0.000000000000E+00   0.592187500000E+03   0.110389389048E-07   0.000000000000E+00
  633.   0.107031250000E+03   0.270227259493E-11   0.000000000000E+00   0.592968750000E+03   0.214340199097E-07   0.000000000000E+00
  634.   0.106250000000E+03   0.131501545111E-11   0.000000000000E+00   0.593750000000E+03   0.104645290928E-07   0.000000000000E+00
  635.   0.105468750000E+03   0.262052074707E-11   0.000000000000E+00   0.594531250000E+03   0.186596634314E-07   0.000000000000E+00
  636.   0.104687500000E+03   0.129438513027E-11   0.000000000000E+00   0.595312500000E+03   0.841240794675E-08   0.000000000000E+00
  637.   0.103906250000E+03   0.265244560671E-11   0.000000000000E+00   0.596093750000E+03   0.777758489736E-08   0.000000000000E+00
  638.   0.103125000000E+03   0.134688535198E-11   0.000000000000E+00   0.596875000000E+03   0.792941088147E-09   0.000000000000E+00
  639.   0.102343750000E+03   0.286237671916E-11   0.000000000000E+00   0.597656250000E+03  -0.124985774186E-07   0.000000000000E+00
  640.   0.101562500000E+03   0.151589420011E-11   0.000000000000E+00   0.598437500000E+03  -0.152924828670E-07   0.000000000000E+00
  641.   0.100781250000E+03   0.320439466696E-11   0.000000000000E+00   0.599218750000E+03  -0.700438921865E-07   0.000000000000E+00
