i  r_top  QtopRe  QtopIm  r_bot  QbotRe  QbotIm   [mm, mC]
    1.   0.600000000000E+03  -0.812157687791E-09   0.000000000000E+00   0.100000000000E+03  -0.125524911322E-09   0.000000000000E+00
    2.   0.100000000000E+03  -0.125524919793E-09   0.000000000000E+00   0.600000000000E+03  -0.812157665094E-09   0.000000000000E+00
    3.   0.593750000000E+03  -0.324035775697E-08   0.000000000000E+00   0.106250000000E+03  -0.547275920728E-09   0.000000000000E+00
    4.   0.587500000000E+03  -0.159422389215E-08   0.000000000000E+00   0.112500000000E+03  -0.287427533493E-09   0.000000000000E+00
    5.   0.581250000000E+03  -0.316243112164E-08   0.000000000000E+00   0.118750000000E+03  -0.609568893248E-09   0.000000000000E+00
    6.   0.575000000000E+03  -0.155639464176E-08   0.000000000000E+00   0.125000000000E+03  -0.319701267699E-09   0.000000000000E+00
    7.   0.568750000000E+03  -0.309430916956E-08   0.000000000000E+00   0.131250000000E+03  -0.675031919441E-09   0.000000000000E+00
    8.   0.562500000000E+03  -0.151692964150E-08   0.000000000000E+00   0.137500000000E+03  -0.351614129474E-09   0.000000000000E+00
    9.   0.556250000000E+03  -0.302062868398E-08   0.000000000000E+00   0.143750000000E+03  -0.739923450063E-09   0.000000000000E+00
   10.   0.550000000000E+03  -0.148059434759E-08   0.000000000000E+00   0.150000000000E+03  -0.384107007808E-09   0.000000000000E+00
   11.   0.543750000000E+03  -0.294744230083E-08   0.000000000000E+00   0.156250000000E+03  -0.805086257175E-09   0.000000000000E+00
   12.   0.537500000000E+03  -0.144377760861E-08   0.000000000000E+00   0.162500000000E+03  -0.416491265274E-09   0.000000000000E+00
   13.   0.531250000000E+03  -0.287448306948E-08   0.000000000000E+00   0.168750000000E+03  -0.870461204848E-09   0.000000000000E+00
   14.   0.525000000000E+03  -0.140698005861E-08   0.000000000000E+00   0.175000000000E+03  -0.448850932479E-09   0.000000000000E+00
   15.   0.518750000000E+03  -0.280199692812E-08   0.000000000000E+00   0.181250000000E+03  -0.936126317465E-09   0.000000000000E+00
   16.   0.512500000000E+03  -0.137000008721E-08   0.000000000000E+00   0.187500000000E+03  -0.481099716486E-09   0.000000000000E+00
   17.   0.506250000000E+03  -0.273005295989E-08   0.000000000000E+00   0.193750000000E+03  -0.100216503137E-08   0.000000000000E+00
   18.   0.500000000000E+03  -0.133273322814E-08   0.000000000000E+00   0.200000000000E+03  -0.513136393268E-09   0.000000000000E+00
   19.   0.493750000000E+03  -0.265885836828E-08   0.000000000000E+00   0.206250000000E+03  -0.106873976742E-08   0.000000000000E+00
   20.   0.487500000000E+03  -0.129493062617E-08   0.000000000000E+00   0.212500000000E+03  -0.544763416753E-09   0.000000000000E+00
   21.   0.481250000000E+03  -0.258874237997E-08   0.000000000000E+00   0.218750000000E+03  -0.113612608434E-08   0.000000000000E+00
   22.   0.475000000000E+03  -0.125618730990E-08   0.000000000000E+00   0.225000000000E+03  -0.575642135996E-09   0.000000000000E+00
   23.   0.468750000000E+03  -0.252024906481E-08   0.000000000000E+00   0.231250000000E+03  -0.120479013410E-08   0.000000000000E+00
   24.   0.462500000000E+03  -0.121578113200E-08   0.000000000000E+00   0.237500000000E+03  -0.605154154720E-09   0.000000000000E+00
   25.   0.456250000000E+03  -0.245432800465E-08   0.000000000000E+00   0.243750000000E+03  -0.127556277514E-08   0.000000000000E+00
   26.   0.450000000000E+03  -0.117259448796E-08   0.000000000000E+00   0.250000000000E+03  -0.632289249411E-09   0.000000000000E+00
   27.   0.443750000000E+03  -0.239240157564E-08   0.000000000000E+00   0.256250000000E+03  -0.134976284427E-08   0.000000000000E+00
   28.   0.437500000000E+03  -0.112419057655E-08   0.000000000000E+00   0.262500000000E+03  -0.654878938642E-09   0.000000000000E+00
   29.   0.431250000000E+03  -0.233727569624E-08   0.000000000000E+00   0.268750000000E+03  -0.142998074692E-08   0.000000000000E+00
   30.   0.425000000000E+03  -0.106801385589E-08   0.000000000000E+00   0.275000000000E+03  -0.670275906707E-09   0.000000000000E+00
   31.   0.418750000000E+03  -0.229012966719E-08   0.000000000000E+00   0.281250000000E+03  -0.151791533912E-08   0.000000000000E+00
   32.   0.412500000000E+03  -0.991578668616E-09   0.000000000000E+00   0.287500000000E+03  -0.667371683228E-09   0.000000000000E+00
   33.   0.406250000000E+03  -0.225308440301E-08   0.000000000000E+00   0.293750000000E+03  -0.161609710465E-08   0.000000000000E+00
   34.   0.400000000000E+03  -0.897176319736E-09   0.000000000000E+00   0.300000000000E+03  -0.645455345913E-09   0.000000000000E+00
   35.   0.393750000000E+03  -0.214510955972E-08   0.000000000000E+00   0.306250000000E+03  -0.165491834479E-08   0.000000000000E+00
   36.   0.387500000000E+03  -0.659451493782E-09   0.000000000000E+00   0.312500000000E+03  -0.491825668472E-09   0.000000000000E+00
   37.   0.381250000000E+03  -0.164918758826E-08   0.000000000000E+00   0.318750000000E+03  -0.133637535413E-08   0.000000000000E+00
   38.   0.375000000000E+03  -0.375635557155E-09   0.000000000000E+00   0.325000000000E+03  -0.276188173930E-09   0.000000000000E+00
   39.   0.368750000000E+03   0.196364511418E-08   0.000000000000E+00   0.331250000000E+03   0.195661772344E-08   0.000000000000E+00
   40.   0.362500000000E+03   0.239114440910E-08   0.000000000000E+00   0.337500000000E+03   0.229631379616E-08   0.000000000000E+00
   41.   0.356250000000E+03   0.204559950482E-07   0.000000000000E+00   0.343750000000E+03   0.202419712654E-07   0.000000000000E+00
   42.   0.350000000000E+03   0.492924151614E-07   0.000000000000E+00   0.350000000000E+03   0.492924159011E-07   0.000000000000E+00
   43.   0.343750000000E+03   0.202419712983E-07   0.000000000000E+00   0.356250000000E+03   0.204559950808E-07   0.000000000000E+00
   44.   0.337500000000E+03   0.229631405443E-08   0.000000000000E+00   0.362500000000E+03   0.239114439672E-08   0.000000000000E+00
   45.   0.331250000000E+03   0.195661777615E-08   0.000000000000E+00   0.368750000000E+03   0.196364523362E-08   0.000000000000E+00
   46.   0.325000000000E+03  -0.276188047978E-09   0.000000000000E+00   0.375000000000E+03  -0.375635356080E-09   0.000000000000E+00
   47.   0.318750000000E+03  -0.133637531083E-08   0.000000000000E+00   0.381250000000E+03  -0.164918741606E-08   0.000000000000E+00
   48.   0.312500000000E+03  -0.491825718200E-09   0.000000000000E+00   0.387500000000E+03  -0.659451461212E-09   0.000000000000E+00
   49.   0.306250000000E+03  -0.165491833094E-08   0.000000000000E+00   0.393750000000E+03  -0.214510952317E-08   0.000000000000E+00
   50.   0.300000000000E+03  -0.645455450426E-09   0.000000000000E+00   0.400000000000E+03  -0.897176320174E-09   0.000000000000E+00
   51.   0.293750000000E+03  -0.161609704862E-08   0.000000000000E+00   0.406250000000E+03  -0.225308444531E-08   0.000000000000E+00
   52.   0.287500000000E+03  -0.667371226355E-09   0.000000000000E+00   0.412500000000E+03  -0.991578534252E-09   0.000000000000E+00
   53.   0.281250000000E+03  -0.151791539176E-08   0.000000000000E+00   0.418750000000E+03  -0.229012957216E-08   0.000000000000E+00
   54.   0.275000000000E+03  -0.670276027022E-09   0.000000000000E+00   0.425000000000E+03  -0.106801353042E-08   0.000000000000E+00
   55.   0.268750000000E+03  -0.142998086987E-08   0.000000000000E+00   0.431250000000E+03  -0.233727552567E-08   0.000000000000E+00
   56.   0.262500000000E+03  -0.654878939695E-09   0.000000000000E+00   0.437500000000E+03  -0.112419044569E-08   0.000000000000E+00
   57.   0.256250000000E+03  -0.134976294365E-08   0.000000000000E+00   0.443750000000E+03  -0.239240159774E-08   0.000000000000E+00
   58.   0.250000000000E+03  -0.632289254237E-09   0.000000000000E+00   0.450000000000E+03  -0.117259466450E-08   0.000000000000E+00
   59.   0.243750000000E+03  -0.127556287602E-08   0.000000000000E+00   0.456250000000E+03  -0.245432789641E-08   0.000000000000E+00
   60.   0.237500000000E+03  -0.605154277992E-09   0.000000000000E+00   0.462500000000E+03  -0.121578126585E-08   0.000000000000E+00
   61.   0.231250000000E+03  -0.120479032934E-08   0.000000000000E+00   0.468750000000E+03  -0.252024877250E-08   0.000000000000E+00
   62.   0.225000000000E+03  -0.575642379670E-09   0.000000000000E+00   0.475000000000E+03  -0.125618744340E-08   0.000000000000E+00
   63.   0.218750000000E+03  -0.113612619430E-08   0.000000000000E+00   0.481250000000E+03  -0.258874234559E-08   0.000000000000E+00
   64.   0.212500000000E+03  -0.544763401826E-09   0.000000000000E+00   0.487500000000E+03  -0.129493062935E-08   0.000000000000E+00
   65.   0.206250000000E+03  -0.106873979955E-08   0.000000000000E+00   0.493750000000E+03  -0.265885848784E-08   0.000000000000E+00
   66.   0.200000000000E+03  -0.513136390375E-09   0.000000000000E+00   0.500000000000E+03  -0.133273285587E-08   0.000000000000E+00
   67.   0.193750000000E+03  -0.100216501990E-08   0.000000000000E+00   0.506250000000E+03  -0.273005289765E-08   0.000000000000E+00
   68.   0.187500000000E+03  -0.481099717735E-09   0.000000000000E+00   0.512500000000E+03  -0.137000008212E-08   0.000000000000E+00
   69.   0.181250000000E+03  -0.936126330089E-09   0.000000000000E+00   0.518750000000E+03  -0.280199669566E-08   0.000000000000E+00
   70.   0.175000000000E+03  -0.448851017976E-09   0.000000000000E+00   0.525000000000E+03  -0.140697993743E-08   0.000000000000E+00
   71.   0.168750000000E+03  -0.870461261819E-09   0.000000000000E+00   0.531250000000E+03  -0.287448313400E-08   0.000000000000E+00
   72.   0.162500000000E+03  -0.416491278785E-09   0.000000000000E+00   0.537500000000E+03  -0.144377761844E-08   0.000000000000E+00
   73.   0.156250000000E+03  -0.805086320646E-09   0.000000000000E+00   0.543750000000E+03  -0.294744233995E-08   0.000000000000E+00
   74.   0.150000000000E+03  -0.384107054423E-09   0.000000000000E+00   0.550000000000E+03  -0.148059426395E-08   0.000000000000E+00
   75.   0.143750000000E+03  -0.739923432121E-09   0.000000000000E+00   0.556250000000E+03  -0.302062866507E-08   0.000000000000E+00
   76.   0.137500000000E+03  -0.351614025536E-09   0.000000000000E+00   0.562500000000E+03  -0.151692940282E-08   0.000000000000E+00
   77.   0.131250000000E+03  -0.675031876370E-09   0.000000000000E+00   0.568750000000E+03  -0.309430922255E-08   0.000000000000E+00
   78.   0.125000000000E+03  -0.319701265474E-09   0.000000000000E+00   0.575000000000E+03  -0.155639451127E-08   0.000000000000E+00
   79.   0.118750000000E+03  -0.609568912605E-09   0.000000000000E+00   0.581250000000E+03  -0.316243133509E-08   0.000000000000E+00
   80.   0.112500000000E+03  -0.287427487446E-09   0.000000000000E+00   0.587500000000E+03  -0.159422379059E-08   0.000000000000E+00
   81.   0.106250000000E+03  -0.547275957029E-09   0.000000000000E+00   0.593750000000E+03  -0.324035789860E-08   0.000000000000E+00
