mode   UX_top        UY_top        UX_bot        UY_bot      (bending: UY_top~UY_bot, UX_top~-UX_bot)
  1.    -0.3365E-11     0.1000E+01     0.3427E-11     0.1000E+01
  2.     0.1828E-04    -0.3731E-03    -0.1828E-04    -0.3731E-03
  3.    -0.1117E-04     0.1077E-03     0.1117E-04     0.1077E-03
  4.    -0.6543E-05     0.4002E-04     0.6543E-05     0.4002E-04
  5.     0.4274E-05    -0.1907E-04    -0.4274E-05    -0.1907E-04
  6.    -0.1021E-04    -0.3274E-07    -0.1021E-04     0.3274E-07
  7.    -0.3146E-05     0.1103E-04     0.3146E-05     0.1103E-04
  8.     0.2471E-05    -0.7131E-05    -0.2471E-05    -0.7131E-05
  9.    -0.6130E-05    -0.6360E-07    -0.6130E-05     0.6360E-07
 10.    -0.2041E-05     0.5003E-05     0.2041E-05     0.5003E-05
 11.     0.1744E-05    -0.3717E-05    -0.1744E-05    -0.3717E-05
 12.    -0.1459E-04     0.5601E-09    -0.1459E-04    -0.5606E-09
 13.    -0.1525E-05     0.2875E-05     0.1525E-05     0.2875E-05
 14.    -0.5891E-05    -0.6613E-07    -0.5891E-05     0.6613E-07
 15.     0.1361E-05    -0.2298E-05    -0.1361E-05    -0.2298E-05
 16.    -0.1250E-05     0.1912E-05     0.1250E-05     0.1912E-05
 17.    -0.1418E-04    -0.2647E-08    -0.1418E-04     0.2647E-08
 18.     0.1129E-05    -0.1577E-05    -0.1129E-05    -0.1577E-05
 19.    -0.5784E-05    -0.6905E-07    -0.5784E-05     0.6905E-07
 20.    -0.1071E-05     0.1375E-05     0.1071E-05     0.1375E-05
