i  r_top  QtopRe  QtopIm  r_bot  QbotRe  QbotIm   [mm, mC]
    1.   0.600000000000E+03  -0.268028816823E-09   0.000000000000E+00   0.100000000000E+03   0.262155970563E-10   0.000000000000E+00
    2.   0.100000000000E+03   0.262155922414E-10   0.000000000000E+00   0.600000000000E+03  -0.268028809863E-09   0.000000000000E+00
    3.   0.599218750000E+03  -0.106949689251E-08   0.000000000000E+00   0.100781250000E+03   0.105627160562E-09   0.000000000000E+00
    4.   0.598437500000E+03  -0.535182625245E-09   0.000000000000E+00   0.101562500000E+03   0.533645823936E-10   0.000000000000E+00
    5.   0.597656250000E+03  -0.106943049270E-08   0.000000000000E+00   0.102343750000E+03   0.107607005096E-09   0.000000000000E+00
    6.   0.596875000000E+03  -0.533547885207E-09   0.000000000000E+00   0.103125000000E+03   0.541683486446E-10   0.000000000000E+00
    7.   0.596093750000E+03  -0.106629031427E-08   0.000000000000E+00   0.103906250000E+03   0.109185556610E-09   0.000000000000E+00
    8.   0.595312500000E+03  -0.531955126964E-09   0.000000000000E+00   0.104687500000E+03   0.549366228247E-10   0.000000000000E+00
    9.   0.594531250000E+03  -0.106199364565E-08   0.000000000000E+00   0.105468750000E+03   0.110575827152E-09   0.000000000000E+00
   10.   0.593750000000E+03  -0.529616338966E-09   0.000000000000E+00   0.106250000000E+03   0.555963760185E-10   0.000000000000E+00
   11.   0.592968750000E+03  -0.105677249781E-08   0.000000000000E+00   0.107031250000E+03   0.111811735769E-09   0.000000000000E+00
   12.   0.592187500000E+03  -0.526880205981E-09   0.000000000000E+00   0.107812500000E+03   0.561876384571E-10   0.000000000000E+00
   13.   0.591406250000E+03  -0.105089713902E-08   0.000000000000E+00   0.108593750000E+03   0.112928146794E-09   0.000000000000E+00
   14.   0.590625000000E+03  -0.523827107212E-09   0.000000000000E+00   0.109375000000E+03   0.567216605569E-10   0.000000000000E+00
   15.   0.589843750000E+03  -0.104452153952E-08   0.000000000000E+00   0.110156250000E+03   0.113946255506E-09   0.000000000000E+00
   16.   0.589062500000E+03  -0.520547019199E-09   0.000000000000E+00   0.110937500000E+03   0.572101003037E-10   0.000000000000E+00
   17.   0.588281250000E+03  -0.103776779553E-08   0.000000000000E+00   0.111718750000E+03   0.114882867677E-09   0.000000000000E+00
   18.   0.587500000000E+03  -0.517095428447E-09   0.000000000000E+00   0.112500000000E+03   0.576605432614E-10   0.000000000000E+00
   19.   0.586718750000E+03  -0.103072349554E-08   0.000000000000E+00   0.113281250000E+03   0.115750385413E-09   0.000000000000E+00
   20.   0.585937500000E+03  -0.513513763923E-09   0.000000000000E+00   0.114062500000E+03   0.580787530732E-10   0.000000000000E+00
   21.   0.585156250000E+03  -0.102345500709E-08   0.000000000000E+00   0.114843750000E+03   0.116558368494E-09   0.000000000000E+00
   22.   0.584375000000E+03  -0.509832316371E-09   0.000000000000E+00   0.115625000000E+03   0.584690790292E-10   0.000000000000E+00
   23.   0.583593750000E+03  -0.101601290106E-08   0.000000000000E+00   0.116406250000E+03   0.117314226318E-09   0.000000000000E+00
   24.   0.582812500000E+03  -0.506074164032E-09   0.000000000000E+00   0.117187500000E+03   0.588348746641E-10   0.000000000000E+00
   25.   0.582031250000E+03  -0.100843660259E-08   0.000000000000E+00   0.117968750000E+03   0.118023795468E-09   0.000000000000E+00
   26.   0.581250000000E+03  -0.502257158565E-09   0.000000000000E+00   0.118750000000E+03   0.591787752785E-10   0.000000000000E+00
   27.   0.580468750000E+03  -0.100075720978E-08   0.000000000000E+00   0.119531250000E+03   0.118691713394E-09   0.000000000000E+00
   28.   0.579687500000E+03  -0.498395309255E-09   0.000000000000E+00   0.120312500000E+03   0.595028577801E-10   0.000000000000E+00
   29.   0.578906250000E+03  -0.992999515048E-09   0.000000000000E+00   0.121093750000E+03   0.119321690445E-09   0.000000000000E+00
   30.   0.578125000000E+03  -0.494499829305E-09   0.000000000000E+00   0.121875000000E+03   0.598087951015E-10   0.000000000000E+00
   31.   0.577343750000E+03  -0.985183450192E-09   0.000000000000E+00   0.122656250000E+03   0.119916710627E-09   0.000000000000E+00
   32.   0.576562500000E+03  -0.490579571700E-09   0.000000000000E+00   0.123437500000E+03   0.600979176857E-10   0.000000000000E+00
   33.   0.575781250000E+03  -0.977325058889E-09   0.000000000000E+00   0.124218750000E+03   0.120479169629E-09   0.000000000000E+00
   34.   0.575000000000E+03  -0.486641773874E-09   0.000000000000E+00   0.125000000000E+03   0.603713013543E-10   0.000000000000E+00
   35.   0.574218750000E+03  -0.969437273841E-09   0.000000000000E+00   0.125781250000E+03   0.121010993589E-09   0.000000000000E+00
   36.   0.573437500000E+03  -0.482692178316E-09   0.000000000000E+00   0.126562500000E+03   0.606297936569E-10   0.000000000000E+00
   37.   0.572656250000E+03  -0.961530495903E-09   0.000000000000E+00   0.127343750000E+03   0.121513724772E-09   0.000000000000E+00
   38.   0.571875000000E+03  -0.478735443539E-09   0.000000000000E+00   0.128125000000E+03   0.608740907303E-10   0.000000000000E+00
   39.   0.571093750000E+03  -0.953613158771E-09   0.000000000000E+00   0.128906250000E+03   0.121988596913E-09   0.000000000000E+00
   40.   0.570312500000E+03  -0.474775334748E-09   0.000000000000E+00   0.129687500000E+03   0.611047326549E-10   0.000000000000E+00
   41.   0.569531250000E+03  -0.945692023035E-09   0.000000000000E+00   0.130468750000E+03   0.122436587506E-09   0.000000000000E+00
   42.   0.568750000000E+03  -0.470814811990E-09   0.000000000000E+00   0.131250000000E+03   0.613221476840E-10   0.000000000000E+00
   43.   0.567968750000E+03  -0.937772534037E-09   0.000000000000E+00   0.132031250000E+03   0.122858474681E-09   0.000000000000E+00
   44.   0.567187500000E+03  -0.466856337926E-09   0.000000000000E+00   0.132812500000E+03   0.615266881469E-10   0.000000000000E+00
   45.   0.566406250000E+03  -0.929859053713E-09   0.000000000000E+00   0.133593750000E+03   0.123254864573E-09   0.000000000000E+00
   46.   0.565625000000E+03  -0.462901852140E-09   0.000000000000E+00   0.134375000000E+03   0.617186087255E-10   0.000000000000E+00
   47.   0.564843750000E+03  -0.921955070123E-09   0.000000000000E+00   0.135156250000E+03   0.123626223328E-09   0.000000000000E+00
   48.   0.564062500000E+03  -0.458952871122E-09   0.000000000000E+00   0.135937500000E+03   0.618981203468E-10   0.000000000000E+00
   49.   0.563281250000E+03  -0.914063411023E-09   0.000000000000E+00   0.136718750000E+03   0.123972916472E-09   0.000000000000E+00
   50.   0.562500000000E+03  -0.455010699545E-09   0.000000000000E+00   0.137500000000E+03   0.620653705539E-10   0.000000000000E+00
   51.   0.561718750000E+03  -0.906186314479E-09   0.000000000000E+00   0.138281250000E+03   0.124295211877E-09   0.000000000000E+00
   52.   0.560937500000E+03  -0.451076285703E-09   0.000000000000E+00   0.139062500000E+03   0.622204859935E-10   0.000000000000E+00
   53.   0.560156250000E+03  -0.898325601864E-09   0.000000000000E+00   0.139843750000E+03   0.124593309955E-09   0.000000000000E+00
   54.   0.559375000000E+03  -0.447150511839E-09   0.000000000000E+00   0.140625000000E+03   0.623635428726E-10   0.000000000000E+00
   55.   0.558593750000E+03  -0.890482737461E-09   0.000000000000E+00   0.141406250000E+03   0.124867353559E-09   0.000000000000E+00
   56.   0.557812500000E+03  -0.443233951898E-09   0.000000000000E+00   0.142187500000E+03   0.624946014670E-10   0.000000000000E+00
   57.   0.557031250000E+03  -0.882658906322E-09   0.000000000000E+00   0.142968750000E+03   0.125117435370E-09   0.000000000000E+00
   58.   0.556250000000E+03  -0.439327205218E-09   0.000000000000E+00   0.143750000000E+03   0.626136965418E-10   0.000000000000E+00
   59.   0.555468750000E+03  -0.874855063775E-09   0.000000000000E+00   0.144531250000E+03   0.125343612030E-09   0.000000000000E+00
   60.   0.554687500000E+03  -0.435430639954E-09   0.000000000000E+00   0.145312500000E+03   0.627208519578E-10   0.000000000000E+00
   61.   0.553906250000E+03  -0.867071993371E-09   0.000000000000E+00   0.146093750000E+03   0.125545910221E-09   0.000000000000E+00
   62.   0.553125000000E+03  -0.431544656403E-09   0.000000000000E+00   0.146875000000E+03   0.628160704062E-10   0.000000000000E+00
   63.   0.552343750000E+03  -0.859310304847E-09   0.000000000000E+00   0.147656250000E+03   0.125724328583E-09   0.000000000000E+00
   64.   0.551562500000E+03  -0.427669477221E-09   0.000000000000E+00   0.148437500000E+03   0.628993443888E-10   0.000000000000E+00
   65.   0.550781250000E+03  -0.851570524111E-09   0.000000000000E+00   0.149218750000E+03   0.125878847511E-09   0.000000000000E+00
   66.   0.550000000000E+03  -0.423805362507E-09   0.000000000000E+00   0.150000000000E+03   0.629706650317E-10   0.000000000000E+00
   67.   0.549218750000E+03  -0.843853094318E-09   0.000000000000E+00   0.150781250000E+03   0.126009432378E-09   0.000000000000E+00
   68.   0.548437500000E+03  -0.419952549440E-09   0.000000000000E+00   0.151562500000E+03   0.630300072441E-10   0.000000000000E+00
   69.   0.547656250000E+03  -0.836158343885E-09   0.000000000000E+00   0.152343750000E+03   0.126116030575E-09   0.000000000000E+00
   70.   0.546875000000E+03  -0.416111147628E-09   0.000000000000E+00   0.153125000000E+03   0.630773421011E-10   0.000000000000E+00
   71.   0.546093750000E+03  -0.828486576011E-09   0.000000000000E+00   0.153906250000E+03   0.126198583762E-09   0.000000000000E+00
   72.   0.545312500000E+03  -0.412281300850E-09   0.000000000000E+00   0.154687500000E+03   0.631126382475E-10   0.000000000000E+00
   73.   0.544531250000E+03  -0.820838071116E-09   0.000000000000E+00   0.155468750000E+03   0.126257021716E-09   0.000000000000E+00
   74.   0.543750000000E+03  -0.408463161217E-09   0.000000000000E+00   0.156250000000E+03   0.631358593957E-10   0.000000000000E+00
   75.   0.542968750000E+03  -0.813213053382E-09   0.000000000000E+00   0.157031250000E+03   0.126291269363E-09   0.000000000000E+00
   76.   0.542187500000E+03  -0.404656780799E-09   0.000000000000E+00   0.157812500000E+03   0.631469662494E-10   0.000000000000E+00
   77.   0.541406250000E+03  -0.805611690192E-09   0.000000000000E+00   0.158593750000E+03   0.126301246923E-09   0.000000000000E+00
   78.   0.540625000000E+03  -0.400862293816E-09   0.000000000000E+00   0.159375000000E+03   0.631459142620E-10   0.000000000000E+00
   79.   0.539843750000E+03  -0.798034165328E-09   0.000000000000E+00   0.160156250000E+03   0.126286864886E-09   0.000000000000E+00
   80.   0.539062500000E+03  -0.397079760331E-09   0.000000000000E+00   0.160937500000E+03   0.631326626430E-10   0.000000000000E+00
   81.   0.538281250000E+03  -0.790480609552E-09   0.000000000000E+00   0.161718750000E+03   0.126248028624E-09   0.000000000000E+00
   82.   0.537500000000E+03  -0.393309235015E-09   0.000000000000E+00   0.162500000000E+03   0.631071572578E-10   0.000000000000E+00
   83.   0.536718750000E+03  -0.782951190796E-09   0.000000000000E+00   0.163281250000E+03   0.126184645473E-09   0.000000000000E+00
   84.   0.535937500000E+03  -0.389550848706E-09   0.000000000000E+00   0.164062500000E+03   0.630693627356E-10   0.000000000000E+00
   85.   0.535156250000E+03  -0.775446025731E-09   0.000000000000E+00   0.164843750000E+03   0.126096620583E-09   0.000000000000E+00
   86.   0.534375000000E+03  -0.385804621088E-09   0.000000000000E+00   0.165625000000E+03   0.630192188614E-10   0.000000000000E+00
   87.   0.533593750000E+03  -0.767965241756E-09   0.000000000000E+00   0.166406250000E+03   0.125983851670E-09   0.000000000000E+00
   88.   0.532812500000E+03  -0.382070573997E-09   0.000000000000E+00   0.167187500000E+03   0.629566787121E-10   0.000000000000E+00
   89.   0.532031250000E+03  -0.760508961657E-09   0.000000000000E+00   0.167968750000E+03   0.125846238466E-09   0.000000000000E+00
   90.   0.531250000000E+03  -0.378348817945E-09   0.000000000000E+00   0.168750000000E+03   0.628816908873E-10   0.000000000000E+00
   91.   0.530468750000E+03  -0.753077274668E-09   0.000000000000E+00   0.169531250000E+03   0.125683677239E-09   0.000000000000E+00
   92.   0.529687500000E+03  -0.374639390998E-09   0.000000000000E+00   0.170312500000E+03   0.627942046386E-10   0.000000000000E+00
   93.   0.528906250000E+03  -0.745670303737E-09   0.000000000000E+00   0.171093750000E+03   0.125496062587E-09   0.000000000000E+00
   94.   0.528125000000E+03  -0.370942349636E-09   0.000000000000E+00   0.171875000000E+03   0.626941639635E-10   0.000000000000E+00
   95.   0.527343750000E+03  -0.738288158162E-09   0.000000000000E+00   0.172656250000E+03   0.125283289161E-09   0.000000000000E+00
   96.   0.526562500000E+03  -0.367257723589E-09   0.000000000000E+00   0.173437500000E+03   0.625815212296E-10   0.000000000000E+00
   97.   0.525781250000E+03  -0.730930935347E-09   0.000000000000E+00   0.174218750000E+03   0.125045249455E-09   0.000000000000E+00
   98.   0.525000000000E+03  -0.363585597349E-09   0.000000000000E+00   0.175000000000E+03   0.624562176081E-10   0.000000000000E+00
   99.   0.524218750000E+03  -0.723598734177E-09   0.000000000000E+00   0.175781250000E+03   0.124781838259E-09   0.000000000000E+00
  100.   0.523437500000E+03  -0.359926014108E-09   0.000000000000E+00   0.176562500000E+03   0.623182043714E-10   0.000000000000E+00
  101.   0.522656250000E+03  -0.716291655426E-09   0.000000000000E+00   0.177343750000E+03   0.124492945184E-09   0.000000000000E+00
  102.   0.521875000000E+03  -0.356278994985E-09   0.000000000000E+00   0.178125000000E+03   0.621674201265E-10   0.000000000000E+00
  103.   0.521093750000E+03  -0.709009805943E-09   0.000000000000E+00   0.178906250000E+03   0.124178460139E-09   0.000000000000E+00
  104.   0.520312500000E+03  -0.352644632914E-09   0.000000000000E+00   0.179687500000E+03   0.620038136959E-10   0.000000000000E+00
  105.   0.519531250000E+03  -0.701753280678E-09   0.000000000000E+00   0.180468750000E+03   0.123838276774E-09   0.000000000000E+00
  106.   0.518750000000E+03  -0.349022962979E-09   0.000000000000E+00   0.181250000000E+03   0.618273281655E-10   0.000000000000E+00
  107.   0.517968750000E+03  -0.694522191480E-09   0.000000000000E+00   0.182031250000E+03   0.123472280325E-09   0.000000000000E+00
  108.   0.517187500000E+03  -0.345414040686E-09   0.000000000000E+00   0.182812500000E+03   0.616379136548E-10   0.000000000000E+00
  109.   0.516406250000E+03  -0.687316628324E-09   0.000000000000E+00   0.183593750000E+03   0.123080363561E-09   0.000000000000E+00
  110.   0.515625000000E+03  -0.341817896918E-09   0.000000000000E+00   0.184375000000E+03   0.614355122585E-10   0.000000000000E+00
  111.   0.514843750000E+03  -0.680136698623E-09   0.000000000000E+00   0.185156250000E+03   0.122662416016E-09   0.000000000000E+00
  112.   0.514062500000E+03  -0.338234586574E-09   0.000000000000E+00   0.185937500000E+03   0.612200650144E-10   0.000000000000E+00
  113.   0.513281250000E+03  -0.672982509503E-09   0.000000000000E+00   0.186718750000E+03   0.122218326201E-09   0.000000000000E+00
  114.   0.512500000000E+03  -0.334664167177E-09   0.000000000000E+00   0.187500000000E+03   0.609915189317E-10   0.000000000000E+00
  115.   0.511718750000E+03  -0.665854161228E-09   0.000000000000E+00   0.188281250000E+03   0.121747983085E-09   0.000000000000E+00
  116.   0.510937500000E+03  -0.331106723823E-09   0.000000000000E+00   0.189062500000E+03   0.607498228514E-10   0.000000000000E+00
  117.   0.510156250000E+03  -0.658751758424E-09   0.000000000000E+00   0.189843750000E+03   0.121251271534E-09   0.000000000000E+00
  118.   0.509375000000E+03  -0.327562232931E-09   0.000000000000E+00   0.190625000000E+03   0.604949136529E-10   0.000000000000E+00
  119.   0.508593750000E+03  -0.651675414245E-09   0.000000000000E+00   0.191406250000E+03   0.120728082380E-09   0.000000000000E+00
  120.   0.507812500000E+03  -0.324030822588E-09   0.000000000000E+00   0.192187500000E+03   0.602267366385E-10   0.000000000000E+00
  121.   0.507031250000E+03  -0.644625234154E-09   0.000000000000E+00   0.192968750000E+03   0.120178300512E-09   0.000000000000E+00
  122.   0.506250000000E+03  -0.320512520919E-09   0.000000000000E+00   0.193750000000E+03   0.599452400015E-10   0.000000000000E+00
  123.   0.505468750000E+03  -0.637601313110E-09   0.000000000000E+00   0.194531250000E+03   0.119601816831E-09   0.000000000000E+00
  124.   0.504687500000E+03  -0.317007370535E-09   0.000000000000E+00   0.195312500000E+03   0.596503617085E-10   0.000000000000E+00
  125.   0.503906250000E+03  -0.630603761808E-09   0.000000000000E+00   0.196093750000E+03   0.118998518314E-09   0.000000000000E+00
  126.   0.503125000000E+03  -0.313515442549E-09   0.000000000000E+00   0.196875000000E+03   0.593420473949E-10   0.000000000000E+00
  127.   0.502343750000E+03  -0.623632715494E-09   0.000000000000E+00   0.197656250000E+03   0.118368290829E-09   0.000000000000E+00
  128.   0.501562500000E+03  -0.310036784539E-09   0.000000000000E+00   0.198437500000E+03   0.590202445145E-10   0.000000000000E+00
  129.   0.500781250000E+03  -0.616688248361E-09   0.000000000000E+00   0.199218750000E+03   0.117711021932E-09   0.000000000000E+00
  130.   0.500000000000E+03  -0.306571439628E-09   0.000000000000E+00   0.200000000000E+03   0.586848912978E-10   0.000000000000E+00
  131.   0.499218750000E+03  -0.609770483962E-09   0.000000000000E+00   0.200781250000E+03   0.117026599564E-09   0.000000000000E+00
  132.   0.498437500000E+03  -0.303119470848E-09   0.000000000000E+00   0.201562500000E+03   0.583359356868E-10   0.000000000000E+00
  133.   0.497656250000E+03  -0.602879535361E-09   0.000000000000E+00   0.202343750000E+03   0.116314912432E-09   0.000000000000E+00
  134.   0.496875000000E+03  -0.299680948484E-09   0.000000000000E+00   0.203125000000E+03   0.579733179158E-10   0.000000000000E+00
  135.   0.496093750000E+03  -0.596015514212E-09   0.000000000000E+00   0.203906250000E+03   0.115575848356E-09   0.000000000000E+00
  136.   0.495312500000E+03  -0.296255900344E-09   0.000000000000E+00   0.204687500000E+03   0.575969869102E-10   0.000000000000E+00
  137.   0.494531250000E+03  -0.589178526682E-09   0.000000000000E+00   0.205468750000E+03   0.114809290073E-09   0.000000000000E+00
  138.   0.493750000000E+03  -0.292844405565E-09   0.000000000000E+00   0.206250000000E+03   0.572068817785E-10   0.000000000000E+00
  139.   0.492968750000E+03  -0.582368701673E-09   0.000000000000E+00   0.207031250000E+03   0.114015126612E-09   0.000000000000E+00
  140.   0.492187500000E+03  -0.289446524050E-09   0.000000000000E+00   0.207812500000E+03   0.568029440239E-10   0.000000000000E+00
  141.   0.491406250000E+03  -0.575586145447E-09   0.000000000000E+00   0.208593750000E+03   0.113193244324E-09   0.000000000000E+00
  142.   0.490625000000E+03  -0.286062303391E-09   0.000000000000E+00   0.209375000000E+03   0.563851189422E-10   0.000000000000E+00
  143.   0.489843750000E+03  -0.568830965794E-09   0.000000000000E+00   0.210156250000E+03   0.112343530983E-09   0.000000000000E+00
  144.   0.489062500000E+03  -0.282691786317E-09   0.000000000000E+00   0.210937500000E+03   0.559533525126E-10   0.000000000000E+00
  145.   0.488281250000E+03  -0.562103284739E-09   0.000000000000E+00   0.211718750000E+03   0.111465874280E-09   0.000000000000E+00
  146.   0.487500000000E+03  -0.279335062489E-09   0.000000000000E+00   0.212500000000E+03   0.555075867197E-10   0.000000000000E+00
  147.   0.486718750000E+03  -0.555403212370E-09   0.000000000000E+00   0.213281250000E+03   0.110560159725E-09   0.000000000000E+00
  148.   0.485937500000E+03  -0.275992156354E-09   0.000000000000E+00   0.214062500000E+03   0.550477662805E-10   0.000000000000E+00
  149.   0.485156250000E+03  -0.548730876326E-09   0.000000000000E+00   0.214843750000E+03   0.109626276155E-09   0.000000000000E+00
  150.   0.484375000000E+03  -0.272663164717E-09   0.000000000000E+00   0.215625000000E+03   0.545738349474E-10   0.000000000000E+00
  151.   0.483593750000E+03  -0.542086391958E-09   0.000000000000E+00   0.216406250000E+03   0.108664110579E-09   0.000000000000E+00
  152.   0.482812500000E+03  -0.269348121006E-09   0.000000000000E+00   0.217187500000E+03   0.540857341929E-10   0.000000000000E+00
  153.   0.482031250000E+03  -0.535469880302E-09   0.000000000000E+00   0.217968750000E+03   0.107673548539E-09   0.000000000000E+00
  154.   0.481250000000E+03  -0.266047076607E-09   0.000000000000E+00   0.218750000000E+03   0.535834049537E-10   0.000000000000E+00
  155.   0.480468750000E+03  -0.528881446942E-09   0.000000000000E+00   0.219531250000E+03   0.106654481160E-09   0.000000000000E+00
  156.   0.479687500000E+03  -0.262760113089E-09   0.000000000000E+00   0.220312500000E+03   0.530667960326E-10   0.000000000000E+00
  157.   0.478906250000E+03  -0.522321228075E-09   0.000000000000E+00   0.221093750000E+03   0.105606796375E-09   0.000000000000E+00
  158.   0.478125000000E+03  -0.259487284559E-09   0.000000000000E+00   0.221875000000E+03   0.525358532411E-10   0.000000000000E+00
  159.   0.477343750000E+03  -0.515789337759E-09   0.000000000000E+00   0.222656250000E+03   0.104530379905E-09   0.000000000000E+00
  160.   0.476562500000E+03  -0.256228641219E-09   0.000000000000E+00   0.223437500000E+03   0.519905152844E-10   0.000000000000E+00
  161.   0.475781250000E+03  -0.509285888008E-09   0.000000000000E+00   0.224218750000E+03   0.103425118662E-09   0.000000000000E+00
  162.   0.475000000000E+03  -0.252984249570E-09   0.000000000000E+00   0.225000000000E+03   0.514307294947E-10   0.000000000000E+00
  163.   0.474218750000E+03  -0.502811000822E-09   0.000000000000E+00   0.225781250000E+03   0.102290903618E-09   0.000000000000E+00
  164.   0.473437500000E+03  -0.249754176256E-09   0.000000000000E+00   0.226562500000E+03   0.508564430892E-10   0.000000000000E+00
  165.   0.472656250000E+03  -0.496364791509E-09   0.000000000000E+00   0.227343750000E+03   0.101127622692E-09   0.000000000000E+00
  166.   0.471875000000E+03  -0.246538466814E-09   0.000000000000E+00   0.228125000000E+03   0.502675935380E-10   0.000000000000E+00
  167.   0.471093750000E+03  -0.489947380266E-09   0.000000000000E+00   0.228906250000E+03   0.999351657894E-10   0.000000000000E+00
  168.   0.470312500000E+03  -0.243337184371E-09   0.000000000000E+00   0.229687500000E+03   0.496641305922E-10   0.000000000000E+00
  169.   0.469531250000E+03  -0.483558898944E-09   0.000000000000E+00   0.230468750000E+03   0.987134213424E-10   0.000000000000E+00
  170.   0.468750000000E+03  -0.240150403354E-09   0.000000000000E+00   0.231250000000E+03   0.490459965877E-10   0.000000000000E+00
  171.   0.467968750000E+03  -0.477199463014E-09   0.000000000000E+00   0.232031250000E+03   0.974622796731E-10   0.000000000000E+00
  172.   0.467187500000E+03  -0.236978169308E-09   0.000000000000E+00   0.232812500000E+03   0.484131353966E-10   0.000000000000E+00
  173.   0.466406250000E+03  -0.470869196128E-09   0.000000000000E+00   0.233593750000E+03   0.961816309221E-10   0.000000000000E+00
  174.   0.465625000000E+03  -0.233820547556E-09   0.000000000000E+00   0.234375000000E+03   0.477654976321E-10   0.000000000000E+00
  175.   0.464843750000E+03  -0.464568207969E-09   0.000000000000E+00   0.235156250000E+03   0.948713674986E-10   0.000000000000E+00
  176.   0.464062500000E+03  -0.230677583600E-09   0.000000000000E+00   0.235937500000E+03   0.471030238367E-10   0.000000000000E+00
  177.   0.463281250000E+03  -0.458296626611E-09   0.000000000000E+00   0.236718750000E+03   0.935313821502E-10   0.000000000000E+00
  178.   0.462500000000E+03  -0.227549365213E-09   0.000000000000E+00   0.237500000000E+03   0.464256630538E-10   0.000000000000E+00
  179.   0.461718750000E+03  -0.452054557403E-09   0.000000000000E+00   0.238281250000E+03   0.921615660188E-10   0.000000000000E+00
  180.   0.460937500000E+03  -0.224435927552E-09   0.000000000000E+00   0.239062500000E+03   0.457333621130E-10   0.000000000000E+00
  181.   0.460156250000E+03  -0.445842119958E-09   0.000000000000E+00   0.239843750000E+03   0.907618182195E-10   0.000000000000E+00
  182.   0.459375000000E+03  -0.221337329870E-09   0.000000000000E+00   0.240625000000E+03   0.450260692279E-10   0.000000000000E+00
  183.   0.458593750000E+03  -0.439659432343E-09   0.000000000000E+00   0.241406250000E+03   0.893320325289E-10   0.000000000000E+00
  184.   0.457812500000E+03  -0.218253629758E-09   0.000000000000E+00   0.242187500000E+03   0.443037364528E-10   0.000000000000E+00
  185.   0.457031250000E+03  -0.433506602621E-09   0.000000000000E+00   0.242968750000E+03   0.878721059162E-10   0.000000000000E+00
  186.   0.456250000000E+03  -0.215184893703E-09   0.000000000000E+00   0.243750000000E+03   0.435663085024E-10   0.000000000000E+00
  187.   0.455468750000E+03  -0.427383736883E-09   0.000000000000E+00   0.244531250000E+03   0.863819440727E-10   0.000000000000E+00
  188.   0.454687500000E+03  -0.212131164350E-09   0.000000000000E+00   0.245312500000E+03   0.428137378025E-10   0.000000000000E+00
  189.   0.453906250000E+03  -0.421290951261E-09   0.000000000000E+00   0.246093750000E+03   0.848614499340E-10   0.000000000000E+00
  190.   0.453125000000E+03  -0.209092501480E-09   0.000000000000E+00   0.246875000000E+03   0.420459794905E-10   0.000000000000E+00
  191.   0.452343750000E+03  -0.415228347647E-09   0.000000000000E+00   0.247656250000E+03   0.833105323911E-10   0.000000000000E+00
  192.   0.451562500000E+03  -0.206068946968E-09   0.000000000000E+00   0.248437500000E+03   0.412629875137E-10   0.000000000000E+00
  193.   0.450781250000E+03  -0.409196001868E-09   0.000000000000E+00   0.249218750000E+03   0.817291038872E-10   0.000000000000E+00
  194.   0.450000000000E+03  -0.203060541991E-09   0.000000000000E+00   0.250000000000E+03   0.404647204214E-10   0.000000000000E+00
  195.   0.449218750000E+03  -0.403194008221E-09   0.000000000000E+00   0.250781250000E+03   0.801170845661E-10   0.000000000000E+00
  196.   0.448437500000E+03  -0.200067340171E-09   0.000000000000E+00   0.251562500000E+03   0.396511366702E-10   0.000000000000E+00
  197.   0.447656250000E+03  -0.397222454289E-09   0.000000000000E+00   0.252343750000E+03   0.784744023404E-10   0.000000000000E+00
  198.   0.446875000000E+03  -0.197089363720E-09   0.000000000000E+00   0.253125000000E+03   0.388222116182E-10   0.000000000000E+00
  199.   0.446093750000E+03  -0.391281391626E-09   0.000000000000E+00   0.253906250000E+03   0.768009938274E-10   0.000000000000E+00
  200.   0.445312500000E+03  -0.194126648733E-09   0.000000000000E+00   0.254687500000E+03   0.379779064461E-10   0.000000000000E+00
  201.   0.444531250000E+03  -0.385370879667E-09   0.000000000000E+00   0.255468750000E+03   0.750968094818E-10   0.000000000000E+00
  202.   0.443750000000E+03  -0.191179239752E-09   0.000000000000E+00   0.256250000000E+03   0.371182041331E-10   0.000000000000E+00
  203.   0.442968750000E+03  -0.379490957899E-09   0.000000000000E+00   0.257031250000E+03   0.733618160763E-10   0.000000000000E+00
  204.   0.442187500000E+03  -0.188247101029E-09   0.000000000000E+00   0.257812500000E+03   0.362430899903E-10   0.000000000000E+00
  205.   0.441406250000E+03  -0.373641625839E-09   0.000000000000E+00   0.258593750000E+03   0.715959954206E-10   0.000000000000E+00
  206.   0.440625000000E+03  -0.185330264131E-09   0.000000000000E+00   0.259375000000E+03   0.353525645100E-10   0.000000000000E+00
  207.   0.439843750000E+03  -0.367822861928E-09   0.000000000000E+00   0.260156250000E+03   0.697993548742E-10   0.000000000000E+00
  208.   0.439062500000E+03  -0.182428702130E-09   0.000000000000E+00   0.260937500000E+03   0.344466334079E-10   0.000000000000E+00
  209.   0.438281250000E+03  -0.362034623732E-09   0.000000000000E+00   0.261718750000E+03   0.679719344744E-10   0.000000000000E+00
  210.   0.437500000000E+03  -0.179542386231E-09   0.000000000000E+00   0.262500000000E+03   0.335253278507E-10   0.000000000000E+00
  211.   0.436718750000E+03  -0.356276806176E-09   0.000000000000E+00   0.263281250000E+03   0.661138107321E-10   0.000000000000E+00
  212.   0.435937500000E+03  -0.176671244667E-09   0.000000000000E+00   0.264062500000E+03   0.325886983341E-10   0.000000000000E+00
  213.   0.435156250000E+03  -0.350549239445E-09   0.000000000000E+00   0.264843750000E+03   0.642251056037E-10   0.000000000000E+00
  214.   0.434375000000E+03  -0.173815183090E-09   0.000000000000E+00   0.265625000000E+03   0.316368151809E-10   0.000000000000E+00
  215.   0.433593750000E+03  -0.344851705015E-09   0.000000000000E+00   0.266406250000E+03   0.623060026489E-10   0.000000000000E+00
  216.   0.432812500000E+03  -0.170974074882E-09   0.000000000000E+00   0.267187500000E+03   0.306697862942E-10   0.000000000000E+00
  217.   0.432031250000E+03  -0.339183890140E-09   0.000000000000E+00   0.267968750000E+03   0.603567585805E-10   0.000000000000E+00
  218.   0.431250000000E+03  -0.168147719338E-09   0.000000000000E+00   0.268750000000E+03   0.296877635240E-10   0.000000000000E+00
  219.   0.430468750000E+03  -0.333545364896E-09   0.000000000000E+00   0.269531250000E+03   0.583777231847E-10   0.000000000000E+00
  220.   0.429687500000E+03  -0.165335898986E-09   0.000000000000E+00   0.270312500000E+03   0.286909460411E-10   0.000000000000E+00
  221.   0.428906250000E+03  -0.327935571888E-09   0.000000000000E+00   0.271093750000E+03   0.563693657206E-10   0.000000000000E+00
  222.   0.428125000000E+03  -0.162538284061E-09   0.000000000000E+00   0.271875000000E+03   0.276796035429E-10   0.000000000000E+00
  223.   0.427343750000E+03  -0.322353780288E-09   0.000000000000E+00   0.272656250000E+03   0.543323020700E-10   0.000000000000E+00
  224.   0.426562500000E+03  -0.159754445661E-09   0.000000000000E+00   0.273437500000E+03   0.266540838867E-10   0.000000000000E+00
  225.   0.425781250000E+03  -0.316799037113E-09   0.000000000000E+00   0.274218750000E+03   0.522673327482E-10   0.000000000000E+00
  226.   0.425000000000E+03  -0.156983876184E-09   0.000000000000E+00   0.275000000000E+03   0.256148370604E-10   0.000000000000E+00
  227.   0.424218750000E+03  -0.311270125504E-09   0.000000000000E+00   0.275781250000E+03   0.501754909368E-10   0.000000000000E+00
  228.   0.423437500000E+03  -0.154225867524E-09   0.000000000000E+00   0.276562500000E+03   0.245624459055E-10   0.000000000000E+00
  229.   0.422656250000E+03  -0.305765496812E-09   0.000000000000E+00   0.277343750000E+03   0.480581028590E-10   0.000000000000E+00
  230.   0.421875000000E+03  -0.151479581503E-09   0.000000000000E+00   0.278125000000E+03   0.234976549291E-10   0.000000000000E+00
  231.   0.421093750000E+03  -0.300283170798E-09   0.000000000000E+00   0.278906250000E+03   0.459168588682E-10   0.000000000000E+00
  232.   0.420312500000E+03  -0.148743895031E-09   0.000000000000E+00   0.279687500000E+03   0.224214096046E-10   0.000000000000E+00
  233.   0.419531250000E+03  -0.294820672687E-09   0.000000000000E+00   0.280468750000E+03   0.437539097944E-10   0.000000000000E+00
  234.   0.418750000000E+03  -0.146017415564E-09   0.000000000000E+00   0.281250000000E+03   0.213349137499E-10   0.000000000000E+00
  235.   0.417968750000E+03  -0.289374850201E-09   0.000000000000E+00   0.282031250000E+03   0.415719832004E-10   0.000000000000E+00
  236.   0.417187500000E+03  -0.143298402167E-09   0.000000000000E+00   0.282812500000E+03   0.202396930229E-10   0.000000000000E+00
  237.   0.416406250000E+03  -0.283941736489E-09   0.000000000000E+00   0.283593750000E+03   0.393745339374E-10   0.000000000000E+00
  238.   0.415625000000E+03  -0.140584632416E-09   0.000000000000E+00   0.284375000000E+03   0.191376760622E-10   0.000000000000E+00
  239.   0.414843750000E+03  -0.278516348264E-09   0.000000000000E+00   0.285156250000E+03   0.371659235867E-10   0.000000000000E+00
  240.   0.414062500000E+03  -0.137873334762E-09   0.000000000000E+00   0.285937500000E+03   0.180312971080E-10   0.000000000000E+00
  241.   0.413281250000E+03  -0.273092423372E-09   0.000000000000E+00   0.286718750000E+03   0.349516589547E-10   0.000000000000E+00
  242.   0.412500000000E+03  -0.135161024123E-09   0.000000000000E+00   0.287500000000E+03   0.169236263459E-10   0.000000000000E+00
  243.   0.411718750000E+03  -0.267662110363E-09   0.000000000000E+00   0.288281250000E+03   0.327386801819E-10   0.000000000000E+00
  244.   0.410937500000E+03  -0.132443351632E-09   0.000000000000E+00   0.289062500000E+03   0.158185325281E-10   0.000000000000E+00
  245.   0.410156250000E+03  -0.262215558564E-09   0.000000000000E+00   0.289843750000E+03   0.305357284910E-10   0.000000000000E+00
  246.   0.409375000000E+03  -0.129714806442E-09   0.000000000000E+00   0.290625000000E+03   0.147208887420E-10   0.000000000000E+00
  247.   0.408593750000E+03  -0.256740427040E-09   0.000000000000E+00   0.291406250000E+03   0.283538066000E-10   0.000000000000E+00
  248.   0.407812500000E+03  -0.126968538491E-09   0.000000000000E+00   0.292187500000E+03   0.136368253282E-10   0.000000000000E+00
  249.   0.407031250000E+03  -0.251221267788E-09   0.000000000000E+00   0.292968750000E+03   0.262067552309E-10   0.000000000000E+00
  250.   0.406250000000E+03  -0.124195963959E-09   0.000000000000E+00   0.293750000000E+03   0.125740516592E-10   0.000000000000E+00
  251.   0.405468750000E+03  -0.245638735432E-09   0.000000000000E+00   0.294531250000E+03   0.241119793118E-10   0.000000000000E+00
  252.   0.404687500000E+03  -0.121386328589E-09   0.000000000000E+00   0.295312500000E+03   0.115422613985E-10   0.000000000000E+00
  253.   0.403906250000E+03  -0.239968616832E-09   0.000000000000E+00   0.296093750000E+03   0.220913585232E-10   0.000000000000E+00
  254.   0.403125000000E+03  -0.118526176236E-09   0.000000000000E+00   0.296875000000E+03   0.105536401751E-10   0.000000000000E+00
  255.   0.402343750000E+03  -0.234180627250E-09   0.000000000000E+00   0.297656250000E+03   0.201723902000E-10   0.000000000000E+00
  256.   0.401562500000E+03  -0.115598673530E-09   0.000000000000E+00   0.298437500000E+03   0.962349827239E-11   0.000000000000E+00
  257.   0.400781250000E+03  -0.228236881014E-09   0.000000000000E+00   0.299218750000E+03   0.183896247389E-10   0.000000000000E+00
  258.   0.400000000000E+03  -0.112582765292E-09   0.000000000000E+00   0.300000000000E+03   0.877107313795E-11   0.000000000000E+00
  259.   0.399218750000E+03  -0.222090001835E-09   0.000000000000E+00   0.300781250000E+03   0.167864650028E-10   0.000000000000E+00
  260.   0.398437500000E+03  -0.109452131731E-09   0.000000000000E+00   0.301562500000E+03   0.802052929609E-11   0.000000000000E+00
  261.   0.397656250000E+03  -0.215680748350E-09   0.000000000000E+00   0.302343750000E+03   0.154174302170E-10   0.000000000000E+00
  262.   0.396875000000E+03  -0.106173863607E-09   0.000000000000E+00   0.303125000000E+03   0.740221922947E-11   0.000000000000E+00
  263.   0.396093750000E+03  -0.208935037005E-09   0.000000000000E+00   0.303906250000E+03   0.143509940337E-10   0.000000000000E+00
  264.   0.395312500000E+03  -0.102706790917E-09   0.000000000000E+00   0.304687500000E+03   0.695426088246E-11   0.000000000000E+00
  265.   0.394531250000E+03  -0.201760258681E-09   0.000000000000E+00   0.305468750000E+03   0.136731479382E-10   0.000000000000E+00
  266.   0.393750000000E+03  -0.989994729749E-10   0.000000000000E+00   0.306250000000E+03   0.672452375755E-11   0.000000000000E+00
  267.   0.392968750000E+03  -0.194040641112E-09   0.000000000000E+00   0.307031250000E+03   0.134918771413E-10   0.000000000000E+00
  268.   0.392187500000E+03  -0.949875830799E-10   0.000000000000E+00   0.307812500000E+03   0.677311855626E-11   0.000000000000E+00
  269.   0.391406250000E+03  -0.185631446143E-09   0.000000000000E+00   0.308593750000E+03   0.139427778798E-10   0.000000000000E+00
  270.   0.390625000000E+03  -0.905907106784E-10   0.000000000000E+00   0.309375000000E+03   0.717552459037E-11   0.000000000000E+00
  271.   0.389843750000E+03  -0.176351753949E-09   0.000000000000E+00   0.310156250000E+03   0.151961092979E-10   0.000000000000E+00
  272.   0.389062500000E+03  -0.857083632993E-10   0.000000000000E+00   0.310937500000E+03   0.802651470836E-11   0.000000000000E+00
  273.   0.388281250000E+03  -0.165975417714E-09   0.000000000000E+00   0.311718750000E+03   0.174656493164E-10   0.000000000000E+00
  274.   0.387500000000E+03  -0.802148904451E-10   0.000000000000E+00   0.312500000000E+03   0.944508480580E-11   0.000000000000E+00
  275.   0.386718750000E+03  -0.154219759120E-09   0.000000000000E+00   0.313281250000E+03   0.210198136361E-10   0.000000000000E+00
  276.   0.385937500000E+03  -0.739532719526E-10   0.000000000000E+00   0.314062500000E+03   0.115806419621E-10   0.000000000000E+00
  277.   0.385156250000E+03  -0.140731430318E-09   0.000000000000E+00   0.314843750000E+03   0.261956179272E-10   0.000000000000E+00
  278.   0.384375000000E+03  -0.667272090117E-10   0.000000000000E+00   0.315625000000E+03   0.146207770487E-10   0.000000000000E+00
  279.   0.383593750000E+03  -0.125068749909E-09   0.000000000000E+00   0.316406250000E+03   0.334162153176E-10   0.000000000000E+00
  280.   0.382812500000E+03  -0.582913324602E-10   0.000000000000E+00   0.317187500000E+03   0.188010274563E-10   0.000000000000E+00
  281.   0.382031250000E+03  -0.106679599636E-09   0.000000000000E+00   0.317968750000E+03   0.432129284386E-10   0.000000000000E+00
  282.   0.381250000000E+03  -0.483389356180E-10   0.000000000000E+00   0.318750000000E+03   0.244171405614E-10   0.000000000000E+00
  283.   0.380468750000E+03  -0.848737701696E-10   0.000000000000E+00   0.319531250000E+03   0.562529402204E-10   0.000000000000E+00
  284.   0.379687500000E+03  -0.364865878343E-10   0.000000000000E+00   0.320312500000E+03   0.318404927418E-10   0.000000000000E+00
  285.   0.378906250000E+03  -0.587883190266E-10   0.000000000000E+00   0.321093750000E+03   0.733741214388E-10   0.000000000000E+00
  286.   0.378125000000E+03  -0.222548618447E-10   0.000000000000E+00   0.321875000000E+03   0.415374844131E-10   0.000000000000E+00
  287.   0.377343750000E+03  -0.273441485895E-10   0.000000000000E+00   0.322656250000E+03   0.956288819809E-10   0.000000000000E+00
  288.   0.376562500000E+03  -0.504423886444E-11   0.000000000000E+00   0.323437500000E+03   0.540939760510E-10   0.000000000000E+00
  289.   0.375781250000E+03   0.108085419702E-10   0.000000000000E+00   0.324218750000E+03   0.124339482088E-09   0.000000000000E+00
  290.   0.375000000000E+03   0.158953053232E-10   0.000000000000E+00   0.325000000000E+03   0.702461278110E-10   0.000000000000E+00
  291.   0.374218750000E+03   0.573589843736E-10   0.000000000000E+00   0.325781250000E+03   0.161168002552E-09   0.000000000000E+00
  292.   0.373437500000E+03   0.415026023144E-10   0.000000000000E+00   0.326562500000E+03   0.909194925272E-10   0.000000000000E+00
  293.   0.372656250000E+03   0.114422894024E-09   0.000000000000E+00   0.327343750000E+03   0.208205282208E-09   0.000000000000E+00
  294.   0.371875000000E+03   0.729539750291E-10   0.000000000000E+00   0.328125000000E+03   0.117278830583E-09   0.000000000000E+00
  295.   0.371093750000E+03   0.184653537728E-09   0.000000000000E+00   0.328906250000E+03   0.268084766583E-09   0.000000000000E+00
  296.   0.370312500000E+03   0.111725657801E-09   0.000000000000E+00   0.329687500000E+03   0.150792143060E-09   0.000000000000E+00
  297.   0.369531250000E+03   0.271385352047E-09   0.000000000000E+00   0.330468750000E+03   0.344130049819E-09   0.000000000000E+00
  298.   0.368750000000E+03   0.159675270221E-09   0.000000000000E+00   0.331250000000E+03   0.193314477127E-09   0.000000000000E+00
  299.   0.367968750000E+03   0.378822549414E-09   0.000000000000E+00   0.332031250000E+03   0.440548986719E-09   0.000000000000E+00
  300.   0.367187500000E+03   0.219149513411E-09   0.000000000000E+00   0.332812500000E+03   0.247198763659E-09   0.000000000000E+00
  301.   0.366406250000E+03   0.512295190474E-09   0.000000000000E+00   0.333593750000E+03   0.562697173779E-09   0.000000000000E+00
  302.   0.365625000000E+03   0.293137039355E-09   0.000000000000E+00   0.334375000000E+03   0.315452822797E-09   0.000000000000E+00
  303.   0.364843750000E+03   0.678613624155E-09   0.000000000000E+00   0.335156250000E+03   0.717442540105E-09   0.000000000000E+00
  304.   0.364062500000E+03   0.385472263717E-09   0.000000000000E+00   0.335937500000E+03   0.401949154442E-09   0.000000000000E+00
  305.   0.363281250000E+03   0.886604411474E-09   0.000000000000E+00   0.336718750000E+03   0.913714125132E-09   0.000000000000E+00
  306.   0.362500000000E+03   0.501219915860E-09   0.000000000000E+00   0.337500000000E+03   0.511815093597E-09   0.000000000000E+00
  307.   0.361718750000E+03   0.114789103248E-08   0.000000000000E+00   0.338281250000E+03   0.116330190691E-08   0.000000000000E+00
  308.   0.360937500000E+03   0.647048015389E-09   0.000000000000E+00   0.339062500000E+03   0.651820138352E-09   0.000000000000E+00
  309.   0.360156250000E+03   0.147836079715E-08   0.000000000000E+00   0.339843750000E+03   0.148234392708E-08   0.000000000000E+00
  310.   0.359375000000E+03   0.832914270213E-09   0.000000000000E+00   0.340625000000E+03   0.832058563224E-09   0.000000000000E+00
  311.   0.358593750000E+03   0.190026954774E-08   0.000000000000E+00   0.341406250000E+03   0.189347540091E-08   0.000000000000E+00
  312.   0.357812500000E+03   0.107196468119E-08   0.000000000000E+00   0.342187500000E+03   0.106590432724E-08   0.000000000000E+00
  313.   0.357031250000E+03   0.244771521578E-08   0.000000000000E+00   0.342968750000E+03   0.243133316029E-08   0.000000000000E+00
  314.   0.356250000000E+03   0.139163550606E-08   0.000000000000E+00   0.343750000000E+03   0.138105867722E-08   0.000000000000E+00
  315.   0.355468750000E+03   0.317658252609E-08   0.000000000000E+00   0.344531250000E+03   0.315261025593E-08   0.000000000000E+00
  316.   0.354687500000E+03   0.183189360491E-08   0.000000000000E+00   0.345312500000E+03   0.181788175246E-08   0.000000000000E+00
  317.   0.353906250000E+03   0.418669577577E-08   0.000000000000E+00   0.346093750000E+03   0.415844918007E-08   0.000000000000E+00
  318.   0.353125000000E+03   0.248012029290E-08   0.000000000000E+00   0.346875000000E+03   0.246517006024E-08   0.000000000000E+00
  319.   0.352343750000E+03   0.578608147624E-08   0.000000000000E+00   0.347656250000E+03   0.575840674314E-08   0.000000000000E+00
  320.   0.351562500000E+03   0.389507521629E-08   0.000000000000E+00   0.348437500000E+03   0.387969476995E-08   0.000000000000E+00
  321.   0.350781250000E+03   0.846042929555E-08   0.000000000000E+00   0.349218750000E+03   0.844813919854E-08   0.000000000000E+00
  322.   0.350000000000E+03   0.126612581761E-07   0.000000000000E+00   0.350000000000E+03   0.126612581992E-07   0.000000000000E+00
  323.   0.349218750000E+03   0.844813915123E-08   0.000000000000E+00   0.350781250000E+03   0.846042934341E-08   0.000000000000E+00
  324.   0.348437500000E+03   0.387969474409E-08   0.000000000000E+00   0.351562500000E+03   0.389507524076E-08   0.000000000000E+00
  325.   0.347656250000E+03   0.575840669588E-08   0.000000000000E+00   0.352343750000E+03   0.578608152413E-08   0.000000000000E+00
  326.   0.346875000000E+03   0.246517003546E-08   0.000000000000E+00   0.353125000000E+03   0.248012031651E-08   0.000000000000E+00
  327.   0.346093750000E+03   0.415844913151E-08   0.000000000000E+00   0.353906250000E+03   0.418669582258E-08   0.000000000000E+00
  328.   0.345312500000E+03   0.181788172529E-08   0.000000000000E+00   0.354687500000E+03   0.183189362625E-08   0.000000000000E+00
  329.   0.344531250000E+03   0.315261020772E-08   0.000000000000E+00   0.355468750000E+03   0.317658257361E-08   0.000000000000E+00
  330.   0.343750000000E+03   0.138105865051E-08   0.000000000000E+00   0.356250000000E+03   0.139163553042E-08   0.000000000000E+00
  331.   0.342968750000E+03   0.243133311268E-08   0.000000000000E+00   0.357031250000E+03   0.244771526427E-08   0.000000000000E+00
  332.   0.342187500000E+03   0.106590430243E-08   0.000000000000E+00   0.357812500000E+03   0.107196470606E-08   0.000000000000E+00
  333.   0.341406250000E+03   0.189347535317E-08   0.000000000000E+00   0.358593750000E+03   0.190026959441E-08   0.000000000000E+00
  334.   0.340625000000E+03   0.832058538228E-09   0.000000000000E+00   0.359375000000E+03   0.832914294599E-09   0.000000000000E+00
  335.   0.339843750000E+03   0.148234387949E-08   0.000000000000E+00   0.360156250000E+03   0.147836084205E-08   0.000000000000E+00
  336.   0.339062500000E+03   0.651820113645E-09   0.000000000000E+00   0.360937500000E+03   0.647048041719E-09   0.000000000000E+00
  337.   0.338281250000E+03   0.116330186065E-08   0.000000000000E+00   0.361718750000E+03   0.114789107928E-08   0.000000000000E+00
  338.   0.337500000000E+03   0.511815070105E-09   0.000000000000E+00   0.362500000000E+03   0.501219940181E-09   0.000000000000E+00
  339.   0.336718750000E+03   0.913714078773E-09   0.000000000000E+00   0.363281250000E+03   0.886604459621E-09   0.000000000000E+00
  340.   0.335937500000E+03   0.401949131772E-09   0.000000000000E+00   0.364062500000E+03   0.385472290017E-09   0.000000000000E+00
  341.   0.335156250000E+03   0.717442494384E-09   0.000000000000E+00   0.364843750000E+03   0.678613674610E-09   0.000000000000E+00
  342.   0.334375000000E+03   0.315452800931E-09   0.000000000000E+00   0.365625000000E+03   0.293137062678E-09   0.000000000000E+00
  343.   0.333593750000E+03   0.562697127635E-09   0.000000000000E+00   0.366406250000E+03   0.512295243065E-09   0.000000000000E+00
  344.   0.332812500000E+03   0.247198741444E-09   0.000000000000E+00   0.367187500000E+03   0.219149536452E-09   0.000000000000E+00
  345.   0.332031250000E+03   0.440548940087E-09   0.000000000000E+00   0.367968750000E+03   0.378822601826E-09   0.000000000000E+00
  346.   0.331250000000E+03   0.193314453934E-09   0.000000000000E+00   0.368750000000E+03   0.159675297618E-09   0.000000000000E+00
  347.   0.330468750000E+03   0.344130002937E-09   0.000000000000E+00   0.369531250000E+03   0.271385404915E-09   0.000000000000E+00
  348.   0.329687500000E+03   0.150792119887E-09   0.000000000000E+00   0.370312500000E+03   0.111725680678E-09   0.000000000000E+00
  349.   0.328906250000E+03   0.268084720445E-09   0.000000000000E+00   0.371093750000E+03   0.184653588025E-09   0.000000000000E+00
  350.   0.328125000000E+03   0.117278808208E-09   0.000000000000E+00   0.371875000000E+03   0.729540008711E-10   0.000000000000E+00
  351.   0.327343750000E+03   0.208205236746E-09   0.000000000000E+00   0.372656250000E+03   0.114422942694E-09   0.000000000000E+00
  352.   0.326562500000E+03   0.909194690549E-10   0.000000000000E+00   0.373437500000E+03   0.415026289213E-10   0.000000000000E+00
  353.   0.325781250000E+03   0.161167957754E-09   0.000000000000E+00   0.374218750000E+03   0.573590345361E-10   0.000000000000E+00
  354.   0.325000000000E+03   0.702461048925E-10   0.000000000000E+00   0.375000000000E+03   0.158953299501E-10   0.000000000000E+00
  355.   0.324218750000E+03   0.124339437372E-09   0.000000000000E+00   0.375781250000E+03   0.108085909466E-10   0.000000000000E+00
  356.   0.323437500000E+03   0.540939528054E-10   0.000000000000E+00   0.376562500000E+03  -0.504421542402E-11   0.000000000000E+00
  357.   0.322656250000E+03   0.956288374778E-10   0.000000000000E+00   0.377343750000E+03  -0.273440988036E-10   0.000000000000E+00
  358.   0.321875000000E+03   0.415374615236E-10   0.000000000000E+00   0.378125000000E+03  -0.222548377568E-10   0.000000000000E+00
  359.   0.321093750000E+03   0.733740769802E-10   0.000000000000E+00   0.378906250000E+03  -0.587882707082E-10   0.000000000000E+00
  360.   0.320312500000E+03   0.318404700676E-10   0.000000000000E+00   0.379687500000E+03  -0.364865618516E-10   0.000000000000E+00
  361.   0.319531250000E+03   0.562528961755E-10   0.000000000000E+00   0.380468750000E+03  -0.848737229893E-10   0.000000000000E+00
  362.   0.318750000000E+03   0.244171173517E-10   0.000000000000E+00   0.381250000000E+03  -0.483389135862E-10   0.000000000000E+00
  363.   0.317968750000E+03   0.432128841821E-10   0.000000000000E+00   0.382031250000E+03  -0.106679551892E-09   0.000000000000E+00
  364.   0.317187500000E+03   0.188010052224E-10   0.000000000000E+00   0.382812500000E+03  -0.582913100813E-10   0.000000000000E+00
  365.   0.316406250000E+03   0.334161714930E-10   0.000000000000E+00   0.383593750000E+03  -0.125068699899E-09   0.000000000000E+00
  366.   0.315625000000E+03   0.146207551055E-10   0.000000000000E+00   0.384375000000E+03  -0.667271848591E-10   0.000000000000E+00
  367.   0.314843750000E+03   0.261955743917E-10   0.000000000000E+00   0.385156250000E+03  -0.140731380963E-09   0.000000000000E+00
  368.   0.314062500000E+03   0.115806202082E-10   0.000000000000E+00   0.385937500000E+03  -0.739532523185E-10   0.000000000000E+00
  369.   0.313281250000E+03   0.210197699075E-10   0.000000000000E+00   0.386718750000E+03  -0.154219710242E-09   0.000000000000E+00
  370.   0.312500000000E+03   0.944506295953E-11   0.000000000000E+00   0.387500000000E+03  -0.802148674133E-10   0.000000000000E+00
  371.   0.311718750000E+03   0.174656058995E-10   0.000000000000E+00   0.388281250000E+03  -0.165975370440E-09   0.000000000000E+00
  372.   0.310937500000E+03   0.802649305761E-11   0.000000000000E+00   0.389062500000E+03  -0.857083361473E-10   0.000000000000E+00
  373.   0.310156250000E+03   0.151960658898E-10   0.000000000000E+00   0.389843750000E+03  -0.176351704943E-09   0.000000000000E+00
  374.   0.309375000000E+03   0.717550299688E-11   0.000000000000E+00   0.390625000000E+03  -0.905906880760E-10   0.000000000000E+00
  375.   0.308593750000E+03   0.139427345995E-10   0.000000000000E+00   0.391406250000E+03  -0.185631397011E-09   0.000000000000E+00
  376.   0.307812500000E+03   0.677309704927E-11   0.000000000000E+00   0.392187500000E+03  -0.949875572665E-10   0.000000000000E+00
  377.   0.307031250000E+03   0.134918342709E-10   0.000000000000E+00   0.392968750000E+03  -0.194040592968E-09   0.000000000000E+00
  378.   0.306250000000E+03   0.672450223209E-11   0.000000000000E+00   0.393750000000E+03  -0.989994528228E-10   0.000000000000E+00
  379.   0.305468750000E+03   0.136731052123E-10   0.000000000000E+00   0.394531250000E+03  -0.201760211914E-09   0.000000000000E+00
  380.   0.304687500000E+03   0.695423970819E-11   0.000000000000E+00   0.395312500000E+03  -0.102706768803E-09   0.000000000000E+00
  381.   0.303906250000E+03   0.143509515669E-10   0.000000000000E+00   0.396093750000E+03  -0.208934989212E-09   0.000000000000E+00
  382.   0.303125000000E+03   0.740219817851E-11   0.000000000000E+00   0.396875000000E+03  -0.106173843565E-09   0.000000000000E+00
  383.   0.302343750000E+03   0.154173879360E-10   0.000000000000E+00   0.397656250000E+03  -0.215680696446E-09   0.000000000000E+00
  384.   0.301562500000E+03   0.802050871051E-11   0.000000000000E+00   0.398437500000E+03  -0.109452109004E-09   0.000000000000E+00
  385.   0.300781250000E+03   0.167864229107E-10   0.000000000000E+00   0.399218750000E+03  -0.222089949414E-09   0.000000000000E+00
  386.   0.300000000000E+03   0.877105234496E-11   0.000000000000E+00   0.400000000000E+03  -0.112582739179E-09   0.000000000000E+00
  387.   0.299218750000E+03   0.183895829000E-10   0.000000000000E+00   0.400781250000E+03  -0.228236825549E-09   0.000000000000E+00
  388.   0.298437500000E+03   0.962347708965E-11   0.000000000000E+00   0.401562500000E+03  -0.115598644194E-09   0.000000000000E+00
  389.   0.297656250000E+03   0.201723487203E-10   0.000000000000E+00   0.402343750000E+03  -0.234180567757E-09   0.000000000000E+00
  390.   0.296875000000E+03   0.105536193550E-10   0.000000000000E+00   0.403125000000E+03  -0.118526144809E-09   0.000000000000E+00
  391.   0.296093750000E+03   0.220913170303E-10   0.000000000000E+00   0.403906250000E+03  -0.239968555738E-09   0.000000000000E+00
  392.   0.295312500000E+03   0.115422413519E-10   0.000000000000E+00   0.404687500000E+03  -0.121386298479E-09   0.000000000000E+00
  393.   0.294531250000E+03   0.241119376506E-10   0.000000000000E+00   0.405468750000E+03  -0.245638674816E-09   0.000000000000E+00
  394.   0.293750000000E+03   0.125740310903E-10   0.000000000000E+00   0.406250000000E+03  -0.124195942204E-09   0.000000000000E+00
  395.   0.292968750000E+03   0.262067136179E-10   0.000000000000E+00   0.407031250000E+03  -0.251221213269E-09   0.000000000000E+00
  396.   0.292187500000E+03   0.136368047602E-10   0.000000000000E+00   0.407812500000E+03  -0.126968514253E-09   0.000000000000E+00
  397.   0.291406250000E+03   0.283537658076E-10   0.000000000000E+00   0.408593750000E+03  -0.256740375619E-09   0.000000000000E+00
  398.   0.290625000000E+03   0.147208692200E-10   0.000000000000E+00   0.409375000000E+03  -0.129714779599E-09   0.000000000000E+00
  399.   0.289843750000E+03   0.305356886820E-10   0.000000000000E+00   0.410156250000E+03  -0.262215505816E-09   0.000000000000E+00
  400.   0.289062500000E+03   0.158185131844E-10   0.000000000000E+00   0.410937500000E+03  -0.132443324401E-09   0.000000000000E+00
  401.   0.288281250000E+03   0.327386413924E-10   0.000000000000E+00   0.411718750000E+03  -0.267662055644E-09   0.000000000000E+00
  402.   0.287500000000E+03   0.169236059996E-10   0.000000000000E+00   0.412500000000E+03  -0.135161006675E-09   0.000000000000E+00
  403.   0.286718750000E+03   0.349516202876E-10   0.000000000000E+00   0.413281250000E+03  -0.273092370008E-09   0.000000000000E+00
  404.   0.285937500000E+03   0.180312780581E-10   0.000000000000E+00   0.414062500000E+03  -0.137873313125E-09   0.000000000000E+00
  405.   0.285156250000E+03   0.371658847177E-10   0.000000000000E+00   0.414843750000E+03  -0.278516296085E-09   0.000000000000E+00
  406.   0.284375000000E+03   0.191376567119E-10   0.000000000000E+00   0.415625000000E+03  -0.140584607716E-09   0.000000000000E+00
  407.   0.283593750000E+03   0.393744951090E-10   0.000000000000E+00   0.416406250000E+03  -0.283941686778E-09   0.000000000000E+00
  408.   0.282812500000E+03   0.202396746847E-10   0.000000000000E+00   0.417187500000E+03  -0.143298370963E-09   0.000000000000E+00
  409.   0.282031250000E+03   0.415719449235E-10   0.000000000000E+00   0.417968750000E+03  -0.289374803856E-09   0.000000000000E+00
  410.   0.281250000000E+03   0.213348945129E-10   0.000000000000E+00   0.418750000000E+03  -0.146017385678E-09   0.000000000000E+00
  411.   0.280468750000E+03   0.437538713397E-10   0.000000000000E+00   0.419531250000E+03  -0.294820628598E-09   0.000000000000E+00
  412.   0.279687500000E+03   0.224213907671E-10   0.000000000000E+00   0.420312500000E+03  -0.148743870716E-09   0.000000000000E+00
  413.   0.278906250000E+03   0.459168209938E-10   0.000000000000E+00   0.421093750000E+03  -0.300283126784E-09   0.000000000000E+00
  414.   0.278125000000E+03   0.234976353606E-10   0.000000000000E+00   0.421875000000E+03  -0.151479558583E-09   0.000000000000E+00
  415.   0.277343750000E+03   0.480580656957E-10   0.000000000000E+00   0.422656250000E+03  -0.305765443831E-09   0.000000000000E+00
  416.   0.276562500000E+03   0.245624266996E-10   0.000000000000E+00   0.423437500000E+03  -0.154225850381E-09   0.000000000000E+00
  417.   0.275781250000E+03   0.501754544866E-10   0.000000000000E+00   0.424218750000E+03  -0.311270075872E-09   0.000000000000E+00
  418.   0.275000000000E+03   0.256148176628E-10   0.000000000000E+00   0.425000000000E+03  -0.156983854092E-09   0.000000000000E+00
  419.   0.274218750000E+03   0.522672958898E-10   0.000000000000E+00   0.425781250000E+03  -0.316798990459E-09   0.000000000000E+00
  420.   0.273437500000E+03   0.266540646686E-10   0.000000000000E+00   0.426562500000E+03  -0.159754430383E-09   0.000000000000E+00
  421.   0.272656250000E+03   0.543322649912E-10   0.000000000000E+00   0.427343750000E+03  -0.322353735073E-09   0.000000000000E+00
  422.   0.271875000000E+03   0.276795849639E-10   0.000000000000E+00   0.428125000000E+03  -0.162538256993E-09   0.000000000000E+00
  423.   0.271093750000E+03   0.563693290267E-10   0.000000000000E+00   0.428906250000E+03  -0.327935528099E-09   0.000000000000E+00
  424.   0.270312500000E+03   0.286909280374E-10   0.000000000000E+00   0.429687500000E+03  -0.165335872225E-09   0.000000000000E+00
  425.   0.269531250000E+03   0.583776863109E-10   0.000000000000E+00   0.430468750000E+03  -0.333545319388E-09   0.000000000000E+00
  426.   0.268750000000E+03   0.296877449524E-10   0.000000000000E+00   0.431250000000E+03  -0.168147696790E-09   0.000000000000E+00
  427.   0.267968750000E+03   0.603567217454E-10   0.000000000000E+00   0.432031250000E+03  -0.339183842448E-09   0.000000000000E+00
  428.   0.267187500000E+03   0.306697688697E-10   0.000000000000E+00   0.432812500000E+03  -0.170974041928E-09   0.000000000000E+00
  429.   0.266406250000E+03   0.623059667269E-10   0.000000000000E+00   0.433593750000E+03  -0.344851653962E-09   0.000000000000E+00
  430.   0.265625000000E+03   0.316367964424E-10   0.000000000000E+00   0.434375000000E+03  -0.173815155071E-09   0.000000000000E+00
  431.   0.264843750000E+03   0.642250696705E-10   0.000000000000E+00   0.435156250000E+03  -0.350549187550E-09   0.000000000000E+00
  432.   0.264062500000E+03   0.325886797786E-10   0.000000000000E+00   0.435937500000E+03  -0.176671215762E-09   0.000000000000E+00
  433.   0.263281250000E+03   0.661137761886E-10   0.000000000000E+00   0.436718750000E+03  -0.356276757699E-09   0.000000000000E+00
  434.   0.262500000000E+03   0.335253129082E-10   0.000000000000E+00   0.437500000000E+03  -0.179542370386E-09   0.000000000000E+00
  435.   0.261718750000E+03   0.679719006044E-10   0.000000000000E+00   0.438281250000E+03  -0.362034582719E-09   0.000000000000E+00
  436.   0.260937500000E+03   0.344466187271E-10   0.000000000000E+00   0.439062500000E+03  -0.182428686961E-09   0.000000000000E+00
  437.   0.260156250000E+03   0.697993203413E-10   0.000000000000E+00   0.439843750000E+03  -0.367822825006E-09   0.000000000000E+00
  438.   0.259375000000E+03   0.353525475309E-10   0.000000000000E+00   0.440625000000E+03  -0.185330242400E-09   0.000000000000E+00
  439.   0.258593750000E+03   0.715959608732E-10   0.000000000000E+00   0.441406250000E+03  -0.373641584044E-09   0.000000000000E+00
  440.   0.257812500000E+03   0.362430742820E-10   0.000000000000E+00   0.442187500000E+03  -0.188247073317E-09   0.000000000000E+00
  441.   0.257031250000E+03   0.733617825997E-10   0.000000000000E+00   0.442968750000E+03  -0.379490914840E-09   0.000000000000E+00
  442.   0.256250000000E+03   0.371181890311E-10   0.000000000000E+00   0.443750000000E+03  -0.191179202855E-09   0.000000000000E+00
  443.   0.255468750000E+03   0.750967767641E-10   0.000000000000E+00   0.444531250000E+03  -0.385370839201E-09   0.000000000000E+00
  444.   0.254687500000E+03   0.379778908820E-10   0.000000000000E+00   0.445312500000E+03  -0.194126634702E-09   0.000000000000E+00
  445.   0.253906250000E+03   0.768009596354E-10   0.000000000000E+00   0.446093750000E+03  -0.391281344670E-09   0.000000000000E+00
  446.   0.253125000000E+03   0.388221931218E-10   0.000000000000E+00   0.446875000000E+03  -0.197089353592E-09   0.000000000000E+00
  447.   0.252343750000E+03   0.784743671006E-10   0.000000000000E+00   0.447656250000E+03  -0.397222406196E-09   0.000000000000E+00
  448.   0.251562500000E+03   0.396511207399E-10   0.000000000000E+00   0.448437500000E+03  -0.200067313572E-09   0.000000000000E+00
  449.   0.250781250000E+03   0.801170492922E-10   0.000000000000E+00   0.449218750000E+03  -0.403193962921E-09   0.000000000000E+00
  450.   0.250000000000E+03   0.404647019977E-10   0.000000000000E+00   0.450000000000E+03  -0.203060505735E-09   0.000000000000E+00
  451.   0.249218750000E+03   0.817290688413E-10   0.000000000000E+00   0.450781250000E+03  -0.409195952400E-09   0.000000000000E+00
  452.   0.248437500000E+03   0.412629707908E-10   0.000000000000E+00   0.451562500000E+03  -0.206068913730E-09   0.000000000000E+00
  453.   0.247656250000E+03   0.833104978467E-10   0.000000000000E+00   0.452343750000E+03  -0.415228293253E-09   0.000000000000E+00
  454.   0.246875000000E+03   0.420459612300E-10   0.000000000000E+00   0.453125000000E+03  -0.209092477548E-09   0.000000000000E+00
  455.   0.246093750000E+03   0.848614154930E-10   0.000000000000E+00   0.453906250000E+03  -0.421290900968E-09   0.000000000000E+00
  456.   0.245312500000E+03   0.428137189253E-10   0.000000000000E+00   0.454687500000E+03  -0.212131135973E-09   0.000000000000E+00
  457.   0.244531250000E+03   0.863819110818E-10   0.000000000000E+00   0.455468750000E+03  -0.427383684431E-09   0.000000000000E+00
  458.   0.243750000000E+03   0.435662932055E-10   0.000000000000E+00   0.456250000000E+03  -0.215184862432E-09   0.000000000000E+00
  459.   0.242968750000E+03   0.878720749943E-10   0.000000000000E+00   0.457031250000E+03  -0.433506549661E-09   0.000000000000E+00
  460.   0.242187500000E+03   0.443037214296E-10   0.000000000000E+00   0.457812500000E+03  -0.218253605283E-09   0.000000000000E+00
  461.   0.241406250000E+03   0.893319999499E-10   0.000000000000E+00   0.458593750000E+03  -0.439659377248E-09   0.000000000000E+00
  462.   0.240625000000E+03   0.450260587810E-10   0.000000000000E+00   0.459375000000E+03  -0.221337298269E-09   0.000000000000E+00
  463.   0.239843750000E+03   0.907617866196E-10   0.000000000000E+00   0.460156250000E+03  -0.445842064808E-09   0.000000000000E+00
  464.   0.239062500000E+03   0.457333474806E-10   0.000000000000E+00   0.460937500000E+03  -0.224435893145E-09   0.000000000000E+00
  465.   0.238281250000E+03   0.921615368573E-10   0.000000000000E+00   0.461718750000E+03  -0.452054502825E-09   0.000000000000E+00
  466.   0.237500000000E+03   0.464256487471E-10   0.000000000000E+00   0.462500000000E+03  -0.227549346344E-09   0.000000000000E+00
  467.   0.236718750000E+03   0.935313530330E-10   0.000000000000E+00   0.463281250000E+03  -0.458296569879E-09   0.000000000000E+00
  468.   0.235937500000E+03   0.471030117700E-10   0.000000000000E+00   0.464062500000E+03  -0.230677584021E-09   0.000000000000E+00
  469.   0.235156250000E+03   0.948713406579E-10   0.000000000000E+00   0.464843750000E+03  -0.464568152429E-09   0.000000000000E+00
  470.   0.234375000000E+03   0.477654839841E-10   0.000000000000E+00   0.465625000000E+03  -0.233820521636E-09   0.000000000000E+00
  471.   0.233593750000E+03   0.961816044663E-10   0.000000000000E+00   0.466406250000E+03  -0.470869138432E-09   0.000000000000E+00
  472.   0.232812500000E+03   0.484131232748E-10   0.000000000000E+00   0.467187500000E+03  -0.236978145571E-09   0.000000000000E+00
  473.   0.232031250000E+03   0.974622524293E-10   0.000000000000E+00   0.467968750000E+03  -0.477199417024E-09   0.000000000000E+00
  474.   0.231250000000E+03   0.490459797790E-10   0.000000000000E+00   0.468750000000E+03  -0.240150381009E-09   0.000000000000E+00
  475.   0.230468750000E+03   0.987133934482E-10   0.000000000000E+00   0.469531250000E+03  -0.483558853229E-09   0.000000000000E+00
  476.   0.229687500000E+03   0.496641153136E-10   0.000000000000E+00   0.470312500000E+03  -0.243337145799E-09   0.000000000000E+00
  477.   0.228906250000E+03   0.999351379753E-10   0.000000000000E+00   0.471093750000E+03  -0.489947330248E-09   0.000000000000E+00
  478.   0.228125000000E+03   0.502675810820E-10   0.000000000000E+00   0.471875000000E+03  -0.246538446912E-09   0.000000000000E+00
  479.   0.227343750000E+03   0.101127593900E-09   0.000000000000E+00   0.472656250000E+03  -0.496364731626E-09   0.000000000000E+00
  480.   0.226562500000E+03   0.508564288376E-10   0.000000000000E+00   0.473437500000E+03  -0.249754161567E-09   0.000000000000E+00
  481.   0.225781250000E+03   0.102290874170E-09   0.000000000000E+00   0.474218750000E+03  -0.502810932941E-09   0.000000000000E+00
  482.   0.225000000000E+03   0.514307178552E-10   0.000000000000E+00   0.475000000000E+03  -0.252984225493E-09   0.000000000000E+00
  483.   0.224218750000E+03   0.103425089234E-09   0.000000000000E+00   0.475781250000E+03  -0.509285816415E-09   0.000000000000E+00
  484.   0.223437500000E+03   0.519905023813E-10   0.000000000000E+00   0.476562500000E+03  -0.256228618128E-09   0.000000000000E+00
  485.   0.222656250000E+03   0.104530350223E-09   0.000000000000E+00   0.477343750000E+03  -0.515789270354E-09   0.000000000000E+00
  486.   0.221875000000E+03   0.525358389706E-10   0.000000000000E+00   0.478125000000E+03  -0.259487269885E-09   0.000000000000E+00
  487.   0.221093750000E+03   0.105606767993E-09   0.000000000000E+00   0.478906250000E+03  -0.522321169194E-09   0.000000000000E+00
  488.   0.220312500000E+03   0.530667841522E-10   0.000000000000E+00   0.479687500000E+03  -0.262760077801E-09   0.000000000000E+00
  489.   0.219531250000E+03   0.106654453449E-09   0.000000000000E+00   0.480468750000E+03  -0.528881396441E-09   0.000000000000E+00
  490.   0.218750000000E+03   0.535833890041E-10   0.000000000000E+00   0.481250000000E+03  -0.266047050151E-09   0.000000000000E+00
  491.   0.217968750000E+03   0.107673520917E-09   0.000000000000E+00   0.482031250000E+03  -0.535469823887E-09   0.000000000000E+00
  492.   0.217187500000E+03   0.540857168610E-10   0.000000000000E+00   0.482812500000E+03  -0.269348086748E-09   0.000000000000E+00
  493.   0.216406250000E+03   0.108664081157E-09   0.000000000000E+00   0.483593750000E+03  -0.542086338873E-09   0.000000000000E+00
  494.   0.215625000000E+03   0.545738195557E-10   0.000000000000E+00   0.484375000000E+03  -0.272663125155E-09   0.000000000000E+00
  495.   0.214843750000E+03   0.109626246972E-09   0.000000000000E+00   0.485156250000E+03  -0.548730823251E-09   0.000000000000E+00
  496.   0.214062500000E+03   0.550477526740E-10   0.000000000000E+00   0.485937500000E+03  -0.275992129725E-09   0.000000000000E+00
  497.   0.213281250000E+03   0.110560131493E-09   0.000000000000E+00   0.486718750000E+03  -0.555403153084E-09   0.000000000000E+00
  498.   0.212500000000E+03   0.555075760149E-10   0.000000000000E+00   0.487500000000E+03  -0.279335029663E-09   0.000000000000E+00
  499.   0.211718750000E+03   0.111465846132E-09   0.000000000000E+00   0.488281250000E+03  -0.562103216498E-09   0.000000000000E+00
  500.   0.210937500000E+03   0.559533387342E-10   0.000000000000E+00   0.489062500000E+03  -0.282691756558E-09   0.000000000000E+00
  501.   0.210156250000E+03   0.112343505050E-09   0.000000000000E+00   0.489843750000E+03  -0.568830905618E-09   0.000000000000E+00
  502.   0.209375000000E+03   0.563851049868E-10   0.000000000000E+00   0.490625000000E+03  -0.286062278270E-09   0.000000000000E+00
  503.   0.208593750000E+03   0.113193216902E-09   0.000000000000E+00   0.491406250000E+03  -0.575586096223E-09   0.000000000000E+00
  504.   0.207812500000E+03   0.568029287514E-10   0.000000000000E+00   0.492187500000E+03  -0.289446498986E-09   0.000000000000E+00
  505.   0.207031250000E+03   0.114015098698E-09   0.000000000000E+00   0.492968750000E+03  -0.582368653896E-09   0.000000000000E+00
  506.   0.206250000000E+03   0.572068683715E-10   0.000000000000E+00   0.493750000000E+03  -0.292844382890E-09   0.000000000000E+00
  507.   0.205468750000E+03   0.114809263954E-09   0.000000000000E+00   0.494531250000E+03  -0.589178482564E-09   0.000000000000E+00
  508.   0.204687500000E+03   0.575969728194E-10   0.000000000000E+00   0.495312500000E+03  -0.296255877340E-09   0.000000000000E+00
  509.   0.203906250000E+03   0.115575822635E-09   0.000000000000E+00   0.496093750000E+03  -0.596015467769E-09   0.000000000000E+00
  510.   0.203125000000E+03   0.579733046172E-10   0.000000000000E+00   0.496875000000E+03  -0.299680924370E-09   0.000000000000E+00
  511.   0.202343750000E+03   0.116314889261E-09   0.000000000000E+00   0.497656250000E+03  -0.602879489912E-09   0.000000000000E+00
  512.   0.201562500000E+03   0.583359218731E-10   0.000000000000E+00   0.498437500000E+03  -0.303119448322E-09   0.000000000000E+00
  513.   0.200781250000E+03   0.117026575863E-09   0.000000000000E+00   0.499218750000E+03  -0.609770449028E-09   0.000000000000E+00
  514.   0.200000000000E+03   0.586848798959E-10   0.000000000000E+00   0.500000000000E+03  -0.306571422020E-09   0.000000000000E+00
  515.   0.199218750000E+03   0.117710997148E-09   0.000000000000E+00   0.500781250000E+03  -0.616688221341E-09   0.000000000000E+00
  516.   0.198437500000E+03   0.590202310119E-10   0.000000000000E+00   0.501562500000E+03  -0.310036775328E-09   0.000000000000E+00
  517.   0.197656250000E+03   0.118368266148E-09   0.000000000000E+00   0.502343750000E+03  -0.623632687304E-09   0.000000000000E+00
  518.   0.196875000000E+03   0.593420376338E-10   0.000000000000E+00   0.503125000000E+03  -0.313515428770E-09   0.000000000000E+00
  519.   0.196093750000E+03   0.118998492993E-09   0.000000000000E+00   0.503906250000E+03  -0.630603750825E-09   0.000000000000E+00
  520.   0.195312500000E+03   0.596503488375E-10   0.000000000000E+00   0.504687500000E+03  -0.317007369661E-09   0.000000000000E+00
  521.   0.194531250000E+03   0.119601789670E-09   0.000000000000E+00   0.505468750000E+03  -0.637601293502E-09   0.000000000000E+00
  522.   0.193750000000E+03   0.599452261313E-10   0.000000000000E+00   0.506250000000E+03  -0.320512523844E-09   0.000000000000E+00
  523.   0.192968750000E+03   0.120178271254E-09   0.000000000000E+00   0.507031250000E+03  -0.644625209961E-09   0.000000000000E+00
  524.   0.192187500000E+03   0.602267258752E-10   0.000000000000E+00   0.507812500000E+03  -0.324030822509E-09   0.000000000000E+00
  525.   0.191406250000E+03   0.120728052941E-09   0.000000000000E+00   0.508593750000E+03  -0.651675384906E-09   0.000000000000E+00
  526.   0.190625000000E+03   0.604949000560E-10   0.000000000000E+00   0.509375000000E+03  -0.327562210938E-09   0.000000000000E+00
  527.   0.189843750000E+03   0.121251245229E-09   0.000000000000E+00   0.510156250000E+03  -0.658751723922E-09   0.000000000000E+00
  528.   0.189062500000E+03   0.607498109760E-10   0.000000000000E+00   0.510937500000E+03  -0.331106675942E-09   0.000000000000E+00
  529.   0.188281250000E+03   0.121747958050E-09   0.000000000000E+00   0.511718750000E+03  -0.665854123529E-09   0.000000000000E+00
  530.   0.187500000000E+03   0.609915076434E-10   0.000000000000E+00   0.512500000000E+03  -0.334664143908E-09   0.000000000000E+00
  531.   0.186718750000E+03   0.122218303808E-09   0.000000000000E+00   0.513281250000E+03  -0.672982462166E-09   0.000000000000E+00
  532.   0.185937500000E+03   0.612200506523E-10   0.000000000000E+00   0.514062500000E+03  -0.338234548982E-09   0.000000000000E+00
  533.   0.185156250000E+03   0.122662393097E-09   0.000000000000E+00   0.514843750000E+03  -0.680136647928E-09   0.000000000000E+00
  534.   0.184375000000E+03   0.614354985102E-10   0.000000000000E+00   0.515625000000E+03  -0.341817867034E-09   0.000000000000E+00
  535.   0.183593750000E+03   0.123080339857E-09   0.000000000000E+00   0.516406250000E+03  -0.687316571211E-09   0.000000000000E+00
  536.   0.182812500000E+03   0.616379005785E-10   0.000000000000E+00   0.517187500000E+03  -0.345414013021E-09   0.000000000000E+00
  537.   0.182031250000E+03   0.123472255958E-09   0.000000000000E+00   0.517968750000E+03  -0.694522130016E-09   0.000000000000E+00
  538.   0.181250000000E+03   0.618273155934E-10   0.000000000000E+00   0.518750000000E+03  -0.349022939751E-09   0.000000000000E+00
  539.   0.180468750000E+03   0.123838251406E-09   0.000000000000E+00   0.519531250000E+03  -0.701753225852E-09   0.000000000000E+00
  540.   0.179687500000E+03   0.620037989398E-10   0.000000000000E+00   0.520312500000E+03  -0.352644620436E-09   0.000000000000E+00
  541.   0.178906250000E+03   0.124178435355E-09   0.000000000000E+00   0.521093750000E+03  -0.709009755819E-09   0.000000000000E+00
  542.   0.178125000000E+03   0.621674064922E-10   0.000000000000E+00   0.521875000000E+03  -0.356278998679E-09   0.000000000000E+00
  543.   0.177343750000E+03   0.124492918995E-09   0.000000000000E+00   0.522656250000E+03  -0.716291608566E-09   0.000000000000E+00
  544.   0.176562500000E+03   0.623181913936E-10   0.000000000000E+00   0.523437500000E+03  -0.359925987646E-09   0.000000000000E+00
  545.   0.175781250000E+03   0.124781813659E-09   0.000000000000E+00   0.524218750000E+03  -0.723598684624E-09   0.000000000000E+00
  546.   0.175000000000E+03   0.624562089881E-10   0.000000000000E+00   0.525000000000E+03  -0.363585574087E-09   0.000000000000E+00
  547.   0.174218750000E+03   0.125045228127E-09   0.000000000000E+00   0.525781250000E+03  -0.730930888351E-09   0.000000000000E+00
  548.   0.173437500000E+03   0.625815126440E-10   0.000000000000E+00   0.526562500000E+03  -0.367257703191E-09   0.000000000000E+00
  549.   0.172656250000E+03   0.125283266293E-09   0.000000000000E+00   0.527343750000E+03  -0.738288114749E-09   0.000000000000E+00
  550.   0.171875000000E+03   0.626941552679E-10   0.000000000000E+00   0.528125000000E+03  -0.370942318648E-09   0.000000000000E+00
  551.   0.171093750000E+03   0.125496038818E-09   0.000000000000E+00   0.528906250000E+03  -0.745670262985E-09   0.000000000000E+00
  552.   0.170312500000E+03   0.627941946178E-10   0.000000000000E+00   0.529687500000E+03  -0.374639366885E-09   0.000000000000E+00
  553.   0.169531250000E+03   0.125683653788E-09   0.000000000000E+00   0.530468750000E+03  -0.753077231420E-09   0.000000000000E+00
  554.   0.168750000000E+03   0.628816799133E-10   0.000000000000E+00   0.531250000000E+03  -0.378348801889E-09   0.000000000000E+00
  555.   0.167968750000E+03   0.125846215489E-09   0.000000000000E+00   0.532031250000E+03  -0.760508908715E-09   0.000000000000E+00
  556.   0.167187500000E+03   0.629566703047E-10   0.000000000000E+00   0.532812500000E+03  -0.382070530145E-09   0.000000000000E+00
  557.   0.166406250000E+03   0.125983829381E-09   0.000000000000E+00   0.533593750000E+03  -0.767965191866E-09   0.000000000000E+00
  558.   0.165625000000E+03   0.630192090610E-10   0.000000000000E+00   0.534375000000E+03  -0.385804576483E-09   0.000000000000E+00
  559.   0.164843750000E+03   0.126096597251E-09   0.000000000000E+00   0.535156250000E+03  -0.775445984338E-09   0.000000000000E+00
  560.   0.164062500000E+03   0.630693515145E-10   0.000000000000E+00   0.535937500000E+03  -0.389550872941E-09   0.000000000000E+00
  561.   0.163281250000E+03   0.126184620474E-09   0.000000000000E+00   0.536718750000E+03  -0.782951137778E-09   0.000000000000E+00
  562.   0.162500000000E+03   0.631071553036E-10   0.000000000000E+00   0.537500000000E+03  -0.393309290325E-09   0.000000000000E+00
  563.   0.161718750000E+03   0.126248004384E-09   0.000000000000E+00   0.538281250000E+03  -0.790480547931E-09   0.000000000000E+00
  564.   0.160937500000E+03   0.631326543568E-10   0.000000000000E+00   0.539062500000E+03  -0.397079760242E-09   0.000000000000E+00
  565.   0.160156250000E+03   0.126286842317E-09   0.000000000000E+00   0.539843750000E+03  -0.798034113100E-09   0.000000000000E+00
  566.   0.159375000000E+03   0.631459050782E-10   0.000000000000E+00   0.540625000000E+03  -0.400862283901E-09   0.000000000000E+00
  567.   0.158593750000E+03   0.126301225872E-09   0.000000000000E+00   0.541406250000E+03  -0.805611650550E-09   0.000000000000E+00
  568.   0.157812500000E+03   0.631469569998E-10   0.000000000000E+00   0.542187500000E+03  -0.404656783197E-09   0.000000000000E+00
  569.   0.157031250000E+03   0.126291248963E-09   0.000000000000E+00   0.542968750000E+03  -0.813213014670E-09   0.000000000000E+00
  570.   0.156250000000E+03   0.631358507956E-10   0.000000000000E+00   0.543750000000E+03  -0.408463142049E-09   0.000000000000E+00
  571.   0.155468750000E+03   0.126257001314E-09   0.000000000000E+00   0.544531250000E+03  -0.820838039050E-09   0.000000000000E+00
  572.   0.154687500000E+03   0.631126274805E-10   0.000000000000E+00   0.545312500000E+03  -0.412281300983E-09   0.000000000000E+00
  573.   0.153906250000E+03   0.126198563096E-09   0.000000000000E+00   0.546093750000E+03  -0.828486526968E-09   0.000000000000E+00
  574.   0.153125000000E+03   0.630773313836E-10   0.000000000000E+00   0.546875000000E+03  -0.416111136239E-09   0.000000000000E+00
  575.   0.152343750000E+03   0.126116009965E-09   0.000000000000E+00   0.547656250000E+03  -0.836158281699E-09   0.000000000000E+00
  576.   0.151562500000E+03   0.630299974761E-10   0.000000000000E+00   0.548437500000E+03  -0.419952530714E-09   0.000000000000E+00
  577.   0.150781250000E+03   0.126009411877E-09   0.000000000000E+00   0.549218750000E+03  -0.843853031572E-09   0.000000000000E+00
  578.   0.150000000000E+03   0.629706535776E-10   0.000000000000E+00   0.550000000000E+03  -0.423805369795E-09   0.000000000000E+00
  579.   0.149218750000E+03   0.125878826318E-09   0.000000000000E+00   0.550781250000E+03  -0.851570467620E-09   0.000000000000E+00
  580.   0.148437500000E+03   0.628993343594E-10   0.000000000000E+00   0.551562500000E+03  -0.427669443268E-09   0.000000000000E+00
  581.   0.147656250000E+03   0.125724306074E-09   0.000000000000E+00   0.552343750000E+03  -0.859310249752E-09   0.000000000000E+00
  582.   0.146875000000E+03   0.628160596951E-10   0.000000000000E+00   0.553125000000E+03  -0.431544614773E-09   0.000000000000E+00
  583.   0.146093750000E+03   0.125545887475E-09   0.000000000000E+00   0.553906250000E+03  -0.867071949120E-09   0.000000000000E+00
  584.   0.145312500000E+03   0.627208424156E-10   0.000000000000E+00   0.554687500000E+03  -0.435430612300E-09   0.000000000000E+00
  585.   0.144531250000E+03   0.125343588847E-09   0.000000000000E+00   0.555468750000E+03  -0.874855032205E-09   0.000000000000E+00
  586.   0.143750000000E+03   0.626136892282E-10   0.000000000000E+00   0.556250000000E+03  -0.439327188953E-09   0.000000000000E+00
  587.   0.142968750000E+03   0.125117411788E-09   0.000000000000E+00   0.557031250000E+03  -0.882658869006E-09   0.000000000000E+00
  588.   0.142187500000E+03   0.624945939238E-10   0.000000000000E+00   0.557812500000E+03  -0.443233940603E-09   0.000000000000E+00
  589.   0.141406250000E+03   0.124867330971E-09   0.000000000000E+00   0.558593750000E+03  -0.890482693002E-09   0.000000000000E+00
  590.   0.140625000000E+03   0.623635286533E-10   0.000000000000E+00   0.559375000000E+03  -0.447150494153E-09   0.000000000000E+00
  591.   0.139843750000E+03   0.124593289528E-09   0.000000000000E+00   0.560156250000E+03  -0.898325552813E-09   0.000000000000E+00
  592.   0.139062500000E+03   0.622204721059E-10   0.000000000000E+00   0.560937500000E+03  -0.451076274712E-09   0.000000000000E+00
  593.   0.138281250000E+03   0.124295191521E-09   0.000000000000E+00   0.561718750000E+03  -0.906186260323E-09   0.000000000000E+00
  594.   0.137500000000E+03   0.620653617761E-10   0.000000000000E+00   0.562500000000E+03  -0.455010673463E-09   0.000000000000E+00
  595.   0.136718750000E+03   0.123972896078E-09   0.000000000000E+00   0.563281250000E+03  -0.914063350000E-09   0.000000000000E+00
  596.   0.135937500000E+03   0.618981096725E-10   0.000000000000E+00   0.564062500000E+03  -0.458952831305E-09   0.000000000000E+00
  597.   0.135156250000E+03   0.123626205077E-09   0.000000000000E+00   0.564843750000E+03  -0.921955014129E-09   0.000000000000E+00
  598.   0.134375000000E+03   0.617185983517E-10   0.000000000000E+00   0.565625000000E+03  -0.462901811522E-09   0.000000000000E+00
  599.   0.133593750000E+03   0.123254845224E-09   0.000000000000E+00   0.566406250000E+03  -0.929858988240E-09   0.000000000000E+00
  600.   0.132812500000E+03   0.615266781444E-10   0.000000000000E+00   0.567187500000E+03  -0.466856301224E-09   0.000000000000E+00
  601.   0.132031250000E+03   0.122858456880E-09   0.000000000000E+00   0.567968750000E+03  -0.937772484735E-09   0.000000000000E+00
  602.   0.131250000000E+03   0.613221361411E-10   0.000000000000E+00   0.568750000000E+03  -0.470814809477E-09   0.000000000000E+00
  603.   0.130468750000E+03   0.122436568864E-09   0.000000000000E+00   0.569531250000E+03  -0.945691995364E-09   0.000000000000E+00
  604.   0.129687500000E+03   0.611047215405E-10   0.000000000000E+00   0.570312500000E+03  -0.474775324546E-09   0.000000000000E+00
  605.   0.128906250000E+03   0.121988576525E-09   0.000000000000E+00   0.571093750000E+03  -0.953613139843E-09   0.000000000000E+00
  606.   0.128125000000E+03   0.608740801148E-10   0.000000000000E+00   0.571875000000E+03  -0.478735425141E-09   0.000000000000E+00
  607.   0.127343750000E+03   0.121513702750E-09   0.000000000000E+00   0.572656250000E+03  -0.961530481935E-09   0.000000000000E+00
  608.   0.126562500000E+03   0.606297861904E-10   0.000000000000E+00   0.573437500000E+03  -0.482692161159E-09   0.000000000000E+00
  609.   0.125781250000E+03   0.121010970462E-09   0.000000000000E+00   0.574218750000E+03  -0.969437252575E-09   0.000000000000E+00
  610.   0.125000000000E+03   0.603712889741E-10   0.000000000000E+00   0.575000000000E+03  -0.486641783266E-09   0.000000000000E+00
  611.   0.124218750000E+03   0.120479148279E-09   0.000000000000E+00   0.575781250000E+03  -0.977325033132E-09   0.000000000000E+00
  612.   0.123437500000E+03   0.600979077664E-10   0.000000000000E+00   0.576562500000E+03  -0.490579576911E-09   0.000000000000E+00
  613.   0.122656250000E+03   0.119916689576E-09   0.000000000000E+00   0.577343750000E+03  -0.985183422792E-09   0.000000000000E+00
  614.   0.121875000000E+03   0.598087829011E-10   0.000000000000E+00   0.578125000000E+03  -0.494499815127E-09   0.000000000000E+00
  615.   0.121093750000E+03   0.119321669603E-09   0.000000000000E+00   0.578906250000E+03  -0.992999491383E-09   0.000000000000E+00
  616.   0.120312500000E+03   0.595028449474E-10   0.000000000000E+00   0.579687500000E+03  -0.498395310173E-09   0.000000000000E+00
  617.   0.119531250000E+03   0.118691690581E-09   0.000000000000E+00   0.580468750000E+03  -0.100075718317E-08   0.000000000000E+00
  618.   0.118750000000E+03   0.591787598717E-10   0.000000000000E+00   0.581250000000E+03  -0.502257166349E-09   0.000000000000E+00
  619.   0.117968750000E+03   0.118023774798E-09   0.000000000000E+00   0.582031250000E+03  -0.100843658134E-08   0.000000000000E+00
  620.   0.117187500000E+03   0.588348648619E-10   0.000000000000E+00   0.582812500000E+03  -0.506074165160E-09   0.000000000000E+00
  621.   0.116406250000E+03   0.117314206940E-09   0.000000000000E+00   0.583593750000E+03  -0.101601287622E-08   0.000000000000E+00
  622.   0.115625000000E+03   0.584690716722E-10   0.000000000000E+00   0.584375000000E+03  -0.509832297302E-09   0.000000000000E+00
  623.   0.114843750000E+03   0.116558349271E-09   0.000000000000E+00   0.585156250000E+03  -0.102345497723E-08   0.000000000000E+00
  624.   0.114062500000E+03   0.580787436695E-10   0.000000000000E+00   0.585937500000E+03  -0.513513745120E-09   0.000000000000E+00
  625.   0.113281250000E+03   0.115750366214E-09   0.000000000000E+00   0.586718750000E+03  -0.103072346566E-08   0.000000000000E+00
  626.   0.112500000000E+03   0.576605313455E-10   0.000000000000E+00   0.587500000000E+03  -0.517095418375E-09   0.000000000000E+00
  627.   0.111718750000E+03   0.114882849532E-09   0.000000000000E+00   0.588281250000E+03  -0.103776777455E-08   0.000000000000E+00
  628.   0.110937500000E+03   0.572100920215E-10   0.000000000000E+00   0.589062500000E+03  -0.520547010384E-09   0.000000000000E+00
  629.   0.110156250000E+03   0.113946236761E-09   0.000000000000E+00   0.589843750000E+03  -0.104452152568E-08   0.000000000000E+00
  630.   0.109375000000E+03   0.567216519022E-10   0.000000000000E+00   0.590625000000E+03  -0.523827119367E-09   0.000000000000E+00
  631.   0.108593750000E+03   0.112928127949E-09   0.000000000000E+00   0.591406250000E+03  -0.105089712087E-08   0.000000000000E+00
  632.   0.107812500000E+03   0.561876288269E-10   0.000000000000E+00   0.592187500000E+03  -0.526880220068E-09   0.000000000000E+00
  633.   0.107031250000E+03   0.111811717302E-09   0.000000000000E+00   0.592968750000E+03  -0.105677247012E-08   0.000000000000E+00
  634.   0.106250000000E+03   0.555963666307E-10   0.000000000000E+00   0.593750000000E+03  -0.529616327948E-09   0.000000000000E+00
  635.   0.105468750000E+03   0.110575811355E-09   0.000000000000E+00   0.594531250000E+03  -0.106199361916E-08   0.000000000000E+00
  636.   0.104687500000E+03   0.549366126124E-10   0.000000000000E+00   0.595312500000E+03  -0.531955094967E-09   0.000000000000E+00
  637.   0.103906250000E+03   0.109185539555E-09   0.000000000000E+00   0.596093750000E+03  -0.106629029314E-08   0.000000000000E+00
  638.   0.103125000000E+03   0.541683413097E-10   0.000000000000E+00   0.596875000000E+03  -0.533547877151E-09   0.000000000000E+00
  639.   0.102343750000E+03   0.107606988696E-09   0.000000000000E+00   0.597656250000E+03  -0.106943048577E-08   0.000000000000E+00
  640.   0.101562500000E+03   0.533645720775E-10   0.000000000000E+00   0.598437500000E+03  -0.535182600887E-09   0.000000000000E+00
  641.   0.100781250000E+03   0.105627143675E-09   0.000000000000E+00   0.599218750000E+03  -0.106949688311E-08   0.000000000000E+00
