i  r_top  QtopRe  QtopIm  r_bot  QbotRe  QbotIm   [mm, mC]
    1.   0.600000000000E+03  -0.899949860876E-07   0.000000000000E+00   0.100000000000E+03  -0.380804217272E-07   0.000000000000E+00
    2.   0.100000000000E+03  -0.380804217275E-07   0.000000000000E+00   0.600000000000E+03  -0.899949860887E-07   0.000000000000E+00
    3.   0.599218750000E+03  -0.375297880223E-07   0.000000000000E+00   0.100781250000E+03  -0.201813476994E-07   0.000000000000E+00
    4.   0.598437500000E+03  -0.136559510492E-07   0.000000000000E+00   0.101562500000E+03  -0.773194348264E-08   0.000000000000E+00
    5.   0.597656250000E+03  -0.996879417789E-08   0.000000000000E+00   0.102343750000E+03  -0.800456876081E-08   0.000000000000E+00
    6.   0.596875000000E+03  -0.322401432392E-08   0.000000000000E+00   0.103125000000E+03  -0.308151793332E-08   0.000000000000E+00
    7.   0.596093750000E+03  -0.125133485099E-08   0.000000000000E+00   0.103906250000E+03  -0.363408289624E-08   0.000000000000E+00
    8.   0.595312500000E+03   0.870150369742E-10   0.000000000000E+00   0.104687500000E+03  -0.134208824939E-08   0.000000000000E+00
    9.   0.594531250000E+03   0.143733622982E-08   0.000000000000E+00   0.105468750000E+03  -0.188502890627E-08   0.000000000000E+00
   10.   0.593750000000E+03   0.810428483881E-09   0.000000000000E+00   0.106250000000E+03  -0.766567627625E-09   0.000000000000E+00
   11.   0.592968750000E+03   0.212087036727E-08   0.000000000000E+00   0.107031250000E+03  -0.109683823613E-08   0.000000000000E+00
   12.   0.592187500000E+03   0.108829199658E-08   0.000000000000E+00   0.107812500000E+03  -0.424781892293E-09   0.000000000000E+00
   13.   0.591406250000E+03   0.216145230407E-08   0.000000000000E+00   0.108593750000E+03  -0.677465230551E-09   0.000000000000E+00
   14.   0.590625000000E+03   0.102267888882E-08   0.000000000000E+00   0.109375000000E+03  -0.274251085656E-09   0.000000000000E+00
   15.   0.589843750000E+03   0.194234050168E-08   0.000000000000E+00   0.110156250000E+03  -0.448890353413E-09   0.000000000000E+00
   16.   0.589062500000E+03   0.901303988179E-09   0.000000000000E+00   0.110937500000E+03  -0.182724052637E-09   0.000000000000E+00
   17.   0.588281250000E+03   0.166100402870E-08   0.000000000000E+00   0.111718750000E+03  -0.311394777252E-09   0.000000000000E+00
   18.   0.587500000000E+03   0.757083717113E-09   0.000000000000E+00   0.112500000000E+03  -0.129917354689E-09   0.000000000000E+00
   19.   0.586718750000E+03   0.138169799554E-08   0.000000000000E+00   0.113281250000E+03  -0.224938026188E-09   0.000000000000E+00
   20.   0.585937500000E+03   0.624455683504E-09   0.000000000000E+00   0.114062500000E+03  -0.951848013214E-10   0.000000000000E+00
   21.   0.585156250000E+03   0.113297885900E-08   0.000000000000E+00   0.114843750000E+03  -0.166869124207E-09   0.000000000000E+00
   22.   0.584375000000E+03   0.509084486917E-09   0.000000000000E+00   0.115625000000E+03  -0.715140361257E-10   0.000000000000E+00
   23.   0.583593750000E+03   0.921434605518E-09   0.000000000000E+00   0.116406250000E+03  -0.126021821093E-09   0.000000000000E+00
   24.   0.582812500000E+03   0.412738805967E-09   0.000000000000E+00   0.117187500000E+03  -0.544065191519E-10   0.000000000000E+00
   25.   0.582031250000E+03   0.746270605437E-09   0.000000000000E+00   0.117968750000E+03  -0.960419102298E-10   0.000000000000E+00
   26.   0.581250000000E+03   0.333739955117E-09   0.000000000000E+00   0.118750000000E+03  -0.416122595216E-10   0.000000000000E+00
   27.   0.580468750000E+03   0.603413423191E-09   0.000000000000E+00   0.119531250000E+03  -0.733353355056E-10   0.000000000000E+00
   28.   0.579687500000E+03   0.269749478598E-09   0.000000000000E+00   0.120312500000E+03  -0.317601446281E-10   0.000000000000E+00
   29.   0.578906250000E+03   0.488043316247E-09   0.000000000000E+00   0.121093750000E+03  -0.557057686898E-10   0.000000000000E+00
   30.   0.578125000000E+03   0.218303806790E-09   0.000000000000E+00   0.121875000000E+03  -0.240145663970E-10   0.000000000000E+00
   31.   0.577343750000E+03   0.395489162285E-09   0.000000000000E+00   0.122656250000E+03  -0.417549490867E-10   0.000000000000E+00
   32.   0.576562500000E+03   0.177169780159E-09   0.000000000000E+00   0.123437500000E+03  -0.178231409343E-10   0.000000000000E+00
   33.   0.575781250000E+03   0.321613489678E-09   0.000000000000E+00   0.124218750000E+03  -0.305420449392E-10   0.000000000000E+00
   34.   0.575000000000E+03   0.144424308321E-09   0.000000000000E+00   0.125000000000E+03  -0.128052911270E-10   0.000000000000E+00
   35.   0.574218750000E+03   0.262900207167E-09   0.000000000000E+00   0.125781250000E+03  -0.214070504612E-10   0.000000000000E+00
   36.   0.573437500000E+03   0.118461898657E-09   0.000000000000E+00   0.126562500000E+03  -0.868706782079E-11   0.000000000000E+00
   37.   0.572656250000E+03   0.216431774478E-09   0.000000000000E+00   0.127343750000E+03  -0.138697878815E-10   0.000000000000E+00
   38.   0.571875000000E+03   0.979638915255E-10   0.000000000000E+00   0.128125000000E+03  -0.526525905520E-11   0.000000000000E+00
   39.   0.571093750000E+03   0.179820344125E-09   0.000000000000E+00   0.128906250000E+03  -0.757132024508E-11   0.000000000000E+00
   40.   0.570312500000E+03   0.818580609960E-10   0.000000000000E+00   0.129687500000E+03  -0.238561062792E-11   0.000000000000E+00
   41.   0.569531250000E+03   0.151128273929E-09   0.000000000000E+00   0.130468750000E+03  -0.223780713236E-11   0.000000000000E+00
   42.   0.568750000000E+03   0.692779170506E-10   0.000000000000E+00   0.131250000000E+03   0.708745121676E-13   0.000000000000E+00
   43.   0.567968750000E+03   0.128791767610E-09   0.000000000000E+00   0.132031250000E+03   0.234275981582E-11   0.000000000000E+00
   44.   0.567187500000E+03   0.595260194796E-10   0.000000000000E+00   0.132812500000E+03   0.219705967191E-11   0.000000000000E+00
   45.   0.566406250000E+03   0.111553248994E-09   0.000000000000E+00   0.133593750000E+03   0.633626281985E-11   0.000000000000E+00
   46.   0.565625000000E+03   0.520424718605E-10   0.000000000000E+00   0.134375000000E+03   0.406600605089E-11   0.000000000000E+00
   47.   0.564843750000E+03   0.984038065357E-10   0.000000000000E+00   0.135156250000E+03   0.987347419333E-11   0.000000000000E+00
   48.   0.564062500000E+03   0.463785914828E-10   0.000000000000E+00   0.135937500000E+03   0.573552822855E-11   0.000000000000E+00
   49.   0.563281250000E+03   0.885353223452E-10   0.000000000000E+00   0.136718750000E+03   0.130580401750E-10   0.000000000000E+00
   50.   0.562500000000E+03   0.421752483089E-10   0.000000000000E+00   0.137500000000E+03   0.725156309117E-11   0.000000000000E+00
   51.   0.561718750000E+03   0.813012012762E-10   0.000000000000E+00   0.138281250000E+03   0.159724161083E-10   0.000000000000E+00
   52.   0.560937500000E+03   0.391452171915E-10   0.000000000000E+00   0.139062500000E+03   0.865071497074E-11   0.000000000000E+00
   53.   0.560156250000E+03   0.761844400242E-10   0.000000000000E+00   0.139843750000E+03   0.186823673282E-10   0.000000000000E+00
   54.   0.559375000000E+03   0.370588925148E-10   0.000000000000E+00   0.140625000000E+03   0.996220725139E-11   0.000000000000E+00
   55.   0.558593750000E+03   0.727718159044E-10   0.000000000000E+00   0.141406250000E+03   0.212404341796E-10   0.000000000000E+00
   56.   0.557812500000E+03   0.357327747526E-10   0.000000000000E+00   0.142187500000E+03   0.112093985784E-10   0.000000000000E+00
   57.   0.557031250000E+03   0.707331080871E-10   0.000000000000E+00   0.142968750000E+03   0.236886311348E-10   0.000000000000E+00
   58.   0.556250000000E+03   0.350202194528E-10   0.000000000000E+00   0.143750000000E+03   0.124109714865E-10   0.000000000000E+00
   59.   0.555468750000E+03   0.698044165623E-10   0.000000000000E+00   0.144531250000E+03   0.260605674100E-10   0.000000000000E+00
   60.   0.554687500000E+03   0.348040202210E-10   0.000000000000E+00   0.145312500000E+03   0.135818682586E-10   0.000000000000E+00
   61.   0.553906250000E+03   0.697747985391E-10   0.000000000000E+00   0.146093750000E+03   0.283831238694E-10   0.000000000000E+00
   62.   0.553125000000E+03   0.349904714481E-10   0.000000000000E+00   0.146875000000E+03   0.147340363775E-10   0.000000000000E+00
   63.   0.552343750000E+03   0.704755778797E-10   0.000000000000E+00   0.147656250000E+03   0.306777858427E-10   0.000000000000E+00
   64.   0.551562500000E+03   0.355046214767E-10   0.000000000000E+00   0.148437500000E+03   0.158770188743E-10   0.000000000000E+00
   65.   0.550781250000E+03   0.717718018873E-10   0.000000000000E+00   0.149218750000E+03   0.329617066018E-10   0.000000000000E+00
   66.   0.550000000000E+03   0.362864812879E-10   0.000000000000E+00   0.150000000000E+03   0.170184284994E-10   0.000000000000E+00
   67.   0.549218750000E+03   0.735554194894E-10   0.000000000000E+00   0.150781250000E+03   0.352485573482E-10   0.000000000000E+00
   68.   0.548437500000E+03   0.372879965794E-10   0.000000000000E+00   0.151562500000E+03   0.181643248967E-10   0.000000000000E+00
   69.   0.547656250000E+03   0.757398358985E-10   0.000000000000E+00   0.152343750000E+03   0.375492085935E-10   0.000000000000E+00
   70.   0.546875000000E+03   0.384706324220E-10   0.000000000000E+00   0.153125000000E+03   0.193195191653E-10   0.000000000000E+00
   71.   0.546093750000E+03   0.782555690011E-10   0.000000000000E+00   0.153906250000E+03   0.398722765130E-10   0.000000000000E+00
   72.   0.545312500000E+03   0.398034452169E-10   0.000000000000E+00   0.154687500000E+03   0.204878168488E-10   0.000000000000E+00
   73.   0.544531250000E+03   0.810467846068E-10   0.000000000000E+00   0.155468750000E+03   0.422245620203E-10   0.000000000000E+00
   74.   0.543750000000E+03   0.412615466631E-10   0.000000000000E+00   0.156250000000E+03   0.216722131326E-10   0.000000000000E+00
   75.   0.542968750000E+03   0.840685326542E-10   0.000000000000E+00   0.157031250000E+03   0.446114031173E-10   0.000000000000E+00
   76.   0.542187500000E+03   0.428248773437E-10   0.000000000000E+00   0.157812500000E+03   0.228750509898E-10   0.000000000000E+00
   77.   0.541406250000E+03   0.872845441798E-10   0.000000000000E+00   0.158593750000E+03   0.470369583568E-10   0.000000000000E+00
   78.   0.540625000000E+03   0.444772290684E-10   0.000000000000E+00   0.159375000000E+03   0.240981466880E-10   0.000000000000E+00
   79.   0.539843750000E+03   0.906654737984E-10   0.000000000000E+00   0.160156250000E+03   0.495044345882E-10   0.000000000000E+00
   80.   0.539062500000E+03   0.462054665381E-10   0.000000000000E+00   0.160937500000E+03   0.253428906249E-10   0.000000000000E+00
   81.   0.538281250000E+03   0.941874989826E-10   0.000000000000E+00   0.161718750000E+03   0.520162700504E-10   0.000000000000E+00
   82.   0.537500000000E+03   0.479989028473E-10   0.000000000000E+00   0.162500000000E+03   0.266103303748E-10   0.000000000000E+00
   83.   0.536718750000E+03   0.978312039297E-10   0.000000000000E+00   0.163281250000E+03   0.545742813271E-10   0.000000000000E+00
   84.   0.535937500000E+03   0.498488113330E-10   0.000000000000E+00   0.164062500000E+03   0.279012359275E-10   0.000000000000E+00
   85.   0.535156250000E+03   0.101580687126E-09   0.000000000000E+00   0.164843750000E+03   0.571797821612E-10   0.000000000000E+00
   86.   0.534375000000E+03   0.517480181456E-10   0.000000000000E+00   0.165625000000E+03   0.292161514559E-10   0.000000000000E+00
   87.   0.533593750000E+03   0.105422852403E-09   0.000000000000E+00   0.166406250000E+03   0.598336786165E-10   0.000000000000E+00
   88.   0.532812500000E+03   0.536905997233E-10   0.000000000000E+00   0.167187500000E+03   0.305554386413E-10   0.000000000000E+00
   89.   0.532031250000E+03   0.109346842438E-09   0.000000000000E+00   0.167968750000E+03   0.625365453038E-10   0.000000000000E+00
   90.   0.531250000000E+03   0.556716239918E-10   0.000000000000E+00   0.168750000000E+03   0.319193106004E-10   0.000000000000E+00
   91.   0.530468750000E+03   0.113343587793E-09   0.000000000000E+00   0.169531250000E+03   0.652886872081E-10   0.000000000000E+00
   92.   0.529687500000E+03   0.576869541496E-10   0.000000000000E+00   0.170312500000E+03   0.333078594521E-10   0.000000000000E+00
   93.   0.528906250000E+03   0.117405446496E-09   0.000000000000E+00   0.171093750000E+03   0.680901888508E-10   0.000000000000E+00
   94.   0.528125000000E+03   0.597330855683E-10   0.000000000000E+00   0.171875000000E+03   0.347210784819E-10   0.000000000000E+00
   95.   0.527343750000E+03   0.121525917777E-09   0.000000000000E+00   0.172656250000E+03   0.709409544837E-10   0.000000000000E+00
   96.   0.526562500000E+03   0.618070219396E-10   0.000000000000E+00   0.173437500000E+03   0.361588788031E-10   0.000000000000E+00
   97.   0.525781250000E+03   0.125699412194E-09   0.000000000000E+00   0.174218750000E+03   0.738407401335E-10   0.000000000000E+00
   98.   0.525000000000E+03   0.639061713030E-10   0.000000000000E+00   0.175000000000E+03   0.376211050379E-10   0.000000000000E+00
   99.   0.524218750000E+03   0.129921070328E-09   0.000000000000E+00   0.175781250000E+03   0.767891790774E-10   0.000000000000E+00
  100.   0.523437500000E+03   0.660282658441E-10   0.000000000000E+00   0.176562500000E+03   0.391075466838E-10   0.000000000000E+00
  101.   0.522656250000E+03   0.134186616715E-09   0.000000000000E+00   0.177343750000E+03   0.797858031717E-10   0.000000000000E+00
  102.   0.521875000000E+03   0.681712979010E-10   0.000000000000E+00   0.178125000000E+03   0.406179460633E-10   0.000000000000E+00
  103.   0.521093750000E+03   0.138492244499E-09   0.000000000000E+00   0.178906250000E+03   0.828300590293E-10   0.000000000000E+00
  104.   0.520312500000E+03   0.703334691234E-10   0.000000000000E+00   0.179687500000E+03   0.421520081560E-10   0.000000000000E+00
  105.   0.519531250000E+03   0.142834522585E-09   0.000000000000E+00   0.180468750000E+03   0.859213218972E-10   0.000000000000E+00
  106.   0.518750000000E+03   0.725131472468E-10   0.000000000000E+00   0.181250000000E+03   0.437094034707E-10   0.000000000000E+00
  107.   0.517968750000E+03   0.147210321474E-09   0.000000000000E+00   0.182031250000E+03   0.890589066088E-10   0.000000000000E+00
  108.   0.517187500000E+03   0.747088350933E-10   0.000000000000E+00   0.182812500000E+03   0.452897762346E-10   0.000000000000E+00
  109.   0.516406250000E+03   0.151616755938E-09   0.000000000000E+00   0.183593750000E+03   0.922420760050E-10   0.000000000000E+00
  110.   0.515625000000E+03   0.769191449345E-10   0.000000000000E+00   0.184375000000E+03   0.468927459615E-10   0.000000000000E+00
  111.   0.514843750000E+03   0.156051137618E-09   0.000000000000E+00   0.185156250000E+03   0.954700486314E-10   0.000000000000E+00
  112.   0.514062500000E+03   0.791427760334E-10   0.000000000000E+00   0.185937500000E+03   0.485179113772E-10   0.000000000000E+00
  113.   0.513281250000E+03   0.160510936876E-09   0.000000000000E+00   0.186718750000E+03   0.987420038846E-10   0.000000000000E+00
  114.   0.512500000000E+03   0.813785004385E-10   0.000000000000E+00   0.187500000000E+03   0.501648536233E-10   0.000000000000E+00
  115.   0.511718750000E+03   0.164993754311E-09   0.000000000000E+00   0.188281250000E+03   0.102057087629E-09   0.000000000000E+00
  116.   0.510937500000E+03   0.836251462845E-10   0.000000000000E+00   0.189062500000E+03   0.518331374371E-10   0.000000000000E+00
  117.   0.510156250000E+03   0.169497296692E-09   0.000000000000E+00   0.189843750000E+03   0.105414414897E-09   0.000000000000E+00
  118.   0.509375000000E+03   0.858815918479E-10   0.000000000000E+00   0.190625000000E+03   0.535223139155E-10   0.000000000000E+00
  119.   0.508593750000E+03   0.174019357902E-09   0.000000000000E+00   0.191406250000E+03   0.108813073835E-09   0.000000000000E+00
  120.   0.507812500000E+03   0.881467531005E-10   0.000000000000E+00   0.192187500000E+03   0.552319202191E-10   0.000000000000E+00
  121.   0.507031250000E+03   0.178557804452E-09   0.000000000000E+00   0.192968750000E+03   0.112252128209E-09   0.000000000000E+00
  122.   0.506250000000E+03   0.904195812776E-10   0.000000000000E+00   0.193750000000E+03   0.569614831223E-10   0.000000000000E+00
  123.   0.505468750000E+03   0.183110563028E-09   0.000000000000E+00   0.194531250000E+03   0.115730619316E-09   0.000000000000E+00
  124.   0.504687500000E+03   0.926990526804E-10   0.000000000000E+00   0.195312500000E+03   0.587105173160E-10   0.000000000000E+00
  125.   0.503906250000E+03   0.187675611210E-09   0.000000000000E+00   0.196093750000E+03   0.119247567456E-09   0.000000000000E+00
  126.   0.503125000000E+03   0.949841679852E-10   0.000000000000E+00   0.196875000000E+03   0.604785278408E-10   0.000000000000E+00
  127.   0.502343750000E+03   0.192250969564E-09   0.000000000000E+00   0.197656250000E+03   0.122801974167E-09   0.000000000000E+00
  128.   0.501562500000E+03   0.972739470650E-10   0.000000000000E+00   0.198437500000E+03   0.622650126234E-10   0.000000000000E+00
  129.   0.500781250000E+03   0.196834696086E-09   0.000000000000E+00   0.199218750000E+03   0.126392822556E-09   0.000000000000E+00
  130.   0.500000000000E+03   0.995674281485E-10   0.000000000000E+00   0.200000000000E+03   0.640694571135E-10   0.000000000000E+00
  131.   0.499218750000E+03   0.201424881453E-09   0.000000000000E+00   0.200781250000E+03   0.130019079278E-09   0.000000000000E+00
  132.   0.498437500000E+03   0.101863664182E-09   0.000000000000E+00   0.201562500000E+03   0.658913419446E-10   0.000000000000E+00
  133.   0.497656250000E+03   0.206019644920E-09   0.000000000000E+00   0.202343750000E+03   0.133679694658E-09   0.000000000000E+00
  134.   0.496875000000E+03   0.104161722203E-09   0.000000000000E+00   0.203125000000E+03   0.677301378112E-10   0.000000000000E+00
  135.   0.496093750000E+03   0.210617132762E-09   0.000000000000E+00   0.203906250000E+03   0.137373603933E-09   0.000000000000E+00
  136.   0.495312500000E+03   0.106460680600E-09   0.000000000000E+00   0.204687500000E+03   0.695853088592E-10   0.000000000000E+00
  137.   0.494531250000E+03   0.215215513115E-09   0.000000000000E+00   0.205468750000E+03   0.141099727528E-09   0.000000000000E+00
  138.   0.493750000000E+03   0.108759629730E-09   0.000000000000E+00   0.206250000000E+03   0.714563121475E-10   0.000000000000E+00
  139.   0.492968750000E+03   0.219812976763E-09   0.000000000000E+00   0.207031250000E+03   0.144856971801E-09   0.000000000000E+00
  140.   0.492187500000E+03   0.111057670458E-09   0.000000000000E+00   0.207812500000E+03   0.733425974444E-10   0.000000000000E+00
  141.   0.491406250000E+03   0.224407733780E-09   0.000000000000E+00   0.208593750000E+03   0.148644229879E-09   0.000000000000E+00
  142.   0.490625000000E+03   0.113353911823E-09   0.000000000000E+00   0.209375000000E+03   0.752436076954E-10   0.000000000000E+00
  143.   0.489843750000E+03   0.228998013798E-09   0.000000000000E+00   0.210156250000E+03   0.152460381799E-09   0.000000000000E+00
  144.   0.489062500000E+03   0.115647473824E-09   0.000000000000E+00   0.210937500000E+03   0.771587795221E-10   0.000000000000E+00
  145.   0.488281250000E+03   0.233582064904E-09   0.000000000000E+00   0.211718750000E+03   0.156304295480E-09   0.000000000000E+00
  146.   0.487500000000E+03   0.117937486088E-09   0.000000000000E+00   0.212500000000E+03   0.790875451528E-10   0.000000000000E+00
  147.   0.486718750000E+03   0.238158151442E-09   0.000000000000E+00   0.213281250000E+03   0.160174825467E-09   0.000000000000E+00
  148.   0.485937500000E+03   0.120223084076E-09   0.000000000000E+00   0.214062500000E+03   0.810293279214E-10   0.000000000000E+00
  149.   0.485156250000E+03   0.242724556646E-09   0.000000000000E+00   0.214843750000E+03   0.164070815618E-09   0.000000000000E+00
  150.   0.484375000000E+03   0.122503413879E-09   0.000000000000E+00   0.215625000000E+03   0.829835474014E-10   0.000000000000E+00
  151.   0.483593750000E+03   0.247279578442E-09   0.000000000000E+00   0.216406250000E+03   0.167991097807E-09   0.000000000000E+00
  152.   0.482812500000E+03   0.124777628786E-09   0.000000000000E+00   0.217187500000E+03   0.849496171285E-10   0.000000000000E+00
  153.   0.482031250000E+03   0.251821532788E-09   0.000000000000E+00   0.217968750000E+03   0.171934493061E-09   0.000000000000E+00
  154.   0.481250000000E+03   0.127044889564E-09   0.000000000000E+00   0.218750000000E+03   0.869269440624E-10   0.000000000000E+00
  155.   0.480468750000E+03   0.256348749295E-09   0.000000000000E+00   0.219531250000E+03   0.175899811288E-09   0.000000000000E+00
  156.   0.479687500000E+03   0.129304367811E-09   0.000000000000E+00   0.220312500000E+03   0.889149307804E-10   0.000000000000E+00
  157.   0.478906250000E+03   0.260859575857E-09   0.000000000000E+00   0.221093750000E+03   0.179885852602E-09   0.000000000000E+00
  158.   0.478125000000E+03   0.131555238963E-09   0.000000000000E+00   0.221875000000E+03   0.909129759918E-10   0.000000000000E+00
  159.   0.477343750000E+03   0.265352375162E-09   0.000000000000E+00   0.222656250000E+03   0.183891406313E-09   0.000000000000E+00
  160.   0.476562500000E+03   0.133796689613E-09   0.000000000000E+00   0.223437500000E+03   0.929204710204E-10   0.000000000000E+00
  161.   0.475781250000E+03   0.269825525884E-09   0.000000000000E+00   0.224218750000E+03   0.187915252128E-09   0.000000000000E+00
  162.   0.475000000000E+03   0.136027912074E-09   0.000000000000E+00   0.225000000000E+03   0.949368026634E-10   0.000000000000E+00
  163.   0.474218750000E+03   0.274277422124E-09   0.000000000000E+00   0.225781250000E+03   0.191956159857E-09   0.000000000000E+00
  164.   0.473437500000E+03   0.138248110240E-09   0.000000000000E+00   0.226562500000E+03   0.969613555493E-10   0.000000000000E+00
  165.   0.472656250000E+03   0.278706475124E-09   0.000000000000E+00   0.227343750000E+03   0.196012890539E-09   0.000000000000E+00
  166.   0.471875000000E+03   0.140456490375E-09   0.000000000000E+00   0.228125000000E+03   0.989935064579E-10   0.000000000000E+00
  167.   0.471093750000E+03   0.283111110759E-09   0.000000000000E+00   0.228906250000E+03   0.200084196256E-09   0.000000000000E+00
  168.   0.470312500000E+03   0.142652271649E-09   0.000000000000E+00   0.229687500000E+03   0.101032630228E-09   0.000000000000E+00
  169.   0.469531250000E+03   0.287489771829E-09   0.000000000000E+00   0.230468750000E+03   0.204168820158E-09   0.000000000000E+00
  170.   0.468750000000E+03   0.144834679030E-09   0.000000000000E+00   0.231250000000E+03   0.103078095695E-09   0.000000000000E+00
  171.   0.467968750000E+03   0.291840917165E-09   0.000000000000E+00   0.232031250000E+03   0.208265497070E-09   0.000000000000E+00
  172.   0.467187500000E+03   0.147002945572E-09   0.000000000000E+00   0.232812500000E+03   0.105129268451E-09   0.000000000000E+00
  173.   0.466406250000E+03   0.296163022364E-09   0.000000000000E+00   0.233593750000E+03   0.212372954489E-09   0.000000000000E+00
  174.   0.465625000000E+03   0.149156314336E-09   0.000000000000E+00   0.234375000000E+03   0.107185510386E-09   0.000000000000E+00
  175.   0.464843750000E+03   0.300454579657E-09   0.000000000000E+00   0.235156250000E+03   0.216489912076E-09   0.000000000000E+00
  176.   0.464062500000E+03   0.151294034010E-09   0.000000000000E+00   0.235937500000E+03   0.109246180072E-09   0.000000000000E+00
  177.   0.463281250000E+03   0.304714098093E-09   0.000000000000E+00   0.236718750000E+03   0.220615081835E-09   0.000000000000E+00
  178.   0.462500000000E+03   0.153415366225E-09   0.000000000000E+00   0.237500000000E+03   0.111310631115E-09   0.000000000000E+00
  179.   0.461718750000E+03   0.308940103578E-09   0.000000000000E+00   0.238281250000E+03   0.224747169626E-09   0.000000000000E+00
  180.   0.460937500000E+03   0.155519576086E-09   0.000000000000E+00   0.239062500000E+03   0.113378215806E-09   0.000000000000E+00
  181.   0.460156250000E+03   0.313131139665E-09   0.000000000000E+00   0.239843750000E+03   0.228884875413E-09   0.000000000000E+00
  182.   0.459375000000E+03   0.157605939778E-09   0.000000000000E+00   0.240625000000E+03   0.115448282387E-09   0.000000000000E+00
  183.   0.458593750000E+03   0.317285768660E-09   0.000000000000E+00   0.241406250000E+03   0.233026892450E-09   0.000000000000E+00
  184.   0.457812500000E+03   0.159673743827E-09   0.000000000000E+00   0.242187500000E+03   0.117520176641E-09   0.000000000000E+00
  185.   0.457031250000E+03   0.321402571942E-09   0.000000000000E+00   0.242968750000E+03   0.237171909591E-09   0.000000000000E+00
  186.   0.456250000000E+03   0.161722285027E-09   0.000000000000E+00   0.243750000000E+03   0.119593240500E-09   0.000000000000E+00
  187.   0.455468750000E+03   0.325480150588E-09   0.000000000000E+00   0.244531250000E+03   0.241318612142E-09   0.000000000000E+00
  188.   0.454687500000E+03   0.163750867470E-09   0.000000000000E+00   0.245312500000E+03   0.121666817493E-09   0.000000000000E+00
  189.   0.453906250000E+03   0.329517123292E-09   0.000000000000E+00   0.246093750000E+03   0.245465680494E-09   0.000000000000E+00
  190.   0.453125000000E+03   0.165758805931E-09   0.000000000000E+00   0.246875000000E+03   0.123740245614E-09   0.000000000000E+00
  191.   0.452343750000E+03   0.333512132513E-09   0.000000000000E+00   0.247656250000E+03   0.249611793832E-09   0.000000000000E+00
  192.   0.451562500000E+03   0.167745427452E-09   0.000000000000E+00   0.248437500000E+03   0.125812864771E-09   0.000000000000E+00
  193.   0.450781250000E+03   0.337463843115E-09   0.000000000000E+00   0.249218750000E+03   0.253755629301E-09   0.000000000000E+00
  194.   0.450000000000E+03   0.169710070047E-09   0.000000000000E+00   0.250000000000E+03   0.127884012815E-09   0.000000000000E+00
  195.   0.449218750000E+03   0.341370943432E-09   0.000000000000E+00   0.250781250000E+03   0.257895865076E-09   0.000000000000E+00
  196.   0.448437500000E+03   0.171652084452E-09   0.000000000000E+00   0.251562500000E+03   0.129953030690E-09   0.000000000000E+00
  197.   0.447656250000E+03   0.345232148589E-09   0.000000000000E+00   0.252343750000E+03   0.262031180437E-09   0.000000000000E+00
  198.   0.446875000000E+03   0.173570833994E-09   0.000000000000E+00   0.253125000000E+03   0.132019259013E-09   0.000000000000E+00
  199.   0.446093750000E+03   0.349046201846E-09   0.000000000000E+00   0.253906250000E+03   0.266160260161E-09   0.000000000000E+00
  200.   0.445312500000E+03   0.175465701001E-09   0.000000000000E+00   0.254687500000E+03   0.134082038925E-09   0.000000000000E+00
  201.   0.444531250000E+03   0.352811878431E-09   0.000000000000E+00   0.255468750000E+03   0.270281794677E-09   0.000000000000E+00
  202.   0.443750000000E+03   0.177336078077E-09   0.000000000000E+00   0.256250000000E+03   0.136140719723E-09   0.000000000000E+00
  203.   0.442968750000E+03   0.356527989263E-09   0.000000000000E+00   0.257031250000E+03   0.274394484967E-09   0.000000000000E+00
  204.   0.442187500000E+03   0.179181380521E-09   0.000000000000E+00   0.257812500000E+03   0.138194656126E-09   0.000000000000E+00
  205.   0.441406250000E+03   0.360193384456E-09   0.000000000000E+00   0.258593750000E+03   0.278497047042E-09   0.000000000000E+00
  206.   0.440625000000E+03   0.181001045995E-09   0.000000000000E+00   0.259375000000E+03   0.140243208486E-09   0.000000000000E+00
  207.   0.439843750000E+03   0.363806960727E-09   0.000000000000E+00   0.260156250000E+03   0.282588215070E-09   0.000000000000E+00
  208.   0.439062500000E+03   0.182794535155E-09   0.000000000000E+00   0.260937500000E+03   0.142285749989E-09   0.000000000000E+00
  209.   0.438281250000E+03   0.367367667876E-09   0.000000000000E+00   0.261718750000E+03   0.286666749680E-09   0.000000000000E+00
  210.   0.437500000000E+03   0.184561334362E-09   0.000000000000E+00   0.262500000000E+03   0.144321668704E-09   0.000000000000E+00
  211.   0.436718750000E+03   0.370874516954E-09   0.000000000000E+00   0.263281250000E+03   0.290731445362E-09   0.000000000000E+00
  212.   0.435937500000E+03   0.186300968084E-09   0.000000000000E+00   0.264062500000E+03   0.146350370677E-09   0.000000000000E+00
  213.   0.435156250000E+03   0.374326593069E-09   0.000000000000E+00   0.264843750000E+03   0.294781139464E-09   0.000000000000E+00
  214.   0.434375000000E+03   0.188012999946E-09   0.000000000000E+00   0.265625000000E+03   0.148371287219E-09   0.000000000000E+00
  215.   0.433593750000E+03   0.377723070493E-09   0.000000000000E+00   0.266406250000E+03   0.298814724441E-09   0.000000000000E+00
  216.   0.432812500000E+03   0.189697038566E-09   0.000000000000E+00   0.267187500000E+03   0.150383879922E-09   0.000000000000E+00
  217.   0.432031250000E+03   0.381063227008E-09   0.000000000000E+00   0.267968750000E+03   0.302831163787E-09   0.000000000000E+00
  218.   0.431250000000E+03   0.191352754731E-09   0.000000000000E+00   0.268750000000E+03   0.152387652080E-09   0.000000000000E+00
  219.   0.430468750000E+03   0.384346466861E-09   0.000000000000E+00   0.269531250000E+03   0.306829512101E-09   0.000000000000E+00
  220.   0.429687500000E+03   0.192979881761E-09   0.000000000000E+00   0.270312500000E+03   0.154382153447E-09   0.000000000000E+00
  221.   0.428906250000E+03   0.387572351028E-09   0.000000000000E+00   0.271093750000E+03   0.310808938312E-09   0.000000000000E+00
  222.   0.428125000000E+03   0.194578246676E-09   0.000000000000E+00   0.271875000000E+03   0.156367002773E-09   0.000000000000E+00
  223.   0.427343750000E+03   0.390740627973E-09   0.000000000000E+00   0.272656250000E+03   0.314768754872E-09   0.000000000000E+00
  224.   0.426562500000E+03   0.196147771877E-09   0.000000000000E+00   0.273437500000E+03   0.158341897708E-09   0.000000000000E+00
  225.   0.425781250000E+03   0.393851279126E-09   0.000000000000E+00   0.274218750000E+03   0.318708457375E-09   0.000000000000E+00
  226.   0.425000000000E+03   0.197688514306E-09   0.000000000000E+00   0.275000000000E+03   0.160306633898E-09   0.000000000000E+00
  227.   0.424218750000E+03   0.396904570628E-09   0.000000000000E+00   0.275781250000E+03   0.322627771168E-09   0.000000000000E+00
  228.   0.423437500000E+03   0.199200684755E-09   0.000000000000E+00   0.276562500000E+03   0.162261139234E-09   0.000000000000E+00
  229.   0.422656250000E+03   0.399901121403E-09   0.000000000000E+00   0.277343750000E+03   0.326526711248E-09   0.000000000000E+00
  230.   0.421875000000E+03   0.200684690610E-09   0.000000000000E+00   0.278125000000E+03   0.164205503148E-09   0.000000000000E+00
  231.   0.421093750000E+03   0.402841985494E-09   0.000000000000E+00   0.278906250000E+03   0.330405655994E-09   0.000000000000E+00
  232.   0.420312500000E+03   0.202141180316E-09   0.000000000000E+00   0.279687500000E+03   0.166140015150E-09   0.000000000000E+00
  233.   0.419531250000E+03   0.405728759635E-09   0.000000000000E+00   0.280468750000E+03   0.334265442013E-09   0.000000000000E+00
  234.   0.418750000000E+03   0.203571100344E-09   0.000000000000E+00   0.281250000000E+03   0.168065219912E-09   0.000000000000E+00
  235.   0.417968750000E+03   0.408563708472E-09   0.000000000000E+00   0.282031250000E+03   0.338107481152E-09   0.000000000000E+00
  236.   0.417187500000E+03   0.204975770013E-09   0.000000000000E+00   0.282812500000E+03   0.169981986067E-09   0.000000000000E+00
  237.   0.416406250000E+03   0.411349934750E-09   0.000000000000E+00   0.283593750000E+03   0.341933910384E-09   0.000000000000E+00
  238.   0.415625000000E+03   0.206356973465E-09   0.000000000000E+00   0.284375000000E+03   0.171891582748E-09   0.000000000000E+00
  239.   0.414843750000E+03   0.414091578374E-09   0.000000000000E+00   0.285156250000E+03   0.345747773538E-09   0.000000000000E+00
  240.   0.414062500000E+03   0.207717063606E-09   0.000000000000E+00   0.285937500000E+03   0.173795782931E-09   0.000000000000E+00
  241.   0.413281250000E+03   0.416794073833E-09   0.000000000000E+00   0.286718750000E+03   0.349553256456E-09   0.000000000000E+00
  242.   0.412500000000E+03   0.209059122341E-09   0.000000000000E+00   0.287500000000E+03   0.175697000269E-09   0.000000000000E+00
  243.   0.411718750000E+03   0.419464467060E-09   0.000000000000E+00   0.288281250000E+03   0.353355978331E-09   0.000000000000E+00
  244.   0.410937500000E+03   0.210387116285E-09   0.000000000000E+00   0.289062500000E+03   0.177598441367E-09   0.000000000000E+00
  245.   0.410156250000E+03   0.422111814225E-09   0.000000000000E+00   0.289843750000E+03   0.357163359585E-09   0.000000000000E+00
  246.   0.409375000000E+03   0.211706132935E-09   0.000000000000E+00   0.290625000000E+03   0.179504318509E-09   0.000000000000E+00
  247.   0.408593750000E+03   0.424747683126E-09   0.000000000000E+00   0.291406250000E+03   0.360985080487E-09   0.000000000000E+00
  248.   0.407812500000E+03   0.213022649744E-09   0.000000000000E+00   0.292187500000E+03   0.181420098355E-09   0.000000000000E+00
  249.   0.407031250000E+03   0.427386771902E-09   0.000000000000E+00   0.292968750000E+03   0.364833659124E-09   0.000000000000E+00
  250.   0.406250000000E+03   0.214344890000E-09   0.000000000000E+00   0.293750000000E+03   0.183352831718E-09   0.000000000000E+00
  251.   0.405468750000E+03   0.430047688306E-09   0.000000000000E+00   0.294531250000E+03   0.368725179051E-09   0.000000000000E+00
  252.   0.404687500000E+03   0.215683237319E-09   0.000000000000E+00   0.295312500000E+03   0.185311553074E-09   0.000000000000E+00
  253.   0.403906250000E+03   0.432753919271E-09   0.000000000000E+00   0.296093750000E+03   0.372680198305E-09   0.000000000000E+00
  254.   0.403125000000E+03   0.217050792716E-09   0.000000000000E+00   0.296875000000E+03   0.187307782900E-09   0.000000000000E+00
  255.   0.402343750000E+03   0.435535050078E-09   0.000000000000E+00   0.297656250000E+03   0.376724890995E-09   0.000000000000E+00
  256.   0.401562500000E+03   0.218464040555E-09   0.000000000000E+00   0.298437500000E+03   0.189356174399E-09   0.000000000000E+00
  257.   0.400781250000E+03   0.438428282086E-09   0.000000000000E+00   0.299218750000E+03   0.380892484214E-09   0.000000000000E+00
  258.   0.400000000000E+03   0.219943693637E-09   0.000000000000E+00   0.300000000000E+03   0.191475301219E-09   0.000000000000E+00
  259.   0.399218750000E+03   0.441480326734E-09   0.000000000000E+00   0.300781250000E+03   0.385225061904E-09   0.000000000000E+00
  260.   0.398437500000E+03   0.221515748550E-09   0.000000000000E+00   0.301562500000E+03   0.193688669194E-09   0.000000000000E+00
  261.   0.397656250000E+03   0.444749780852E-09   0.000000000000E+00   0.302343750000E+03   0.389775822027E-09   0.000000000000E+00
  262.   0.396875000000E+03   0.223212805038E-09   0.000000000000E+00   0.303125000000E+03   0.196025970354E-09   0.000000000000E+00
  263.   0.396093750000E+03   0.448310089938E-09   0.000000000000E+00   0.303906250000E+03   0.394611918985E-09   0.000000000000E+00
  264.   0.395312500000E+03   0.225075706284E-09   0.000000000000E+00   0.304687500000E+03   0.198524662187E-09   0.000000000000E+00
  265.   0.394531250000E+03   0.452253253020E-09   0.000000000000E+00   0.305468750000E+03   0.399818026583E-09   0.000000000000E+00
  266.   0.393750000000E+03   0.227155604901E-09   0.000000000000E+00   0.306250000000E+03   0.201231959020E-09   0.000000000000E+00
  267.   0.392968750000E+03   0.456694453748E-09   0.000000000000E+00   0.307031250000E+03   0.405500812921E-09   0.000000000000E+00
  268.   0.392187500000E+03   0.229516525889E-09   0.000000000000E+00   0.307812500000E+03   0.204207309393E-09   0.000000000000E+00
  269.   0.391406250000E+03   0.461777846674E-09   0.000000000000E+00   0.308593750000E+03   0.411794557935E-09   0.000000000000E+00
  270.   0.390625000000E+03   0.232238590756E-09   0.000000000000E+00   0.309375000000E+03   0.207525538891E-09   0.000000000000E+00
  271.   0.389843750000E+03   0.467683792478E-09   0.000000000000E+00   0.310156250000E+03   0.418868206299E-09   0.000000000000E+00
  272.   0.389062500000E+03   0.235422033458E-09   0.000000000000E+00   0.310937500000E+03   0.211280761584E-09   0.000000000000E+00
  273.   0.388281250000E+03   0.474637896796E-09   0.000000000000E+00   0.311718750000E+03   0.426934224236E-09   0.000000000000E+00
  274.   0.387500000000E+03   0.239192217864E-09   0.000000000000E+00   0.312500000000E+03   0.215591315564E-09   0.000000000000E+00
  275.   0.386718750000E+03   0.482922317264E-09   0.000000000000E+00   0.313281250000E+03   0.436259717302E-09   0.000000000000E+00
  276.   0.385937500000E+03   0.243705923992E-09   0.000000000000E+00   0.314062500000E+03   0.220605955457E-09   0.000000000000E+00
  277.   0.385156250000E+03   0.492889891717E-09   0.000000000000E+00   0.314843750000E+03   0.447180390105E-09   0.000000000000E+00
  278.   0.384375000000E+03   0.249159193690E-09   0.000000000000E+00   0.315625000000E+03   0.226511618832E-09   0.000000000000E+00
  279.   0.383593750000E+03   0.504981812034E-09   0.000000000000E+00   0.316406250000E+03   0.460118088919E-09   0.000000000000E+00
  280.   0.382812500000E+03   0.255797147795E-09   0.000000000000E+00   0.317187500000E+03   0.233543188088E-09   0.000000000000E+00
  281.   0.382031250000E+03   0.519749722636E-09   0.000000000000E+00   0.317968750000E+03   0.475602831721E-09   0.000000000000E+00
  282.   0.381250000000E+03   0.263926273586E-09   0.000000000000E+00   0.318750000000E+03   0.241995761395E-09   0.000000000000E+00
  283.   0.380468750000E+03   0.537883381437E-09   0.000000000000E+00   0.319531250000E+03   0.494300499047E-09   0.000000000000E+00
  284.   0.379687500000E+03   0.273929783903E-09   0.000000000000E+00   0.320312500000E+03   0.252240058685E-09   0.000000000000E+00
  285.   0.378906250000E+03   0.560245292897E-09   0.000000000000E+00   0.321093750000E+03   0.517047660445E-09   0.000000000000E+00
  286.   0.378125000000E+03   0.286286873850E-09   0.000000000000E+00   0.321875000000E+03   0.264741838883E-09   0.000000000000E+00
  287.   0.377343750000E+03   0.587914132545E-09   0.000000000000E+00   0.322656250000E+03   0.544895426848E-09   0.000000000000E+00
  288.   0.376562500000E+03   0.301596867001E-09   0.000000000000E+00   0.323437500000E+03   0.280086303862E-09   0.000000000000E+00
  289.   0.375781250000E+03   0.622239294244E-09   0.000000000000E+00   0.324218750000E+03   0.579164760033E-09   0.000000000000E+00
  290.   0.375000000000E+03   0.320609582792E-09   0.000000000000E+00   0.325000000000E+03   0.299008972471E-09   0.000000000000E+00
  291.   0.374218750000E+03   0.664909622925E-09   0.000000000000E+00   0.325781250000E+03   0.621516444946E-09   0.000000000000E+00
  292.   0.373437500000E+03   0.344263666498E-09   0.000000000000E+00   0.326562500000E+03   0.322434748163E-09   0.000000000000E+00
  293.   0.372656250000E+03   0.718040459868E-09   0.000000000000E+00   0.327343750000E+03   0.674040025128E-09   0.000000000000E+00
  294.   0.371875000000E+03   0.373735261527E-09   0.000000000000E+00   0.328125000000E+03   0.351527743801E-09   0.000000000000E+00
  295.   0.371093750000E+03   0.784284718364E-09   0.000000000000E+00   0.328906250000E+03   0.739367654234E-09   0.000000000000E+00
  296.   0.370312500000E+03   0.410500418533E-09   0.000000000000E+00   0.329687500000E+03   0.387755311022E-09   0.000000000000E+00
  297.   0.369531250000E+03   0.866976485866E-09   0.000000000000E+00   0.330468750000E+03   0.820821632857E-09   0.000000000000E+00
  298.   0.368750000000E+03   0.456416597850E-09   0.000000000000E+00   0.331250000000E+03   0.432971856957E-09   0.000000000000E+00
  299.   0.367968750000E+03   0.970319644862E-09   0.000000000000E+00   0.332031250000E+03   0.922608522257E-09   0.000000000000E+00
  300.   0.367187500000E+03   0.513830328997E-09   0.000000000000E+00   0.332812500000E+03   0.489529662415E-09   0.000000000000E+00
  301.   0.366406250000E+03   0.109964394128E-08   0.000000000000E+00   0.333593750000E+03   0.105008262718E-08   0.000000000000E+00
  302.   0.365625000000E+03   0.585730122617E-09   0.000000000000E+00   0.334375000000E+03   0.560435901752E-09   0.000000000000E+00
  303.   0.364843750000E+03   0.126175942035E-08   0.000000000000E+00   0.335156250000E+03   0.121011058048E-08   0.000000000000E+00
  304.   0.364062500000E+03   0.675950231127E-09   0.000000000000E+00   0.335937500000E+03   0.649562425384E-09   0.000000000000E+00
  305.   0.363281250000E+03   0.146549234820E-08   0.000000000000E+00   0.336718750000E+03   0.141162012424E-08   0.000000000000E+00
  306.   0.362500000000E+03   0.789555246782E-09   0.000000000000E+00   0.337500000000E+03   0.762035917360E-09   0.000000000000E+00
  307.   0.361718750000E+03   0.172246592271E-08   0.000000000000E+00   0.338281250000E+03   0.166639993372E-08   0.000000000000E+00
  308.   0.360937500000E+03   0.933213048313E-09   0.000000000000E+00   0.339062500000E+03   0.904625226706E-09   0.000000000000E+00
  309.   0.360156250000E+03   0.204856716923E-08   0.000000000000E+00   0.339843750000E+03   0.199058673694E-08   0.000000000000E+00
  310.   0.359375000000E+03   0.111688120316E-08   0.000000000000E+00   0.340625000000E+03   0.108742396786E-08   0.000000000000E+00
  311.   0.358593750000E+03   0.246605165377E-08   0.000000000000E+00   0.341406250000E+03   0.240681442563E-08   0.000000000000E+00
  312.   0.357812500000E+03   0.135370557406E-08   0.000000000000E+00   0.342187500000E+03   0.132380543467E-08   0.000000000000E+00
  313.   0.357031250000E+03   0.300901701503E-08   0.000000000000E+00   0.342968750000E+03   0.294971848211E-08   0.000000000000E+00
  314.   0.356250000000E+03   0.167112226212E-08   0.000000000000E+00   0.343750000000E+03   0.164147018817E-08   0.000000000000E+00
  315.   0.355468750000E+03   0.373334765212E-08   0.000000000000E+00   0.344531250000E+03   0.367599056265E-08   0.000000000000E+00
  316.   0.354687500000E+03   0.210909795682E-08   0.000000000000E+00   0.345312500000E+03   0.208077765864E-08   0.000000000000E+00
  317.   0.353906250000E+03   0.473886747220E-08   0.000000000000E+00   0.346093750000E+03   0.468677168383E-08   0.000000000000E+00
  318.   0.353125000000E+03   0.275501377642E-08   0.000000000000E+00   0.346875000000E+03   0.273052359994E-08   0.000000000000E+00
  319.   0.352343750000E+03   0.633360242469E-08   0.000000000000E+00   0.347656250000E+03   0.629161698997E-08   0.000000000000E+00
  320.   0.351562500000E+03   0.416762898100E-08   0.000000000000E+00   0.348437500000E+03   0.414747825110E-08   0.000000000000E+00
  321.   0.350781250000E+03   0.900324123607E-08   0.000000000000E+00   0.349218750000E+03   0.898618067559E-08   0.000000000000E+00
  322.   0.350000000000E+03   0.129314425664E-07   0.000000000000E+00   0.350000000000E+03   0.129314425658E-07   0.000000000000E+00
  323.   0.349218750000E+03   0.898618067592E-08   0.000000000000E+00   0.350781250000E+03   0.900324123461E-08   0.000000000000E+00
  324.   0.348437500000E+03   0.414747825470E-08   0.000000000000E+00   0.351562500000E+03   0.416762898090E-08   0.000000000000E+00
  325.   0.347656250000E+03   0.629161699008E-08   0.000000000000E+00   0.352343750000E+03   0.633360242309E-08   0.000000000000E+00
  326.   0.346875000000E+03   0.273052360116E-08   0.000000000000E+00   0.353125000000E+03   0.275501377647E-08   0.000000000000E+00
  327.   0.346093750000E+03   0.468677168432E-08   0.000000000000E+00   0.353906250000E+03   0.473886747090E-08   0.000000000000E+00
  328.   0.345312500000E+03   0.208077765775E-08   0.000000000000E+00   0.354687500000E+03   0.210909795692E-08   0.000000000000E+00
  329.   0.344531250000E+03   0.367599056268E-08   0.000000000000E+00   0.355468750000E+03   0.373334765086E-08   0.000000000000E+00
  330.   0.343750000000E+03   0.164147018821E-08   0.000000000000E+00   0.356250000000E+03   0.167112226110E-08   0.000000000000E+00
  331.   0.342968750000E+03   0.294971848244E-08   0.000000000000E+00   0.357031250000E+03   0.300901701395E-08   0.000000000000E+00
  332.   0.342187500000E+03   0.132380543454E-08   0.000000000000E+00   0.357812500000E+03   0.135370557309E-08   0.000000000000E+00
  333.   0.341406250000E+03   0.240681442635E-08   0.000000000000E+00   0.358593750000E+03   0.246605165360E-08   0.000000000000E+00
  334.   0.340625000000E+03   0.108742396831E-08   0.000000000000E+00   0.359375000000E+03   0.111688120254E-08   0.000000000000E+00
  335.   0.339843750000E+03   0.199058673803E-08   0.000000000000E+00   0.360156250000E+03   0.204856716981E-08   0.000000000000E+00
  336.   0.339062500000E+03   0.904625226547E-09   0.000000000000E+00   0.360937500000E+03   0.933213046451E-09   0.000000000000E+00
  337.   0.338281250000E+03   0.166639993479E-08   0.000000000000E+00   0.361718750000E+03   0.172246592351E-08   0.000000000000E+00
  338.   0.337500000000E+03   0.762035917916E-09   0.000000000000E+00   0.362500000000E+03   0.789555246509E-09   0.000000000000E+00
  339.   0.336718750000E+03   0.141162012575E-08   0.000000000000E+00   0.363281250000E+03   0.146549234849E-08   0.000000000000E+00
  340.   0.335937500000E+03   0.649562425909E-09   0.000000000000E+00   0.364062500000E+03   0.675950229133E-09   0.000000000000E+00
  341.   0.335156250000E+03   0.121011058233E-08   0.000000000000E+00   0.364843750000E+03   0.126175941983E-08   0.000000000000E+00
  342.   0.334375000000E+03   0.560435903380E-09   0.000000000000E+00   0.365625000000E+03   0.585730121199E-09   0.000000000000E+00
  343.   0.333593750000E+03   0.105008262900E-08   0.000000000000E+00   0.366406250000E+03   0.109964394098E-08   0.000000000000E+00
  344.   0.332812500000E+03   0.489529663969E-09   0.000000000000E+00   0.367187500000E+03   0.513830328145E-09   0.000000000000E+00
  345.   0.332031250000E+03   0.922608523638E-09   0.000000000000E+00   0.367968750000E+03   0.970319644959E-09   0.000000000000E+00
  346.   0.331250000000E+03   0.432971858869E-09   0.000000000000E+00   0.368750000000E+03   0.456416596955E-09   0.000000000000E+00
  347.   0.330468750000E+03   0.820821633433E-09   0.000000000000E+00   0.369531250000E+03   0.866976485796E-09   0.000000000000E+00
  348.   0.329687500000E+03   0.387755312401E-09   0.000000000000E+00   0.370312500000E+03   0.410500416962E-09   0.000000000000E+00
  349.   0.328906250000E+03   0.739367655037E-09   0.000000000000E+00   0.371093750000E+03   0.784284719147E-09   0.000000000000E+00
  350.   0.328125000000E+03   0.351527743371E-09   0.000000000000E+00   0.371875000000E+03   0.373735261722E-09   0.000000000000E+00
  351.   0.327343750000E+03   0.674040026093E-09   0.000000000000E+00   0.372656250000E+03   0.718040461272E-09   0.000000000000E+00
  352.   0.326562500000E+03   0.322434748571E-09   0.000000000000E+00   0.373437500000E+03   0.344263666919E-09   0.000000000000E+00
  353.   0.325781250000E+03   0.621516445384E-09   0.000000000000E+00   0.374218750000E+03   0.664909624146E-09   0.000000000000E+00
  354.   0.325000000000E+03   0.299008973283E-09   0.000000000000E+00   0.375000000000E+03   0.320609584226E-09   0.000000000000E+00
  355.   0.324218750000E+03   0.579164761060E-09   0.000000000000E+00   0.375781250000E+03   0.622239295002E-09   0.000000000000E+00
  356.   0.323437500000E+03   0.280086304490E-09   0.000000000000E+00   0.376562500000E+03   0.301596866564E-09   0.000000000000E+00
  357.   0.322656250000E+03   0.544895428470E-09   0.000000000000E+00   0.377343750000E+03   0.587914132882E-09   0.000000000000E+00
  358.   0.321875000000E+03   0.264741838304E-09   0.000000000000E+00   0.378125000000E+03   0.286286874227E-09   0.000000000000E+00
  359.   0.321093750000E+03   0.517047662038E-09   0.000000000000E+00   0.378906250000E+03   0.560245293532E-09   0.000000000000E+00
  360.   0.320312500000E+03   0.252240059021E-09   0.000000000000E+00   0.379687500000E+03   0.273929784952E-09   0.000000000000E+00
  361.   0.319531250000E+03   0.494300499913E-09   0.000000000000E+00   0.380468750000E+03   0.537883382632E-09   0.000000000000E+00
  362.   0.318750000000E+03   0.241995760011E-09   0.000000000000E+00   0.381250000000E+03   0.263926276718E-09   0.000000000000E+00
  363.   0.317968750000E+03   0.475602832663E-09   0.000000000000E+00   0.382031250000E+03   0.519749723526E-09   0.000000000000E+00
  364.   0.317187500000E+03   0.233543188292E-09   0.000000000000E+00   0.382812500000E+03   0.255797149424E-09   0.000000000000E+00
  365.   0.316406250000E+03   0.460118089489E-09   0.000000000000E+00   0.383593750000E+03   0.504981812351E-09   0.000000000000E+00
  366.   0.315625000000E+03   0.226511619051E-09   0.000000000000E+00   0.384375000000E+03   0.249159193683E-09   0.000000000000E+00
  367.   0.314843750000E+03   0.447180389729E-09   0.000000000000E+00   0.385156250000E+03   0.492889892614E-09   0.000000000000E+00
  368.   0.314062500000E+03   0.220605956128E-09   0.000000000000E+00   0.385937500000E+03   0.243705925092E-09   0.000000000000E+00
  369.   0.313281250000E+03   0.436259716846E-09   0.000000000000E+00   0.386718750000E+03   0.482922317220E-09   0.000000000000E+00
  370.   0.312500000000E+03   0.215591315215E-09   0.000000000000E+00   0.387500000000E+03   0.239192218199E-09   0.000000000000E+00
  371.   0.311718750000E+03   0.426934225304E-09   0.000000000000E+00   0.388281250000E+03   0.474637896584E-09   0.000000000000E+00
  372.   0.310937500000E+03   0.211280760321E-09   0.000000000000E+00   0.389062500000E+03   0.235422035808E-09   0.000000000000E+00
  373.   0.310156250000E+03   0.418868207788E-09   0.000000000000E+00   0.389843750000E+03   0.467683792113E-09   0.000000000000E+00
  374.   0.309375000000E+03   0.207525538776E-09   0.000000000000E+00   0.390625000000E+03   0.232238591754E-09   0.000000000000E+00
  375.   0.308593750000E+03   0.411794559762E-09   0.000000000000E+00   0.391406250000E+03   0.461777845915E-09   0.000000000000E+00
  376.   0.307812500000E+03   0.204207310879E-09   0.000000000000E+00   0.392187500000E+03   0.229516526075E-09   0.000000000000E+00
  377.   0.307031250000E+03   0.405500815252E-09   0.000000000000E+00   0.392968750000E+03   0.456694453000E-09   0.000000000000E+00
  378.   0.306250000000E+03   0.201231960758E-09   0.000000000000E+00   0.393750000000E+03   0.227155604964E-09   0.000000000000E+00
  379.   0.305468750000E+03   0.399818028831E-09   0.000000000000E+00   0.394531250000E+03   0.452253252092E-09   0.000000000000E+00
  380.   0.304687500000E+03   0.198524665252E-09   0.000000000000E+00   0.395312500000E+03   0.225075706289E-09   0.000000000000E+00
  381.   0.303906250000E+03   0.394611920991E-09   0.000000000000E+00   0.396093750000E+03   0.448310088725E-09   0.000000000000E+00
  382.   0.303125000000E+03   0.196025971150E-09   0.000000000000E+00   0.396875000000E+03   0.223212805929E-09   0.000000000000E+00
  383.   0.302343750000E+03   0.389775823263E-09   0.000000000000E+00   0.397656250000E+03   0.444749779838E-09   0.000000000000E+00
  384.   0.301562500000E+03   0.193688670162E-09   0.000000000000E+00   0.398437500000E+03   0.221515750218E-09   0.000000000000E+00
  385.   0.300781250000E+03   0.385225062733E-09   0.000000000000E+00   0.399218750000E+03   0.441480326898E-09   0.000000000000E+00
  386.   0.300000000000E+03   0.191475302674E-09   0.000000000000E+00   0.400000000000E+03   0.219943693632E-09   0.000000000000E+00
  387.   0.299218750000E+03   0.380892485394E-09   0.000000000000E+00   0.400781250000E+03   0.438428283024E-09   0.000000000000E+00
  388.   0.298437500000E+03   0.189356175223E-09   0.000000000000E+00   0.401562500000E+03   0.218464039676E-09   0.000000000000E+00
  389.   0.297656250000E+03   0.376724891319E-09   0.000000000000E+00   0.402343750000E+03   0.435535050981E-09   0.000000000000E+00
  390.   0.296875000000E+03   0.187307783685E-09   0.000000000000E+00   0.403125000000E+03   0.217050791959E-09   0.000000000000E+00
  391.   0.296093750000E+03   0.372680198349E-09   0.000000000000E+00   0.403906250000E+03   0.432753919326E-09   0.000000000000E+00
  392.   0.295312500000E+03   0.185311553509E-09   0.000000000000E+00   0.404687500000E+03   0.215683237990E-09   0.000000000000E+00
  393.   0.294531250000E+03   0.368725179639E-09   0.000000000000E+00   0.405468750000E+03   0.430047688330E-09   0.000000000000E+00
  394.   0.293750000000E+03   0.183352833211E-09   0.000000000000E+00   0.406250000000E+03   0.214344889988E-09   0.000000000000E+00
  395.   0.292968750000E+03   0.364833659651E-09   0.000000000000E+00   0.407031250000E+03   0.427386772603E-09   0.000000000000E+00
  396.   0.292187500000E+03   0.181420098083E-09   0.000000000000E+00   0.407812500000E+03   0.213022650495E-09   0.000000000000E+00
  397.   0.291406250000E+03   0.360985080855E-09   0.000000000000E+00   0.408593750000E+03   0.424747683175E-09   0.000000000000E+00
  398.   0.290625000000E+03   0.179504317818E-09   0.000000000000E+00   0.409375000000E+03   0.211706131908E-09   0.000000000000E+00
  399.   0.289843750000E+03   0.357163360496E-09   0.000000000000E+00   0.410156250000E+03   0.422111813995E-09   0.000000000000E+00
  400.   0.289062500000E+03   0.177598442353E-09   0.000000000000E+00   0.410937500000E+03   0.210387114684E-09   0.000000000000E+00
  401.   0.288281250000E+03   0.353355980196E-09   0.000000000000E+00   0.411718750000E+03   0.419464466063E-09   0.000000000000E+00
  402.   0.287500000000E+03   0.175697001784E-09   0.000000000000E+00   0.412500000000E+03   0.209059121137E-09   0.000000000000E+00
  403.   0.286718750000E+03   0.349553258405E-09   0.000000000000E+00   0.413281250000E+03   0.416794073734E-09   0.000000000000E+00
  404.   0.285937500000E+03   0.173795784209E-09   0.000000000000E+00   0.414062500000E+03   0.207717063799E-09   0.000000000000E+00
  405.   0.285156250000E+03   0.345747774996E-09   0.000000000000E+00   0.414843750000E+03   0.414091578720E-09   0.000000000000E+00
  406.   0.284375000000E+03   0.171891583708E-09   0.000000000000E+00   0.415625000000E+03   0.206356973156E-09   0.000000000000E+00
  407.   0.283593750000E+03   0.341933912065E-09   0.000000000000E+00   0.416406250000E+03   0.411349934754E-09   0.000000000000E+00
  408.   0.282812500000E+03   0.169981987744E-09   0.000000000000E+00   0.417187500000E+03   0.204975770557E-09   0.000000000000E+00
  409.   0.282031250000E+03   0.338107483028E-09   0.000000000000E+00   0.417968750000E+03   0.408563708897E-09   0.000000000000E+00
  410.   0.281250000000E+03   0.168065221098E-09   0.000000000000E+00   0.418750000000E+03   0.203571100770E-09   0.000000000000E+00
  411.   0.280468750000E+03   0.334265443579E-09   0.000000000000E+00   0.419531250000E+03   0.405728759622E-09   0.000000000000E+00
  412.   0.279687500000E+03   0.166140015555E-09   0.000000000000E+00   0.420312500000E+03   0.202141180948E-09   0.000000000000E+00
  413.   0.278906250000E+03   0.330405658082E-09   0.000000000000E+00   0.421093750000E+03   0.402841985773E-09   0.000000000000E+00
  414.   0.278125000000E+03   0.164205504506E-09   0.000000000000E+00   0.421875000000E+03   0.200684691518E-09   0.000000000000E+00
  415.   0.277343750000E+03   0.326526713767E-09   0.000000000000E+00   0.422656250000E+03   0.399901121426E-09   0.000000000000E+00
  416.   0.276562500000E+03   0.162261141197E-09   0.000000000000E+00   0.423437500000E+03   0.199200685790E-09   0.000000000000E+00
  417.   0.275781250000E+03   0.322627774009E-09   0.000000000000E+00   0.424218750000E+03   0.396904570814E-09   0.000000000000E+00
  418.   0.275000000000E+03   0.160306634370E-09   0.000000000000E+00   0.425000000000E+03   0.197688515123E-09   0.000000000000E+00
  419.   0.274218750000E+03   0.318708459751E-09   0.000000000000E+00   0.425781250000E+03   0.393851279621E-09   0.000000000000E+00
  420.   0.273437500000E+03   0.158341898096E-09   0.000000000000E+00   0.426562500000E+03   0.196147772483E-09   0.000000000000E+00
  421.   0.272656250000E+03   0.314768757166E-09   0.000000000000E+00   0.427343750000E+03   0.390740629304E-09   0.000000000000E+00
  422.   0.271875000000E+03   0.156367004862E-09   0.000000000000E+00   0.428125000000E+03   0.194578247075E-09   0.000000000000E+00
  423.   0.271093750000E+03   0.310808940670E-09   0.000000000000E+00   0.428906250000E+03   0.387572352932E-09   0.000000000000E+00
  424.   0.270312500000E+03   0.154382154938E-09   0.000000000000E+00   0.429687500000E+03   0.192979882602E-09   0.000000000000E+00
  425.   0.269531250000E+03   0.306829514796E-09   0.000000000000E+00   0.430468750000E+03   0.384346468429E-09   0.000000000000E+00
  426.   0.268750000000E+03   0.152387652308E-09   0.000000000000E+00   0.431250000000E+03   0.191352755509E-09   0.000000000000E+00
  427.   0.267968750000E+03   0.302831166071E-09   0.000000000000E+00   0.432031250000E+03   0.381063228251E-09   0.000000000000E+00
  428.   0.267187500000E+03   0.150383881037E-09   0.000000000000E+00   0.432812500000E+03   0.189697040550E-09   0.000000000000E+00
  429.   0.266406250000E+03   0.298814726413E-09   0.000000000000E+00   0.433593750000E+03   0.377723072600E-09   0.000000000000E+00
  430.   0.265625000000E+03   0.148371288069E-09   0.000000000000E+00   0.434375000000E+03   0.188013000899E-09   0.000000000000E+00
  431.   0.264843750000E+03   0.294781141231E-09   0.000000000000E+00   0.435156250000E+03   0.374326595890E-09   0.000000000000E+00
  432.   0.264062500000E+03   0.146350371599E-09   0.000000000000E+00   0.435937500000E+03   0.186300969831E-09   0.000000000000E+00
  433.   0.263281250000E+03   0.290731447806E-09   0.000000000000E+00   0.436718750000E+03   0.370874519191E-09   0.000000000000E+00
  434.   0.262500000000E+03   0.144321669553E-09   0.000000000000E+00   0.437500000000E+03   0.184561334759E-09   0.000000000000E+00
  435.   0.261718750000E+03   0.286666751964E-09   0.000000000000E+00   0.438281250000E+03   0.367367669521E-09   0.000000000000E+00
  436.   0.260937500000E+03   0.142285750891E-09   0.000000000000E+00   0.439062500000E+03   0.182794534612E-09   0.000000000000E+00
  437.   0.260156250000E+03   0.282588216708E-09   0.000000000000E+00   0.439843750000E+03   0.363806962747E-09   0.000000000000E+00
  438.   0.259375000000E+03   0.140243209163E-09   0.000000000000E+00   0.440625000000E+03   0.181001046968E-09   0.000000000000E+00
  439.   0.258593750000E+03   0.278497048694E-09   0.000000000000E+00   0.441406250000E+03   0.360193386622E-09   0.000000000000E+00
  440.   0.257812500000E+03   0.138194657711E-09   0.000000000000E+00   0.442187500000E+03   0.179181381692E-09   0.000000000000E+00
  441.   0.257031250000E+03   0.274394486824E-09   0.000000000000E+00   0.442968750000E+03   0.356527991396E-09   0.000000000000E+00
  442.   0.256250000000E+03   0.136140721928E-09   0.000000000000E+00   0.443750000000E+03   0.177336077730E-09   0.000000000000E+00
  443.   0.255468750000E+03   0.270281796850E-09   0.000000000000E+00   0.444531250000E+03   0.352811880402E-09   0.000000000000E+00
  444.   0.254687500000E+03   0.134082039934E-09   0.000000000000E+00   0.445312500000E+03   0.175465701074E-09   0.000000000000E+00
  445.   0.253906250000E+03   0.266160262272E-09   0.000000000000E+00   0.446093750000E+03   0.349046203373E-09   0.000000000000E+00
  446.   0.253125000000E+03   0.132019260062E-09   0.000000000000E+00   0.446875000000E+03   0.173570835172E-09   0.000000000000E+00
  447.   0.252343750000E+03   0.262031182484E-09   0.000000000000E+00   0.447656250000E+03   0.345232150489E-09   0.000000000000E+00
  448.   0.251562500000E+03   0.129953032918E-09   0.000000000000E+00   0.448437500000E+03   0.171652084408E-09   0.000000000000E+00
  449.   0.250781250000E+03   0.257895866946E-09   0.000000000000E+00   0.449218750000E+03   0.341370945134E-09   0.000000000000E+00
  450.   0.250000000000E+03   0.127884014414E-09   0.000000000000E+00   0.450000000000E+03   0.169710070023E-09   0.000000000000E+00
  451.   0.249218750000E+03   0.253755631207E-09   0.000000000000E+00   0.450781250000E+03   0.337463844659E-09   0.000000000000E+00
  452.   0.248437500000E+03   0.125812865558E-09   0.000000000000E+00   0.451562500000E+03   0.167745427854E-09   0.000000000000E+00
  453.   0.247656250000E+03   0.249611795780E-09   0.000000000000E+00   0.452343750000E+03   0.333512134245E-09   0.000000000000E+00
  454.   0.246875000000E+03   0.123740246229E-09   0.000000000000E+00   0.453125000000E+03   0.165758806688E-09   0.000000000000E+00
  455.   0.246093750000E+03   0.245465682838E-09   0.000000000000E+00   0.453906250000E+03   0.329517124946E-09   0.000000000000E+00
  456.   0.245312500000E+03   0.121666817458E-09   0.000000000000E+00   0.454687500000E+03   0.163750869482E-09   0.000000000000E+00
  457.   0.244531250000E+03   0.241318614276E-09   0.000000000000E+00   0.455468750000E+03   0.325480152221E-09   0.000000000000E+00
  458.   0.243750000000E+03   0.119593241707E-09   0.000000000000E+00   0.456250000000E+03   0.161722286278E-09   0.000000000000E+00
  459.   0.242968750000E+03   0.237171911895E-09   0.000000000000E+00   0.457031250000E+03   0.321402574069E-09   0.000000000000E+00
  460.   0.242187500000E+03   0.117520178535E-09   0.000000000000E+00   0.457812500000E+03   0.159673745852E-09   0.000000000000E+00
  461.   0.241406250000E+03   0.233026894378E-09   0.000000000000E+00   0.458593750000E+03   0.317285770409E-09   0.000000000000E+00
  462.   0.240625000000E+03   0.115448284435E-09   0.000000000000E+00   0.459375000000E+03   0.157605940411E-09   0.000000000000E+00
  463.   0.239843750000E+03   0.228884877240E-09   0.000000000000E+00   0.460156250000E+03   0.313131141222E-09   0.000000000000E+00
  464.   0.239062500000E+03   0.113378217321E-09   0.000000000000E+00   0.460937500000E+03   0.155519577130E-09   0.000000000000E+00
  465.   0.238281250000E+03   0.224747172165E-09   0.000000000000E+00   0.461718750000E+03   0.308940104993E-09   0.000000000000E+00
  466.   0.237500000000E+03   0.111310632482E-09   0.000000000000E+00   0.462500000000E+03   0.153415366274E-09   0.000000000000E+00
  467.   0.236718750000E+03   0.220615084313E-09   0.000000000000E+00   0.463281250000E+03   0.304714099941E-09   0.000000000000E+00
  468.   0.235937500000E+03   0.109246182054E-09   0.000000000000E+00   0.464062500000E+03   0.151294035882E-09   0.000000000000E+00
  469.   0.235156250000E+03   0.216489914743E-09   0.000000000000E+00   0.464843750000E+03   0.300454581881E-09   0.000000000000E+00
  470.   0.234375000000E+03   0.107185512046E-09   0.000000000000E+00   0.465625000000E+03   0.149156316245E-09   0.000000000000E+00
  471.   0.233593750000E+03   0.212372957394E-09   0.000000000000E+00   0.466406250000E+03   0.296163024828E-09   0.000000000000E+00
  472.   0.232812500000E+03   0.105129268685E-09   0.000000000000E+00   0.467187500000E+03   0.147002946570E-09   0.000000000000E+00
  473.   0.232031250000E+03   0.208265499616E-09   0.000000000000E+00   0.467968750000E+03   0.291840919894E-09   0.000000000000E+00
  474.   0.231250000000E+03   0.103078096538E-09   0.000000000000E+00   0.468750000000E+03   0.144834679252E-09   0.000000000000E+00
  475.   0.230468750000E+03   0.204168822832E-09   0.000000000000E+00   0.469531250000E+03   0.287489773977E-09   0.000000000000E+00
  476.   0.229687500000E+03   0.101032630694E-09   0.000000000000E+00   0.470312500000E+03   0.142652271970E-09   0.000000000000E+00
  477.   0.228906250000E+03   0.200084199264E-09   0.000000000000E+00   0.471093750000E+03   0.283111112536E-09   0.000000000000E+00
  478.   0.228125000000E+03   0.989935080912E-10   0.000000000000E+00   0.471875000000E+03   0.140456491060E-09   0.000000000000E+00
  479.   0.227343750000E+03   0.196012893322E-09   0.000000000000E+00   0.472656250000E+03   0.278706476519E-09   0.000000000000E+00
  480.   0.226562500000E+03   0.969613568328E-10   0.000000000000E+00   0.473437500000E+03   0.138248109834E-09   0.000000000000E+00
  481.   0.225781250000E+03   0.191956162702E-09   0.000000000000E+00   0.474218750000E+03   0.274277423403E-09   0.000000000000E+00
  482.   0.225000000000E+03   0.949368027685E-10   0.000000000000E+00   0.475000000000E+03   0.136027912713E-09   0.000000000000E+00
  483.   0.224218750000E+03   0.187915254807E-09   0.000000000000E+00   0.475781250000E+03   0.269825527227E-09   0.000000000000E+00
  484.   0.223437500000E+03   0.929204722690E-10   0.000000000000E+00   0.476562500000E+03   0.133796690258E-09   0.000000000000E+00
  485.   0.222656250000E+03   0.183891408918E-09   0.000000000000E+00   0.477343750000E+03   0.265352377075E-09   0.000000000000E+00
  486.   0.221875000000E+03   0.909129774120E-10   0.000000000000E+00   0.478125000000E+03   0.131555239348E-09   0.000000000000E+00
  487.   0.221093750000E+03   0.179885855271E-09   0.000000000000E+00   0.478906250000E+03   0.260859578163E-09   0.000000000000E+00
  488.   0.220312500000E+03   0.889149322788E-10   0.000000000000E+00   0.479687500000E+03   0.129304367863E-09   0.000000000000E+00
  489.   0.219531250000E+03   0.175899813830E-09   0.000000000000E+00   0.480468750000E+03   0.256348751997E-09   0.000000000000E+00
  490.   0.218750000000E+03   0.869269451276E-10   0.000000000000E+00   0.481250000000E+03   0.127044890164E-09   0.000000000000E+00
  491.   0.217968750000E+03   0.171934495260E-09   0.000000000000E+00   0.482031250000E+03   0.251821535050E-09   0.000000000000E+00
  492.   0.217187500000E+03   0.849496182500E-10   0.000000000000E+00   0.482812500000E+03   0.124777629291E-09   0.000000000000E+00
  493.   0.216406250000E+03   0.167991099937E-09   0.000000000000E+00   0.483593750000E+03   0.247279581215E-09   0.000000000000E+00
  494.   0.215625000000E+03   0.829835483981E-10   0.000000000000E+00   0.484375000000E+03   0.122503414173E-09   0.000000000000E+00
  495.   0.214843750000E+03   0.164070817512E-09   0.000000000000E+00   0.485156250000E+03   0.242724559288E-09   0.000000000000E+00
  496.   0.214062500000E+03   0.810293286347E-10   0.000000000000E+00   0.485937500000E+03   0.120223084515E-09   0.000000000000E+00
  497.   0.213281250000E+03   0.160174827192E-09   0.000000000000E+00   0.486718750000E+03   0.238158153588E-09   0.000000000000E+00
  498.   0.212500000000E+03   0.790875459447E-10   0.000000000000E+00   0.487500000000E+03   0.117937487241E-09   0.000000000000E+00
  499.   0.211718750000E+03   0.156304297172E-09   0.000000000000E+00   0.488281250000E+03   0.233582066557E-09   0.000000000000E+00
  500.   0.210937500000E+03   0.771587807459E-10   0.000000000000E+00   0.489062500000E+03   0.115647474815E-09   0.000000000000E+00
  501.   0.210156250000E+03   0.152460383742E-09   0.000000000000E+00   0.489843750000E+03   0.228998015902E-09   0.000000000000E+00
  502.   0.209375000000E+03   0.752436082752E-10   0.000000000000E+00   0.490625000000E+03   0.113353912358E-09   0.000000000000E+00
  503.   0.208593750000E+03   0.148644231506E-09   0.000000000000E+00   0.491406250000E+03   0.224407735723E-09   0.000000000000E+00
  504.   0.207812500000E+03   0.733425978583E-10   0.000000000000E+00   0.492187500000E+03   0.111057670106E-09   0.000000000000E+00
  505.   0.207031250000E+03   0.144856973238E-09   0.000000000000E+00   0.492968750000E+03   0.219812978367E-09   0.000000000000E+00
  506.   0.206250000000E+03   0.714563133538E-10   0.000000000000E+00   0.493750000000E+03   0.108759630360E-09   0.000000000000E+00
  507.   0.205468750000E+03   0.141099728894E-09   0.000000000000E+00   0.494531250000E+03   0.215215514699E-09   0.000000000000E+00
  508.   0.204687500000E+03   0.695853098324E-10   0.000000000000E+00   0.495312500000E+03   0.106460681376E-09   0.000000000000E+00
  509.   0.203906250000E+03   0.137373605530E-09   0.000000000000E+00   0.496093750000E+03   0.210617134401E-09   0.000000000000E+00
  510.   0.203125000000E+03   0.677301390586E-10   0.000000000000E+00   0.496875000000E+03   0.104161723280E-09   0.000000000000E+00
  511.   0.202343750000E+03   0.133679696407E-09   0.000000000000E+00   0.497656250000E+03   0.206019646854E-09   0.000000000000E+00
  512.   0.201562500000E+03   0.658913429716E-10   0.000000000000E+00   0.498437500000E+03   0.101863664751E-09   0.000000000000E+00
  513.   0.200781250000E+03   0.130019080885E-09   0.000000000000E+00   0.499218750000E+03   0.201424883100E-09   0.000000000000E+00
  514.   0.200000000000E+03   0.640694581454E-10   0.000000000000E+00   0.500000000000E+03   0.995674292337E-10   0.000000000000E+00
  515.   0.199218750000E+03   0.126392824253E-09   0.000000000000E+00   0.500781250000E+03   0.196834697898E-09   0.000000000000E+00
  516.   0.198437500000E+03   0.622650134006E-10   0.000000000000E+00   0.501562500000E+03   0.972739478233E-10   0.000000000000E+00
  517.   0.197656250000E+03   0.122801975844E-09   0.000000000000E+00   0.502343750000E+03   0.192250971351E-09   0.000000000000E+00
  518.   0.196875000000E+03   0.604785290035E-10   0.000000000000E+00   0.503125000000E+03   0.949841688409E-10   0.000000000000E+00
  519.   0.196093750000E+03   0.119247569215E-09   0.000000000000E+00   0.503906250000E+03   0.187675613485E-09   0.000000000000E+00
  520.   0.195312500000E+03   0.587105177388E-10   0.000000000000E+00   0.504687500000E+03   0.926990536911E-10   0.000000000000E+00
  521.   0.194531250000E+03   0.115730620940E-09   0.000000000000E+00   0.505468750000E+03   0.183110565540E-09   0.000000000000E+00
  522.   0.193750000000E+03   0.569614839771E-10   0.000000000000E+00   0.506250000000E+03   0.904195825185E-10   0.000000000000E+00
  523.   0.192968750000E+03   0.112252129842E-09   0.000000000000E+00   0.507031250000E+03   0.178557807066E-09   0.000000000000E+00
  524.   0.192187500000E+03   0.552319209607E-10   0.000000000000E+00   0.507812500000E+03   0.881467547604E-10   0.000000000000E+00
  525.   0.191406250000E+03   0.108813075465E-09   0.000000000000E+00   0.508593750000E+03   0.174019360561E-09   0.000000000000E+00
  526.   0.190625000000E+03   0.535223146957E-10   0.000000000000E+00   0.509375000000E+03   0.858815925222E-10   0.000000000000E+00
  527.   0.189843750000E+03   0.105414416458E-09   0.000000000000E+00   0.510156250000E+03   0.169497298700E-09   0.000000000000E+00
  528.   0.189062500000E+03   0.518331384406E-10   0.000000000000E+00   0.510937500000E+03   0.836251467119E-10   0.000000000000E+00
  529.   0.188281250000E+03   0.102057089162E-09   0.000000000000E+00   0.511718750000E+03   0.164993756041E-09   0.000000000000E+00
  530.   0.187500000000E+03   0.501648543917E-10   0.000000000000E+00   0.512500000000E+03   0.813785009332E-10   0.000000000000E+00
  531.   0.186718750000E+03   0.987420054989E-10   0.000000000000E+00   0.513281250000E+03   0.160510938721E-09   0.000000000000E+00
  532.   0.185937500000E+03   0.485179122104E-10   0.000000000000E+00   0.514062500000E+03   0.791427771037E-10   0.000000000000E+00
  533.   0.185156250000E+03   0.954700500812E-10   0.000000000000E+00   0.514843750000E+03   0.156051139658E-09   0.000000000000E+00
  534.   0.184375000000E+03   0.468927466506E-10   0.000000000000E+00   0.515625000000E+03   0.769191465363E-10   0.000000000000E+00
  535.   0.183593750000E+03   0.922420775396E-10   0.000000000000E+00   0.516406250000E+03   0.151616758342E-09   0.000000000000E+00
  536.   0.182812500000E+03   0.452897771308E-10   0.000000000000E+00   0.517187500000E+03   0.747088365179E-10   0.000000000000E+00
  537.   0.182031250000E+03   0.890589081777E-10   0.000000000000E+00   0.517968750000E+03   0.147210323837E-09   0.000000000000E+00
  538.   0.181250000000E+03   0.437094045407E-10   0.000000000000E+00   0.518750000000E+03   0.725131485303E-10   0.000000000000E+00
  539.   0.180468750000E+03   0.859213234432E-10   0.000000000000E+00   0.519531250000E+03   0.142834525193E-09   0.000000000000E+00
  540.   0.179687500000E+03   0.421520090177E-10   0.000000000000E+00   0.520312500000E+03   0.703334710727E-10   0.000000000000E+00
  541.   0.178906250000E+03   0.828300605668E-10   0.000000000000E+00   0.521093750000E+03   0.138492247582E-09   0.000000000000E+00
  542.   0.178125000000E+03   0.406179471395E-10   0.000000000000E+00   0.521875000000E+03   0.681712996458E-10   0.000000000000E+00
  543.   0.177343750000E+03   0.797858047809E-10   0.000000000000E+00   0.522656250000E+03   0.134186619809E-09   0.000000000000E+00
  544.   0.176562500000E+03   0.391075472617E-10   0.000000000000E+00   0.523437500000E+03   0.660282671914E-10   0.000000000000E+00
  545.   0.175781250000E+03   0.767891807953E-10   0.000000000000E+00   0.524218750000E+03   0.129921073083E-09   0.000000000000E+00
  546.   0.175000000000E+03   0.376211059388E-10   0.000000000000E+00   0.525000000000E+03   0.639061723539E-10   0.000000000000E+00
  547.   0.174218750000E+03   0.738407416681E-10   0.000000000000E+00   0.525781250000E+03   0.125699414838E-09   0.000000000000E+00
  548.   0.173437500000E+03   0.361588796702E-10   0.000000000000E+00   0.526562500000E+03   0.618070227323E-10   0.000000000000E+00
  549.   0.172656250000E+03   0.709409559897E-10   0.000000000000E+00   0.527343750000E+03   0.121525920386E-09   0.000000000000E+00
  550.   0.171875000000E+03   0.347210792826E-10   0.000000000000E+00   0.528125000000E+03   0.597330867139E-10   0.000000000000E+00
  551.   0.171093750000E+03   0.680901904594E-10   0.000000000000E+00   0.528906250000E+03   0.117405449179E-09   0.000000000000E+00
  552.   0.170312500000E+03   0.333078603219E-10   0.000000000000E+00   0.529687500000E+03   0.576869553698E-10   0.000000000000E+00
  553.   0.169531250000E+03   0.652886888654E-10   0.000000000000E+00   0.530468750000E+03   0.113343590307E-09   0.000000000000E+00
  554.   0.168750000000E+03   0.319193113906E-10   0.000000000000E+00   0.531250000000E+03   0.556716256764E-10   0.000000000000E+00
  555.   0.167968750000E+03   0.625365470002E-10   0.000000000000E+00   0.532031250000E+03   0.109346844826E-09   0.000000000000E+00
  556.   0.167187500000E+03   0.305554394996E-10   0.000000000000E+00   0.532812500000E+03   0.536906008685E-10   0.000000000000E+00
  557.   0.166406250000E+03   0.598336802526E-10   0.000000000000E+00   0.533593750000E+03   0.105422854866E-09   0.000000000000E+00
  558.   0.165625000000E+03   0.292161521936E-10   0.000000000000E+00   0.534375000000E+03   0.517480193238E-10   0.000000000000E+00
  559.   0.164843750000E+03   0.571797835605E-10   0.000000000000E+00   0.535156250000E+03   0.101580689863E-09   0.000000000000E+00
  560.   0.164062500000E+03   0.279012367885E-10   0.000000000000E+00   0.535937500000E+03   0.498488126039E-10   0.000000000000E+00
  561.   0.163281250000E+03   0.545742825692E-10   0.000000000000E+00   0.536718750000E+03   0.978312068066E-10   0.000000000000E+00
  562.   0.162500000000E+03   0.266103312880E-10   0.000000000000E+00   0.537500000000E+03   0.479989052462E-10   0.000000000000E+00
  563.   0.161718750000E+03   0.520162712428E-10   0.000000000000E+00   0.538281250000E+03   0.941875019049E-10   0.000000000000E+00
  564.   0.160937500000E+03   0.253428914331E-10   0.000000000000E+00   0.539062500000E+03   0.462054678331E-10   0.000000000000E+00
  565.   0.160156250000E+03   0.495044358548E-10   0.000000000000E+00   0.539843750000E+03   0.906654764457E-10   0.000000000000E+00
  566.   0.159375000000E+03   0.240981473508E-10   0.000000000000E+00   0.540625000000E+03   0.444772305007E-10   0.000000000000E+00
  567.   0.158593750000E+03   0.470369596219E-10   0.000000000000E+00   0.541406250000E+03   0.872845467395E-10   0.000000000000E+00
  568.   0.157812500000E+03   0.228750519236E-10   0.000000000000E+00   0.542187500000E+03   0.428248786941E-10   0.000000000000E+00
  569.   0.157031250000E+03   0.446114043113E-10   0.000000000000E+00   0.542968750000E+03   0.840685352850E-10   0.000000000000E+00
  570.   0.156250000000E+03   0.216722139118E-10   0.000000000000E+00   0.543750000000E+03   0.412615477633E-10   0.000000000000E+00
  571.   0.155468750000E+03   0.422245631756E-10   0.000000000000E+00   0.544531250000E+03   0.810467873143E-10   0.000000000000E+00
  572.   0.154687500000E+03   0.204878173420E-10   0.000000000000E+00   0.545312500000E+03   0.398034465499E-10   0.000000000000E+00
  573.   0.153906250000E+03   0.398722776414E-10   0.000000000000E+00   0.546093750000E+03   0.782555717376E-10   0.000000000000E+00
  574.   0.153125000000E+03   0.193195197523E-10   0.000000000000E+00   0.546875000000E+03   0.384706336510E-10   0.000000000000E+00
  575.   0.152343750000E+03   0.375492096881E-10   0.000000000000E+00   0.547656250000E+03   0.757398386164E-10   0.000000000000E+00
  576.   0.151562500000E+03   0.181643254419E-10   0.000000000000E+00   0.548437500000E+03   0.372879980242E-10   0.000000000000E+00
  577.   0.150781250000E+03   0.352485584832E-10   0.000000000000E+00   0.549218750000E+03   0.735554222045E-10   0.000000000000E+00
  578.   0.150000000000E+03   0.170184290324E-10   0.000000000000E+00   0.550000000000E+03   0.362864825803E-10   0.000000000000E+00
  579.   0.149218750000E+03   0.329617077433E-10   0.000000000000E+00   0.550781250000E+03   0.717718046768E-10   0.000000000000E+00
  580.   0.148437500000E+03   0.158770195356E-10   0.000000000000E+00   0.551562500000E+03   0.355046227315E-10   0.000000000000E+00
  581.   0.147656250000E+03   0.306777869872E-10   0.000000000000E+00   0.552343750000E+03   0.704755805568E-10   0.000000000000E+00
  582.   0.146875000000E+03   0.147340369620E-10   0.000000000000E+00   0.553125000000E+03   0.349904726139E-10   0.000000000000E+00
  583.   0.146093750000E+03   0.283831250151E-10   0.000000000000E+00   0.553906250000E+03   0.697748012522E-10   0.000000000000E+00
  584.   0.145312500000E+03   0.135818688532E-10   0.000000000000E+00   0.554687500000E+03   0.348040214641E-10   0.000000000000E+00
  585.   0.144531250000E+03   0.260605686050E-10   0.000000000000E+00   0.555468750000E+03   0.698044192297E-10   0.000000000000E+00
  586.   0.143750000000E+03   0.124109718983E-10   0.000000000000E+00   0.556250000000E+03   0.350202208732E-10   0.000000000000E+00
  587.   0.142968750000E+03   0.236886323291E-10   0.000000000000E+00   0.557031250000E+03   0.707331105840E-10   0.000000000000E+00
  588.   0.142187500000E+03   0.112093992371E-10   0.000000000000E+00   0.557812500000E+03   0.357327760292E-10   0.000000000000E+00
  589.   0.141406250000E+03   0.212404353368E-10   0.000000000000E+00   0.558593750000E+03   0.727718183859E-10   0.000000000000E+00
  590.   0.140625000000E+03   0.996220777388E-11   0.000000000000E+00   0.559375000000E+03   0.370588937711E-10   0.000000000000E+00
  591.   0.139843750000E+03   0.186823684913E-10   0.000000000000E+00   0.560156250000E+03   0.761844425443E-10   0.000000000000E+00
  592.   0.139062500000E+03   0.865071558587E-11   0.000000000000E+00   0.560937500000E+03   0.391452184194E-10   0.000000000000E+00
  593.   0.138281250000E+03   0.159724172796E-10   0.000000000000E+00   0.561718750000E+03   0.813012038457E-10   0.000000000000E+00
  594.   0.137500000000E+03   0.725156369080E-11   0.000000000000E+00   0.562500000000E+03   0.421752496847E-10   0.000000000000E+00
  595.   0.136718750000E+03   0.130580412949E-10   0.000000000000E+00   0.563281250000E+03   0.885353248836E-10   0.000000000000E+00
  596.   0.135937500000E+03   0.573552879874E-11   0.000000000000E+00   0.564062500000E+03   0.463785927693E-10   0.000000000000E+00
  597.   0.135156250000E+03   0.987347531712E-11   0.000000000000E+00   0.564843750000E+03   0.984038091717E-10   0.000000000000E+00
  598.   0.134375000000E+03   0.406600660939E-11   0.000000000000E+00   0.565625000000E+03   0.520424731877E-10   0.000000000000E+00
  599.   0.133593750000E+03   0.633626396851E-11   0.000000000000E+00   0.566406250000E+03   0.111553251638E-09   0.000000000000E+00
  600.   0.132812500000E+03   0.219706023469E-11   0.000000000000E+00   0.567187500000E+03   0.595260208393E-10   0.000000000000E+00
  601.   0.132031250000E+03   0.234276097253E-11   0.000000000000E+00   0.567968750000E+03   0.128791770275E-09   0.000000000000E+00
  602.   0.131250000000E+03   0.708750316370E-13   0.000000000000E+00   0.568750000000E+03   0.692779183608E-10   0.000000000000E+00
  603.   0.130468750000E+03  -0.223780602278E-11   0.000000000000E+00   0.569531250000E+03   0.151128276604E-09   0.000000000000E+00
  604.   0.129687500000E+03  -0.238561012136E-11   0.000000000000E+00   0.570312500000E+03   0.818580621909E-10   0.000000000000E+00
  605.   0.128906250000E+03  -0.757131918275E-11   0.000000000000E+00   0.571093750000E+03   0.179820346863E-09   0.000000000000E+00
  606.   0.128125000000E+03  -0.526525854870E-11   0.000000000000E+00   0.571875000000E+03   0.979638929057E-10   0.000000000000E+00
  607.   0.127343750000E+03  -0.138697868272E-10   0.000000000000E+00   0.572656250000E+03   0.216431777241E-09   0.000000000000E+00
  608.   0.126562500000E+03  -0.868706731515E-11   0.000000000000E+00   0.573437500000E+03   0.118461900163E-09   0.000000000000E+00
  609.   0.125781250000E+03  -0.214070494276E-10   0.000000000000E+00   0.574218750000E+03   0.262900209930E-09   0.000000000000E+00
  610.   0.125000000000E+03  -0.128052906214E-10   0.000000000000E+00   0.575000000000E+03   0.144424309722E-09   0.000000000000E+00
  611.   0.124218750000E+03  -0.305420438939E-10   0.000000000000E+00   0.575781250000E+03   0.321613492454E-09   0.000000000000E+00
  612.   0.123437500000E+03  -0.178231404130E-10   0.000000000000E+00   0.576562500000E+03   0.177169781561E-09   0.000000000000E+00
  613.   0.122656250000E+03  -0.417549480480E-10   0.000000000000E+00   0.577343750000E+03   0.395489165084E-09   0.000000000000E+00
  614.   0.121875000000E+03  -0.240145659283E-10   0.000000000000E+00   0.578125000000E+03   0.218303808204E-09   0.000000000000E+00
  615.   0.121093750000E+03  -0.557057676667E-10   0.000000000000E+00   0.578906250000E+03   0.488043319087E-09   0.000000000000E+00
  616.   0.120312500000E+03  -0.317601441530E-10   0.000000000000E+00   0.579687500000E+03   0.269749480075E-09   0.000000000000E+00
  617.   0.119531250000E+03  -0.733353344948E-10   0.000000000000E+00   0.580468750000E+03   0.603413426062E-09   0.000000000000E+00
  618.   0.118750000000E+03  -0.416122590435E-10   0.000000000000E+00   0.581250000000E+03   0.333739956540E-09   0.000000000000E+00
  619.   0.117968750000E+03  -0.960419092457E-10   0.000000000000E+00   0.582031250000E+03   0.746270608288E-09   0.000000000000E+00
  620.   0.117187500000E+03  -0.544065186666E-10   0.000000000000E+00   0.582812500000E+03   0.412738807389E-09   0.000000000000E+00
  621.   0.116406250000E+03  -0.126021820131E-09   0.000000000000E+00   0.583593750000E+03   0.921434608408E-09   0.000000000000E+00
  622.   0.115625000000E+03  -0.715140356571E-10   0.000000000000E+00   0.584375000000E+03   0.509084488333E-09   0.000000000000E+00
  623.   0.114843750000E+03  -0.166869123258E-09   0.000000000000E+00   0.585156250000E+03   0.113297886188E-08   0.000000000000E+00
  624.   0.114062500000E+03  -0.951848008634E-10   0.000000000000E+00   0.585937500000E+03   0.624455684941E-09   0.000000000000E+00
  625.   0.113281250000E+03  -0.224938025251E-09   0.000000000000E+00   0.586718750000E+03   0.138169799841E-08   0.000000000000E+00
  626.   0.112500000000E+03  -0.129917354234E-09   0.000000000000E+00   0.587500000000E+03   0.757083718542E-09   0.000000000000E+00
  627.   0.111718750000E+03  -0.311394776336E-09   0.000000000000E+00   0.588281250000E+03   0.166100403156E-08   0.000000000000E+00
  628.   0.110937500000E+03  -0.182724052186E-09   0.000000000000E+00   0.589062500000E+03   0.901303989614E-09   0.000000000000E+00
  629.   0.110156250000E+03  -0.448890352512E-09   0.000000000000E+00   0.589843750000E+03   0.194234050452E-08   0.000000000000E+00
  630.   0.109375000000E+03  -0.274251085213E-09   0.000000000000E+00   0.590625000000E+03   0.102267889025E-08   0.000000000000E+00
  631.   0.108593750000E+03  -0.677465229672E-09   0.000000000000E+00   0.591406250000E+03   0.216145230688E-08   0.000000000000E+00
  632.   0.107812500000E+03  -0.424781891861E-09   0.000000000000E+00   0.592187500000E+03   0.108829199797E-08   0.000000000000E+00
  633.   0.107031250000E+03  -0.109683823528E-08   0.000000000000E+00   0.592968750000E+03   0.212087037003E-08   0.000000000000E+00
  634.   0.106250000000E+03  -0.766567627211E-09   0.000000000000E+00   0.593750000000E+03   0.810428485232E-09   0.000000000000E+00
  635.   0.105468750000E+03  -0.188502890547E-08   0.000000000000E+00   0.594531250000E+03   0.143733623247E-08   0.000000000000E+00
  636.   0.104687500000E+03  -0.134208824900E-08   0.000000000000E+00   0.595312500000E+03   0.870150382685E-10   0.000000000000E+00
  637.   0.103906250000E+03  -0.363408289552E-08   0.000000000000E+00   0.596093750000E+03  -0.125133484853E-08   0.000000000000E+00
  638.   0.103125000000E+03  -0.308151793299E-08   0.000000000000E+00   0.596875000000E+03  -0.322401432277E-08   0.000000000000E+00
  639.   0.102343750000E+03  -0.800456876022E-08   0.000000000000E+00   0.597656250000E+03  -0.996879417583E-08   0.000000000000E+00
  640.   0.101562500000E+03  -0.773194348243E-08   0.000000000000E+00   0.598437500000E+03  -0.136559510484E-07   0.000000000000E+00
  641.   0.100781250000E+03  -0.201813476991E-07   0.000000000000E+00   0.599218750000E+03  -0.375297880211E-07   0.000000000000E+00
