i  r_top  QtopRe  QtopIm  r_bot  QbotRe  QbotIm   [mm, mC]
    1.   0.600000000000E+03  -0.193832617962E-06   0.000000000000E+00   0.100000000000E+03   0.587111572682E-11   0.000000000000E+00
    2.   0.100000000000E+03   0.587111537525E-11   0.000000000000E+00   0.600000000000E+03  -0.193832617962E-06   0.000000000000E+00
    3.   0.596875000000E+03   0.690703375164E-08   0.000000000000E+00   0.103125000000E+03   0.242449844457E-10   0.000000000000E+00
    4.   0.593750000000E+03   0.194136951829E-07   0.000000000000E+00   0.106250000000E+03   0.124885580392E-10   0.000000000000E+00
    5.   0.590625000000E+03   0.244985277833E-07   0.000000000000E+00   0.109375000000E+03   0.256037154027E-10   0.000000000000E+00
    6.   0.587500000000E+03   0.438088668522E-08   0.000000000000E+00   0.112500000000E+03   0.130848452760E-10   0.000000000000E+00
    7.   0.584375000000E+03   0.129866298948E-07   0.000000000000E+00   0.115625000000E+03   0.267787092604E-10   0.000000000000E+00
    8.   0.581250000000E+03   0.684195798722E-09   0.000000000000E+00   0.118750000000E+03   0.136609143451E-10   0.000000000000E+00
    9.   0.578125000000E+03   0.618815438246E-08   0.000000000000E+00   0.121875000000E+03   0.278816411643E-10   0.000000000000E+00
   10.   0.575000000000E+03  -0.248765126509E-09   0.000000000000E+00   0.125000000000E+03   0.141972181836E-10   0.000000000000E+00
   11.   0.571875000000E+03   0.286310189349E-08   0.000000000000E+00   0.128125000000E+03   0.289330613969E-10   0.000000000000E+00
   12.   0.568750000000E+03  -0.356863183669E-09   0.000000000000E+00   0.131250000000E+03   0.147136416862E-10   0.000000000000E+00
   13.   0.565625000000E+03   0.136159489322E-08   0.000000000000E+00   0.134375000000E+03   0.299431727674E-10   0.000000000000E+00
   14.   0.562500000000E+03  -0.291497470739E-09   0.000000000000E+00   0.137500000000E+03   0.152095054746E-10   0.000000000000E+00
   15.   0.559375000000E+03   0.660707632355E-09   0.000000000000E+00   0.140625000000E+03   0.309156621275E-10   0.000000000000E+00
   16.   0.556250000000E+03  -0.198952416741E-09   0.000000000000E+00   0.143750000000E+03   0.156870542119E-10   0.000000000000E+00
   17.   0.553125000000E+03   0.332370782118E-09   0.000000000000E+00   0.146875000000E+03   0.318518797431E-10   0.000000000000E+00
   18.   0.550000000000E+03  -0.126761542357E-09   0.000000000000E+00   0.150000000000E+03   0.161463438350E-10   0.000000000000E+00
   19.   0.546875000000E+03   0.172860550252E-09   0.000000000000E+00   0.153125000000E+03   0.327519178654E-10   0.000000000000E+00
   20.   0.543750000000E+03  -0.770196185994E-10   0.000000000000E+00   0.156250000000E+03   0.165874298710E-10   0.000000000000E+00
   21.   0.540625000000E+03   0.938318460308E-10   0.000000000000E+00   0.159375000000E+03   0.336154235446E-10   0.000000000000E+00
   22.   0.537500000000E+03  -0.451657673437E-10   0.000000000000E+00   0.162500000000E+03   0.170100756050E-10   0.000000000000E+00
   23.   0.534375000000E+03   0.536324669943E-10   0.000000000000E+00   0.165625000000E+03   0.344418169170E-10   0.000000000000E+00
   24.   0.531250000000E+03  -0.253273008649E-10   0.000000000000E+00   0.168750000000E+03   0.174139960359E-10   0.000000000000E+00
   25.   0.528125000000E+03   0.329219825815E-10   0.000000000000E+00   0.171875000000E+03   0.352304147143E-10   0.000000000000E+00
   26.   0.525000000000E+03  -0.131488083729E-10   0.000000000000E+00   0.175000000000E+03   0.177988672613E-10   0.000000000000E+00
   27.   0.521875000000E+03   0.222318697815E-10   0.000000000000E+00   0.178125000000E+03   0.359804815866E-10   0.000000000000E+00
   28.   0.518750000000E+03  -0.566359902279E-11   0.000000000000E+00   0.181250000000E+03   0.181643535003E-10   0.000000000000E+00
   29.   0.515625000000E+03   0.168541907907E-10   0.000000000000E+00   0.184375000000E+03   0.366912382448E-10   0.000000000000E+00
   30.   0.512500000000E+03  -0.999656529597E-12   0.000000000000E+00   0.187500000000E+03   0.185100875274E-10   0.000000000000E+00
   31.   0.509375000000E+03   0.143596085419E-10   0.000000000000E+00   0.190625000000E+03   0.373618568113E-10   0.000000000000E+00
   32.   0.506250000000E+03   0.199211696789E-11   0.000000000000E+00   0.193750000000E+03   0.188357455641E-10   0.000000000000E+00
   33.   0.503125000000E+03   0.134658053506E-10   0.000000000000E+00   0.196875000000E+03   0.379914809793E-10   0.000000000000E+00
   34.   0.500000000000E+03   0.400169755364E-11   0.000000000000E+00   0.200000000000E+03   0.191410155901E-10   0.000000000000E+00
   35.   0.496875000000E+03   0.134777207439E-10   0.000000000000E+00   0.203125000000E+03   0.385791765010E-10   0.000000000000E+00
   36.   0.493750000000E+03   0.543856268881E-11   0.000000000000E+00   0.206250000000E+03   0.194256443601E-10   0.000000000000E+00
   37.   0.490625000000E+03   0.140107863462E-10   0.000000000000E+00   0.209375000000E+03   0.391239209467E-10   0.000000000000E+00
   38.   0.487500000000E+03   0.654371223491E-11   0.000000000000E+00   0.212500000000E+03   0.196895002518E-10   0.000000000000E+00
   39.   0.484375000000E+03   0.148477478145E-10   0.000000000000E+00   0.215625000000E+03   0.396245493550E-10   0.000000000000E+00
   40.   0.481250000000E+03   0.745827739383E-11   0.000000000000E+00   0.218750000000E+03   0.199326386299E-10   0.000000000000E+00
   41.   0.478125000000E+03   0.158632587846E-10   0.000000000000E+00   0.221875000000E+03   0.400796626228E-10   0.000000000000E+00
   42.   0.475000000000E+03   0.826479729216E-11   0.000000000000E+00   0.225000000000E+03   0.201554603131E-10   0.000000000000E+00
   43.   0.471875000000E+03   0.169830044368E-10   0.000000000000E+00   0.228125000000E+03   0.404874893826E-10   0.000000000000E+00
   44.   0.468750000000E+03   0.901189435585E-11   0.000000000000E+00   0.231250000000E+03   0.203589819317E-10   0.000000000000E+00
   45.   0.465625000000E+03   0.181611102249E-10   0.000000000000E+00   0.234375000000E+03   0.408456605069E-10   0.000000000000E+00
   46.   0.462500000000E+03   0.972930088911E-11   0.000000000000E+00   0.237500000000E+03   0.205453042638E-10   0.000000000000E+00
   47.   0.459375000000E+03   0.193673202949E-10   0.000000000000E+00   0.240625000000E+03   0.411509272407E-10   0.000000000000E+00
   48.   0.456250000000E+03   0.104372974452E-10   0.000000000000E+00   0.243750000000E+03   0.207185301872E-10   0.000000000000E+00
   49.   0.453125000000E+03   0.205796232410E-10   0.000000000000E+00   0.246875000000E+03   0.413988550512E-10   0.000000000000E+00
   50.   0.450000000000E+03   0.111536767562E-10   0.000000000000E+00   0.250000000000E+03   0.208864523597E-10   0.000000000000E+00
   51.   0.446875000000E+03   0.217802705389E-10   0.000000000000E+00   0.253125000000E+03   0.415836945415E-10   0.000000000000E+00
   52.   0.443750000000E+03   0.119004864146E-10   0.000000000000E+00   0.256250000000E+03   0.210637678674E-10   0.000000000000E+00
   53.   0.440625000000E+03   0.229549003870E-10   0.000000000000E+00   0.259375000000E+03   0.416993839333E-10   0.000000000000E+00
   54.   0.437500000000E+03   0.127132053552E-10   0.000000000000E+00   0.262500000000E+03   0.212785947771E-10   0.000000000000E+00
   55.   0.434375000000E+03   0.240971000279E-10   0.000000000000E+00   0.265625000000E+03   0.417441172544E-10   0.000000000000E+00
   56.   0.431250000000E+03   0.136571996227E-10   0.000000000000E+00   0.268750000000E+03   0.215858969043E-10   0.000000000000E+00
   57.   0.428125000000E+03   0.252258043655E-10   0.000000000000E+00   0.271875000000E+03   0.417352246203E-10   0.000000000000E+00
   58.   0.425000000000E+03   0.148601181576E-10   0.000000000000E+00   0.275000000000E+03   0.220955403188E-10   0.000000000000E+00
   59.   0.421875000000E+03   0.264367581675E-10   0.000000000000E+00   0.278125000000E+03   0.417530433529E-10   0.000000000000E+00
   60.   0.418750000000E+03   0.165833180553E-10   0.000000000000E+00   0.281250000000E+03   0.230354455948E-10   0.000000000000E+00
   61.   0.415625000000E+03   0.280377352077E-10   0.000000000000E+00   0.284375000000E+03   0.420588137050E-10   0.000000000000E+00
   62.   0.412500000000E+03   0.193711727830E-10   0.000000000000E+00   0.287500000000E+03   0.248868458844E-10   0.000000000000E+00
   63.   0.409375000000E+03   0.309096546521E-10   0.000000000000E+00   0.290625000000E+03   0.434154482934E-10   0.000000000000E+00
   64.   0.406250000000E+03   0.244210764401E-10   0.000000000000E+00   0.293750000000E+03   0.287204864605E-10   0.000000000000E+00
   65.   0.403125000000E+03   0.373826501384E-10   0.000000000000E+00   0.296875000000E+03   0.478854194578E-10   0.000000000000E+00
   66.   0.400000000000E+03   0.343162477433E-10   0.000000000000E+00   0.300000000000E+03   0.368847417875E-10   0.000000000000E+00
   67.   0.396875000000E+03   0.535855270574E-10   0.000000000000E+00   0.303125000000E+03   0.610000626863E-10   0.000000000000E+00
   68.   0.393750000000E+03   0.551878915703E-10   0.000000000000E+00   0.306250000000E+03   0.550163767021E-10   0.000000000000E+00
   69.   0.390625000000E+03   0.947197240898E-10   0.000000000000E+00   0.309375000000E+03   0.967715160187E-10   0.000000000000E+00
   70.   0.387500000000E+03   0.100072868776E-09   0.000000000000E+00   0.312500000000E+03   0.953628626985E-10   0.000000000000E+00
   71.   0.384375000000E+03   0.200317977192E-09   0.000000000000E+00   0.315625000000E+03   0.192259731314E-09   0.000000000000E+00
   72.   0.381250000000E+03   0.203499569307E-09   0.000000000000E+00   0.318750000000E+03   0.190603218400E-09   0.000000000000E+00
   73.   0.378125000000E+03   0.463856056204E-09   0.000000000000E+00   0.321875000000E+03   0.437022937246E-09   0.000000000000E+00
   74.   0.375000000000E+03   0.429808077518E-09   0.000000000000E+00   0.325000000000E+03   0.403652857290E-09   0.000000000000E+00
   75.   0.371875000000E+03   0.113899852718E-08   0.000000000000E+00   0.328125000000E+03   0.107723938948E-08   0.000000000000E+00
   76.   0.368750000000E+03   0.992646422253E-09   0.000000000000E+00   0.331250000000E+03   0.942594579554E-09   0.000000000000E+00
   77.   0.365625000000E+03   0.279606860168E-08   0.000000000000E+00   0.334375000000E+03   0.267976366701E-08   0.000000000000E+00
   78.   0.362500000000E+03   0.212212052378E-08   0.000000000000E+00   0.337500000000E+03   0.204928671020E-08   0.000000000000E+00
   79.   0.359375000000E+03   0.730531145114E-08   0.000000000000E+00   0.340625000000E+03   0.711283830549E-08   0.000000000000E+00
   80.   0.356250000000E+03   0.528833952240E-08   0.000000000000E+00   0.343750000000E+03   0.518629447675E-08   0.000000000000E+00
   81.   0.353125000000E+03   0.198376011039E-07   0.000000000000E+00   0.346875000000E+03   0.196917063591E-07   0.000000000000E+00
   82.   0.350000000000E+03   0.308010415197E-07   0.000000000000E+00   0.350000000000E+03   0.308010415172E-07   0.000000000000E+00
   83.   0.346875000000E+03   0.196917063550E-07   0.000000000000E+00   0.353125000000E+03   0.198376011085E-07   0.000000000000E+00
   84.   0.343750000000E+03   0.518629447452E-08   0.000000000000E+00   0.356250000000E+03   0.528833951575E-08   0.000000000000E+00
   85.   0.340625000000E+03   0.711283830008E-08   0.000000000000E+00   0.359375000000E+03   0.730531145261E-08   0.000000000000E+00
   86.   0.337500000000E+03   0.204928671313E-08   0.000000000000E+00   0.362500000000E+03   0.212212051609E-08   0.000000000000E+00
   87.   0.334375000000E+03   0.267976366511E-08   0.000000000000E+00   0.365625000000E+03   0.279606859988E-08   0.000000000000E+00
   88.   0.331250000000E+03   0.942594580754E-09   0.000000000000E+00   0.368750000000E+03   0.992646418924E-09   0.000000000000E+00
   89.   0.328125000000E+03   0.107723938797E-08   0.000000000000E+00   0.371875000000E+03   0.113899853215E-08   0.000000000000E+00
   90.   0.325000000000E+03   0.403652856162E-09   0.000000000000E+00   0.375000000000E+03   0.429808081258E-09   0.000000000000E+00
   91.   0.321875000000E+03   0.437022935858E-09   0.000000000000E+00   0.378125000000E+03   0.463856064972E-09   0.000000000000E+00
   92.   0.318750000000E+03   0.190603223032E-09   0.000000000000E+00   0.381250000000E+03   0.203499572110E-09   0.000000000000E+00
   93.   0.315625000000E+03   0.192259730490E-09   0.000000000000E+00   0.384375000000E+03   0.200317985501E-09   0.000000000000E+00
   94.   0.312500000000E+03   0.953628584365E-10   0.000000000000E+00   0.387500000000E+03   0.100072870222E-09   0.000000000000E+00
   95.   0.309375000000E+03   0.967715174940E-10   0.000000000000E+00   0.390625000000E+03   0.947197272469E-10   0.000000000000E+00
   96.   0.306250000000E+03   0.550163751732E-10   0.000000000000E+00   0.393750000000E+03   0.551878844634E-10   0.000000000000E+00
   97.   0.303125000000E+03   0.610000635972E-10   0.000000000000E+00   0.396875000000E+03   0.535855267951E-10   0.000000000000E+00
   98.   0.300000000000E+03   0.368847354558E-10   0.000000000000E+00   0.400000000000E+03   0.343162500230E-10   0.000000000000E+00
   99.   0.296875000000E+03   0.478854219048E-10   0.000000000000E+00   0.403125000000E+03   0.373826515713E-10   0.000000000000E+00
  100.   0.293750000000E+03   0.287204895181E-10   0.000000000000E+00   0.406250000000E+03   0.244210761268E-10   0.000000000000E+00
  101.   0.290625000000E+03   0.434154520013E-10   0.000000000000E+00   0.409375000000E+03   0.309096546763E-10   0.000000000000E+00
  102.   0.287500000000E+03   0.248868382688E-10   0.000000000000E+00   0.412500000000E+03   0.193711719096E-10   0.000000000000E+00
  103.   0.284375000000E+03   0.420588156533E-10   0.000000000000E+00   0.415625000000E+03   0.280377340464E-10   0.000000000000E+00
  104.   0.281250000000E+03   0.230354522522E-10   0.000000000000E+00   0.418750000000E+03   0.165833208903E-10   0.000000000000E+00
  105.   0.278125000000E+03   0.417530420424E-10   0.000000000000E+00   0.421875000000E+03   0.264367577756E-10   0.000000000000E+00
  106.   0.275000000000E+03   0.220955316973E-10   0.000000000000E+00   0.425000000000E+03   0.148601169049E-10   0.000000000000E+00
  107.   0.271875000000E+03   0.417352235153E-10   0.000000000000E+00   0.428125000000E+03   0.252258030881E-10   0.000000000000E+00
  108.   0.268750000000E+03   0.215859056001E-10   0.000000000000E+00   0.431250000000E+03   0.136572054134E-10   0.000000000000E+00
  109.   0.265625000000E+03   0.417441193430E-10   0.000000000000E+00   0.434375000000E+03   0.240970995174E-10   0.000000000000E+00
  110.   0.262500000000E+03   0.212785954194E-10   0.000000000000E+00   0.437500000000E+03   0.127132071286E-10   0.000000000000E+00
  111.   0.259375000000E+03   0.416993831285E-10   0.000000000000E+00   0.440625000000E+03   0.229548993682E-10   0.000000000000E+00
  112.   0.256250000000E+03   0.210637708806E-10   0.000000000000E+00   0.443750000000E+03   0.119004900639E-10   0.000000000000E+00
  113.   0.253125000000E+03   0.415836939436E-10   0.000000000000E+00   0.446875000000E+03   0.217802682988E-10   0.000000000000E+00
  114.   0.250000000000E+03   0.208864496448E-10   0.000000000000E+00   0.450000000000E+03   0.111536754495E-10   0.000000000000E+00
  115.   0.246875000000E+03   0.413988552336E-10   0.000000000000E+00   0.453125000000E+03   0.205796197235E-10   0.000000000000E+00
  116.   0.243750000000E+03   0.207185284030E-10   0.000000000000E+00   0.456250000000E+03   0.104372942933E-10   0.000000000000E+00
  117.   0.240625000000E+03   0.411509310641E-10   0.000000000000E+00   0.459375000000E+03   0.193673177579E-10   0.000000000000E+00
  118.   0.237500000000E+03   0.205453063197E-10   0.000000000000E+00   0.462500000000E+03   0.972930030772E-11   0.000000000000E+00
  119.   0.234375000000E+03   0.408456586998E-10   0.000000000000E+00   0.465625000000E+03   0.181611099633E-10   0.000000000000E+00
  120.   0.231250000000E+03   0.203589778005E-10   0.000000000000E+00   0.468750000000E+03   0.901189307469E-11   0.000000000000E+00
  121.   0.228125000000E+03   0.404874853350E-10   0.000000000000E+00   0.471875000000E+03   0.169830048463E-10   0.000000000000E+00
  122.   0.225000000000E+03   0.201554644695E-10   0.000000000000E+00   0.475000000000E+03   0.826479203203E-11   0.000000000000E+00
  123.   0.221875000000E+03   0.400796605062E-10   0.000000000000E+00   0.478125000000E+03   0.158632586979E-10   0.000000000000E+00
  124.   0.218750000000E+03   0.199326373605E-10   0.000000000000E+00   0.481250000000E+03   0.745827697115E-11   0.000000000000E+00
  125.   0.215625000000E+03   0.396245515426E-10   0.000000000000E+00   0.484375000000E+03   0.148477496029E-10   0.000000000000E+00
  126.   0.212500000000E+03   0.196895060908E-10   0.000000000000E+00   0.487500000000E+03   0.654371244508E-11   0.000000000000E+00
  127.   0.209375000000E+03   0.391239235379E-10   0.000000000000E+00   0.490625000000E+03   0.140107878771E-10   0.000000000000E+00
  128.   0.206250000000E+03   0.194256495507E-10   0.000000000000E+00   0.493750000000E+03   0.543856145058E-11   0.000000000000E+00
  129.   0.203125000000E+03   0.385791763451E-10   0.000000000000E+00   0.496875000000E+03   0.134777220867E-10   0.000000000000E+00
  130.   0.200000000000E+03   0.191410099577E-10   0.000000000000E+00   0.500000000000E+03   0.400169474895E-11   0.000000000000E+00
  131.   0.196875000000E+03   0.379914823876E-10   0.000000000000E+00   0.503125000000E+03   0.134658065593E-10   0.000000000000E+00
  132.   0.193750000000E+03   0.188357483242E-10   0.000000000000E+00   0.506250000000E+03   0.199211548685E-11   0.000000000000E+00
  133.   0.190625000000E+03   0.373618611962E-10   0.000000000000E+00   0.509375000000E+03   0.143596105132E-10   0.000000000000E+00
  134.   0.187500000000E+03   0.185100893245E-10   0.000000000000E+00   0.512500000000E+03  -0.999656823570E-12   0.000000000000E+00
  135.   0.184375000000E+03   0.366912389332E-10   0.000000000000E+00   0.515625000000E+03   0.168541931254E-10   0.000000000000E+00
  136.   0.181250000000E+03   0.181643535457E-10   0.000000000000E+00   0.518750000000E+03  -0.566359804859E-11   0.000000000000E+00
  137.   0.178125000000E+03   0.359804832981E-10   0.000000000000E+00   0.521875000000E+03   0.222318710720E-10   0.000000000000E+00
  138.   0.175000000000E+03   0.177988706893E-10   0.000000000000E+00   0.525000000000E+03  -0.131488089379E-10   0.000000000000E+00
  139.   0.171875000000E+03   0.352304137386E-10   0.000000000000E+00   0.528125000000E+03   0.329219820257E-10   0.000000000000E+00
  140.   0.168750000000E+03   0.174139937965E-10   0.000000000000E+00   0.531250000000E+03  -0.253273019843E-10   0.000000000000E+00
  141.   0.165625000000E+03   0.344418115414E-10   0.000000000000E+00   0.534375000000E+03   0.536324662787E-10   0.000000000000E+00
  142.   0.162500000000E+03   0.170100688998E-10   0.000000000000E+00   0.537500000000E+03  -0.451657681331E-10   0.000000000000E+00
  143.   0.159375000000E+03   0.336154192442E-10   0.000000000000E+00   0.540625000000E+03   0.938318460130E-10   0.000000000000E+00
  144.   0.156250000000E+03   0.165874306489E-10   0.000000000000E+00   0.543750000000E+03  -0.770196185702E-10   0.000000000000E+00
  145.   0.153125000000E+03   0.327519157515E-10   0.000000000000E+00   0.546875000000E+03   0.172860550648E-09   0.000000000000E+00
  146.   0.150000000000E+03   0.161463453723E-10   0.000000000000E+00   0.550000000000E+03  -0.126761542343E-09   0.000000000000E+00
  147.   0.146875000000E+03   0.318518784222E-10   0.000000000000E+00   0.553125000000E+03   0.332370782279E-09   0.000000000000E+00
  148.   0.143750000000E+03   0.156870569859E-10   0.000000000000E+00   0.556250000000E+03  -0.198952416556E-09   0.000000000000E+00
  149.   0.140625000000E+03   0.309156670658E-10   0.000000000000E+00   0.559375000000E+03   0.660707632772E-09   0.000000000000E+00
  150.   0.137500000000E+03   0.152095083767E-10   0.000000000000E+00   0.562500000000E+03  -0.291497470400E-09   0.000000000000E+00
  151.   0.134375000000E+03   0.299431781948E-10   0.000000000000E+00   0.565625000000E+03   0.136159489348E-08   0.000000000000E+00
  152.   0.131250000000E+03   0.147136459322E-10   0.000000000000E+00   0.568750000000E+03  -0.356863183283E-09   0.000000000000E+00
  153.   0.128125000000E+03   0.289330623320E-10   0.000000000000E+00   0.571875000000E+03   0.286310189390E-08   0.000000000000E+00
  154.   0.125000000000E+03   0.141972186729E-10   0.000000000000E+00   0.575000000000E+03  -0.248765126423E-09   0.000000000000E+00
  155.   0.121875000000E+03   0.278816432746E-10   0.000000000000E+00   0.578125000000E+03   0.618815438293E-08   0.000000000000E+00
  156.   0.118750000000E+03   0.136609155769E-10   0.000000000000E+00   0.581250000000E+03   0.684195798910E-09   0.000000000000E+00
  157.   0.115625000000E+03   0.267787125624E-10   0.000000000000E+00   0.584375000000E+03   0.129866298953E-07   0.000000000000E+00
  158.   0.112500000000E+03   0.130848476667E-10   0.000000000000E+00   0.587500000000E+03   0.438088668551E-08   0.000000000000E+00
  159.   0.109375000000E+03   0.256037165996E-10   0.000000000000E+00   0.590625000000E+03   0.244985277839E-07   0.000000000000E+00
  160.   0.106250000000E+03   0.124885569828E-10   0.000000000000E+00   0.593750000000E+03   0.194136951831E-07   0.000000000000E+00
  161.   0.103125000000E+03   0.242449833921E-10   0.000000000000E+00   0.596875000000E+03   0.690703375209E-08   0.000000000000E+00
