i  r_top  QtopRe  QtopIm  r_bot  QbotRe  QbotIm   [mm, mC]
    1.   0.600000000000E+03  -0.369050620304E-07   0.000000000000E+00   0.100000000000E+03  -0.141378556633E-07   0.000000000000E+00
    2.   0.100000000000E+03   0.144265421303E-07   0.000000000000E+00   0.600000000000E+03   0.363413151765E-07   0.000000000000E+00
    3.   0.599218750000E+03   0.354240773041E-07   0.000000000000E+00   0.100781250000E+03   0.219874237005E-06   0.000000000000E+00
    4.   0.598437500000E+03   0.249296047250E-07   0.000000000000E+00   0.101562500000E+03   0.121801707854E-06   0.000000000000E+00
    5.   0.597656250000E+03   0.628769307410E-07   0.000000000000E+00   0.102343750000E+03   0.265526418229E-06   0.000000000000E+00
    6.   0.596875000000E+03   0.345797063844E-07   0.000000000000E+00   0.103125000000E+03   0.138684847534E-06   0.000000000000E+00
    7.   0.596093750000E+03   0.746188735023E-07   0.000000000000E+00   0.103906250000E+03   0.288092674930E-06   0.000000000000E+00
    8.   0.595312500000E+03   0.390268718608E-07   0.000000000000E+00   0.104687500000E+03   0.147882947463E-06   0.000000000000E+00
    9.   0.594531250000E+03   0.802510414921E-07   0.000000000000E+00   0.105468750000E+03   0.301591889683E-06   0.000000000000E+00
   10.   0.593750000000E+03   0.409767680367E-07   0.000000000000E+00   0.106250000000E+03   0.153335730411E-06   0.000000000000E+00
   11.   0.592968750000E+03   0.832401173314E-07   0.000000000000E+00   0.107031250000E+03   0.311144525111E-06   0.000000000000E+00
   12.   0.592187500000E+03   0.421480855179E-07   0.000000000000E+00   0.107812500000E+03   0.157633263648E-06   0.000000000000E+00
   13.   0.591406250000E+03   0.849123701206E-07   0.000000000000E+00   0.108593750000E+03   0.318722524725E-06   0.000000000000E+00
   14.   0.590625000000E+03   0.427453181342E-07   0.000000000000E+00   0.109375000000E+03   0.161061123003E-06   0.000000000000E+00
   15.   0.589843750000E+03   0.858241762484E-07   0.000000000000E+00   0.110156250000E+03   0.325149612651E-06   0.000000000000E+00
   16.   0.589062500000E+03   0.430733476745E-07   0.000000000000E+00   0.110937500000E+03   0.164080697658E-06   0.000000000000E+00
   17.   0.588281250000E+03   0.862970304394E-07   0.000000000000E+00   0.111718750000E+03   0.330907428874E-06   0.000000000000E+00
   18.   0.587500000000E+03   0.432266134209E-07   0.000000000000E+00   0.112500000000E+03   0.166831941456E-06   0.000000000000E+00
   19.   0.586718750000E+03   0.865020139385E-07   0.000000000000E+00   0.113281250000E+03   0.336252982658E-06   0.000000000000E+00
   20.   0.585937500000E+03   0.432789117043E-07   0.000000000000E+00   0.114062500000E+03   0.169427029942E-06   0.000000000000E+00
   21.   0.585156250000E+03   0.865435444034E-07   0.000000000000E+00   0.114843750000E+03   0.341344746184E-06   0.000000000000E+00
   22.   0.584375000000E+03   0.432680158610E-07   0.000000000000E+00   0.115625000000E+03   0.171923417763E-06   0.000000000000E+00
   23.   0.583593750000E+03   0.864835747264E-07   0.000000000000E+00   0.116406250000E+03   0.346277432944E-06   0.000000000000E+00
   24.   0.582812500000E+03   0.432182701155E-07   0.000000000000E+00   0.117187500000E+03   0.174358580985E-06   0.000000000000E+00
   25.   0.582031250000E+03   0.863603893366E-07   0.000000000000E+00   0.117968750000E+03   0.351110120050E-06   0.000000000000E+00
   26.   0.581250000000E+03   0.431442025890E-07   0.000000000000E+00   0.118750000000E+03   0.176755049923E-06   0.000000000000E+00
   27.   0.580468750000E+03   0.861975666781E-07   0.000000000000E+00   0.119531250000E+03   0.355879509491E-06   0.000000000000E+00
   28.   0.579687500000E+03   0.430549015444E-07   0.000000000000E+00   0.120312500000E+03   0.179127053547E-06   0.000000000000E+00
   29.   0.578906250000E+03   0.860097940425E-07   0.000000000000E+00   0.121093750000E+03   0.360608672691E-06   0.000000000000E+00
   30.   0.578125000000E+03   0.429559958121E-07   0.000000000000E+00   0.121875000000E+03   0.181483482075E-06   0.000000000000E+00
   31.   0.577343750000E+03   0.858062341256E-07   0.000000000000E+00   0.122656250000E+03   0.365312132618E-06   0.000000000000E+00
   32.   0.576562500000E+03   0.428510069505E-07   0.000000000000E+00   0.123437500000E+03   0.183829948210E-06   0.000000000000E+00
   33.   0.575781250000E+03   0.855926288357E-07   0.000000000000E+00   0.124218750000E+03   0.369999072921E-06   0.000000000000E+00
   34.   0.575000000000E+03   0.427421402644E-07   0.000000000000E+00   0.125000000000E+03   0.186169998409E-06   0.000000000000E+00
   35.   0.574218750000E+03   0.853725875150E-07   0.000000000000E+00   0.125781250000E+03   0.374675318730E-06   0.000000000000E+00
   36.   0.573437500000E+03   0.426307832575E-07   0.000000000000E+00   0.126562500000E+03   0.188505884217E-06   0.000000000000E+00
   37.   0.572656250000E+03   0.851483892883E-07   0.000000000000E+00   0.127343750000E+03   0.379344581884E-06   0.000000000000E+00
   38.   0.571875000000E+03   0.425178127057E-07   0.000000000000E+00   0.128125000000E+03   0.190839041389E-06   0.000000000000E+00
   39.   0.571093750000E+03   0.849214812029E-07   0.000000000000E+00   0.128906250000E+03   0.384009240814E-06   0.000000000000E+00
   40.   0.570312500000E+03   0.424037861524E-07   0.000000000000E+00   0.129687500000E+03   0.193170391413E-06   0.000000000000E+00
   41.   0.569531250000E+03   0.846927885841E-07   0.000000000000E+00   0.130468750000E+03   0.388670830758E-06   0.000000000000E+00
   42.   0.568750000000E+03   0.422890609321E-07   0.000000000000E+00   0.131250000000E+03   0.195500530527E-06   0.000000000000E+00
   43.   0.567968750000E+03   0.844629083430E-07   0.000000000000E+00   0.132031250000E+03   0.393330351711E-06   0.000000000000E+00
   44.   0.567187500000E+03   0.421738683056E-07   0.000000000000E+00   0.132812500000E+03   0.197829848458E-06   0.000000000000E+00
   45.   0.566406250000E+03   0.842322295533E-07   0.000000000000E+00   0.133593750000E+03   0.397988462118E-06   0.000000000000E+00
   46.   0.565625000000E+03   0.420583596522E-07   0.000000000000E+00   0.134375000000E+03   0.200158603001E-06   0.000000000000E+00
   47.   0.564843750000E+03   0.840010087866E-07   0.000000000000E+00   0.135156250000E+03   0.402645600863E-06   0.000000000000E+00
   48.   0.564062500000E+03   0.419426353166E-07   0.000000000000E+00   0.135937500000E+03   0.202486966963E-06   0.000000000000E+00
   49.   0.563281250000E+03   0.837694173361E-07   0.000000000000E+00   0.136718750000E+03   0.407302064327E-06   0.000000000000E+00
   50.   0.562500000000E+03   0.418267626902E-07   0.000000000000E+00   0.137500000000E+03   0.204815057807E-06   0.000000000000E+00
   51.   0.561718750000E+03   0.835375709705E-07   0.000000000000E+00   0.138281250000E+03   0.411958055300E-06   0.000000000000E+00
   52.   0.560937500000E+03   0.417107876109E-07   0.000000000000E+00   0.139062500000E+03   0.207142956473E-06   0.000000000000E+00
   53.   0.560156250000E+03   0.833055488220E-07   0.000000000000E+00   0.139843750000E+03   0.416613714249E-06   0.000000000000E+00
   54.   0.559375000000E+03   0.415947416130E-07   0.000000000000E+00   0.140625000000E+03   0.209470719431E-06   0.000000000000E+00
   55.   0.558593750000E+03   0.830734054983E-07   0.000000000000E+00   0.141406250000E+03   0.421269139510E-06   0.000000000000E+00
   56.   0.557812500000E+03   0.414786465918E-07   0.000000000000E+00   0.142187500000E+03   0.211798386490E-06   0.000000000000E+00
   57.   0.557031250000E+03   0.828411789510E-07   0.000000000000E+00   0.142968750000E+03   0.425924400495E-06   0.000000000000E+00
   58.   0.556250000000E+03   0.413625178479E-07   0.000000000000E+00   0.143750000000E+03   0.214125985933E-06   0.000000000000E+00
   59.   0.555468750000E+03   0.826088956644E-07   0.000000000000E+00   0.144531250000E+03   0.430579546473E-06   0.000000000000E+00
   60.   0.554687500000E+03   0.412463661077E-07   0.000000000000E+00   0.145312500000E+03   0.216453537941E-06   0.000000000000E+00
   61.   0.553906250000E+03   0.823765741359E-07   0.000000000000E+00   0.146093750000E+03   0.435234612498E-06   0.000000000000E+00
   62.   0.553125000000E+03   0.411301988886E-07   0.000000000000E+00   0.146875000000E+03   0.218781056942E-06   0.000000000000E+00
   63.   0.552343750000E+03   0.821442272506E-07   0.000000000000E+00   0.147656250000E+03   0.439889623496E-06   0.000000000000E+00
   64.   0.551562500000E+03   0.410140214389E-07   0.000000000000E+00   0.148437500000E+03   0.221108553228E-06   0.000000000000E+00
   65.   0.550781250000E+03   0.819118639275E-07   0.000000000000E+00   0.149218750000E+03   0.444544597121E-06   0.000000000000E+00
   66.   0.550000000000E+03   0.408978373944E-07   0.000000000000E+00   0.150000000000E+03   0.223436034105E-06   0.000000000000E+00
   67.   0.549218750000E+03   0.816794902774E-07   0.000000000000E+00   0.150781250000E+03   0.449199545797E-06   0.000000000000E+00
   68.   0.548437500000E+03   0.407816492448E-07   0.000000000000E+00   0.151562500000E+03   0.225763504721E-06   0.000000000000E+00
   69.   0.547656250000E+03   0.814471104264E-07   0.000000000000E+00   0.152343750000E+03   0.453854478173E-06   0.000000000000E+00
   70.   0.546875000000E+03   0.406654586669E-07   0.000000000000E+00   0.153125000000E+03   0.228090968658E-06   0.000000000000E+00
   71.   0.546093750000E+03   0.812147271046E-07   0.000000000000E+00   0.153906250000E+03   0.458509400196E-06   0.000000000000E+00
   72.   0.545312500000E+03   0.405492667652E-07   0.000000000000E+00   0.154687500000E+03   0.230418428378E-06   0.000000000000E+00
   73.   0.544531250000E+03   0.809823420695E-07   0.000000000000E+00   0.155468750000E+03   0.463164315880E-06   0.000000000000E+00
   74.   0.543750000000E+03   0.404330742456E-07   0.000000000000E+00   0.156250000000E+03   0.232745885535E-06   0.000000000000E+00
   75.   0.542968750000E+03   0.807499564099E-07   0.000000000000E+00   0.157031250000E+03   0.467819227876E-06   0.000000000000E+00
   76.   0.542187500000E+03   0.403168815401E-07   0.000000000000E+00   0.157812500000E+03   0.235073341218E-06   0.000000000000E+00
   77.   0.541406250000E+03   0.805175707625E-07   0.000000000000E+00   0.158593750000E+03   0.472474137881E-06   0.000000000000E+00
   78.   0.540625000000E+03   0.402006888959E-07   0.000000000000E+00   0.159375000000E+03   0.237400796119E-06   0.000000000000E+00
   79.   0.539843750000E+03   0.802851854657E-07   0.000000000000E+00   0.160156250000E+03   0.477129046939E-06   0.000000000000E+00
   80.   0.539062500000E+03   0.400844964395E-07   0.000000000000E+00   0.160937500000E+03   0.239728250656E-06   0.000000000000E+00
   81.   0.538281250000E+03   0.800528006669E-07   0.000000000000E+00   0.161718750000E+03   0.481783955651E-06   0.000000000000E+00
   82.   0.537500000000E+03   0.399683042204E-07   0.000000000000E+00   0.162500000000E+03   0.242055705068E-06   0.000000000000E+00
   83.   0.536718750000E+03   0.798204163969E-07   0.000000000000E+00   0.163281250000E+03   0.486438864327E-06   0.000000000000E+00
   84.   0.535937500000E+03   0.398521122418E-07   0.000000000000E+00   0.164062500000E+03   0.244383159470E-06   0.000000000000E+00
   85.   0.535156250000E+03   0.795880326198E-07   0.000000000000E+00   0.164843750000E+03   0.491093773092E-06   0.000000000000E+00
   86.   0.534375000000E+03   0.397359204811E-07   0.000000000000E+00   0.165625000000E+03   0.246710613903E-06   0.000000000000E+00
   87.   0.533593750000E+03   0.793556492657E-07   0.000000000000E+00   0.166406250000E+03   0.495748681954E-06   0.000000000000E+00
   88.   0.532812500000E+03   0.396197289032E-07   0.000000000000E+00   0.167187500000E+03   0.249038068359E-06   0.000000000000E+00
   89.   0.532031250000E+03   0.791232662516E-07   0.000000000000E+00   0.167968750000E+03   0.500403590854E-06   0.000000000000E+00
   90.   0.531250000000E+03   0.395035374689E-07   0.000000000000E+00   0.168750000000E+03   0.251365522802E-06   0.000000000000E+00
   91.   0.530468750000E+03   0.788908834942E-07   0.000000000000E+00   0.169531250000E+03   0.505058499694E-06   0.000000000000E+00
   92.   0.529687500000E+03   0.393873461400E-07   0.000000000000E+00   0.170312500000E+03   0.253692977183E-06   0.000000000000E+00
   93.   0.528906250000E+03   0.786585009165E-07   0.000000000000E+00   0.171093750000E+03   0.509713408354E-06   0.000000000000E+00
   94.   0.528125000000E+03   0.392711548817E-07   0.000000000000E+00   0.171875000000E+03   0.256020431439E-06   0.000000000000E+00
   95.   0.527343750000E+03   0.784261184512E-07   0.000000000000E+00   0.172656250000E+03   0.514368316701E-06   0.000000000000E+00
   96.   0.526562500000E+03   0.391549636639E-07   0.000000000000E+00   0.173437500000E+03   0.258347885504E-06   0.000000000000E+00
   97.   0.525781250000E+03   0.781937360419E-07   0.000000000000E+00   0.174218750000E+03   0.519023224590E-06   0.000000000000E+00
   98.   0.525000000000E+03   0.390387724618E-07   0.000000000000E+00   0.175000000000E+03   0.260675339305E-06   0.000000000000E+00
   99.   0.524218750000E+03   0.779613536427E-07   0.000000000000E+00   0.175781250000E+03   0.523678131868E-06   0.000000000000E+00
  100.   0.523437500000E+03   0.389225812553E-07   0.000000000000E+00   0.176562500000E+03   0.263002792760E-06   0.000000000000E+00
  101.   0.522656250000E+03   0.777289712172E-07   0.000000000000E+00   0.177343750000E+03   0.528333038361E-06   0.000000000000E+00
  102.   0.521875000000E+03   0.388063900284E-07   0.000000000000E+00   0.178125000000E+03   0.265330245780E-06   0.000000000000E+00
  103.   0.521093750000E+03   0.774965887373E-07   0.000000000000E+00   0.178906250000E+03   0.532987943874E-06   0.000000000000E+00
  104.   0.520312500000E+03   0.386901987689E-07   0.000000000000E+00   0.179687500000E+03   0.267657698258E-06   0.000000000000E+00
  105.   0.519531250000E+03   0.772642061817E-07   0.000000000000E+00   0.180468750000E+03   0.537642848176E-06   0.000000000000E+00
  106.   0.518750000000E+03   0.385740074676E-07   0.000000000000E+00   0.181250000000E+03   0.269985150070E-06   0.000000000000E+00
  107.   0.517968750000E+03   0.770318235345E-07   0.000000000000E+00   0.182031250000E+03   0.542297750991E-06   0.000000000000E+00
  108.   0.517187500000E+03   0.384578161178E-07   0.000000000000E+00   0.182812500000E+03   0.272312601064E-06   0.000000000000E+00
  109.   0.516406250000E+03   0.767994407841E-07   0.000000000000E+00   0.183593750000E+03   0.546952651984E-06   0.000000000000E+00
  110.   0.515625000000E+03   0.383416247144E-07   0.000000000000E+00   0.184375000000E+03   0.274640051055E-06   0.000000000000E+00
  111.   0.514843750000E+03   0.765670579226E-07   0.000000000000E+00   0.185156250000E+03   0.551607550738E-06   0.000000000000E+00
  112.   0.514062500000E+03   0.382254332541E-07   0.000000000000E+00   0.185937500000E+03   0.276967499812E-06   0.000000000000E+00
  113.   0.513281250000E+03   0.763346749441E-07   0.000000000000E+00   0.186718750000E+03   0.556262446736E-06   0.000000000000E+00
  114.   0.512500000000E+03   0.381092417346E-07   0.000000000000E+00   0.187500000000E+03   0.279294947050E-06   0.000000000000E+00
  115.   0.511718750000E+03   0.761022918451E-07   0.000000000000E+00   0.188281250000E+03   0.560917339335E-06   0.000000000000E+00
  116.   0.510937500000E+03   0.379930501542E-07   0.000000000000E+00   0.189062500000E+03   0.281622392409E-06   0.000000000000E+00
  117.   0.510156250000E+03   0.758699086231E-07   0.000000000000E+00   0.189843750000E+03   0.565572227726E-06   0.000000000000E+00
  118.   0.509375000000E+03   0.378768585121E-07   0.000000000000E+00   0.190625000000E+03   0.283949835439E-06   0.000000000000E+00
  119.   0.508593750000E+03   0.756375252770E-07   0.000000000000E+00   0.191406250000E+03   0.570227110895E-06   0.000000000000E+00
  120.   0.507812500000E+03   0.377606668077E-07   0.000000000000E+00   0.192187500000E+03   0.286277275577E-06   0.000000000000E+00
  121.   0.507031250000E+03   0.754051418060E-07   0.000000000000E+00   0.192968750000E+03   0.574881987569E-06   0.000000000000E+00
  122.   0.506250000000E+03   0.376444750410E-07   0.000000000000E+00   0.193750000000E+03   0.288604712114E-06   0.000000000000E+00
  123.   0.505468750000E+03   0.751727582101E-07   0.000000000000E+00   0.194531250000E+03   0.579536856151E-06   0.000000000000E+00
  124.   0.504687500000E+03   0.375282832118E-07   0.000000000000E+00   0.195312500000E+03   0.290932144159E-06   0.000000000000E+00
  125.   0.503906250000E+03   0.749403744895E-07   0.000000000000E+00   0.196093750000E+03   0.584191714630E-06   0.000000000000E+00
  126.   0.503125000000E+03   0.374120913205E-07   0.000000000000E+00   0.196875000000E+03   0.293259570594E-06   0.000000000000E+00
  127.   0.502343750000E+03   0.747079906448E-07   0.000000000000E+00   0.197656250000E+03   0.588846560482E-06   0.000000000000E+00
  128.   0.501562500000E+03   0.372958993672E-07   0.000000000000E+00   0.198437500000E+03   0.295586990014E-06   0.000000000000E+00
  129.   0.500781250000E+03   0.744756066765E-07   0.000000000000E+00   0.199218750000E+03   0.593501390535E-06   0.000000000000E+00
  130.   0.500000000000E+03   0.371797073524E-07   0.000000000000E+00   0.200000000000E+03   0.297914400650E-06   0.000000000000E+00
  131.   0.499218750000E+03   0.742432225856E-07   0.000000000000E+00   0.200781250000E+03   0.598156200802E-06   0.000000000000E+00
  132.   0.498437500000E+03   0.370635152764E-07   0.000000000000E+00   0.201562500000E+03   0.300241800284E-06   0.000000000000E+00
  133.   0.497656250000E+03   0.740108383728E-07   0.000000000000E+00   0.202343750000E+03   0.602810986272E-06   0.000000000000E+00
  134.   0.496875000000E+03   0.369473231397E-07   0.000000000000E+00   0.203125000000E+03   0.302569186126E-06   0.000000000000E+00
  135.   0.496093750000E+03   0.737784540390E-07   0.000000000000E+00   0.203906250000E+03   0.607465740649E-06   0.000000000000E+00
  136.   0.495312500000E+03   0.368311309428E-07   0.000000000000E+00   0.204687500000E+03   0.304896554668E-06   0.000000000000E+00
  137.   0.494531250000E+03   0.735460695852E-07   0.000000000000E+00   0.205468750000E+03   0.612120456020E-06   0.000000000000E+00
  138.   0.493750000000E+03   0.367149386861E-07   0.000000000000E+00   0.206250000000E+03   0.307223901505E-06   0.000000000000E+00
  139.   0.492968750000E+03   0.733136850125E-07   0.000000000000E+00   0.207031250000E+03   0.616775122441E-06   0.000000000000E+00
  140.   0.492187500000E+03   0.365987463702E-07   0.000000000000E+00   0.207812500000E+03   0.309551221099E-06   0.000000000000E+00
  141.   0.491406250000E+03   0.730813003217E-07   0.000000000000E+00   0.208593750000E+03   0.621429727414E-06   0.000000000000E+00
  142.   0.490625000000E+03   0.364825539955E-07   0.000000000000E+00   0.209375000000E+03   0.311878506493E-06   0.000000000000E+00
  143.   0.489843750000E+03   0.728489155139E-07   0.000000000000E+00   0.210156250000E+03   0.626084255238E-06   0.000000000000E+00
  144.   0.489062500000E+03   0.363663615626E-07   0.000000000000E+00   0.210937500000E+03   0.314205748941E-06   0.000000000000E+00
  145.   0.488281250000E+03   0.726165305902E-07   0.000000000000E+00   0.211718750000E+03   0.630738686178E-06   0.000000000000E+00
  146.   0.487500000000E+03   0.362501690719E-07   0.000000000000E+00   0.212500000000E+03   0.316532937455E-06   0.000000000000E+00
  147.   0.486718750000E+03   0.723841455515E-07   0.000000000000E+00   0.213281250000E+03   0.635392995439E-06   0.000000000000E+00
  148.   0.485937500000E+03   0.361339765241E-07   0.000000000000E+00   0.214062500000E+03   0.318860058229E-06   0.000000000000E+00
  149.   0.485156250000E+03   0.721517603991E-07   0.000000000000E+00   0.214843750000E+03   0.640047151860E-06   0.000000000000E+00
  150.   0.484375000000E+03   0.360177839196E-07   0.000000000000E+00   0.215625000000E+03   0.321187093913E-06   0.000000000000E+00
  151.   0.483593750000E+03   0.719193751339E-07   0.000000000000E+00   0.216406250000E+03   0.644701116291E-06   0.000000000000E+00
  152.   0.482812500000E+03   0.359015912590E-07   0.000000000000E+00   0.217187500000E+03   0.323514022705E-06   0.000000000000E+00
  153.   0.482031250000E+03   0.716869897571E-07   0.000000000000E+00   0.217968750000E+03   0.649354839534E-06   0.000000000000E+00
  154.   0.481250000000E+03   0.357853985429E-07   0.000000000000E+00   0.218750000000E+03   0.325840817212E-06   0.000000000000E+00
  155.   0.480468750000E+03   0.714546042698E-07   0.000000000000E+00   0.219531250000E+03   0.654008259775E-06   0.000000000000E+00
  156.   0.479687500000E+03   0.356692057719E-07   0.000000000000E+00   0.220312500000E+03   0.328167443017E-06   0.000000000000E+00
  157.   0.478906250000E+03   0.712222186731E-07   0.000000000000E+00   0.221093750000E+03   0.658661299345E-06   0.000000000000E+00
  158.   0.478125000000E+03   0.355530129464E-07   0.000000000000E+00   0.221875000000E+03   0.330493856873E-06   0.000000000000E+00
  159.   0.477343750000E+03   0.709898329682E-07   0.000000000000E+00   0.222656250000E+03   0.663313860659E-06   0.000000000000E+00
  160.   0.476562500000E+03   0.354368200671E-07   0.000000000000E+00   0.223437500000E+03   0.332820004444E-06   0.000000000000E+00
  161.   0.475781250000E+03   0.707574471564E-07   0.000000000000E+00   0.224218750000E+03   0.667965821109E-06   0.000000000000E+00
  162.   0.475000000000E+03   0.353206271346E-07   0.000000000000E+00   0.225000000000E+03   0.335145817464E-06   0.000000000000E+00
  163.   0.474218750000E+03   0.705250612387E-07   0.000000000000E+00   0.225781250000E+03   0.672617026651E-06   0.000000000000E+00
  164.   0.473437500000E+03   0.352044341496E-07   0.000000000000E+00   0.226562500000E+03   0.337471210165E-06   0.000000000000E+00
  165.   0.472656250000E+03   0.702926752165E-07   0.000000000000E+00   0.227343750000E+03   0.677267283753E-06   0.000000000000E+00
  166.   0.471875000000E+03   0.350882411126E-07   0.000000000000E+00   0.228125000000E+03   0.339796074792E-06   0.000000000000E+00
  167.   0.471093750000E+03   0.700602890911E-07   0.000000000000E+00   0.228906250000E+03   0.681916349279E-06   0.000000000000E+00
  168.   0.470312500000E+03   0.349720480243E-07   0.000000000000E+00   0.229687500000E+03   0.342120275974E-06   0.000000000000E+00
  169.   0.469531250000E+03   0.698279028638E-07   0.000000000000E+00   0.230468750000E+03   0.686563917781E-06   0.000000000000E+00
  170.   0.468750000000E+03   0.348558548854E-07   0.000000000000E+00   0.231250000000E+03   0.344443643649E-06   0.000000000000E+00
  171.   0.467968750000E+03   0.695955165360E-07   0.000000000000E+00   0.232031250000E+03   0.691209605542E-06   0.000000000000E+00
  172.   0.467187500000E+03   0.347396616967E-07   0.000000000000E+00   0.232812500000E+03   0.346765964182E-06   0.000000000000E+00
  173.   0.466406250000E+03   0.693631301093E-07   0.000000000000E+00   0.233593750000E+03   0.695852930539E-06   0.000000000000E+00
  174.   0.465625000000E+03   0.346234684588E-07   0.000000000000E+00   0.234375000000E+03   0.349086969208E-06   0.000000000000E+00
  175.   0.464843750000E+03   0.691307435852E-07   0.000000000000E+00   0.235156250000E+03   0.700493287281E-06   0.000000000000E+00
  176.   0.464062500000E+03   0.345072751727E-07   0.000000000000E+00   0.235937500000E+03   0.351406321629E-06   0.000000000000E+00
  177.   0.463281250000E+03   0.688983569654E-07   0.000000000000E+00   0.236718750000E+03   0.705129915211E-06   0.000000000000E+00
  178.   0.462500000000E+03   0.343910818392E-07   0.000000000000E+00   0.237500000000E+03   0.353723598025E-06   0.000000000000E+00
  179.   0.461718750000E+03   0.686659702519E-07   0.000000000000E+00   0.238281250000E+03   0.709761859048E-06   0.000000000000E+00
  180.   0.460937500000E+03   0.342748884593E-07   0.000000000000E+00   0.239062500000E+03   0.356038266581E-06   0.000000000000E+00
  181.   0.460156250000E+03   0.684335834466E-07   0.000000000000E+00   0.239843750000E+03   0.714387918995E-06   0.000000000000E+00
  182.   0.459375000000E+03   0.341586950340E-07   0.000000000000E+00   0.240625000000E+03   0.358349659373E-06   0.000000000000E+00
  183.   0.458593750000E+03   0.682011965518E-07   0.000000000000E+00   0.241406250000E+03   0.719006588253E-06   0.000000000000E+00
  184.   0.457812500000E+03   0.340425015647E-07   0.000000000000E+00   0.242187500000E+03   0.360656937597E-06   0.000000000000E+00
  185.   0.457031250000E+03   0.679688095701E-07   0.000000000000E+00   0.242968750000E+03   0.723615974614E-06   0.000000000000E+00
  186.   0.456250000000E+03   0.339263080525E-07   0.000000000000E+00   0.243750000000E+03   0.362959047942E-06   0.000000000000E+00
  187.   0.455468750000E+03   0.677364225045E-07   0.000000000000E+00   0.244531250000E+03   0.728213702106E-06   0.000000000000E+00
  188.   0.454687500000E+03   0.338101144992E-07   0.000000000000E+00   0.245312500000E+03   0.365254667859E-06   0.000000000000E+00
  189.   0.453906250000E+03   0.675040353583E-07   0.000000000000E+00   0.246093750000E+03   0.732796787639E-06   0.000000000000E+00
  190.   0.453125000000E+03   0.336939209065E-07   0.000000000000E+00   0.246875000000E+03   0.367542136950E-06   0.000000000000E+00
  191.   0.452343750000E+03   0.672716481355E-07   0.000000000000E+00   0.247656250000E+03   0.737361486390E-06   0.000000000000E+00
  192.   0.451562500000E+03   0.335777272765E-07   0.000000000000E+00   0.248437500000E+03   0.369819370964E-06   0.000000000000E+00
  193.   0.450781250000E+03   0.670392608407E-07   0.000000000000E+00   0.249218750000E+03   0.741903098068E-06   0.000000000000E+00
  194.   0.450000000000E+03   0.334615336118E-07   0.000000000000E+00   0.250000000000E+03   0.372083754077E-06   0.000000000000E+00
  195.   0.449218750000E+03   0.668068734795E-07   0.000000000000E+00   0.250781250000E+03   0.746415724326E-06   0.000000000000E+00
  196.   0.448437500000E+03   0.333453399155E-07   0.000000000000E+00   0.251562500000E+03   0.374332004035E-06   0.000000000000E+00
  197.   0.447656250000E+03   0.665744860585E-07   0.000000000000E+00   0.252343750000E+03   0.750891965241E-06   0.000000000000E+00
  198.   0.446875000000E+03   0.332291461910E-07   0.000000000000E+00   0.253125000000E+03   0.376560003497E-06   0.000000000000E+00
  199.   0.446093750000E+03   0.663420985857E-07   0.000000000000E+00   0.253906250000E+03   0.755322539906E-06   0.000000000000E+00
  200.   0.445312500000E+03   0.331129524428E-07   0.000000000000E+00   0.254687500000E+03   0.378762589299E-06   0.000000000000E+00
  201.   0.444531250000E+03   0.661097110707E-07   0.000000000000E+00   0.255468750000E+03   0.759695812755E-06   0.000000000000E+00
  202.   0.443750000000E+03   0.329967586762E-07   0.000000000000E+00   0.256250000000E+03   0.380933289524E-06   0.000000000000E+00
  203.   0.442968750000E+03   0.658773235256E-07   0.000000000000E+00   0.257031250000E+03   0.763997203082E-06   0.000000000000E+00
  204.   0.442187500000E+03   0.328805648977E-07   0.000000000000E+00   0.257812500000E+03   0.383063995961E-06   0.000000000000E+00
  205.   0.441406250000E+03   0.656449359647E-07   0.000000000000E+00   0.258593750000E+03   0.768208450358E-06   0.000000000000E+00
  206.   0.440625000000E+03   0.327643711155E-07   0.000000000000E+00   0.259375000000E+03   0.385144556980E-06   0.000000000000E+00
  207.   0.439843750000E+03   0.654125484060E-07   0.000000000000E+00   0.260156250000E+03   0.772306702366E-06   0.000000000000E+00
  208.   0.439062500000E+03   0.326481773392E-07   0.000000000000E+00   0.260937500000E+03   0.387162272791E-06   0.000000000000E+00
  209.   0.438281250000E+03   0.651801608715E-07   0.000000000000E+00   0.261718750000E+03   0.776263386859E-06   0.000000000000E+00
  210.   0.437500000000E+03   0.325319835811E-07   0.000000000000E+00   0.262500000000E+03   0.389101271835E-06   0.000000000000E+00
  211.   0.436718750000E+03   0.649477733885E-07   0.000000000000E+00   0.263281250000E+03   0.780042820796E-06   0.000000000000E+00
  212.   0.435937500000E+03   0.324157898563E-07   0.000000000000E+00   0.264062500000E+03   0.390941743608E-06   0.000000000000E+00
  213.   0.435156250000E+03   0.647153859908E-07   0.000000000000E+00   0.264843750000E+03   0.783600504638E-06   0.000000000000E+00
  214.   0.434375000000E+03   0.322995961835E-07   0.000000000000E+00   0.265625000000E+03   0.392659000076E-06   0.000000000000E+00
  215.   0.433593750000E+03   0.644829987204E-07   0.000000000000E+00   0.266406250000E+03   0.786881043706E-06   0.000000000000E+00
  216.   0.432812500000E+03   0.321834025860E-07   0.000000000000E+00   0.267187500000E+03   0.394222335515E-06   0.000000000000E+00
  217.   0.432031250000E+03   0.642506116294E-07   0.000000000000E+00   0.267968750000E+03   0.789815635955E-06   0.000000000000E+00
  218.   0.431250000000E+03   0.320672090926E-07   0.000000000000E+00   0.268750000000E+03   0.395593654259E-06   0.000000000000E+00
  219.   0.430468750000E+03   0.640182247827E-07   0.000000000000E+00   0.269531250000E+03   0.792319068376E-06   0.000000000000E+00
  220.   0.429687500000E+03   0.319510157394E-07   0.000000000000E+00   0.270312500000E+03   0.396725839058E-06   0.000000000000E+00
  221.   0.428906250000E+03   0.637858382612E-07   0.000000000000E+00   0.271093750000E+03   0.794286177060E-06   0.000000000000E+00
  222.   0.428125000000E+03   0.318348225712E-07   0.000000000000E+00   0.271875000000E+03   0.397560842329E-06   0.000000000000E+00
  223.   0.427343750000E+03   0.635534521657E-07   0.000000000000E+00   0.272656250000E+03   0.795587755228E-06   0.000000000000E+00
  224.   0.426562500000E+03   0.317186296440E-07   0.000000000000E+00   0.273437500000E+03   0.398027502256E-06   0.000000000000E+00
  225.   0.425781250000E+03   0.633210666218E-07   0.000000000000E+00   0.274218750000E+03   0.796065948741E-06   0.000000000000E+00
  226.   0.425000000000E+03   0.316024370274E-07   0.000000000000E+00   0.275000000000E+03   0.398039121245E-06   0.000000000000E+00
  227.   0.424218750000E+03   0.630886817864E-07   0.000000000000E+00   0.275781250000E+03   0.795529272772E-06   0.000000000000E+00
  228.   0.423437500000E+03   0.314862448085E-07   0.000000000000E+00   0.276562500000E+03   0.397490902893E-06   0.000000000000E+00
  229.   0.422656250000E+03   0.628562978550E-07   0.000000000000E+00   0.277343750000E+03   0.793747533067E-06   0.000000000000E+00
  230.   0.421875000000E+03   0.313700530959E-07   0.000000000000E+00   0.278125000000E+03   0.396257434754E-06   0.000000000000E+00
  231.   0.421093750000E+03   0.626239150719E-07   0.000000000000E+00   0.278906250000E+03   0.790447159365E-06   0.000000000000E+00
  232.   0.420312500000E+03   0.312538620254E-07   0.000000000000E+00   0.279687500000E+03   0.394190537415E-06   0.000000000000E+00
  233.   0.419531250000E+03   0.623915337425E-07   0.000000000000E+00   0.280468750000E+03   0.785307774299E-06   0.000000000000E+00
  234.   0.418750000000E+03   0.311376717662E-07   0.000000000000E+00   0.281250000000E+03   0.391117983142E-06   0.000000000000E+00
  235.   0.417968750000E+03   0.621591542474E-07   0.000000000000E+00   0.282031250000E+03   0.777961234505E-06   0.000000000000E+00
  236.   0.417187500000E+03   0.310214825301E-07   0.000000000000E+00   0.282812500000E+03   0.386843818479E-06   0.000000000000E+00
  237.   0.416406250000E+03   0.619267770629E-07   0.000000000000E+00   0.283593750000E+03   0.767994870236E-06   0.000000000000E+00
  238.   0.415625000000E+03   0.309052945814E-07   0.000000000000E+00   0.284375000000E+03   0.381151284137E-06   0.000000000000E+00
  239.   0.414843750000E+03   0.616944027836E-07   0.000000000000E+00   0.285156250000E+03   0.754961139971E-06   0.000000000000E+00
  240.   0.414062500000E+03   0.307891082502E-07   0.000000000000E+00   0.285937500000E+03   0.373809557229E-06   0.000000000000E+00
  241.   0.413281250000E+03   0.614620321524E-07   0.000000000000E+00   0.286718750000E+03   0.738396244819E-06   0.000000000000E+00
  242.   0.412500000000E+03   0.306729239494E-07   0.000000000000E+00   0.287500000000E+03   0.364585637383E-06   0.000000000000E+00
  243.   0.411718750000E+03   0.612296660976E-07   0.000000000000E+00   0.288281250000E+03   0.717850136499E-06   0.000000000000E+00
  244.   0.410937500000E+03   0.305567421946E-07   0.000000000000E+00   0.289062500000E+03   0.353262489298E-06   0.000000000000E+00
  245.   0.410156250000E+03   0.609973057795E-07   0.000000000000E+00   0.289843750000E+03   0.692929417640E-06   0.000000000000E+00
  246.   0.409375000000E+03   0.304405636302E-07   0.000000000000E+00   0.290625000000E+03   0.339663824610E-06   0.000000000000E+00
  247.   0.408593750000E+03   0.607649526478E-07   0.000000000000E+00   0.291406250000E+03   0.663352474060E-06   0.000000000000E+00
  248.   0.407812500000E+03   0.303243890614E-07   0.000000000000E+00   0.292187500000E+03   0.323684470535E-06   0.000000000000E+00
  249.   0.407031250000E+03   0.605326085141E-07   0.000000000000E+00   0.292968750000E+03   0.629012604860E-06   0.000000000000E+00
  250.   0.406250000000E+03   0.302082194946E-07   0.000000000000E+00   0.293750000000E+03   0.305323128416E-06   0.000000000000E+00
  251.   0.405468750000E+03   0.603002756427E-07   0.000000000000E+00   0.294531250000E+03   0.590040298410E-06   0.000000000000E+00
  252.   0.404687500000E+03   0.300920561876E-07   0.000000000000E+00   0.295312500000E+03   0.284711851450E-06   0.000000000000E+00
  253.   0.403906250000E+03   0.600679568632E-07   0.000000000000E+00   0.296093750000E+03   0.546851403227E-06   0.000000000000E+00
  254.   0.403125000000E+03   0.299759007121E-07   0.000000000000E+00   0.296875000000E+03   0.262134657530E-06   0.000000000000E+00
  255.   0.402343750000E+03   0.598356557119E-07   0.000000000000E+00   0.297656250000E+03   0.500165897943E-06   0.000000000000E+00
  256.   0.401562500000E+03   0.298597550325E-07   0.000000000000E+00   0.298437500000E+03   0.238027586849E-06   0.000000000000E+00
  257.   0.400781250000E+03   0.596033766087E-07   0.000000000000E+00   0.299218750000E+03   0.450984555232E-06   0.000000000000E+00
  258.   0.400000000000E+03   0.297436216040E-07   0.000000000000E+00   0.300000000000E+03   0.212955236502E-06   0.000000000000E+00
  259.   0.399218750000E+03   0.593711250772E-07   0.000000000000E+00   0.300781250000E+03   0.400519019099E-06   0.000000000000E+00
  260.   0.398437500000E+03   0.296275034949E-07   0.000000000000E+00   0.301562500000E+03   0.187564309009E-06   0.000000000000E+00
  261.   0.397656250000E+03   0.591389080210E-07   0.000000000000E+00   0.302343750000E+03   0.350083012769E-06   0.000000000000E+00
  262.   0.396875000000E+03   0.295114045400E-07   0.000000000000E+00   0.303125000000E+03   0.162521370484E-06   0.000000000000E+00
  263.   0.396093750000E+03   0.589067340680E-07   0.000000000000E+00   0.303906250000E+03   0.300964184527E-06   0.000000000000E+00
  264.   0.395312500000E+03   0.293953295322E-07   0.000000000000E+00   0.304687500000E+03   0.138447090335E-06   0.000000000000E+00
  265.   0.394531250000E+03   0.586746140013E-07   0.000000000000E+00   0.305468750000E+03   0.254302320344E-06   0.000000000000E+00
  266.   0.393750000000E+03   0.292792844612E-07   0.000000000000E+00   0.306250000000E+03   0.115860344913E-06   0.000000000000E+00
  267.   0.392968750000E+03   0.584425612975E-07   0.000000000000E+00   0.307031250000E+03   0.210997364498E-06   0.000000000000E+00
  268.   0.392187500000E+03   0.291632768132E-07   0.000000000000E+00   0.307812500000E+03   0.951421838437E-07   0.000000000000E+00
  269.   0.391406250000E+03   0.582105927996E-07   0.000000000000E+00   0.308593750000E+03   0.171661046374E-06   0.000000000000E+00
  270.   0.390625000000E+03   0.290473159441E-07   0.000000000000E+00   0.309375000000E+03   0.765234498185E-07   0.000000000000E+00
  271.   0.389843750000E+03   0.579787295572E-07   0.000000000000E+00   0.310156250000E+03   0.136613393577E-06   0.000000000000E+00
  272.   0.389062500000E+03   0.289314135468E-07   0.000000000000E+00   0.310937500000E+03   0.600935797259E-07   0.000000000000E+00
  273.   0.388281250000E+03   0.577469978777E-07   0.000000000000E+00   0.311718750000E+03   0.105915055981E-06   0.000000000000E+00
  274.   0.387500000000E+03   0.288155842346E-07   0.000000000000E+00   0.312500000000E+03   0.458240356551E-07   0.000000000000E+00
  275.   0.386718750000E+03   0.575154306393E-07   0.000000000000E+00   0.313281250000E+03   0.794211522158E-07   0.000000000000E+00
  276.   0.385937500000E+03   0.286998462708E-07   0.000000000000E+00   0.314062500000E+03   0.335986622330E-07   0.000000000000E+00
  277.   0.385156250000E+03   0.572840689314E-07   0.000000000000E+00   0.314843750000E+03   0.568423805374E-07   0.000000000000E+00
  278.   0.384375000000E+03   0.285842224798E-07   0.000000000000E+00   0.315625000000E+03   0.232444219627E-07   0.000000000000E+00
  279.   0.383593750000E+03   0.570529641056E-07   0.000000000000E+00   0.316406250000E+03   0.378025632587E-07   0.000000000000E+00
  280.   0.382812500000E+03   0.284687413862E-07   0.000000000000E+00   0.317187500000E+03   0.145582142853E-07   0.000000000000E+00
  281.   0.382031250000E+03   0.568221803380E-07   0.000000000000E+00   0.317968750000E+03   0.218863392098E-07   0.000000000000E+00
  282.   0.381250000000E+03   0.283534386386E-07   0.000000000000E+00   0.318750000000E+03   0.732777101707E-08   0.000000000000E+00
  283.   0.380468750000E+03   0.565917978315E-07   0.000000000000E+00   0.319531250000E+03   0.867472871815E-08   0.000000000000E+00
  284.   0.379687500000E+03   0.282383587878E-07   0.000000000000E+00   0.320312500000E+03   0.134634809935E-08   0.000000000000E+00
  285.   0.378906250000E+03   0.563619168182E-07   0.000000000000E+00   0.321093750000E+03  -0.223096271062E-08   0.000000000000E+00
  286.   0.378125000000E+03   0.281235575102E-07   0.000000000000E+00   0.321875000000E+03  -0.357804579119E-08   0.000000000000E+00
  287.   0.377343750000E+03   0.561326625594E-07   0.000000000000E+00   0.322656250000E+03  -0.111949904179E-07   0.000000000000E+00
  288.   0.376562500000E+03   0.280091043854E-07   0.000000000000E+00   0.323437500000E+03  -0.761771378089E-08   0.000000000000E+00
  289.   0.375781250000E+03   0.559041915966E-07   0.000000000000E+00   0.324218750000E+03  -0.185403863830E-07   0.000000000000E+00
  290.   0.375000000000E+03   0.278950863678E-07   0.000000000000E+00   0.325000000000E+03  -0.109234172834E-07   0.000000000000E+00
  291.   0.374218750000E+03   0.556766995609E-07   0.000000000000E+00   0.325781250000E+03  -0.245472853326E-07   0.000000000000E+00
  292.   0.373437500000E+03   0.277816121251E-07   0.000000000000E+00   0.326562500000E+03  -0.136245543299E-07   0.000000000000E+00
  293.   0.372656250000E+03   0.554504309341E-07   0.000000000000E+00   0.327343750000E+03  -0.294544956782E-07   0.000000000000E+00
  294.   0.371875000000E+03   0.276688174603E-07   0.000000000000E+00   0.328125000000E+03  -0.158305527487E-07   0.000000000000E+00
  295.   0.371093750000E+03   0.552256912465E-07   0.000000000000E+00   0.328906250000E+03  -0.334629127783E-07   0.000000000000E+00
  296.   0.370312500000E+03   0.275568720870E-07   0.000000000000E+00   0.329687500000E+03  -0.176328915908E-07   0.000000000000E+00
  297.   0.369531250000E+03   0.550028623225E-07   0.000000000000E+00   0.330468750000E+03  -0.367397957161E-07   0.000000000000E+00
  298.   0.368750000000E+03   0.274459880983E-07   0.000000000000E+00   0.331250000000E+03  -0.191073579617E-07   0.000000000000E+00
  299.   0.367968750000E+03   0.547824213333E-07   0.000000000000E+00   0.332031250000E+03  -0.394232701318E-07   0.000000000000E+00
  300.   0.367187500000E+03   0.273364305507E-07   0.000000000000E+00   0.332812500000E+03  -0.203162943360E-07   0.000000000000E+00
  301.   0.366406250000E+03   0.545649646116E-07   0.000000000000E+00   0.333593750000E+03  -0.416266726706E-07   0.000000000000E+00
  302.   0.365625000000E+03   0.272285306931E-07   0.000000000000E+00   0.334375000000E+03  -0.213106967344E-07   0.000000000000E+00
  303.   0.364843750000E+03   0.543512374181E-07   0.000000000000E+00   0.335156250000E+03  -0.434425285413E-07   0.000000000000E+00
  304.   0.364062500000E+03   0.271227025034E-07   0.000000000000E+00   0.335937500000E+03  -0.221320948762E-07   0.000000000000E+00
  305.   0.363281250000E+03   0.541421711511E-07   0.000000000000E+00   0.336718750000E+03  -0.449460693054E-07   0.000000000000E+00
  306.   0.362500000000E+03   0.270194633596E-07   0.000000000000E+00   0.337500000000E+03  -0.228141903556E-07   0.000000000000E+00
  307.   0.361718750000E+03   0.539389298654E-07   0.000000000000E+00   0.338281250000E+03  -0.461982697079E-07   0.000000000000E+00
  308.   0.360937500000E+03   0.269194598850E-07   0.000000000000E+00   0.339062500000E+03  -0.233842556568E-07   0.000000000000E+00
  309.   0.360156250000E+03   0.537429684360E-07   0.000000000000E+00   0.339843750000E+03  -0.472484237358E-07   0.000000000000E+00
  310.   0.359375000000E+03   0.268235002649E-07   0.000000000000E+00   0.340625000000E+03  -0.238643114286E-07   0.000000000000E+00
  311.   0.358593750000E+03   0.535561052954E-07   0.000000000000E+00   0.341406250000E+03  -0.481363015146E-07   0.000000000000E+00
  312.   0.357812500000E+03   0.267325946629E-07   0.000000000000E+00   0.342187500000E+03  -0.242721062470E-07   0.000000000000E+00
  313.   0.357031250000E+03   0.533806134127E-07   0.000000000000E+00   0.342968750000E+03  -0.488939375159E-07   0.000000000000E+00
  314.   0.356250000000E+03   0.266480057794E-07   0.000000000000E+00   0.343750000000E+03  -0.246219251408E-07   0.000000000000E+00
  315.   0.355468750000E+03   0.532193341219E-07   0.000000000000E+00   0.344531250000E+03  -0.495471019269E-07   0.000000000000E+00
  316.   0.354687500000E+03   0.265713121156E-07   0.000000000000E+00   0.345312500000E+03  -0.249252524776E-07   0.000000000000E+00
  317.   0.353906250000E+03   0.530758195837E-07   0.000000000000E+00   0.346093750000E+03  -0.501165042567E-07   0.000000000000E+00
  318.   0.353125000000E+03   0.265044871644E-07   0.000000000000E+00   0.346875000000E+03  -0.251913127012E-07   0.000000000000E+00
  319.   0.352343750000E+03   0.529545111605E-07   0.000000000000E+00   0.347656250000E+03  -0.506187734248E-07   0.000000000000E+00
  320.   0.351562500000E+03   0.264499985841E-07   0.000000000000E+00   0.348437500000E+03  -0.254275096859E-07   0.000000000000E+00
  321.   0.350781250000E+03   0.528609628733E-07   0.000000000000E+00   0.349218750000E+03  -0.510672529925E-07   0.000000000000E+00
  322.   0.350000000000E+03   0.264109324699E-07   0.000000000000E+00   0.350000000000E+03  -0.256397826095E-07   0.000000000000E+00
  323.   0.349218750000E+03   0.528021215227E-07   0.000000000000E+00   0.350781250000E+03  -0.514726445909E-07   0.000000000000E+00
  324.   0.348437500000E+03   0.263911491863E-07   0.000000000000E+00   0.351562500000E+03  -0.258328934992E-07   0.000000000000E+00
  325.   0.347656250000E+03   0.527866781328E-07   0.000000000000E+00   0.352343750000E+03  -0.518435273667E-07   0.000000000000E+00
  326.   0.346875000000E+03   0.263954789569E-07   0.000000000000E+00   0.353125000000E+03  -0.260106591216E-07   0.000000000000E+00
  327.   0.346093750000E+03   0.528255093370E-07   0.000000000000E+00   0.353906250000E+03  -0.521867765999E-07   0.000000000000E+00
  328.   0.345312500000E+03   0.264299676316E-07   0.000000000000E+00   0.354687500000E+03  -0.261761376996E-07   0.000000000000E+00
  329.   0.344531250000E+03   0.529322324428E-07   0.000000000000E+00   0.355468750000E+03  -0.525079005916E-07   0.000000000000E+00
  330.   0.343750000000E+03   0.265021859443E-07   0.000000000000E+00   0.356250000000E+03  -0.263317790740E-07   0.000000000000E+00
  331.   0.342968750000E+03   0.531239045841E-07   0.000000000000E+00   0.357031250000E+03  -0.528113114797E-07   0.000000000000E+00
  332.   0.342187500000E+03   0.266216193530E-07   0.000000000000E+00   0.357812500000E+03  -0.264795453487E-07   0.000000000000E+00
  333.   0.341406250000E+03   0.534219051354E-07   0.000000000000E+00   0.358593750000E+03  -0.531005427469E-07   0.000000000000E+00
  334.   0.340625000000E+03   0.268001605389E-07   0.000000000000E+00   0.359375000000E+03  -0.266210077457E-07   0.000000000000E+00
  335.   0.339843750000E+03   0.538530522102E-07   0.000000000000E+00   0.360156250000E+03  -0.533784237912E-07   0.000000000000E+00
  336.   0.339062500000E+03   0.270527332993E-07   0.000000000000E+00   0.360937500000E+03  -0.267574243143E-07   0.000000000000E+00
  337.   0.338281250000E+03   0.544510197109E-07   0.000000000000E+00   0.361718750000E+03  -0.536472199558E-07   0.000000000000E+00
  338.   0.337500000000E+03   0.273980855520E-07   0.000000000000E+00   0.362500000000E+03  -0.268898022462E-07   0.000000000000E+00
  339.   0.336718750000E+03   0.552581427038E-07   0.000000000000E+00   0.363281250000E+03  -0.539087448021E-07   0.000000000000E+00
  340.   0.335937500000E+03   0.278598014822E-07   0.000000000000E+00   0.364062500000E+03  -0.270189478288E-07   0.000000000000E+00
  341.   0.335156250000E+03   0.563277283356E-07   0.000000000000E+00   0.364843750000E+03  -0.541644500950E-07   0.000000000000E+00
  342.   0.334375000000E+03   0.284675999767E-07   0.000000000000E+00   0.365625000000E+03  -0.271455064735E-07   0.000000000000E+00
  343.   0.333593750000E+03   0.577270308523E-07   0.000000000000E+00   0.366406250000E+03  -0.544154979035E-07   0.000000000000E+00
  344.   0.332812500000E+03   0.292590106892E-07   0.000000000000E+00   0.367187500000E+03  -0.272699947848E-07   0.000000000000E+00
  345.   0.332031250000E+03   0.595411083831E-07   0.000000000000E+00   0.367968750000E+03  -0.546628183588E-07   0.000000000000E+00
  346.   0.331250000000E+03   0.302815539373E-07   0.000000000000E+00   0.368750000000E+03  -0.273928262468E-07   0.000000000000E+00
  347.   0.330468750000E+03   0.618778652000E-07   0.000000000000E+00   0.369531250000E+03  -0.549071559133E-07   0.000000000000E+00
  348.   0.329687500000E+03   0.315956016463E-07   0.000000000000E+00   0.370312500000E+03  -0.275143317937E-07   0.000000000000E+00
  349.   0.328906250000E+03   0.648747110892E-07   0.000000000000E+00   0.371093750000E+03  -0.551491063837E-07   0.000000000000E+00
  350.   0.328125000000E+03   0.332781734392E-07   0.000000000000E+00   0.371875000000E+03  -0.276347762809E-07   0.000000000000E+00
  351.   0.327343750000E+03   0.687074633926E-07   0.000000000000E+00   0.372656250000E+03  -0.553891466121E-07   0.000000000000E+00
  352.   0.326562500000E+03   0.354280374201E-07   0.000000000000E+00   0.373437500000E+03  -0.277543716731E-07   0.000000000000E+00
  353.   0.325781250000E+03   0.736024193142E-07   0.000000000000E+00   0.374218750000E+03  -0.556276582125E-07   0.000000000000E+00
  354.   0.325000000000E+03   0.381726740094E-07   0.000000000000E+00   0.375000000000E+03  -0.278732876021E-07   0.000000000000E+00
  355.   0.324218750000E+03   0.798530032527E-07   0.000000000000E+00   0.375781250000E+03  -0.558649465808E-07   0.000000000000E+00
  356.   0.323437500000E+03   0.416779308051E-07   0.000000000000E+00   0.376562500000E+03  -0.279916598181E-07   0.000000000000E+00
  357.   0.322656250000E+03   0.878431870007E-07   0.000000000000E+00   0.377343750000E+03  -0.561012561124E-07   0.000000000000E+00
  358.   0.321875000000E+03   0.461617658618E-07   0.000000000000E+00   0.378125000000E+03  -0.281095969550E-07   0.000000000000E+00
  359.   0.321093750000E+03   0.980811667357E-07   0.000000000000E+00   0.378906250000E+03  -0.563367823827E-07   0.000000000000E+00
  360.   0.320312500000E+03   0.519139462831E-07   0.000000000000E+00   0.379687500000E+03  -0.282271859454E-07   0.000000000000E+00
  361.   0.319531250000E+03   0.111249203573E-06   0.000000000000E+00   0.380468750000E+03  -0.565716818965E-07   0.000000000000E+00
  362.   0.318750000000E+03   0.593262714101E-07   0.000000000000E+00   0.381250000000E+03  -0.283444963545E-07   0.000000000000E+00
  363.   0.317968750000E+03   0.128279238145E-06   0.000000000000E+00   0.382031250000E+03  -0.568060798915E-07   0.000000000000E+00
  364.   0.317187500000E+03   0.689354965582E-07   0.000000000000E+00   0.382812500000E+03  -0.284615838490E-07   0.000000000000E+00
  365.   0.316406250000E+03   0.150473397376E-06   0.000000000000E+00   0.383593750000E+03  -0.570400765833E-07   0.000000000000E+00
  366.   0.315625000000E+03   0.815043826611E-07   0.000000000000E+00   0.384375000000E+03  -0.285784929732E-07   0.000000000000E+00
  367.   0.314843750000E+03   0.179698183963E-06   0.000000000000E+00   0.385156250000E+03  -0.572737521636E-07   0.000000000000E+00
  368.   0.314062500000E+03   0.981051116235E-07   0.000000000000E+00   0.385937500000E+03  -0.286952593708E-07   0.000000000000E+00
  369.   0.313281250000E+03   0.218735977248E-06   0.000000000000E+00   0.386718750000E+03  -0.575071708005E-07   0.000000000000E+00
  370.   0.312500000000E+03   0.120454159852E-06   0.000000000000E+00   0.387500000000E+03  -0.288119115632E-07   0.000000000000E+00
  371.   0.311718750000E+03   0.271871666675E-06   0.000000000000E+00   0.388281250000E+03  -0.577403838391E-07   0.000000000000E+00
  372.   0.310937500000E+03   0.150766965956E-06   0.000000000000E+00   0.389062500000E+03  -0.289284723721E-07   0.000000000000E+00
  373.   0.310156250000E+03   0.346281720568E-06   0.000000000000E+00   0.389843750000E+03  -0.579734323644E-07   0.000000000000E+00
  374.   0.309375000000E+03   0.194457241725E-06   0.000000000000E+00   0.390625000000E+03  -0.290449600585E-07   0.000000000000E+00
  375.   0.308593750000E+03   0.454087604388E-06   0.000000000000E+00   0.391406250000E+03  -0.582063492500E-07   0.000000000000E+00
  376.   0.307812500000E+03   0.253518832963E-06   0.000000000000E+00   0.392187500000E+03  -0.291613892339E-07   0.000000000000E+00
  377.   0.307031250000E+03   0.621325138649E-06   0.000000000000E+00   0.392968750000E+03  -0.584391607999E-07   0.000000000000E+00
  378.   0.306250000000E+03   0.363436198758E-06   0.000000000000E+00   0.393750000000E+03  -0.292777715893E-07   0.000000000000E+00
  379.   0.305468750000E+03   0.894053294905E-06   0.000000000000E+00   0.394531250000E+03  -0.586718880606E-07   0.000000000000E+00
  380.   0.304687500000E+03   0.458749073094E-06   0.000000000000E+00   0.395312500000E+03  -0.293941164794E-07   0.000000000000E+00
  381.   0.303906250000E+03   0.144349135409E-05   0.000000000000E+00   0.396093750000E+03  -0.589045478720E-07   0.000000000000E+00
  382.   0.303125000000E+03   0.105351422238E-05   0.000000000000E+00   0.396875000000E+03  -0.295104313885E-07   0.000000000000E+00
  383.   0.302343750000E+03   0.251512073113E-05   0.000000000000E+00   0.397656250000E+03  -0.591371537077E-07   0.000000000000E+00
  384.   0.301562500000E+03   0.255409115950E-05   0.000000000000E+00   0.398437500000E+03  -0.296267223054E-07   0.000000000000E+00
  385.   0.300781250000E+03   0.136772134378E-04   0.000000000000E+00   0.399218750000E+03  -0.593697163480E-07   0.000000000000E+00
  386.   0.300000000000E+03  -0.107174929106E-04   0.000000000000E+00   0.400000000000E+03  -0.297429940212E-07   0.000000000000E+00
  387.   0.299218750000E+03  -0.683589445214E-05   0.000000000000E+00   0.400781250000E+03  -0.596022444183E-07   0.000000000000E+00
  388.   0.298437500000E+03  -0.182489125451E-05   0.000000000000E+00   0.401562500000E+03  -0.298592503695E-07   0.000000000000E+00
  389.   0.297656250000E+03  -0.302196790980E-05   0.000000000000E+00   0.402343750000E+03  -0.598347448192E-07   0.000000000000E+00
  390.   0.296875000000E+03  -0.112864100167E-05   0.000000000000E+00   0.403125000000E+03  -0.299754944173E-07   0.000000000000E+00
  391.   0.296093750000E+03  -0.203408335030E-05   0.000000000000E+00   0.403906250000E+03  -0.600672230720E-07   0.000000000000E+00
  392.   0.295312500000E+03  -0.895106028372E-06   0.000000000000E+00   0.404687500000E+03  -0.300917286183E-07   0.000000000000E+00
  393.   0.294531250000E+03  -0.160990788378E-05   0.000000000000E+00   0.405468750000E+03  -0.602996835935E-07   0.000000000000E+00
  394.   0.293750000000E+03  -0.734991153681E-06   0.000000000000E+00   0.406250000000E+03  -0.302079549358E-07   0.000000000000E+00
  395.   0.292968750000E+03  -0.137767148681E-05   0.000000000000E+00   0.407031250000E+03  -0.605321299178E-07   0.000000000000E+00
  396.   0.292187500000E+03  -0.646633289268E-06   0.000000000000E+00   0.407812500000E+03  -0.303241749402E-07   0.000000000000E+00
  397.   0.291406250000E+03  -0.123112288578E-05   0.000000000000E+00   0.408593750000E+03  -0.607645648719E-07   0.000000000000E+00
  398.   0.290625000000E+03  -0.586720636184E-06   0.000000000000E+00   0.409375000000E+03  -0.304403898879E-07   0.000000000000E+00
  399.   0.289843750000E+03  -0.113174099354E-05   0.000000000000E+00   0.410156250000E+03  -0.609969907172E-07   0.000000000000E+00
  400.   0.289062500000E+03  -0.545552601891E-06   0.000000000000E+00   0.410937500000E+03  -0.305566007841E-07   0.000000000000E+00
  401.   0.288281250000E+03  -0.106080618629E-05   0.000000000000E+00   0.411718750000E+03  -0.612294092631E-07   0.000000000000E+00
  402.   0.287500000000E+03  -0.515466615853E-06   0.000000000000E+00   0.412500000000E+03  -0.306728084326E-07   0.000000000000E+00
  403.   0.286718750000E+03  -0.100829281957E-05   0.000000000000E+00   0.413281250000E+03  -0.614618219565E-07   0.000000000000E+00
  404.   0.285937500000E+03  -0.492873604242E-06   0.000000000000E+00   0.414062500000E+03  -0.307890134767E-07   0.000000000000E+00
  405.   0.285156250000E+03  -0.968278541325E-06   0.000000000000E+00   0.414843750000E+03  -0.616942299553E-07   0.000000000000E+00
  406.   0.284375000000E+03  -0.475415632517E-06   0.000000000000E+00   0.415625000000E+03  -0.309052164307E-07   0.000000000000E+00
  407.   0.283593750000E+03  -0.937050807738E-06   0.000000000000E+00   0.416406250000E+03  -0.619266341851E-07   0.000000000000E+00
  408.   0.282812500000E+03  -0.461632226918E-06   0.000000000000E+00   0.417187500000E+03  -0.310214177060E-07   0.000000000000E+00
  409.   0.282031250000E+03  -0.912168698345E-06   0.000000000000E+00   0.417968750000E+03  -0.621590353865E-07   0.000000000000E+00
  410.   0.281250000000E+03  -0.450531652403E-06   0.000000000000E+00   0.418750000000E+03  -0.311376176317E-07   0.000000000000E+00
  411.   0.280468750000E+03  -0.891965269081E-06   0.000000000000E+00   0.419531250000E+03  -0.623914341515E-07   0.000000000000E+00
  412.   0.279687500000E+03  -0.441429117009E-06   0.000000000000E+00   0.420312500000E+03  -0.312538164708E-07   0.000000000000E+00
  413.   0.278906250000E+03  -0.875267828117E-06   0.000000000000E+00   0.421093750000E+03  -0.626238309538E-07   0.000000000000E+00
  414.   0.278125000000E+03  -0.433835188344E-06   0.000000000000E+00   0.421875000000E+03  -0.313700144337E-07   0.000000000000E+00
  415.   0.277343750000E+03  -0.861231046601E-06   0.000000000000E+00   0.422656250000E+03  -0.628562261717E-07   0.000000000000E+00
  416.   0.276562500000E+03  -0.427393205624E-06   0.000000000000E+00   0.423437500000E+03  -0.314862116886E-07   0.000000000000E+00
  417.   0.275781250000E+03  -0.849233625729E-06   0.000000000000E+00   0.424218750000E+03  -0.630886201079E-07   0.000000000000E+00
  418.   0.275000000000E+03  -0.421838452014E-06   0.000000000000E+00   0.425000000000E+03  -0.316024083699E-07   0.000000000000E+00
  419.   0.274218750000E+03  -0.838811661556E-06   0.000000000000E+00   0.425781250000E+03  -0.633210130042E-07   0.000000000000E+00
  420.   0.273437500000E+03  -0.416971745890E-06   0.000000000000E+00   0.426562500000E+03  -0.317186045849E-07   0.000000000000E+00
  421.   0.272656250000E+03  -0.829614352324E-06   0.000000000000E+00   0.427343750000E+03  -0.635534050538E-07   0.000000000000E+00
  422.   0.271875000000E+03  -0.412641510723E-06   0.000000000000E+00   0.428125000000E+03  -0.318348004195E-07   0.000000000000E+00
  423.   0.271093750000E+03  -0.821373695815E-06   0.000000000000E+00   0.428906250000E+03  -0.637857964110E-07   0.000000000000E+00
  424.   0.270312500000E+03  -0.408731357784E-06   0.000000000000E+00   0.429687500000E+03  -0.319509959422E-07   0.000000000000E+00
  425.   0.269531250000E+03  -0.813883255752E-06   0.000000000000E+00   0.430468750000E+03  -0.640181871991E-07   0.000000000000E+00
  426.   0.268750000000E+03  -0.405151268086E-06   0.000000000000E+00   0.431250000000E+03  -0.320671912077E-07   0.000000000000E+00
  427.   0.267968750000E+03  -0.806982964424E-06   0.000000000000E+00   0.432031250000E+03  -0.642505775164E-07   0.000000000000E+00
  428.   0.267187500000E+03  -0.401831213115E-06   0.000000000000E+00   0.432812500000E+03  -0.321833862595E-07   0.000000000000E+00
  429.   0.266406250000E+03  -0.800548047817E-06   0.000000000000E+00   0.433593750000E+03  -0.644829674412E-07   0.000000000000E+00
  430.   0.265625000000E+03  -0.398716461543E-06   0.000000000000E+00   0.434375000000E+03  -0.322995811326E-07   0.000000000000E+00
  431.   0.264843750000E+03  -0.794480829354E-06   0.000000000000E+00   0.435156250000E+03  -0.647153570360E-07   0.000000000000E+00
  432.   0.264062500000E+03  -0.395764078030E-06   0.000000000000E+00   0.435937500000E+03  -0.324157758545E-07   0.000000000000E+00
  433.   0.263281250000E+03  -0.788704584421E-06   0.000000000000E+00   0.436718750000E+03  -0.649477463505E-07   0.000000000000E+00
  434.   0.262500000000E+03  -0.392940280300E-06   0.000000000000E+00   0.437500000000E+03  -0.325319704472E-07   0.000000000000E+00
  435.   0.261718750000E+03  -0.783158881796E-06   0.000000000000E+00   0.438281250000E+03  -0.651801354243E-07   0.000000000000E+00
  436.   0.260937500000E+03  -0.390218424405E-06   0.000000000000E+00   0.439062500000E+03  -0.326481649284E-07   0.000000000000E+00
  437.   0.260156250000E+03  -0.777796019864E-06   0.000000000000E+00   0.439843750000E+03  -0.654125242888E-07   0.000000000000E+00
  438.   0.259375000000E+03  -0.387577456297E-06   0.000000000000E+00   0.440625000000E+03  -0.327643593119E-07   0.000000000000E+00
  439.   0.258593750000E+03  -0.772578279693E-06   0.000000000000E+00   0.441406250000E+03  -0.656449129689E-07   0.000000000000E+00
  440.   0.257812500000E+03  -0.385000713745E-06   0.000000000000E+00   0.442187500000E+03  -0.328805536086E-07   0.000000000000E+00
  441.   0.257031250000E+03  -0.767475794547E-06   0.000000000000E+00   0.442968750000E+03  -0.658773014841E-07   0.000000000000E+00
  442.   0.256250000000E+03  -0.382474994209E-06   0.000000000000E+00   0.443750000000E+03  -0.329967478273E-07   0.000000000000E+00
  443.   0.255468750000E+03  -0.762464889093E-06   0.000000000000E+00   0.444531250000E+03  -0.661096898500E-07   0.000000000000E+00
  444.   0.254687500000E+03  -0.379989826373E-06   0.000000000000E+00   0.445312500000E+03  -0.331129419746E-07   0.000000000000E+00
  445.   0.253906250000E+03  -0.757526779401E-06   0.000000000000E+00   0.446093750000E+03  -0.663420780786E-07   0.000000000000E+00
  446.   0.253125000000E+03  -0.377536898739E-06   0.000000000000E+00   0.446875000000E+03  -0.332291360561E-07   0.000000000000E+00
  447.   0.252343750000E+03  -0.752646551932E-06   0.000000000000E+00   0.447656250000E+03  -0.665744661796E-07   0.000000000000E+00
  448.   0.251562500000E+03  -0.375109610118E-06   0.000000000000E+00   0.448437500000E+03  -0.333453300757E-07   0.000000000000E+00
  449.   0.250781250000E+03  -0.747812359472E-06   0.000000000000E+00   0.449218750000E+03  -0.668068541601E-07   0.000000000000E+00
  450.   0.250000000000E+03  -0.372702715140E-06   0.000000000000E+00   0.450000000000E+03  -0.334615240367E-07   0.000000000000E+00
  451.   0.249218750000E+03  -0.743014786527E-06   0.000000000000E+00   0.450781250000E+03  -0.670392420258E-07   0.000000000000E+00
  452.   0.248437500000E+03  -0.370312044186E-06   0.000000000000E+00   0.451562500000E+03  -0.335777179415E-07   0.000000000000E+00
  453.   0.247656250000E+03  -0.738246347589E-06   0.000000000000E+00   0.452343750000E+03  -0.672716297809E-07   0.000000000000E+00
  454.   0.246875000000E+03  -0.367934281761E-06   0.000000000000E+00   0.453125000000E+03  -0.336939117920E-07   0.000000000000E+00
  455.   0.246093750000E+03  -0.733501089895E-06   0.000000000000E+00   0.453906250000E+03  -0.675040174287E-07   0.000000000000E+00
  456.   0.245312500000E+03  -0.365566790902E-06   0.000000000000E+00   0.454687500000E+03  -0.338101055895E-07   0.000000000000E+00
  457.   0.244531250000E+03  -0.728774278554E-06   0.000000000000E+00   0.455468750000E+03  -0.677364049714E-07   0.000000000000E+00
  458.   0.243750000000E+03  -0.363207473922E-06   0.000000000000E+00   0.456250000000E+03  -0.339262993349E-07   0.000000000000E+00
  459.   0.242968750000E+03  -0.724062146747E-06   0.000000000000E+00   0.457031250000E+03  -0.679687924107E-07   0.000000000000E+00
  460.   0.242187500000E+03  -0.360854661878E-06   0.000000000000E+00   0.457812500000E+03  -0.340424930289E-07   0.000000000000E+00
  461.   0.241406250000E+03  -0.719361697407E-06   0.000000000000E+00   0.458593750000E+03  -0.682011797475E-07   0.000000000000E+00
  462.   0.240625000000E+03  -0.358507026796E-06   0.000000000000E+00   0.459375000000E+03  -0.341586866718E-07   0.000000000000E+00
  463.   0.239843750000E+03  -0.714670545681E-06   0.000000000000E+00   0.460156250000E+03  -0.684335669825E-07   0.000000000000E+00
  464.   0.239062500000E+03  -0.356163511913E-06   0.000000000000E+00   0.460937500000E+03  -0.342748802640E-07   0.000000000000E+00
  465.   0.238281250000E+03  -0.709986793718E-06   0.000000000000E+00   0.461718750000E+03  -0.686659541158E-07   0.000000000000E+00
  466.   0.237500000000E+03  -0.353823276236E-06   0.000000000000E+00   0.462500000000E+03  -0.343910738053E-07   0.000000000000E+00
  467.   0.236718750000E+03  -0.705308931142E-06   0.000000000000E+00   0.463281250000E+03  -0.688983411475E-07   0.000000000000E+00
  468.   0.235937500000E+03  -0.351485650452E-06   0.000000000000E+00   0.464062500000E+03  -0.345072672958E-07   0.000000000000E+00
  469.   0.235156250000E+03  -0.700635755882E-06   0.000000000000E+00   0.464843750000E+03  -0.691307280774E-07   0.000000000000E+00
  470.   0.234375000000E+03  -0.349150101864E-06   0.000000000000E+00   0.465625000000E+03  -0.346234607353E-07   0.000000000000E+00
  471.   0.233593750000E+03  -0.695966311219E-06   0.000000000000E+00   0.466406250000E+03  -0.693631149048E-07   0.000000000000E+00
  472.   0.232812500000E+03  -0.346816206496E-06   0.000000000000E+00   0.467187500000E+03  -0.347396541234E-07   0.000000000000E+00
  473.   0.232031250000E+03  -0.691299835687E-06   0.000000000000E+00   0.467968750000E+03  -0.695955016293E-07   0.000000000000E+00
  474.   0.231250000000E+03  -0.344483626895E-06   0.000000000000E+00   0.468750000000E+03  -0.348558474599E-07   0.000000000000E+00
  475.   0.230468750000E+03  -0.686635723219E-06   0.000000000000E+00   0.469531250000E+03  -0.698278882500E-07   0.000000000000E+00
  476.   0.229687500000E+03  -0.342152094476E-06   0.000000000000E+00   0.470312500000E+03  -0.349720407443E-07   0.000000000000E+00
  477.   0.228906250000E+03  -0.681973491430E-06   0.000000000000E+00   0.471093750000E+03  -0.700602747663E-07   0.000000000000E+00
  478.   0.228125000000E+03  -0.339821395463E-06   0.000000000000E+00   0.471875000000E+03  -0.350882339763E-07   0.000000000000E+00
  479.   0.227343750000E+03  -0.677312756377E-06   0.000000000000E+00   0.472656250000E+03  -0.702926611772E-07   0.000000000000E+00
  480.   0.226562500000E+03  -0.337491359707E-06   0.000000000000E+00   0.473437500000E+03  -0.352044271554E-07   0.000000000000E+00
  481.   0.225781250000E+03  -0.672653212471E-06   0.000000000000E+00   0.474218750000E+03  -0.705250474819E-07   0.000000000000E+00
  482.   0.225000000000E+03  -0.335161851782E-06   0.000000000000E+00   0.475000000000E+03  -0.353206202811E-07   0.000000000000E+00
  483.   0.224218750000E+03  -0.667994616485E-06   0.000000000000E+00   0.475781250000E+03  -0.707574336792E-07   0.000000000000E+00
  484.   0.223437500000E+03  -0.332832763902E-06   0.000000000000E+00   0.476562500000E+03  -0.354368133529E-07   0.000000000000E+00
  485.   0.222656250000E+03  -0.663336774837E-06   0.000000000000E+00   0.477343750000E+03  -0.709898197682E-07   0.000000000000E+00
  486.   0.221875000000E+03  -0.330504010277E-06   0.000000000000E+00   0.478125000000E+03  -0.355530063702E-07   0.000000000000E+00
  487.   0.221093750000E+03  -0.658679533451E-06   0.000000000000E+00   0.478906250000E+03  -0.712222057479E-07   0.000000000000E+00
  488.   0.220312500000E+03  -0.328175522629E-06   0.000000000000E+00   0.479687500000E+03  -0.356691993327E-07   0.000000000000E+00
  489.   0.219531250000E+03  -0.654022769702E-06   0.000000000000E+00   0.480468750000E+03  -0.714545916172E-07   0.000000000000E+00
  490.   0.218750000000E+03  -0.325847246618E-06   0.000000000000E+00   0.481250000000E+03  -0.357853922396E-07   0.000000000000E+00
  491.   0.217968750000E+03  -0.649366385994E-06   0.000000000000E+00   0.482031250000E+03  -0.716869773748E-07   0.000000000000E+00
  492.   0.217187500000E+03  -0.323519138993E-06   0.000000000000E+00   0.482812500000E+03  -0.359015850905E-07   0.000000000000E+00
  493.   0.216406250000E+03  -0.644710304655E-06   0.000000000000E+00   0.483593750000E+03  -0.719193630199E-07   0.000000000000E+00
  494.   0.215625000000E+03  -0.321191165335E-06   0.000000000000E+00   0.484375000000E+03  -0.360177778848E-07   0.000000000000E+00
  495.   0.214843750000E+03  -0.640054463869E-06   0.000000000000E+00   0.485156250000E+03  -0.721517485511E-07   0.000000000000E+00
  496.   0.214062500000E+03  -0.318863298252E-06   0.000000000000E+00   0.485937500000E+03  -0.361339706219E-07   0.000000000000E+00
  497.   0.213281250000E+03  -0.635398814443E-06   0.000000000000E+00   0.486718750000E+03  -0.723841339674E-07   0.000000000000E+00
  498.   0.212500000000E+03  -0.316535515945E-06   0.000000000000E+00   0.487500000000E+03  -0.362501633012E-07   0.000000000000E+00
  499.   0.211718750000E+03  -0.630743317226E-06   0.000000000000E+00   0.488281250000E+03  -0.726165192675E-07   0.000000000000E+00
  500.   0.210937500000E+03  -0.314207801064E-06   0.000000000000E+00   0.489062500000E+03  -0.363663559221E-07   0.000000000000E+00
  501.   0.210156250000E+03  -0.626087941064E-06   0.000000000000E+00   0.489843750000E+03  -0.728489044503E-07   0.000000000000E+00
  502.   0.209375000000E+03  -0.311880139805E-06   0.000000000000E+00   0.490625000000E+03  -0.364825484841E-07   0.000000000000E+00
  503.   0.208593750000E+03  -0.621432661165E-06   0.000000000000E+00   0.491406250000E+03  -0.730812895145E-07   0.000000000000E+00
  504.   0.207812500000E+03  -0.309552521182E-06   0.000000000000E+00   0.492187500000E+03  -0.365987409865E-07   0.000000000000E+00
  505.   0.207031250000E+03  -0.616777457799E-06   0.000000000000E+00   0.492968750000E+03  -0.733136744590E-07   0.000000000000E+00
  506.   0.206250000000E+03  -0.307224936454E-06   0.000000000000E+00   0.493750000000E+03  -0.367149334286E-07   0.000000000000E+00
  507.   0.205468750000E+03  -0.612122315269E-06   0.000000000000E+00   0.494531250000E+03  -0.735460592823E-07   0.000000000000E+00
  508.   0.204687500000E+03  -0.304897378663E-06   0.000000000000E+00   0.495312500000E+03  -0.368311258098E-07   0.000000000000E+00
  509.   0.203906250000E+03  -0.607467221084E-06   0.000000000000E+00   0.496093750000E+03  -0.737784439831E-07   0.000000000000E+00
  510.   0.203125000000E+03  -0.302569842276E-06   0.000000000000E+00   0.496875000000E+03  -0.369473181295E-07   0.000000000000E+00
  511.   0.202343750000E+03  -0.602812165302E-06   0.000000000000E+00   0.497656250000E+03  -0.740108285601E-07   0.000000000000E+00
  512.   0.201562500000E+03  -0.300242322889E-06   0.000000000000E+00   0.498437500000E+03  -0.370635103869E-07   0.000000000000E+00
  513.   0.200781250000E+03  -0.598157140018E-06   0.000000000000E+00   0.499218750000E+03  -0.742432130117E-07   0.000000000000E+00
  514.   0.200000000000E+03  -0.297914816997E-06   0.000000000000E+00   0.500000000000E+03  -0.371797025812E-07   0.000000000000E+00
  515.   0.199218750000E+03  -0.593502138938E-06   0.000000000000E+00   0.500781250000E+03  -0.744755973363E-07   0.000000000000E+00
  516.   0.198437500000E+03  -0.295587321812E-06   0.000000000000E+00   0.501562500000E+03  -0.372958947116E-07   0.000000000000E+00
  517.   0.197656250000E+03  -0.588847157057E-06   0.000000000000E+00   0.502343750000E+03  -0.747079815324E-07   0.000000000000E+00
  518.   0.196875000000E+03  -0.293259835118E-06   0.000000000000E+00   0.503125000000E+03  -0.374120867773E-07   0.000000000000E+00
  519.   0.196093750000E+03  -0.584192190393E-06   0.000000000000E+00   0.503906250000E+03  -0.749403655980E-07   0.000000000000E+00
  520.   0.195312500000E+03  -0.290932355150E-06   0.000000000000E+00   0.504687500000E+03  -0.375282787774E-07   0.000000000000E+00
  521.   0.194531250000E+03  -0.579537235778E-06   0.000000000000E+00   0.505468750000E+03  -0.751727495313E-07   0.000000000000E+00
  522.   0.193750000000E+03  -0.288604880505E-06   0.000000000000E+00   0.506250000000E+03  -0.376444707108E-07   0.000000000000E+00
  523.   0.192968750000E+03  -0.574882290691E-06   0.000000000000E+00   0.507031250000E+03  -0.754051333302E-07   0.000000000000E+00
  524.   0.192187500000E+03  -0.286277410065E-06   0.000000000000E+00   0.507812500000E+03  -0.377606625765E-07   0.000000000000E+00
  525.   0.191406250000E+03  -0.570227353130E-06   0.000000000000E+00   0.508593750000E+03  -0.756375169925E-07   0.000000000000E+00
  526.   0.190625000000E+03  -0.283949942945E-06   0.000000000000E+00   0.509375000000E+03  -0.378768543734E-07   0.000000000000E+00
  527.   0.189843750000E+03  -0.565572421501E-06   0.000000000000E+00   0.510156250000E+03  -0.758699005157E-07   0.000000000000E+00
  528.   0.189062500000E+03  -0.281622478437E-06   0.000000000000E+00   0.510937500000E+03  -0.379930461003E-07   0.000000000000E+00
  529.   0.188281250000E+03  -0.560917494537E-06   0.000000000000E+00   0.511718750000E+03  -0.761022838976E-07   0.000000000000E+00
  530.   0.187500000000E+03  -0.279295015982E-06   0.000000000000E+00   0.512500000000E+03  -0.381092377561E-07   0.000000000000E+00
  531.   0.186718750000E+03  -0.556262571233E-06   0.000000000000E+00   0.513281250000E+03  -0.763346671355E-07   0.000000000000E+00
  532.   0.185937500000E+03  -0.276967555135E-06   0.000000000000E+00   0.514062500000E+03  -0.382254293394E-07   0.000000000000E+00
  533.   0.185156250000E+03  -0.551607650790E-06   0.000000000000E+00   0.514843750000E+03  -0.765670502270E-07   0.000000000000E+00
  534.   0.184375000000E+03  -0.274640095543E-06   0.000000000000E+00   0.515625000000E+03  -0.383416208492E-07   0.000000000000E+00
  535.   0.183593750000E+03  -0.546952732577E-06   0.000000000000E+00   0.516406250000E+03  -0.767994331698E-07   0.000000000000E+00
  536.   0.182812500000E+03  -0.272312636927E-06   0.000000000000E+00   0.517187500000E+03  -0.384578122845E-07   0.000000000000E+00
  537.   0.182031250000E+03  -0.542297816097E-06   0.000000000000E+00   0.517968750000E+03  -0.770318159621E-07   0.000000000000E+00
  538.   0.181250000000E+03  -0.269985179068E-06   0.000000000000E+00   0.518750000000E+03  -0.385740036446E-07   0.000000000000E+00
  539.   0.180468750000E+03  -0.537642900958E-06   0.000000000000E+00   0.519531250000E+03  -0.772641986025E-07   0.000000000000E+00
  540.   0.179687500000E+03  -0.267657721795E-06   0.000000000000E+00   0.520312500000E+03  -0.386901949291E-07   0.000000000000E+00
  541.   0.178906250000E+03  -0.532987986857E-06   0.000000000000E+00   0.521093750000E+03  -0.774965810910E-07   0.000000000000E+00
  542.   0.178125000000E+03  -0.265330264977E-06   0.000000000000E+00   0.521875000000E+03  -0.388063861384E-07   0.000000000000E+00
  543.   0.177343750000E+03  -0.528333073563E-06   0.000000000000E+00   0.522656250000E+03  -0.777289634285E-07   0.000000000000E+00
  544.   0.176562500000E+03  -0.263002808515E-06   0.000000000000E+00   0.523437500000E+03  -0.389225772734E-07   0.000000000000E+00
  545.   0.175781250000E+03  -0.523678160906E-06   0.000000000000E+00   0.524218750000E+03  -0.779613456180E-07   0.000000000000E+00
  546.   0.175000000000E+03  -0.260675352337E-06   0.000000000000E+00   0.525000000000E+03  -0.390387683362E-07   0.000000000000E+00
  547.   0.174218750000E+03  -0.519023248765E-06   0.000000000000E+00   0.525781250000E+03  -0.781937276645E-07   0.000000000000E+00
  548.   0.173437500000E+03  -0.258347896395E-06   0.000000000000E+00   0.526562500000E+03  -0.391549593296E-07   0.000000000000E+00
  549.   0.172656250000E+03  -0.514368337066E-06   0.000000000000E+00   0.527343750000E+03  -0.784261095753E-07   0.000000000000E+00
  550.   0.171875000000E+03  -0.256020440660E-06   0.000000000000E+00   0.528125000000E+03  -0.392711502577E-07   0.000000000000E+00
  551.   0.171093750000E+03  -0.509713425770E-06   0.000000000000E+00   0.528906250000E+03  -0.786584913600E-07   0.000000000000E+00
  552.   0.170312500000E+03  -0.253692985122E-06   0.000000000000E+00   0.529687500000E+03  -0.393873411252E-07   0.000000000000E+00
  553.   0.169531250000E+03  -0.505058514874E-06   0.000000000000E+00   0.530468750000E+03  -0.788908730293E-07   0.000000000000E+00
  554.   0.168750000000E+03  -0.251365529784E-06   0.000000000000E+00   0.531250000000E+03  -0.395035319368E-07   0.000000000000E+00
  555.   0.167968750000E+03  -0.500403604398E-06   0.000000000000E+00   0.532031250000E+03  -0.791232545934E-07   0.000000000000E+00
  556.   0.167187500000E+03  -0.249038074660E-06   0.000000000000E+00   0.532812500000E+03  -0.396197226954E-07   0.000000000000E+00
  557.   0.166406250000E+03  -0.495748694385E-06   0.000000000000E+00   0.533593750000E+03  -0.793556360575E-07   0.000000000000E+00
  558.   0.165625000000E+03  -0.246710619769E-06   0.000000000000E+00   0.534375000000E+03  -0.397359133993E-07   0.000000000000E+00
  559.   0.164843750000E+03  -0.491093784878E-06   0.000000000000E+00   0.535156250000E+03  -0.795880174151E-07   0.000000000000E+00
  560.   0.164062500000E+03  -0.244383165125E-06   0.000000000000E+00   0.535937500000E+03  -0.398521040378E-07   0.000000000000E+00
  561.   0.163281250000E+03  -0.486438875910E-06   0.000000000000E+00   0.536718750000E+03  -0.798203986365E-07   0.000000000000E+00
  562.   0.162500000000E+03  -0.242055710727E-06   0.000000000000E+00   0.537500000000E+03  -0.399682945832E-07   0.000000000000E+00
  563.   0.161718750000E+03  -0.481783967463E-06   0.000000000000E+00   0.538281250000E+03  -0.800527796501E-07   0.000000000000E+00
  564.   0.160937500000E+03  -0.239728256538E-06   0.000000000000E+00   0.539062500000E+03  -0.400844849795E-07   0.000000000000E+00
  565.   0.160156250000E+03  -0.477129059429E-06   0.000000000000E+00   0.539843750000E+03  -0.802851603145E-07   0.000000000000E+00
  566.   0.159375000000E+03  -0.237400802453E-06   0.000000000000E+00   0.540625000000E+03  -0.402006751248E-07   0.000000000000E+00
  567.   0.158593750000E+03  -0.472474151534E-06   0.000000000000E+00   0.541406250000E+03  -0.805175403767E-07   0.000000000000E+00
  568.   0.157812500000E+03  -0.235073348260E-06   0.000000000000E+00   0.542187500000E+03  -0.403168648459E-07   0.000000000000E+00
  569.   0.157031250000E+03  -0.467819243238E-06   0.000000000000E+00   0.542968750000E+03  -0.807499194101E-07   0.000000000000E+00
  570.   0.156250000000E+03  -0.232745893576E-06   0.000000000000E+00   0.543750000000E+03  -0.404330538612E-07   0.000000000000E+00
  571.   0.155468750000E+03  -0.463164333585E-06   0.000000000000E+00   0.544531250000E+03  -0.809822967268E-07   0.000000000000E+00
  572.   0.154687500000E+03  -0.230418437760E-06   0.000000000000E+00   0.545312500000E+03  -0.405492417288E-07   0.000000000000E+00
  573.   0.153906250000E+03  -0.458509420997E-06   0.000000000000E+00   0.546093750000E+03  -0.812146712515E-07   0.000000000000E+00
  574.   0.153125000000E+03  -0.228090979792E-06   0.000000000000E+00   0.546875000000E+03  -0.406654277727E-07   0.000000000000E+00
  575.   0.152343750000E+03  -0.453854502978E-06   0.000000000000E+00   0.547656250000E+03  -0.814470413452E-07   0.000000000000E+00
  576.   0.151562500000E+03  -0.225763518104E-06   0.000000000000E+00   0.548437500000E+03  -0.407816109811E-07   0.000000000000E+00
  577.   0.150781250000E+03  -0.449199575712E-06   0.000000000000E+00   0.549218750000E+03  -0.816794045606E-07   0.000000000000E+00
  578.   0.150000000000E+03  -0.223436050346E-06   0.000000000000E+00   0.550000000000E+03  -0.408977898656E-07   0.000000000000E+00
  579.   0.149218750000E+03  -0.444544633505E-06   0.000000000000E+00   0.550781250000E+03  -0.819117573022E-07   0.000000000000E+00
  580.   0.148437500000E+03  -0.221108573076E-06   0.000000000000E+00   0.551562500000E+03  -0.410139622680E-07   0.000000000000E+00
  581.   0.147656250000E+03  -0.439889668024E-06   0.000000000000E+00   0.552343750000E+03  -0.821440943591E-07   0.000000000000E+00
  582.   0.146875000000E+03  -0.218781081325E-06   0.000000000000E+00   0.553125000000E+03  -0.411301250950E-07   0.000000000000E+00
  583.   0.146093750000E+03  -0.435234667246E-06   0.000000000000E+00   0.553906250000E+03  -0.823764082595E-07   0.000000000000E+00
  584.   0.145312500000E+03  -0.216453568006E-06   0.000000000000E+00   0.554687500000E+03  -0.412462739536E-07   0.000000000000E+00
  585.   0.144531250000E+03  -0.430579614013E-06   0.000000000000E+00   0.555468750000E+03  -0.826086883778E-07   0.000000000000E+00
  586.   0.143750000000E+03  -0.214126023104E-06   0.000000000000E+00   0.556250000000E+03  -0.413624026464E-07   0.000000000000E+00
  587.   0.142968750000E+03  -0.425924484022E-06   0.000000000000E+00   0.557031250000E+03  -0.828409196888E-07   0.000000000000E+00
  588.   0.142187500000E+03  -0.211798432538E-06   0.000000000000E+00   0.557812500000E+03  -0.414785024650E-07   0.000000000000E+00
  589.   0.141406250000E+03  -0.421269242994E-06   0.000000000000E+00   0.558593750000E+03  -0.830730810113E-07   0.000000000000E+00
  590.   0.140625000000E+03  -0.209470776555E-06   0.000000000000E+00   0.559375000000E+03  -0.415945611904E-07   0.000000000000E+00
  591.   0.139843750000E+03  -0.416613842626E-06   0.000000000000E+00   0.560156250000E+03  -0.833051424958E-07   0.000000000000E+00
  592.   0.139062500000E+03  -0.207143027408E-06   0.000000000000E+00   0.560937500000E+03  -0.417105616499E-07   0.000000000000E+00
  593.   0.138281250000E+03  -0.411958214707E-06   0.000000000000E+00   0.561718750000E+03  -0.835370619715E-07   0.000000000000E+00
  594.   0.137500000000E+03  -0.204815145954E-06   0.000000000000E+00   0.562500000000E+03  -0.418264796018E-07   0.000000000000E+00
  595.   0.136718750000E+03  -0.407302262394E-06   0.000000000000E+00   0.563281250000E+03  -0.837687795417E-07   0.000000000000E+00
  596.   0.135937500000E+03  -0.202487076551E-06   0.000000000000E+00   0.564062500000E+03  -0.419422805701E-07   0.000000000000E+00
  597.   0.135156250000E+03  -0.402645847079E-06   0.000000000000E+00   0.564843750000E+03  -0.840002094456E-07   0.000000000000E+00
  598.   0.134375000000E+03  -0.200158739288E-06   0.000000000000E+00   0.565625000000E+03  -0.420579150311E-07   0.000000000000E+00
  599.   0.133593750000E+03  -0.397988768278E-06   0.000000000000E+00   0.566406250000E+03  -0.842312276092E-07   0.000000000000E+00
  600.   0.132812500000E+03  -0.197830017978E-06   0.000000000000E+00   0.567187500000E+03  -0.421733109762E-07   0.000000000000E+00
  601.   0.132031250000E+03  -0.393330732470E-06   0.000000000000E+00   0.567968750000E+03  -0.844616523385E-07   0.000000000000E+00
  602.   0.131250000000E+03  -0.195500741398E-06   0.000000000000E+00   0.568750000000E+03  -0.422883622793E-07   0.000000000000E+00
  603.   0.130468750000E+03  -0.388671304316E-06   0.000000000000E+00   0.569531250000E+03  -0.846912140442E-07   0.000000000000E+00
  604.   0.129687500000E+03  -0.193170653711E-06   0.000000000000E+00   0.570312500000E+03  -0.424029103276E-07   0.000000000000E+00
  605.   0.128906250000E+03  -0.384009829752E-06   0.000000000000E+00   0.571093750000E+03  -0.849195073741E-07   0.000000000000E+00
  606.   0.128125000000E+03  -0.190839367612E-06   0.000000000000E+00   0.571875000000E+03  -0.425167148179E-07   0.000000000000E+00
  607.   0.127343750000E+03  -0.379345314186E-06   0.000000000000E+00   0.572656250000E+03  -0.851459150861E-07   0.000000000000E+00
  608.   0.126562500000E+03  -0.188506289844E-06   0.000000000000E+00   0.573437500000E+03  -0.426294071275E-07   0.000000000000E+00
  609.   0.125781250000E+03  -0.374676229016E-06   0.000000000000E+00   0.574218750000E+03  -0.853694865073E-07   0.000000000000E+00
  610.   0.125000000000E+03  -0.186170502578E-06   0.000000000000E+00   0.575000000000E+03  -0.427404156485E-07   0.000000000000E+00
  611.   0.124218750000E+03  -0.370000203914E-06   0.000000000000E+00   0.575781250000E+03  -0.855887430731E-07   0.000000000000E+00
  612.   0.123437500000E+03  -0.183830574515E-06   0.000000000000E+00   0.576562500000E+03  -0.428488461342E-07   0.000000000000E+00
  613.   0.122656250000E+03  -0.365313536847E-06   0.000000000000E+00   0.577343750000E+03  -0.858013666278E-07   0.000000000000E+00
  614.   0.121875000000E+03  -0.181484259481E-06   0.000000000000E+00   0.578125000000E+03  -0.429532894799E-07   0.000000000000E+00
  615.   0.121093750000E+03  -0.360610414379E-06   0.000000000000E+00   0.578906250000E+03  -0.860036997962E-07   0.000000000000E+00
  616.   0.120312500000E+03  -0.179128017384E-06   0.000000000000E+00   0.579687500000E+03  -0.430515138685E-07   0.000000000000E+00
  617.   0.119531250000E+03  -0.355881666453E-06   0.000000000000E+00   0.580468750000E+03  -0.861899421706E-07   0.000000000000E+00
  618.   0.118750000000E+03  -0.176756242814E-06   0.000000000000E+00   0.581250000000E+03  -0.431399656297E-07   0.000000000000E+00
  619.   0.117968750000E+03  -0.351112785224E-06   0.000000000000E+00   0.582031250000E+03  -0.863508609893E-07   0.000000000000E+00
  620.   0.117187500000E+03  -0.174360053468E-06   0.000000000000E+00   0.582812500000E+03  -0.432129778037E-07   0.000000000000E+00
  621.   0.116406250000E+03  -0.346280714518E-06   0.000000000000E+00   0.583593750000E+03  -0.864716876873E-07   0.000000000000E+00
  622.   0.115625000000E+03  -0.171925227655E-06   0.000000000000E+00   0.584375000000E+03  -0.432614190674E-07   0.000000000000E+00
  623.   0.114843750000E+03  -0.341348764649E-06   0.000000000000E+00   0.585156250000E+03  -0.865287543948E-07   0.000000000000E+00
  624.   0.114062500000E+03  -0.169429239895E-06   0.000000000000E+00   0.585937500000E+03  -0.432707152544E-07   0.000000000000E+00
  625.   0.113281250000E+03  -0.336257859287E-06   0.000000000000E+00   0.586718750000E+03  -0.864836918571E-07   0.000000000000E+00
  626.   0.112500000000E+03  -0.166834607087E-06   0.000000000000E+00   0.587500000000E+03  -0.432164888971E-07   0.000000000000E+00
  627.   0.111718750000E+03  -0.330913260794E-06   0.000000000000E+00   0.588281250000E+03  -0.862744888628E-07   0.000000000000E+00
  628.   0.110937500000E+03  -0.164083854735E-06   0.000000000000E+00   0.589062500000E+03  -0.430609470548E-07   0.000000000000E+00
  629.   0.110156250000E+03  -0.325156399600E-06   0.000000000000E+00   0.589843750000E+03  -0.857967831812E-07   0.000000000000E+00
  630.   0.109375000000E+03  -0.161064691310E-06   0.000000000000E+00   0.590625000000E+03  -0.427304415377E-07   0.000000000000E+00
  631.   0.108593750000E+03  -0.318730053581E-06   0.000000000000E+00   0.591406250000E+03  -0.848797440734E-07   0.000000000000E+00
  632.   0.107812500000E+03  -0.157637056973E-06   0.000000000000E+00   0.592187500000E+03  -0.421306583147E-07   0.000000000000E+00
  633.   0.107031250000E+03  -0.311151933788E-06   0.000000000000E+00   0.592968750000E+03  -0.832029327448E-07   0.000000000000E+00
  634.   0.106250000000E+03  -0.153338615872E-06   0.000000000000E+00   0.593750000000E+03  -0.409584236963E-07   0.000000000000E+00
  635.   0.105468750000E+03  -0.301597082627E-06   0.000000000000E+00   0.594531250000E+03  -0.802121739175E-07   0.000000000000E+00
  636.   0.104687500000E+03  -0.147883496009E-06   0.000000000000E+00   0.595312500000E+03  -0.390098288623E-07   0.000000000000E+00
  637.   0.103906250000E+03  -0.288089157427E-06   0.000000000000E+00   0.596093750000E+03  -0.745895721227E-07   0.000000000000E+00
  638.   0.103125000000E+03  -0.138674698892E-06   0.000000000000E+00   0.596875000000E+03  -0.345794189999E-07   0.000000000000E+00
  639.   0.102343750000E+03  -0.265494864862E-06   0.000000000000E+00   0.597656250000E+03  -0.628940109423E-07   0.000000000000E+00
  640.   0.101562500000E+03  -0.121758104157E-06   0.000000000000E+00   0.598437500000E+03  -0.249916842011E-07   0.000000000000E+00
  641.   0.100781250000E+03  -0.219755180005E-06   0.000000000000E+00   0.599218750000E+03  -0.356060211955E-07   0.000000000000E+00
