i  r_top  QtopRe  QtopIm  r_bot  QbotRe  QbotIm   [mm, mC]
    1.   0.600000000000E+03  -0.472904124311E-07   0.000000000000E+00   0.100000000000E+03   0.109236878018E-06   0.000000000000E+00
    2.   0.100000000000E+03  -0.109286192025E-06   0.000000000000E+00   0.600000000000E+03   0.472905817597E-07   0.000000000000E+00
    3.   0.596875000000E+03  -0.188176865397E-06   0.000000000000E+00   0.103125000000E+03   0.118211895967E-05   0.000000000000E+00
    4.   0.593750000000E+03  -0.935960401790E-07   0.000000000000E+00   0.106250000000E+03   0.672828662611E-06   0.000000000000E+00
    5.   0.590625000000E+03  -0.186207287964E-06   0.000000000000E+00   0.109375000000E+03   0.138042368916E-05   0.000000000000E+00
    6.   0.587500000000E+03  -0.926112482032E-07   0.000000000000E+00   0.112500000000E+03   0.719060402955E-06   0.000000000000E+00
    7.   0.584375000000E+03  -0.184237695806E-06   0.000000000000E+00   0.115625000000E+03   0.148099772507E-05   0.000000000000E+00
    8.   0.581250000000E+03  -0.916264481114E-07   0.000000000000E+00   0.118750000000E+03   0.759774147173E-06   0.000000000000E+00
    9.   0.578125000000E+03  -0.182268088197E-06   0.000000000000E+00   0.121875000000E+03   0.156367553070E-05   0.000000000000E+00
   10.   0.575000000000E+03  -0.906416404626E-07   0.000000000000E+00   0.125000000000E+03   0.800667164988E-06   0.000000000000E+00
   11.   0.571875000000E+03  -0.180298465174E-06   0.000000000000E+00   0.128125000000E+03   0.164405244015E-05   0.000000000000E+00
   12.   0.568750000000E+03  -0.896568250882E-07   0.000000000000E+00   0.131250000000E+03   0.841143826069E-06   0.000000000000E+00
   13.   0.565625000000E+03  -0.178328826756E-06   0.000000000000E+00   0.134375000000E+03   0.172402473851E-05   0.000000000000E+00
   14.   0.562500000000E+03  -0.886720020478E-07   0.000000000000E+00   0.137500000000E+03   0.881485245210E-06   0.000000000000E+00
   15.   0.559375000000E+03  -0.176359172972E-06   0.000000000000E+00   0.140625000000E+03   0.180403551785E-05   0.000000000000E+00
   16.   0.556250000000E+03  -0.876871713431E-07   0.000000000000E+00   0.143750000000E+03   0.921716309765E-06   0.000000000000E+00
   17.   0.553125000000E+03  -0.174389503843E-06   0.000000000000E+00   0.146875000000E+03   0.188409596579E-05   0.000000000000E+00
   18.   0.550000000000E+03  -0.867023329969E-07   0.000000000000E+00   0.150000000000E+03   0.961886597980E-06   0.000000000000E+00
   19.   0.546875000000E+03  -0.172419819395E-06   0.000000000000E+00   0.153125000000E+03   0.196419852609E-05   0.000000000000E+00
   20.   0.543750000000E+03  -0.857174870314E-07   0.000000000000E+00   0.156250000000E+03   0.100202086369E-05   0.000000000000E+00
   21.   0.540625000000E+03  -0.170450119641E-06   0.000000000000E+00   0.159375000000E+03   0.204432708242E-05   0.000000000000E+00
   22.   0.537500000000E+03  -0.847326334755E-07   0.000000000000E+00   0.162500000000E+03   0.104213425378E-05   0.000000000000E+00
   23.   0.534375000000E+03  -0.168480404588E-06   0.000000000000E+00   0.165625000000E+03   0.212447153592E-05   0.000000000000E+00
   24.   0.531250000000E+03  -0.837477723679E-07   0.000000000000E+00   0.168750000000E+03   0.108223545566E-05   0.000000000000E+00
   25.   0.528125000000E+03  -0.166510674228E-06   0.000000000000E+00   0.171875000000E+03   0.220462533843E-05   0.000000000000E+00
   26.   0.525000000000E+03  -0.827629037641E-07   0.000000000000E+00   0.175000000000E+03   0.112232947299E-05   0.000000000000E+00
   27.   0.521875000000E+03  -0.164540928529E-06   0.000000000000E+00   0.178125000000E+03   0.228478462682E-05   0.000000000000E+00
   28.   0.518750000000E+03  -0.817780277477E-07   0.000000000000E+00   0.181250000000E+03   0.116241924087E-05   0.000000000000E+00
   29.   0.515625000000E+03  -0.162571167417E-06   0.000000000000E+00   0.184375000000E+03   0.236494709102E-05   0.000000000000E+00
   30.   0.512500000000E+03  -0.807931444492E-07   0.000000000000E+00   0.187500000000E+03   0.120250645915E-05   0.000000000000E+00
   31.   0.509375000000E+03  -0.160601390757E-06   0.000000000000E+00   0.190625000000E+03   0.244511131269E-05   0.000000000000E+00
   32.   0.506250000000E+03  -0.798082540781E-07   0.000000000000E+00   0.193750000000E+03   0.124259208704E-05   0.000000000000E+00
   33.   0.503125000000E+03  -0.158631598308E-06   0.000000000000E+00   0.196875000000E+03   0.252527629511E-05   0.000000000000E+00
   34.   0.500000000000E+03  -0.788233569773E-07   0.000000000000E+00   0.200000000000E+03   0.128267657712E-05   0.000000000000E+00
   35.   0.496875000000E+03  -0.156661789650E-06   0.000000000000E+00   0.203125000000E+03   0.260544104752E-05   0.000000000000E+00
   36.   0.493750000000E+03  -0.778384537119E-07   0.000000000000E+00   0.206250000000E+03   0.132275991498E-05   0.000000000000E+00
   37.   0.490625000000E+03  -0.154691964076E-06   0.000000000000E+00   0.209375000000E+03   0.268560398169E-05   0.000000000000E+00
   38.   0.487500000000E+03  -0.768535452177E-07   0.000000000000E+00   0.212500000000E+03   0.136284138816E-05   0.000000000000E+00
   39.   0.484375000000E+03  -0.152722120388E-06   0.000000000000E+00   0.215625000000E+03   0.276576166176E-05   0.000000000000E+00
   40.   0.481250000000E+03  -0.758686330528E-07   0.000000000000E+00   0.218750000000E+03   0.140291882079E-05   0.000000000000E+00
   41.   0.478125000000E+03  -0.150752256576E-06   0.000000000000E+00   0.221875000000E+03   0.284590583823E-05   0.000000000000E+00
   42.   0.475000000000E+03  -0.748837198130E-07   0.000000000000E+00   0.225000000000E+03   0.144298655562E-05   0.000000000000E+00
   43.   0.471875000000E+03  -0.148782369267E-06   0.000000000000E+00   0.228125000000E+03   0.292601615081E-05   0.000000000000E+00
   44.   0.468750000000E+03  -0.738988098305E-07   0.000000000000E+00   0.231250000000E+03   0.148303036551E-05   0.000000000000E+00
   45.   0.465625000000E+03  -0.146812452795E-06   0.000000000000E+00   0.234375000000E+03   0.300604202493E-05   0.000000000000E+00
   46.   0.462500000000E+03  -0.729139103384E-07   0.000000000000E+00   0.237500000000E+03   0.152301475760E-05   0.000000000000E+00
   47.   0.459375000000E+03  -0.144842497634E-06   0.000000000000E+00   0.240625000000E+03   0.308585769197E-05   0.000000000000E+00
   48.   0.456250000000E+03  -0.719290334181E-07   0.000000000000E+00   0.243750000000E+03   0.156285137980E-05   0.000000000000E+00
   49.   0.453125000000E+03  -0.142872487736E-06   0.000000000000E+00   0.246875000000E+03   0.316515053623E-05   0.000000000000E+00
   50.   0.450000000000E+03  -0.709441992477E-07   0.000000000000E+00   0.250000000000E+03   0.160232057161E-05   0.000000000000E+00
   51.   0.446875000000E+03  -0.140902395967E-06   0.000000000000E+00   0.253125000000E+03   0.324314457708E-05   0.000000000000E+00
   52.   0.443750000000E+03  -0.699594415093E-07   0.000000000000E+00   0.256250000000E+03   0.164087693817E-05   0.000000000000E+00
   53.   0.440625000000E+03  -0.138932176252E-06   0.000000000000E+00   0.259375000000E+03   0.331791982531E-05   0.000000000000E+00
   54.   0.437500000000E+03  -0.689748163630E-07   0.000000000000E+00   0.262500000000E+03   0.167717054845E-05   0.000000000000E+00
   55.   0.434375000000E+03  -0.136961749863E-06   0.000000000000E+00   0.265625000000E+03   0.338475875131E-05   0.000000000000E+00
   56.   0.431250000000E+03  -0.679904172516E-07   0.000000000000E+00   0.268750000000E+03   0.170788144441E-05   0.000000000000E+00
   57.   0.428125000000E+03  -0.134990981165E-06   0.000000000000E+00   0.271875000000E+03   0.343225969657E-05   0.000000000000E+00
   58.   0.425000000000E+03  -0.670063991202E-07   0.000000000000E+00   0.275000000000E+03   0.172497656559E-05   0.000000000000E+00
   59.   0.421875000000E+03  -0.133019633887E-06   0.000000000000E+00   0.278125000000E+03   0.343389082435E-05   0.000000000000E+00
   60.   0.418750000000E+03  -0.660230174388E-07   0.000000000000E+00   0.281250000000E+03   0.170978129588E-05   0.000000000000E+00
   61.   0.415625000000E+03  -0.131047290484E-06   0.000000000000E+00   0.284375000000E+03   0.333327150939E-05   0.000000000000E+00
   62.   0.412500000000E+03  -0.650406897481E-07   0.000000000000E+00   0.287500000000E+03   0.162341560136E-05   0.000000000000E+00
   63.   0.409375000000E+03  -0.129073199180E-06   0.000000000000E+00   0.290625000000E+03   0.303498635375E-05   0.000000000000E+00
   64.   0.406250000000E+03  -0.640600886106E-07   0.000000000000E+00   0.293750000000E+03   0.140797766745E-05   0.000000000000E+00
   65.   0.403125000000E+03  -0.127095975214E-06   0.000000000000E+00   0.296875000000E+03   0.245823985586E-05   0.000000000000E+00
   66.   0.400000000000E+03  -0.630822728368E-07   0.000000000000E+00   0.300000000000E+03   0.104591331186E-05   0.000000000000E+00
   67.   0.396875000000E+03  -0.125112996628E-06   0.000000000000E+00   0.303125000000E+03   0.168581412005E-05   0.000000000000E+00
   68.   0.393750000000E+03  -0.621088434766E-07   0.000000000000E+00   0.306250000000E+03   0.641996329339E-06   0.000000000000E+00
   69.   0.390625000000E+03  -0.123119145569E-06   0.000000000000E+00   0.309375000000E+03   0.978741243174E-06   0.000000000000E+00
   70.   0.387500000000E+03  -0.611420487121E-07   0.000000000000E+00   0.312500000000E+03   0.341627104884E-06   0.000000000000E+00
   71.   0.384375000000E+03  -0.121104094607E-06   0.000000000000E+00   0.315625000000E+03   0.519577083328E-06   0.000000000000E+00
   72.   0.381250000000E+03  -0.601845808678E-07   0.000000000000E+00   0.318750000000E+03   0.179241795195E-06   0.000000000000E+00
   73.   0.378125000000E+03  -0.119046321702E-06   0.000000000000E+00   0.321875000000E+03   0.285715302344E-06   0.000000000000E+00
   74.   0.375000000000E+03  -0.592381802292E-07   0.000000000000E+00   0.325000000000E+03   0.105692816435E-06   0.000000000000E+00
   75.   0.371875000000E+03  -0.116899570292E-06   0.000000000000E+00   0.328125000000E+03   0.181270657732E-06   0.000000000000E+00
   76.   0.368750000000E+03  -0.582993753835E-07   0.000000000000E+00   0.331250000000E+03   0.748362955549E-07   0.000000000000E+00
   77.   0.365625000000E+03  -0.114561633274E-06   0.000000000000E+00   0.334375000000E+03   0.137769433676E-06   0.000000000000E+00
   78.   0.362500000000E+03  -0.573439693968E-07   0.000000000000E+00   0.337500000000E+03   0.625390979472E-07   0.000000000000E+00
   79.   0.359375000000E+03  -0.111802268791E-06   0.000000000000E+00   0.340625000000E+03   0.120751371494E-06   0.000000000000E+00
   80.   0.356250000000E+03  -0.562971035351E-07   0.000000000000E+00   0.343750000000E+03   0.580342357747E-07   0.000000000000E+00
   81.   0.353125000000E+03  -0.108089304972E-06   0.000000000000E+00   0.346875000000E+03   0.114869634428E-06   0.000000000000E+00
   82.   0.350000000000E+03  -0.548963542641E-07   0.000000000000E+00   0.350000000000E+03   0.567594637093E-07   0.000000000000E+00
   83.   0.346875000000E+03  -0.102197987180E-06   0.000000000000E+00   0.353125000000E+03   0.113606662583E-06   0.000000000000E+00
   84.   0.343750000000E+03  -0.525757738846E-07   0.000000000000E+00   0.356250000000E+03   0.568157066706E-07   0.000000000000E+00
   85.   0.340625000000E+03  -0.911773090456E-07   0.000000000000E+00   0.359375000000E+03   0.114248019470E-06   0.000000000000E+00
   86.   0.337500000000E+03  -0.471134910268E-07   0.000000000000E+00   0.362500000000E+03   0.574193705855E-07   0.000000000000E+00
   87.   0.334375000000E+03  -0.683350632038E-07   0.000000000000E+00   0.365625000000E+03   0.115672522387E-06   0.000000000000E+00
   88.   0.331250000000E+03  -0.353422333657E-07   0.000000000000E+00   0.368750000000E+03   0.582478663170E-07   0.000000000000E+00
   89.   0.328125000000E+03  -0.163226103952E-07   0.000000000000E+00   0.371875000000E+03   0.117418701889E-06   0.000000000000E+00
   90.   0.325000000000E+03   0.372762203197E-08   0.000000000000E+00   0.375000000000E+03   0.591686722587E-07   0.000000000000E+00
   91.   0.321875000000E+03   0.100998372846E-06   0.000000000000E+00   0.378125000000E+03   0.119296929149E-06   0.000000000000E+00
   92.   0.318750000000E+03   0.843310891755E-07   0.000000000000E+00   0.381250000000E+03   0.601273575132E-07   0.000000000000E+00
   93.   0.315625000000E+03   0.394098744783E-06   0.000000000000E+00   0.384375000000E+03   0.121229337135E-06   0.000000000000E+00
   94.   0.312500000000E+03   0.491076020571E-06   0.000000000000E+00   0.387500000000E+03   0.611015835291E-07   0.000000000000E+00
   95.   0.309375000000E+03   0.996340407828E-06   0.000000000000E+00   0.390625000000E+03   0.123183964720E-06   0.000000000000E+00
   96.   0.306250000000E+03   0.357193228165E-05   0.000000000000E+00   0.393750000000E+03   0.620821823879E-07   0.000000000000E+00
   97.   0.303125000000E+03   0.955582817482E-05   0.000000000000E+00   0.396875000000E+03   0.125147696594E-06   0.000000000000E+00
   98.   0.300000000000E+03  -0.939807535449E-05   0.000000000000E+00   0.400000000000E+03   0.630653926106E-07   0.000000000000E+00
   99.   0.296875000000E+03  -0.966113428305E-05   0.000000000000E+00   0.403125000000E+03   0.127115152314E-06   0.000000000000E+00
  100.   0.293750000000E+03  -0.218784391675E-05   0.000000000000E+00   0.406250000000E+03   0.640496705754E-07   0.000000000000E+00
  101.   0.290625000000E+03  -0.504589067358E-05   0.000000000000E+00   0.409375000000E+03   0.129084125320E-06   0.000000000000E+00
  102.   0.287500000000E+03  -0.204997479559E-05   0.000000000000E+00   0.412500000000E+03   0.650343826385E-07   0.000000000000E+00
  103.   0.284375000000E+03  -0.405271258923E-05   0.000000000000E+00   0.415625000000E+03   0.131053711090E-06   0.000000000000E+00
  104.   0.281250000000E+03  -0.190764865786E-05   0.000000000000E+00   0.418750000000E+03   0.660192685056E-07   0.000000000000E+00
  105.   0.278125000000E+03  -0.370889588536E-05   0.000000000000E+00   0.421875000000E+03   0.133023539062E-06   0.000000000000E+00
  106.   0.275000000000E+03  -0.180817918418E-05   0.000000000000E+00   0.425000000000E+03   0.670042211522E-07   0.000000000000E+00
  107.   0.271875000000E+03  -0.353990427576E-05   0.000000000000E+00   0.428125000000E+03   0.134993457527E-06   0.000000000000E+00
  108.   0.268750000000E+03  -0.174352461385E-05   0.000000000000E+00   0.431250000000E+03   0.679891965332E-07   0.000000000000E+00
  109.   0.265625000000E+03  -0.342668626942E-05   0.000000000000E+00   0.434375000000E+03   0.136963404411E-06   0.000000000000E+00
  110.   0.262500000000E+03  -0.169230000149E-05   0.000000000000E+00   0.437500000000E+03   0.689741765220E-07   0.000000000000E+00
  111.   0.259375000000E+03  -0.333414974856E-05   0.000000000000E+00   0.440625000000E+03   0.138933354317E-06   0.000000000000E+00
  112.   0.256250000000E+03  -0.164745126957E-05   0.000000000000E+00   0.443750000000E+03   0.699591536788E-07   0.000000000000E+00
  113.   0.253125000000E+03  -0.324930942054E-05   0.000000000000E+00   0.446875000000E+03   0.140903296830E-06   0.000000000000E+00
  114.   0.250000000000E+03  -0.160522115163E-05   0.000000000000E+00   0.450000000000E+03   0.709441249785E-07   0.000000000000E+00
  115.   0.246875000000E+03  -0.316742948825E-05   0.000000000000E+00   0.453125000000E+03   0.142873227657E-06   0.000000000000E+00
  116.   0.243750000000E+03  -0.156416830482E-05   0.000000000000E+00   0.456250000000E+03   0.719290892207E-07   0.000000000000E+00
  117.   0.240625000000E+03  -0.308665854296E-05   0.000000000000E+00   0.459375000000E+03   0.144843144999E-06   0.000000000000E+00
  118.   0.237500000000E+03  -0.152362981436E-05   0.000000000000E+00   0.462500000000E+03   0.729140459553E-07   0.000000000000E+00
  119.   0.234375000000E+03  -0.300629787315E-05   0.000000000000E+00   0.465625000000E+03   0.146813048082E-06   0.000000000000E+00
  120.   0.231250000000E+03  -0.148332734948E-05   0.000000000000E+00   0.468750000000E+03   0.738989950366E-07   0.000000000000E+00
  121.   0.228125000000E+03  -0.292608073859E-05   0.000000000000E+00   0.471875000000E+03   0.148782936550E-06   0.000000000000E+00
  122.   0.225000000000E+03  -0.144313468959E-05   0.000000000000E+00   0.475000000000E+03   0.748839364372E-07   0.000000000000E+00
  123.   0.221875000000E+03  -0.284590966908E-05   0.000000000000E+00   0.478125000000E+03   0.150752810227E-06   0.000000000000E+00
  124.   0.218750000000E+03  -0.140299507290E-05   0.000000000000E+00   0.481250000000E+03   0.758688701713E-07   0.000000000000E+00
  125.   0.215625000000E+03  -0.276575035862E-05   0.000000000000E+00   0.484375000000E+03   0.152722669014E-06   0.000000000000E+00
  126.   0.212500000000E+03  -0.136288174745E-05   0.000000000000E+00   0.487500000000E+03   0.768537962628E-07   0.000000000000E+00
  127.   0.209375000000E+03  -0.268559197882E-05   0.000000000000E+00   0.490625000000E+03   0.154692512847E-06   0.000000000000E+00
  128.   0.206250000000E+03  -0.132278178946E-05   0.000000000000E+00   0.493750000000E+03   0.778387147346E-07   0.000000000000E+00
  129.   0.203125000000E+03  -0.260543188310E-05   0.000000000000E+00   0.496875000000E+03   0.156662341679E-06   0.000000000000E+00
  130.   0.200000000000E+03  -0.128268866241E-05   0.000000000000E+00   0.500000000000E+03   0.788236256039E-07   0.000000000000E+00
  131.   0.196875000000E+03  -0.252527008357E-05   0.000000000000E+00   0.503125000000E+03   0.158632155477E-06   0.000000000000E+00
  132.   0.193750000000E+03  -0.124259886527E-05   0.000000000000E+00   0.506250000000E+03   0.798085288816E-07   0.000000000000E+00
  133.   0.190625000000E+03  -0.244510734121E-05   0.000000000000E+00   0.509375000000E+03   0.160601954208E-06   0.000000000000E+00
  134.   0.187500000000E+03  -0.120251030526E-05   0.000000000000E+00   0.512500000000E+03   0.807934245736E-07   0.000000000000E+00
  135.   0.184375000000E+03  -0.236494463250E-05   0.000000000000E+00   0.515625000000E+03   0.162571737846E-06   0.000000000000E+00
  136.   0.181250000000E+03  -0.116242144335E-05   0.000000000000E+00   0.518750000000E+03   0.817783126807E-07   0.000000000000E+00
  137.   0.178125000000E+03  -0.228478313238E-05   0.000000000000E+00   0.521875000000E+03   0.164541506365E-06   0.000000000000E+00
  138.   0.175000000000E+03  -0.112233074462E-05   0.000000000000E+00   0.525000000000E+03   0.827631932002E-07   0.000000000000E+00
  139.   0.171875000000E+03  -0.220462443729E-05   0.000000000000E+00   0.528125000000E+03   0.166511259738E-06   0.000000000000E+00
  140.   0.168750000000E+03  -0.108223619725E-05   0.000000000000E+00   0.531250000000E+03   0.837480661263E-07   0.000000000000E+00
  141.   0.165625000000E+03  -0.212447098998E-05   0.000000000000E+00   0.534375000000E+03   0.168480997942E-06   0.000000000000E+00
  142.   0.162500000000E+03  -0.104213469424E-05   0.000000000000E+00   0.537500000000E+03   0.847329314511E-07   0.000000000000E+00
  143.   0.159375000000E+03  -0.204432674110E-05   0.000000000000E+00   0.540625000000E+03   0.170450720950E-06   0.000000000000E+00
  144.   0.156250000000E+03  -0.100202113634E-05   0.000000000000E+00   0.543750000000E+03   0.857177891644E-07   0.000000000000E+00
  145.   0.153125000000E+03  -0.196419829108E-05   0.000000000000E+00   0.546875000000E+03   0.172420428735E-06   0.000000000000E+00
  146.   0.150000000000E+03  -0.961886782994E-06   0.000000000000E+00   0.550000000000E+03   0.867026392541E-07   0.000000000000E+00
  147.   0.146875000000E+03  -0.188409576377E-05   0.000000000000E+00   0.553125000000E+03   0.174390121268E-06   0.000000000000E+00
  148.   0.143750000000E+03  -0.921716457566E-06   0.000000000000E+00   0.556250000000E+03   0.876874817073E-07   0.000000000000E+00
  149.   0.140625000000E+03  -0.180403527604E-05   0.000000000000E+00   0.559375000000E+03   0.176359798521E-06   0.000000000000E+00
  150.   0.137500000000E+03  -0.881485389074E-06   0.000000000000E+00   0.562500000000E+03   0.886723165077E-07   0.000000000000E+00
  151.   0.134375000000E+03  -0.172402435045E-05   0.000000000000E+00   0.565625000000E+03   0.178329460461E-06   0.000000000000E+00
  152.   0.131250000000E+03  -0.841143979250E-06   0.000000000000E+00   0.568750000000E+03   0.896571436419E-07   0.000000000000E+00
  153.   0.128125000000E+03  -0.164405171575E-05   0.000000000000E+00   0.571875000000E+03   0.180299107053E-06   0.000000000000E+00
  154.   0.125000000000E+03  -0.800667308243E-06   0.000000000000E+00   0.575000000000E+03   0.906419630760E-07   0.000000000000E+00
  155.   0.121875000000E+03  -0.156367407333E-05   0.000000000000E+00   0.578125000000E+03   0.182268738261E-06   0.000000000000E+00
  156.   0.118750000000E+03  -0.759774111646E-06   0.000000000000E+00   0.581250000000E+03   0.916267748337E-07   0.000000000000E+00
  157.   0.115625000000E+03  -0.148099486648E-05   0.000000000000E+00   0.584375000000E+03   0.184238354036E-06   0.000000000000E+00
  158.   0.112500000000E+03  -0.719059616237E-06   0.000000000000E+00   0.587500000000E+03   0.926115787113E-07   0.000000000000E+00
  159.   0.109375000000E+03  -0.138041881983E-05   0.000000000000E+00   0.590625000000E+03   0.186207954343E-06   0.000000000000E+00
  160.   0.106250000000E+03  -0.672824647706E-06   0.000000000000E+00   0.593750000000E+03   0.935963752266E-07   0.000000000000E+00
  161.   0.103125000000E+03  -0.118211987639E-05   0.000000000000E+00   0.596875000000E+03   0.188177538389E-06   0.000000000000E+00
