i  r_top  QtopRe  QtopIm  r_bot  QbotRe  QbotIm   [mm, mC]
    1.   0.600000000000E+03  -0.530806556827E-11   0.000000000000E+00   0.100000000000E+03  -0.237122138722E-07   0.000000000000E+00
    2.   0.100000000000E+03  -0.237122138722E-07   0.000000000000E+00   0.600000000000E+03  -0.530806626442E-11   0.000000000000E+00
    3.   0.599218750000E+03  -0.209997173544E-10   0.000000000000E+00   0.100781250000E+03  -0.121127430608E-07   0.000000000000E+00
    4.   0.598437500000E+03  -0.102740309488E-10   0.000000000000E+00   0.101562500000E+03  -0.279585933177E-08   0.000000000000E+00
    5.   0.597656250000E+03  -0.196319981892E-10   0.000000000000E+00   0.102343750000E+03  -0.253975799030E-08   0.000000000000E+00
    6.   0.596875000000E+03  -0.937470258948E-11   0.000000000000E+00   0.103125000000E+03  -0.896519534031E-10   0.000000000000E+00
    7.   0.596093750000E+03  -0.188161479920E-10   0.000000000000E+00   0.103906250000E+03   0.919462441175E-09   0.000000000000E+00
    8.   0.595312500000E+03  -0.933712553097E-11   0.000000000000E+00   0.104687500000E+03   0.125561846010E-08   0.000000000000E+00
    9.   0.594531250000E+03  -0.192485778542E-10   0.000000000000E+00   0.105468750000E+03   0.287826784763E-08   0.000000000000E+00
   10.   0.593750000000E+03  -0.980611539603E-11   0.000000000000E+00   0.106250000000E+03   0.165940280401E-08   0.000000000000E+00
   11.   0.592968750000E+03  -0.204209744870E-10   0.000000000000E+00   0.107031250000E+03   0.346283368555E-08   0.000000000000E+00
   12.   0.592187500000E+03  -0.105128983773E-10   0.000000000000E+00   0.107812500000E+03   0.181503659977E-08   0.000000000000E+00
   13.   0.591406250000E+03  -0.218382109270E-10   0.000000000000E+00   0.108593750000E+03   0.351680017610E-08   0.000000000000E+00
   14.   0.590625000000E+03  -0.112310734282E-10   0.000000000000E+00   0.109375000000E+03   0.171103602819E-08   0.000000000000E+00
   15.   0.589843750000E+03  -0.231540915761E-10   0.000000000000E+00   0.110156250000E+03   0.321219911631E-08   0.000000000000E+00
   16.   0.589062500000E+03  -0.118350340847E-10   0.000000000000E+00   0.110937500000E+03   0.150546593355E-08   0.000000000000E+00
   17.   0.588281250000E+03  -0.241885633993E-10   0.000000000000E+00   0.111718750000E+03   0.274814956506E-08   0.000000000000E+00
   18.   0.587500000000E+03  -0.122708287994E-10   0.000000000000E+00   0.112500000000E+03   0.124659934594E-08   0.000000000000E+00
   19.   0.586718750000E+03  -0.248854222812E-10   0.000000000000E+00   0.113281250000E+03   0.223027431873E-08   0.000000000000E+00
   20.   0.585937500000E+03  -0.125358111160E-10   0.000000000000E+00   0.114062500000E+03   0.986316356062E-09   0.000000000000E+00
   21.   0.585156250000E+03  -0.252669577227E-10   0.000000000000E+00   0.114843750000E+03   0.173569180461E-08   0.000000000000E+00
   22.   0.584375000000E+03  -0.126551274972E-10   0.000000000000E+00   0.115625000000E+03   0.751319449843E-09   0.000000000000E+00
   23.   0.583593750000E+03  -0.253938879164E-10   0.000000000000E+00   0.116406250000E+03   0.130671555658E-08   0.000000000000E+00
   24.   0.582812500000E+03  -0.126645524148E-10   0.000000000000E+00   0.117187500000E+03   0.556566230012E-09   0.000000000000E+00
   25.   0.582031250000E+03  -0.253367020121E-10   0.000000000000E+00   0.117968750000E+03   0.961245115801E-09   0.000000000000E+00
   26.   0.581250000000E+03  -0.125990939740E-10   0.000000000000E+00   0.118750000000E+03   0.405248885802E-09   0.000000000000E+00
   27.   0.580468750000E+03  -0.251585835832E-10   0.000000000000E+00   0.119531250000E+03   0.698703652258E-09   0.000000000000E+00
   28.   0.579687500000E+03  -0.124871982369E-10   0.000000000000E+00   0.120312500000E+03   0.293579333633E-09   0.000000000000E+00
   29.   0.578906250000E+03  -0.249080142548E-10   0.000000000000E+00   0.121093750000E+03   0.507839718884E-09   0.000000000000E+00
   30.   0.578125000000E+03  -0.123491099486E-10   0.000000000000E+00   0.121875000000E+03   0.214126197273E-09   0.000000000000E+00
   31.   0.577343750000E+03  -0.246179088746E-10   0.000000000000E+00   0.122656250000E+03   0.373105786823E-09   0.000000000000E+00
   32.   0.576562500000E+03  -0.121976420489E-10   0.000000000000E+00   0.123437500000E+03   0.158734019069E-09   0.000000000000E+00
   33.   0.575781250000E+03  -0.243082111764E-10   0.000000000000E+00   0.124218750000E+03   0.279182575633E-09   0.000000000000E+00
   34.   0.575000000000E+03  -0.120399964914E-10   0.000000000000E+00   0.125000000000E+03   0.120189643351E-09   0.000000000000E+00
   35.   0.574218750000E+03  -0.239896246743E-10   0.000000000000E+00   0.125781250000E+03   0.213336480720E-09   0.000000000000E+00
   36.   0.573437500000E+03  -0.118796978740E-10   0.000000000000E+00   0.126562500000E+03   0.929232567581E-10   0.000000000000E+00
   37.   0.572656250000E+03  -0.236670914917E-10   0.000000000000E+00   0.127343750000E+03   0.166128742062E-09   0.000000000000E+00
   38.   0.571875000000E+03  -0.117181622722E-10   0.000000000000E+00   0.128125000000E+03   0.730319630292E-10   0.000000000000E+00
   39.   0.571093750000E+03  -0.233424329687E-10   0.000000000000E+00   0.128906250000E+03   0.131139877703E-09   0.000000000000E+00
   40.   0.570312500000E+03  -0.115557788932E-10   0.000000000000E+00   0.129687500000E+03   0.579803615133E-10   0.000000000000E+00
   41.   0.569531250000E+03  -0.230160668056E-10   0.000000000000E+00   0.130468750000E+03   0.104285752511E-09   0.000000000000E+00
   42.   0.568750000000E+03  -0.113925646177E-10   0.000000000000E+00   0.131250000000E+03   0.462124448719E-10   0.000000000000E+00
   43.   0.567968750000E+03  -0.226879924098E-10   0.000000000000E+00   0.132031250000E+03   0.830869649515E-10   0.000000000000E+00
   44.   0.567187500000E+03  -0.112284860178E-10   0.000000000000E+00   0.132812500000E+03   0.368041677900E-10   0.000000000000E+00
   45.   0.566406250000E+03  -0.223582199837E-10   0.000000000000E+00   0.133593750000E+03   0.660650442886E-10   0.000000000000E+00
   46.   0.565625000000E+03  -0.110635785002E-10   0.000000000000E+00   0.134375000000E+03   0.292034369766E-10   0.000000000000E+00
   47.   0.564843750000E+03  -0.220269190932E-10   0.000000000000E+00   0.135156250000E+03   0.523137380356E-10   0.000000000000E+00
   48.   0.564062500000E+03  -0.108979711838E-10   0.000000000000E+00   0.135937500000E+03   0.230591597447E-10   0.000000000000E+00
   49.   0.563281250000E+03  -0.216944130800E-10   0.000000000000E+00   0.136718750000E+03   0.412291389626E-10   0.000000000000E+00
   50.   0.562500000000E+03  -0.107318542138E-10   0.000000000000E+00   0.137500000000E+03   0.181212293242E-10   0.000000000000E+00
   51.   0.561718750000E+03  -0.213611115103E-10   0.000000000000E+00   0.138281250000E+03   0.323586047607E-10   0.000000000000E+00
   52.   0.560937500000E+03  -0.105654460213E-10   0.000000000000E+00   0.139062500000E+03   0.141890795544E-10   0.000000000000E+00
   53.   0.560156250000E+03  -0.210274429803E-10   0.000000000000E+00   0.139843750000E+03   0.253270253282E-10   0.000000000000E+00
   54.   0.559375000000E+03  -0.103989611916E-10   0.000000000000E+00   0.140625000000E+03   0.110893985967E-10   0.000000000000E+00
   55.   0.558593750000E+03  -0.206938026106E-10   0.000000000000E+00   0.141406250000E+03   0.198071926603E-10   0.000000000000E+00
   56.   0.557812500000E+03  -0.102325763772E-10   0.000000000000E+00   0.142187500000E+03   0.866894430632E-11   0.000000000000E+00
   57.   0.557031250000E+03  -0.203605305815E-10   0.000000000000E+00   0.142968750000E+03   0.155114931964E-10   0.000000000000E+00
   58.   0.556250000000E+03  -0.100664547037E-10   0.000000000000E+00   0.143750000000E+03   0.679361334990E-11   0.000000000000E+00
   59.   0.555468750000E+03  -0.200279025141E-10   0.000000000000E+00   0.144531250000E+03   0.121913462650E-10   0.000000000000E+00
   60.   0.554687500000E+03  -0.990071573402E-11   0.000000000000E+00   0.145312500000E+03   0.534897591238E-11   0.000000000000E+00
   61.   0.553906250000E+03  -0.196961319730E-10   0.000000000000E+00   0.146093750000E+03   0.963753920644E-11   0.000000000000E+00
   62.   0.553125000000E+03  -0.973544759065E-11   0.000000000000E+00   0.146875000000E+03   0.424019469149E-11   0.000000000000E+00
   63.   0.552343750000E+03  -0.193653786238E-10   0.000000000000E+00   0.147656250000E+03   0.767885915438E-11   0.000000000000E+00
   64.   0.551562500000E+03  -0.957072283997E-11   0.000000000000E+00   0.148437500000E+03   0.339081047947E-11   0.000000000000E+00
   65.   0.550781250000E+03  -0.190357648547E-10   0.000000000000E+00   0.149218750000E+03   0.617870889507E-11   0.000000000000E+00
   66.   0.550000000000E+03  -0.940659314682E-11   0.000000000000E+00   0.150000000000E+03   0.274060975094E-11   0.000000000000E+00
   67.   0.549218750000E+03  -0.187073793122E-10   0.000000000000E+00   0.150781250000E+03   0.503036014073E-11   0.000000000000E+00
   68.   0.548437500000E+03  -0.924309446866E-11   0.000000000000E+00   0.151562500000E+03   0.224302432704E-11   0.000000000000E+00
   69.   0.547656250000E+03  -0.183802906366E-10   0.000000000000E+00   0.152343750000E+03   0.415169911381E-11   0.000000000000E+00
   70.   0.546875000000E+03  -0.908025968655E-11   0.000000000000E+00   0.153125000000E+03   0.186247828041E-11   0.000000000000E+00
   71.   0.546093750000E+03  -0.180545540916E-10   0.000000000000E+00   0.153906250000E+03   0.348015854642E-11   0.000000000000E+00
   72.   0.545312500000E+03  -0.891811072497E-11   0.000000000000E+00   0.154687500000E+03   0.157196760604E-11   0.000000000000E+00
   73.   0.544531250000E+03  -0.177302124398E-10   0.000000000000E+00   0.155468750000E+03   0.296826239081E-11   0.000000000000E+00
   74.   0.543750000000E+03  -0.875666899385E-11   0.000000000000E+00   0.156250000000E+03   0.135101917544E-11   0.000000000000E+00
   75.   0.542968750000E+03  -0.174073012977E-10   0.000000000000E+00   0.157031250000E+03   0.257996245667E-11   0.000000000000E+00
   76.   0.542187500000E+03  -0.859595000852E-11   0.000000000000E+00   0.157812500000E+03   0.118406297358E-11   0.000000000000E+00
   77.   0.541406250000E+03  -0.170858529407E-10   0.000000000000E+00   0.158593750000E+03   0.228777112690E-11   0.000000000000E+00
   78.   0.540625000000E+03  -0.843596569932E-11   0.000000000000E+00   0.159375000000E+03   0.105918848779E-11   0.000000000000E+00
   79.   0.539843750000E+03  -0.167658921560E-10   0.000000000000E+00   0.160156250000E+03   0.207059610466E-11   0.000000000000E+00
   80.   0.539062500000E+03  -0.827673174429E-11   0.000000000000E+00   0.160937500000E+03   0.967220917132E-12   0.000000000000E+00
   81.   0.538281250000E+03  -0.164474427903E-10   0.000000000000E+00   0.161718750000E+03   0.191214130032E-11   0.000000000000E+00
   82.   0.537500000000E+03  -0.811825602303E-11   0.000000000000E+00   0.162500000000E+03   0.901044781688E-12   0.000000000000E+00
   83.   0.536718750000E+03  -0.161305282129E-10   0.000000000000E+00   0.163281250000E+03   0.179973991294E-11   0.000000000000E+00
   84.   0.535937500000E+03  -0.796055465432E-11   0.000000000000E+00   0.164062500000E+03   0.855113156139E-12   0.000000000000E+00
   85.   0.535156250000E+03  -0.158151684355E-10   0.000000000000E+00   0.164843750000E+03   0.172350139674E-11   0.000000000000E+00
   86.   0.534375000000E+03  -0.780363481625E-11   0.000000000000E+00   0.165625000000E+03   0.825085448632E-12   0.000000000000E+00
   87.   0.533593750000E+03  -0.155013817857E-10   0.000000000000E+00   0.166406250000E+03   0.167568250858E-11   0.000000000000E+00
   88.   0.532812500000E+03  -0.764750317285E-11   0.000000000000E+00   0.167187500000E+03   0.807560812851E-12   0.000000000000E+00
   89.   0.532031250000E+03  -0.151891846632E-10   0.000000000000E+00   0.167968750000E+03   0.165021556148E-11   0.000000000000E+00
   90.   0.531250000000E+03  -0.749216812105E-11   0.000000000000E+00   0.168750000000E+03   0.799873746863E-12   0.000000000000E+00
   91.   0.530468750000E+03  -0.148785937000E-10   0.000000000000E+00   0.169531250000E+03   0.164234731280E-11   0.000000000000E+00
   92.   0.529687500000E+03  -0.733764110891E-11   0.000000000000E+00   0.170312500000E+03   0.799937477368E-12   0.000000000000E+00
   93.   0.528906250000E+03  -0.145696263886E-10   0.000000000000E+00   0.171093750000E+03   0.164835898998E-11   0.000000000000E+00
   94.   0.528125000000E+03  -0.718392662714E-11   0.000000000000E+00   0.171875000000E+03   0.806120568925E-12   0.000000000000E+00
   95.   0.527343750000E+03  -0.142622976774E-10   0.000000000000E+00   0.172656250000E+03   0.166534512304E-11   0.000000000000E+00
   96.   0.526562500000E+03  -0.703103560969E-11   0.000000000000E+00   0.173437500000E+03   0.817149411739E-12   0.000000000000E+00
   97.   0.525781250000E+03  -0.139566227215E-10   0.000000000000E+00   0.174218750000E+03   0.169103895006E-11   0.000000000000E+00
   98.   0.525000000000E+03  -0.687897224728E-11   0.000000000000E+00   0.175000000000E+03   0.832031323884E-12   0.000000000000E+00
   99.   0.524218750000E+03  -0.136526169126E-10   0.000000000000E+00   0.175781250000E+03   0.172367381882E-11   0.000000000000E+00
  100.   0.523437500000E+03  -0.672774740578E-11   0.000000000000E+00   0.176562500000E+03   0.849992712176E-12   0.000000000000E+00
  101.   0.522656250000E+03  -0.133502967079E-10   0.000000000000E+00   0.177343750000E+03   0.176187299816E-11   0.000000000000E+00
  102.   0.521875000000E+03  -0.657736684177E-11   0.000000000000E+00   0.178125000000E+03   0.870430622138E-12   0.000000000000E+00
  103.   0.521093750000E+03  -0.130496751543E-10   0.000000000000E+00   0.178906250000E+03   0.180456349411E-11   0.000000000000E+00
  104.   0.520312500000E+03  -0.642783836305E-11   0.000000000000E+00   0.179687500000E+03   0.892875355068E-12   0.000000000000E+00
  105.   0.519531250000E+03  -0.127507683831E-10   0.000000000000E+00   0.180468750000E+03   0.185090782586E-11   0.000000000000E+00
  106.   0.518750000000E+03  -0.627916939540E-11   0.000000000000E+00   0.181250000000E+03   0.916959683624E-12   0.000000000000E+00
  107.   0.517968750000E+03  -0.124535904971E-10   0.000000000000E+00   0.182031250000E+03   0.190025120282E-11   0.000000000000E+00
  108.   0.517187500000E+03  -0.613136674017E-11   0.000000000000E+00   0.182812500000E+03   0.942396123455E-12   0.000000000000E+00
  109.   0.516406250000E+03  -0.121581571412E-10   0.000000000000E+00   0.183593750000E+03   0.195208010751E-11   0.000000000000E+00
  110.   0.515625000000E+03  -0.598443961050E-11   0.000000000000E+00   0.184375000000E+03   0.968959073749E-12   0.000000000000E+00
  111.   0.514843750000E+03  -0.118644836392E-10   0.000000000000E+00   0.185156250000E+03   0.200599067526E-11   0.000000000000E+00
  112.   0.514062500000E+03  -0.583839303499E-11   0.000000000000E+00   0.185937500000E+03   0.996470459568E-12   0.000000000000E+00
  113.   0.513281250000E+03  -0.115725834369E-10   0.000000000000E+00   0.186718750000E+03   0.206166386971E-11   0.000000000000E+00
  114.   0.512500000000E+03  -0.569323685238E-11   0.000000000000E+00   0.187500000000E+03   0.102478923173E-11   0.000000000000E+00
  115.   0.511718750000E+03  -0.112824732452E-10   0.000000000000E+00   0.188281250000E+03   0.211884619060E-11   0.000000000000E+00
  116.   0.510937500000E+03  -0.554897691279E-11   0.000000000000E+00   0.189062500000E+03   0.105380355900E-11   0.000000000000E+00
  117.   0.510156250000E+03  -0.109941678691E-10   0.000000000000E+00   0.189843750000E+03   0.217733506640E-11   0.000000000000E+00
  118.   0.509375000000E+03  -0.540562218053E-11   0.000000000000E+00   0.190625000000E+03   0.108342281009E-11   0.000000000000E+00
  119.   0.508593750000E+03  -0.107076823295E-10   0.000000000000E+00   0.191406250000E+03   0.223696731693E-11   0.000000000000E+00
  120.   0.507812500000E+03  -0.526317964338E-11   0.000000000000E+00   0.192187500000E+03   0.111357468870E-11   0.000000000000E+00
  121.   0.507031250000E+03  -0.104230321636E-10   0.000000000000E+00   0.192968750000E+03   0.229761060821E-11   0.000000000000E+00
  122.   0.506250000000E+03  -0.512165740601E-11   0.000000000000E+00   0.193750000000E+03   0.114419936750E-11   0.000000000000E+00
  123.   0.505468750000E+03  -0.101402330967E-10   0.000000000000E+00   0.194531250000E+03   0.235915641244E-11   0.000000000000E+00
  124.   0.504687500000E+03  -0.498106194034E-11   0.000000000000E+00   0.195312500000E+03   0.117524803954E-11   0.000000000000E+00
  125.   0.503906250000E+03  -0.985930066631E-11   0.000000000000E+00   0.196093750000E+03   0.242151428665E-11   0.000000000000E+00
  126.   0.503125000000E+03  -0.484140178948E-11   0.000000000000E+00   0.196875000000E+03   0.120667945483E-11   0.000000000000E+00
  127.   0.502343750000E+03  -0.958024954645E-11   0.000000000000E+00   0.197656250000E+03   0.248460804016E-11   0.000000000000E+00
  128.   0.501562500000E+03  -0.470268421467E-11   0.000000000000E+00   0.198437500000E+03   0.123845894336E-11   0.000000000000E+00
  129.   0.500781250000E+03  -0.930309528146E-11   0.000000000000E+00   0.199218750000E+03   0.254837255189E-11   0.000000000000E+00
  130.   0.500000000000E+03  -0.456491834355E-11   0.000000000000E+00   0.200000000000E+03   0.127055615207E-11   0.000000000000E+00
  131.   0.499218750000E+03  -0.902785330369E-11   0.000000000000E+00   0.200781250000E+03   0.261275132547E-11   0.000000000000E+00
  132.   0.498437500000E+03  -0.442811049731E-11   0.000000000000E+00   0.201562500000E+03   0.130294500706E-11   0.000000000000E+00
  133.   0.497656250000E+03  -0.875453931153E-11   0.000000000000E+00   0.202343750000E+03   0.267769423246E-11   0.000000000000E+00
  134.   0.496875000000E+03  -0.429226813085E-11   0.000000000000E+00   0.203125000000E+03   0.133560171943E-11   0.000000000000E+00
  135.   0.496093750000E+03  -0.848316921523E-11   0.000000000000E+00   0.203906250000E+03   0.274315585257E-11   0.000000000000E+00
  136.   0.495312500000E+03  -0.415740037928E-11   0.000000000000E+00   0.204687500000E+03   0.136850492742E-11   0.000000000000E+00
  137.   0.494531250000E+03  -0.821375919309E-11   0.000000000000E+00   0.205468750000E+03   0.280909483671E-11   0.000000000000E+00
  138.   0.493750000000E+03  -0.402351478268E-11   0.000000000000E+00   0.206250000000E+03   0.140163482304E-11   0.000000000000E+00
  139.   0.492968750000E+03  -0.794632453464E-11   0.000000000000E+00   0.207031250000E+03   0.287547276892E-11   0.000000000000E+00
  140.   0.492187500000E+03  -0.389061852376E-11   0.000000000000E+00   0.207812500000E+03   0.143497266501E-11   0.000000000000E+00
  141.   0.491406250000E+03  -0.768088042890E-11   0.000000000000E+00   0.208593750000E+03   0.294225344589E-11   0.000000000000E+00
  142.   0.490625000000E+03  -0.375871983117E-11   0.000000000000E+00   0.209375000000E+03   0.146850108672E-11   0.000000000000E+00
  143.   0.489843750000E+03  -0.741744280562E-11   0.000000000000E+00   0.210156250000E+03   0.300940235586E-11   0.000000000000E+00
  144.   0.489062500000E+03  -0.362782558158E-11   0.000000000000E+00   0.210937500000E+03   0.150220328304E-11   0.000000000000E+00
  145.   0.488281250000E+03  -0.715602742738E-11   0.000000000000E+00   0.211718750000E+03   0.307688584777E-11   0.000000000000E+00
  146.   0.487500000000E+03  -0.349794574673E-11   0.000000000000E+00   0.212500000000E+03   0.153606296199E-11   0.000000000000E+00
  147.   0.486718750000E+03  -0.689664974697E-11   0.000000000000E+00   0.213281250000E+03   0.314467130050E-11   0.000000000000E+00
  148.   0.485937500000E+03  -0.336908636460E-11   0.000000000000E+00   0.214062500000E+03   0.157006350790E-11   0.000000000000E+00
  149.   0.485156250000E+03  -0.663932577063E-11   0.000000000000E+00   0.214843750000E+03   0.321272692616E-11   0.000000000000E+00
  150.   0.484375000000E+03  -0.324125563628E-11   0.000000000000E+00   0.215625000000E+03   0.160418967786E-11   0.000000000000E+00
  151.   0.483593750000E+03  -0.638407109407E-11   0.000000000000E+00   0.216406250000E+03   0.328102121944E-11   0.000000000000E+00
  152.   0.482812500000E+03  -0.311446146869E-11   0.000000000000E+00   0.217187500000E+03   0.163842560130E-11   0.000000000000E+00
  153.   0.482031250000E+03  -0.613090136091E-11   0.000000000000E+00   0.217968750000E+03   0.334952277272E-11   0.000000000000E+00
  154.   0.481250000000E+03  -0.298871124715E-11   0.000000000000E+00   0.218750000000E+03   0.167275608651E-11   0.000000000000E+00
  155.   0.480468750000E+03  -0.587983189197E-11   0.000000000000E+00   0.219531250000E+03   0.341820062858E-11   0.000000000000E+00
  156.   0.479687500000E+03  -0.286401377709E-11   0.000000000000E+00   0.220312500000E+03   0.170716524387E-11   0.000000000000E+00
  157.   0.478906250000E+03  -0.563087869892E-11   0.000000000000E+00   0.221093750000E+03   0.348702362001E-11   0.000000000000E+00
  158.   0.478125000000E+03  -0.274037576073E-11   0.000000000000E+00   0.221875000000E+03   0.174163805751E-11   0.000000000000E+00
  159.   0.477343750000E+03  -0.538405703802E-11   0.000000000000E+00   0.222656250000E+03   0.355596071136E-11   0.000000000000E+00
  160.   0.476562500000E+03  -0.261780545005E-11   0.000000000000E+00   0.223437500000E+03   0.177615852117E-11   0.000000000000E+00
  161.   0.475781250000E+03  -0.513938266768E-11   0.000000000000E+00   0.224218750000E+03   0.362498076125E-11   0.000000000000E+00
  162.   0.475000000000E+03  -0.249631016870E-11   0.000000000000E+00   0.225000000000E+03   0.181071161046E-11   0.000000000000E+00
  163.   0.474218750000E+03  -0.489687067034E-11   0.000000000000E+00   0.225781250000E+03   0.369405281411E-11   0.000000000000E+00
  164.   0.473437500000E+03  -0.237589809996E-11   0.000000000000E+00   0.226562500000E+03   0.184528162099E-11   0.000000000000E+00
  165.   0.472656250000E+03  -0.465653668468E-11   0.000000000000E+00   0.227343750000E+03   0.376314531270E-11   0.000000000000E+00
  166.   0.471875000000E+03  -0.225657661879E-11   0.000000000000E+00   0.228125000000E+03   0.187985293963E-11   0.000000000000E+00
  167.   0.471093750000E+03  -0.441839597681E-11   0.000000000000E+00   0.228906250000E+03   0.383222683384E-11   0.000000000000E+00
  168.   0.470312500000E+03  -0.213835386038E-11   0.000000000000E+00   0.229687500000E+03   0.191441016351E-11   0.000000000000E+00
  169.   0.469531250000E+03  -0.418246411682E-11   0.000000000000E+00   0.230468750000E+03   0.390126595179E-11   0.000000000000E+00
  170.   0.468750000000E+03  -0.202123673444E-11   0.000000000000E+00   0.231250000000E+03   0.194893700315E-11   0.000000000000E+00
  171.   0.467968750000E+03  -0.394875605638E-11   0.000000000000E+00   0.232031250000E+03   0.397023054141E-11   0.000000000000E+00
  172.   0.467187500000E+03  -0.190523296234E-11   0.000000000000E+00   0.232812500000E+03   0.198341755984E-11   0.000000000000E+00
  173.   0.466406250000E+03  -0.371728683511E-11   0.000000000000E+00   0.233593750000E+03   0.403908865171E-11   0.000000000000E+00
  174.   0.465625000000E+03  -0.179035039723E-11   0.000000000000E+00   0.234375000000E+03   0.201783607111E-11   0.000000000000E+00
  175.   0.464843750000E+03  -0.348807205936E-11   0.000000000000E+00   0.235156250000E+03   0.410780810226E-11   0.000000000000E+00
  176.   0.464062500000E+03  -0.167659624508E-11   0.000000000000E+00   0.235937500000E+03   0.205217686975E-11   0.000000000000E+00
  177.   0.463281250000E+03  -0.326112650384E-11   0.000000000000E+00   0.236718750000E+03   0.417635649307E-11   0.000000000000E+00
  178.   0.462500000000E+03  -0.156397822406E-11   0.000000000000E+00   0.237500000000E+03   0.208642253269E-11   0.000000000000E+00
  179.   0.461718750000E+03  -0.303646523330E-11   0.000000000000E+00   0.238281250000E+03   0.424470102716E-11   0.000000000000E+00
  180.   0.460937500000E+03  -0.145250371522E-11   0.000000000000E+00   0.239062500000E+03   0.212055753077E-11   0.000000000000E+00
  181.   0.460156250000E+03  -0.281410298346E-11   0.000000000000E+00   0.239843750000E+03   0.431280861837E-11   0.000000000000E+00
  182.   0.459375000000E+03  -0.134218025751E-11   0.000000000000E+00   0.240625000000E+03   0.215456530790E-11   0.000000000000E+00
  183.   0.458593750000E+03  -0.259405533550E-11   0.000000000000E+00   0.241406250000E+03   0.438064646511E-11   0.000000000000E+00
  184.   0.457812500000E+03  -0.123301536658E-11   0.000000000000E+00   0.242187500000E+03   0.218842935232E-11   0.000000000000E+00
  185.   0.457031250000E+03  -0.237633686817E-11   0.000000000000E+00   0.242968750000E+03   0.444818116868E-11   0.000000000000E+00
  186.   0.456250000000E+03  -0.112501644248E-11   0.000000000000E+00   0.243750000000E+03   0.222213316010E-11   0.000000000000E+00
  187.   0.455468750000E+03  -0.216096256165E-11   0.000000000000E+00   0.244531250000E+03   0.451537877958E-11   0.000000000000E+00
  188.   0.454687500000E+03  -0.101819090222E-11   0.000000000000E+00   0.245312500000E+03   0.225565922479E-11   0.000000000000E+00
  189.   0.453906250000E+03  -0.194794753942E-11   0.000000000000E+00   0.246093750000E+03   0.458220539730E-11   0.000000000000E+00
  190.   0.453125000000E+03  -0.912546108931E-12   0.000000000000E+00   0.246875000000E+03   0.228899083710E-11   0.000000000000E+00
  191.   0.452343750000E+03  -0.173730689016E-11   0.000000000000E+00   0.247656250000E+03   0.464862663926E-11   0.000000000000E+00
  192.   0.451562500000E+03  -0.808090014972E-12   0.000000000000E+00   0.248437500000E+03   0.232211129005E-11   0.000000000000E+00
  193.   0.450781250000E+03  -0.152905589410E-11   0.000000000000E+00   0.249218750000E+03   0.471460723374E-11   0.000000000000E+00
  194.   0.450000000000E+03  -0.704830032949E-12   0.000000000000E+00   0.250000000000E+03   0.235500197969E-11   0.000000000000E+00
  195.   0.449218750000E+03  -0.132320993550E-11   0.000000000000E+00   0.250781250000E+03   0.478011244905E-11   0.000000000000E+00
  196.   0.448437500000E+03  -0.602773889363E-12   0.000000000000E+00   0.251562500000E+03   0.238764615407E-11   0.000000000000E+00
  197.   0.447656250000E+03  -0.111978496634E-11   0.000000000000E+00   0.252343750000E+03   0.484510654968E-11   0.000000000000E+00
  198.   0.446875000000E+03  -0.501929676454E-12   0.000000000000E+00   0.253125000000E+03   0.242002558773E-11   0.000000000000E+00
  199.   0.446093750000E+03  -0.918797129427E-12   0.000000000000E+00   0.253906250000E+03   0.490955308510E-11   0.000000000000E+00
  200.   0.445312500000E+03  -0.402305586302E-12   0.000000000000E+00   0.254687500000E+03   0.245212205974E-11   0.000000000000E+00
  201.   0.444531250000E+03  -0.720263380280E-12   0.000000000000E+00   0.255468750000E+03   0.497341462461E-11   0.000000000000E+00
  202.   0.443750000000E+03  -0.303910250418E-12   0.000000000000E+00   0.256250000000E+03   0.248391681844E-11   0.000000000000E+00
  203.   0.442968750000E+03  -0.524201464770E-12   0.000000000000E+00   0.257031250000E+03   0.503665321367E-11   0.000000000000E+00
  204.   0.442187500000E+03  -0.206752739515E-12   0.000000000000E+00   0.257812500000E+03   0.251539037546E-11   0.000000000000E+00
  205.   0.441406250000E+03  -0.330630221516E-12   0.000000000000E+00   0.258593750000E+03   0.509922951047E-11   0.000000000000E+00
  206.   0.440625000000E+03  -0.110842804842E-12   0.000000000000E+00   0.259375000000E+03   0.254652253298E-11   0.000000000000E+00
  207.   0.439843750000E+03  -0.139570125199E-12   0.000000000000E+00   0.260156250000E+03   0.516110228595E-11   0.000000000000E+00
  208.   0.439062500000E+03  -0.161910389756E-13   0.000000000000E+00   0.260937500000E+03   0.257729292612E-11   0.000000000000E+00
  209.   0.438281250000E+03   0.489566334276E-13   0.000000000000E+00   0.261718750000E+03   0.522222924336E-11   0.000000000000E+00
  210.   0.437500000000E+03   0.771909162315E-13   0.000000000000E+00   0.262500000000E+03   0.260767971943E-11   0.000000000000E+00
  211.   0.436718750000E+03   0.234925078062E-12   0.000000000000E+00   0.263281250000E+03   0.528256509354E-11   0.000000000000E+00
  212.   0.435937500000E+03   0.169289691830E-12   0.000000000000E+00   0.264062500000E+03   0.263765975370E-11   0.000000000000E+00
  213.   0.435156250000E+03   0.418306739027E-12   0.000000000000E+00   0.264843750000E+03   0.534206120913E-11   0.000000000000E+00
  214.   0.434375000000E+03   0.260090448226E-12   0.000000000000E+00   0.265625000000E+03   0.266720740738E-11   0.000000000000E+00
  215.   0.433593750000E+03   0.599069077471E-12   0.000000000000E+00   0.266406250000E+03   0.540066518168E-11   0.000000000000E+00
  216.   0.432812500000E+03   0.349575538832E-12   0.000000000000E+00   0.267187500000E+03   0.269629643474E-11   0.000000000000E+00
  217.   0.432031250000E+03   0.777173553173E-12   0.000000000000E+00   0.267968750000E+03   0.545832001098E-11   0.000000000000E+00
  218.   0.431250000000E+03   0.437723925182E-12   0.000000000000E+00   0.268750000000E+03   0.272489523421E-11   0.000000000000E+00
  219.   0.430468750000E+03   0.952574063529E-12   0.000000000000E+00   0.269531250000E+03   0.551496106785E-11   0.000000000000E+00
  220.   0.429687500000E+03   0.524510654732E-12   0.000000000000E+00   0.270312500000E+03   0.275297101634E-11   0.000000000000E+00
  221.   0.428906250000E+03   0.112521495276E-11   0.000000000000E+00   0.271093750000E+03   0.557051625174E-11   0.000000000000E+00
  222.   0.428125000000E+03   0.609905005767E-12   0.000000000000E+00   0.271875000000E+03   0.278048590753E-11   0.000000000000E+00
  223.   0.427343750000E+03   0.129502767377E-11   0.000000000000E+00   0.272656250000E+03   0.562490169723E-11   0.000000000000E+00
  224.   0.426562500000E+03   0.693869373864E-12   0.000000000000E+00   0.273437500000E+03   0.280739340832E-11   0.000000000000E+00
  225.   0.425781250000E+03   0.146192723979E-11   0.000000000000E+00   0.274218750000E+03   0.567801939472E-11   0.000000000000E+00
  226.   0.425000000000E+03   0.776356476935E-12   0.000000000000E+00   0.275000000000E+03   0.283364123060E-11   0.000000000000E+00
  227.   0.424218750000E+03   0.162580749379E-11   0.000000000000E+00   0.275781250000E+03   0.572975261361E-11   0.000000000000E+00
  228.   0.423437500000E+03   0.857307254841E-12   0.000000000000E+00   0.276562500000E+03   0.285916629749E-11   0.000000000000E+00
  229.   0.422656250000E+03   0.178653453250E-11   0.000000000000E+00   0.277343750000E+03   0.577996076241E-11   0.000000000000E+00
  230.   0.421875000000E+03   0.936647029814E-12   0.000000000000E+00   0.278125000000E+03   0.288389050462E-11   0.000000000000E+00
  231.   0.421093750000E+03   0.194393878880E-11   0.000000000000E+00   0.278906250000E+03   0.582847170629E-11   0.000000000000E+00
  232.   0.420312500000E+03   0.101428100034E-11   0.000000000000E+00   0.279687500000E+03   0.290771944193E-11   0.000000000000E+00
  233.   0.419531250000E+03   0.209780513685E-11   0.000000000000E+00   0.280468750000E+03   0.587507329206E-11   0.000000000000E+00
  234.   0.418750000000E+03   0.109008892688E-11   0.000000000000E+00   0.281250000000E+03   0.293053648259E-11   0.000000000000E+00
  235.   0.417968750000E+03   0.224785983572E-11   0.000000000000E+00   0.282031250000E+03   0.591950262536E-11   0.000000000000E+00
  236.   0.417187500000E+03   0.116391731273E-11   0.000000000000E+00   0.282812500000E+03   0.295219566205E-11   0.000000000000E+00
  237.   0.416406250000E+03   0.239375425293E-11   0.000000000000E+00   0.283593750000E+03   0.596142958885E-11   0.000000000000E+00
  238.   0.415625000000E+03   0.123557107120E-11   0.000000000000E+00   0.284375000000E+03   0.297251231402E-11   0.000000000000E+00
  239.   0.414843750000E+03   0.253504431259E-11   0.000000000000E+00   0.285156250000E+03   0.600043982914E-11   0.000000000000E+00
  240.   0.414062500000E+03   0.130480124143E-11   0.000000000000E+00   0.285937500000E+03   0.299125650230E-11   0.000000000000E+00
  241.   0.413281250000E+03   0.267116348906E-11   0.000000000000E+00   0.286718750000E+03   0.603600963950E-11   0.000000000000E+00
  242.   0.412500000000E+03   0.137129035955E-11   0.000000000000E+00   0.287500000000E+03   0.300813555221E-11   0.000000000000E+00
  243.   0.411718750000E+03   0.280138866263E-11   0.000000000000E+00   0.288281250000E+03   0.606747566668E-11   0.000000000000E+00
  244.   0.410937500000E+03   0.143463338687E-11   0.000000000000E+00   0.289062500000E+03   0.302277908221E-11   0.000000000000E+00
  245.   0.410156250000E+03   0.292479363225E-11   0.000000000000E+00   0.289843750000E+03   0.609399218144E-11   0.000000000000E+00
  246.   0.409375000000E+03   0.149430942608E-11   0.000000000000E+00   0.290625000000E+03   0.303471150102E-11   0.000000000000E+00
  247.   0.408593750000E+03   0.304018710928E-11   0.000000000000E+00   0.291406250000E+03   0.611447451217E-11   0.000000000000E+00
  248.   0.407812500000E+03   0.154964817590E-11   0.000000000000E+00   0.292187500000E+03   0.304332393654E-11   0.000000000000E+00
  249.   0.407031250000E+03   0.314602813306E-11   0.000000000000E+00   0.292968750000E+03   0.612752297797E-11   0.000000000000E+00
  250.   0.406250000000E+03   0.159977959970E-11   0.000000000000E+00   0.293750000000E+03   0.304782679915E-11   0.000000000000E+00
  251.   0.405468750000E+03   0.324030954737E-11   0.000000000000E+00   0.294531250000E+03   0.613131623588E-11   0.000000000000E+00
  252.   0.404687500000E+03   0.164356729560E-11   0.000000000000E+00   0.295312500000E+03   0.304718863540E-11   0.000000000000E+00
  253.   0.403906250000E+03   0.332039979712E-11   0.000000000000E+00   0.296093750000E+03   0.612346438592E-11   0.000000000000E+00
  254.   0.403125000000E+03   0.167951679638E-11   0.000000000000E+00   0.296875000000E+03   0.304005141965E-11   0.000000000000E+00
  255.   0.402343750000E+03   0.338283066773E-11   0.000000000000E+00   0.297656250000E+03   0.610081659230E-11   0.000000000000E+00
  256.   0.401562500000E+03   0.170565445468E-11   0.000000000000E+00   0.298437500000E+03   0.302462286054E-11   0.000000000000E+00
  257.   0.400781250000E+03   0.342302120582E-11   0.000000000000E+00   0.299218750000E+03   0.605920631818E-11   0.000000000000E+00
  258.   0.400000000000E+03   0.171937177385E-11   0.000000000000E+00   0.300000000000E+03   0.299852825859E-11   0.000000000000E+00
  259.   0.399218750000E+03   0.343493189537E-11   0.000000000000E+00   0.300781250000E+03   0.599312550908E-11   0.000000000000E+00
  260.   0.398437500000E+03   0.171723627586E-11   0.000000000000E+00   0.301562500000E+03   0.295863296404E-11   0.000000000000E+00
  261.   0.397656250000E+03   0.341065836918E-11   0.000000000000E+00   0.302343750000E+03   0.589534276664E-11   0.000000000000E+00
  262.   0.396875000000E+03   0.169477260838E-11   0.000000000000E+00   0.303125000000E+03   0.290083734651E-11   0.000000000000E+00
  263.   0.396093750000E+03   0.333998431217E-11   0.000000000000E+00   0.303906250000E+03   0.575647304405E-11   0.000000000000E+00
  264.   0.395312500000E+03   0.164623469162E-11   0.000000000000E+00   0.304687500000E+03   0.281985122208E-11   0.000000000000E+00
  265.   0.394531250000E+03   0.320993892477E-11   0.000000000000E+00   0.305468750000E+03   0.556454231521E-11   0.000000000000E+00
  266.   0.393750000000E+03   0.156439204385E-11   0.000000000000E+00   0.306250000000E+03   0.270898509304E-11   0.000000000000E+00
  267.   0.392968750000E+03   0.300442295009E-11   0.000000000000E+00   0.307031250000E+03   0.530459944629E-11   0.000000000000E+00
  268.   0.392187500000E+03   0.144037032496E-11   0.000000000000E+00   0.307812500000E+03   0.255997211147E-11   0.000000000000E+00
  269.   0.391406250000E+03   0.270396092363E-11   0.000000000000E+00   0.308593750000E+03   0.495843206940E-11   0.000000000000E+00
  270.   0.390625000000E+03   0.126356834699E-11   0.000000000000E+00   0.309375000000E+03   0.236286791914E-11   0.000000000000E+00
  271.   0.389843750000E+03   0.228559055050E-11   0.000000000000E+00   0.310156250000E+03   0.450439690980E-11   0.000000000000E+00
  272.   0.389062500000E+03   0.102163875835E-11   0.000000000000E+00   0.310937500000E+03   0.210598670313E-11   0.000000000000E+00
  273.   0.388281250000E+03   0.172275990454E-11   0.000000000000E+00   0.311718750000E+03   0.391725519661E-11   0.000000000000E+00
  274.   0.387500000000E+03   0.700417401827E-12   0.000000000000E+00   0.312500000000E+03   0.177581096523E-11   0.000000000000E+00
  275.   0.386718750000E+03   0.984826763365E-12   0.000000000000E+00   0.313281250000E+03   0.316764479531E-11   0.000000000000E+00
  276.   0.385937500000E+03   0.283506572509E-12   0.000000000000E+00   0.314062500000E+03   0.135657025981E-11   0.000000000000E+00
  277.   0.385156250000E+03   0.352800151639E-13   0.000000000000E+00   0.314843750000E+03   0.222038517616E-11   0.000000000000E+00
  278.   0.384375000000E+03  -0.249071679783E-12   0.000000000000E+00   0.315625000000E+03   0.828978388930E-12   0.000000000000E+00
  279.   0.383593750000E+03  -0.117287844783E-11   0.000000000000E+00   0.316406250000E+03   0.103015742558E-11   0.000000000000E+00
  280.   0.382812500000E+03  -0.924140584338E-12   0.000000000000E+00   0.317187500000E+03   0.167185223669E-12   0.000000000000E+00
  281.   0.382031250000E+03  -0.270700495829E-11   0.000000000000E+00   0.317968750000E+03  -0.467725602383E-12   0.000000000000E+00
  282.   0.381250000000E+03  -0.178199321561E-11   0.000000000000E+00   0.318750000000E+03  -0.667421459187E-12   0.000000000000E+00
  283.   0.380468750000E+03  -0.467317243363E-11   0.000000000000E+00   0.319531250000E+03  -0.237457199556E-11   0.000000000000E+00
  284.   0.379687500000E+03  -0.288818706526E-11   0.000000000000E+00   0.320312500000E+03  -0.173732933219E-11   0.000000000000E+00
  285.   0.378906250000E+03  -0.724657410726E-11   0.000000000000E+00   0.321093750000E+03  -0.485711402696E-11   0.000000000000E+00
  286.   0.378125000000E+03  -0.435229257516E-11   0.000000000000E+00   0.321875000000E+03  -0.314671782416E-11   0.000000000000E+00
  287.   0.377343750000E+03  -0.107165461598E-10   0.000000000000E+00   0.322656250000E+03  -0.819059784349E-11   0.000000000000E+00
  288.   0.376562500000E+03  -0.635442016346E-11   0.000000000000E+00   0.323437500000E+03  -0.506696855365E-11   0.000000000000E+00
  289.   0.375781250000E+03  -0.155451373850E-10   0.000000000000E+00   0.324218750000E+03  -0.128155937365E-10   0.000000000000E+00
  290.   0.375000000000E+03  -0.917763023861E-11   0.000000000000E+00   0.325000000000E+03  -0.776832031790E-11   0.000000000000E+00
  291.   0.374218750000E+03  -0.224301704793E-10   0.000000000000E+00   0.325781250000E+03  -0.194004915631E-10   0.000000000000E+00
  292.   0.373437500000E+03  -0.132390131429E-10   0.000000000000E+00   0.326562500000E+03  -0.116511195565E-10   0.000000000000E+00
  293.   0.372656250000E+03  -0.323497988124E-10   0.000000000000E+00   0.327343750000E+03  -0.288882719884E-10   0.000000000000E+00
  294.   0.371875000000E+03  -0.191034005217E-10   0.000000000000E+00   0.328125000000E+03  -0.172615798875E-10   0.000000000000E+00
  295.   0.371093750000E+03  -0.465466554281E-10   0.000000000000E+00   0.328906250000E+03  -0.424875769180E-10   0.000000000000E+00
  296.   0.370312500000E+03  -0.274534788135E-10   0.000000000000E+00   0.329687500000E+03  -0.252668060808E-10   0.000000000000E+00
  297.   0.369531250000E+03  -0.663898764606E-10   0.000000000000E+00   0.330468750000E+03  -0.615479355932E-10   0.000000000000E+00
  298.   0.368750000000E+03  -0.389801113518E-10   0.000000000000E+00   0.331250000000E+03  -0.363534931700E-10   0.000000000000E+00
  299.   0.367968750000E+03  -0.930520191066E-10   0.000000000000E+00   0.332031250000E+03  -0.872556897109E-10   0.000000000000E+00
  300.   0.367187500000E+03  -0.541665783746E-10   0.000000000000E+00   0.332812500000E+03  -0.510229016904E-10   0.000000000000E+00
  301.   0.366406250000E+03  -0.126956499913E-09   0.000000000000E+00   0.333593750000E+03  -0.120102719077E-09   0.000000000000E+00
  302.   0.365625000000E+03  -0.729489971537E-10   0.000000000000E+00   0.334375000000E+03  -0.692618231088E-10   0.000000000000E+00
  303.   0.364843750000E+03  -0.167060574312E-09   0.000000000000E+00   0.335156250000E+03  -0.159183345432E-09   0.000000000000E+00
  304.   0.364062500000E+03  -0.943386017875E-10   0.000000000000E+00   0.335937500000E+03  -0.901683737253E-10   0.000000000000E+00
  305.   0.363281250000E+03  -0.210013044265E-09   0.000000000000E+00   0.336718750000E+03  -0.201351954009E-09   0.000000000000E+00
  306.   0.362500000000E+03  -0.115967123974E-09   0.000000000000E+00   0.337500000000E+03  -0.111492657824E-09   0.000000000000E+00
  307.   0.361718750000E+03  -0.249656836549E-09   0.000000000000E+00   0.338281250000E+03  -0.240692306564E-09   0.000000000000E+00
  308.   0.360937500000E+03  -0.134011717040E-09   0.000000000000E+00   0.339062500000E+03  -0.129536395293E-09   0.000000000000E+00
  309.   0.360156250000E+03  -0.275994842658E-09   0.000000000000E+00   0.339843750000E+03  -0.267450663831E-09   0.000000000000E+00
  310.   0.359375000000E+03  -0.142444403930E-09   0.000000000000E+00   0.340625000000E+03  -0.138382084451E-09   0.000000000000E+00
  311.   0.358593750000E+03  -0.276623456220E-09   0.000000000000E+00   0.341406250000E+03  -0.269354281615E-09   0.000000000000E+00
  312.   0.357812500000E+03  -0.134293601972E-09   0.000000000000E+00   0.342187500000E+03  -0.131104406179E-09   0.000000000000E+00
  313.   0.357031250000E+03  -0.229843241271E-09   0.000000000000E+00   0.342968750000E+03  -0.224787270296E-09   0.000000000000E+00
  314.   0.356250000000E+03  -0.978967674641E-10   0.000000000000E+00   0.343750000000E+03  -0.959811555905E-10   0.000000000000E+00
  315.   0.355468750000E+03  -0.120506351107E-09   0.000000000000E+00   0.344531250000E+03  -0.118255656094E-09   0.000000000000E+00
  316.   0.354687500000E+03  -0.178376235242E-10   0.000000000000E+00   0.345312500000E+03  -0.175884973598E-10   0.000000000000E+00
  317.   0.353906250000E+03   0.129619796125E-09   0.000000000000E+00   0.346093750000E+03   0.128592977485E-09   0.000000000000E+00
  318.   0.353125000000E+03   0.103749172248E-09   0.000000000000E+00   0.346875000000E+03   0.103111371421E-09   0.000000000000E+00
  319.   0.352343750000E+03   0.517595970683E-09   0.000000000000E+00   0.347656250000E+03   0.513987617146E-09   0.000000000000E+00
  320.   0.351562500000E+03   0.551731713035E-09   0.000000000000E+00   0.348437500000E+03   0.548671339331E-09   0.000000000000E+00
  321.   0.350781250000E+03   0.140849238173E-08   0.000000000000E+00   0.349218750000E+03   0.140669661638E-08   0.000000000000E+00
  322.   0.350000000000E+03   0.392162212569E-08   0.000000000000E+00   0.350000000000E+03   0.392162212703E-08   0.000000000000E+00
  323.   0.349218750000E+03   0.140669661481E-08   0.000000000000E+00   0.350781250000E+03   0.140849238314E-08   0.000000000000E+00
  324.   0.348437500000E+03   0.548671338607E-09   0.000000000000E+00   0.351562500000E+03   0.551731713962E-09   0.000000000000E+00
  325.   0.347656250000E+03   0.513987615443E-09   0.000000000000E+00   0.352343750000E+03   0.517595972061E-09   0.000000000000E+00
  326.   0.346875000000E+03   0.103111370236E-09   0.000000000000E+00   0.353125000000E+03   0.103749172971E-09   0.000000000000E+00
  327.   0.346093750000E+03   0.128592976025E-09   0.000000000000E+00   0.353906250000E+03   0.129619798048E-09   0.000000000000E+00
  328.   0.345312500000E+03  -0.175884990978E-10   0.000000000000E+00   0.354687500000E+03  -0.178376217219E-10   0.000000000000E+00
  329.   0.344531250000E+03  -0.118255657029E-09   0.000000000000E+00   0.355468750000E+03  -0.120506348837E-09   0.000000000000E+00
  330.   0.343750000000E+03  -0.959811559496E-10   0.000000000000E+00   0.356250000000E+03  -0.978967665075E-10   0.000000000000E+00
  331.   0.342968750000E+03  -0.224787271024E-09   0.000000000000E+00   0.357031250000E+03  -0.229843239235E-09   0.000000000000E+00
  332.   0.342187500000E+03  -0.131104406285E-09   0.000000000000E+00   0.357812500000E+03  -0.134293601043E-09   0.000000000000E+00
  333.   0.341406250000E+03  -0.269354282620E-09   0.000000000000E+00   0.358593750000E+03  -0.276623454384E-09   0.000000000000E+00
  334.   0.340625000000E+03  -0.138382084916E-09   0.000000000000E+00   0.359375000000E+03  -0.142444403180E-09   0.000000000000E+00
  335.   0.339843750000E+03  -0.267450664724E-09   0.000000000000E+00   0.360156250000E+03  -0.275994840795E-09   0.000000000000E+00
  336.   0.339062500000E+03  -0.129536395712E-09   0.000000000000E+00   0.360937500000E+03  -0.134011716561E-09   0.000000000000E+00
  337.   0.338281250000E+03  -0.240692307696E-09   0.000000000000E+00   0.361718750000E+03  -0.249656834916E-09   0.000000000000E+00
  338.   0.337500000000E+03  -0.111492659327E-09   0.000000000000E+00   0.362500000000E+03  -0.115967123272E-09   0.000000000000E+00
  339.   0.336718750000E+03  -0.201351954918E-09   0.000000000000E+00   0.363281250000E+03  -0.210013042489E-09   0.000000000000E+00
  340.   0.335937500000E+03  -0.901683736592E-10   0.000000000000E+00   0.364062500000E+03  -0.943386011451E-10   0.000000000000E+00
  341.   0.335156250000E+03  -0.159183346056E-09   0.000000000000E+00   0.364843750000E+03  -0.167060572223E-09   0.000000000000E+00
  342.   0.334375000000E+03  -0.692618239940E-10   0.000000000000E+00   0.365625000000E+03  -0.729489953926E-10   0.000000000000E+00
  343.   0.333593750000E+03  -0.120102719863E-09   0.000000000000E+00   0.366406250000E+03  -0.126956497923E-09   0.000000000000E+00
  344.   0.332812500000E+03  -0.510229015147E-10   0.000000000000E+00   0.367187500000E+03  -0.541665770487E-10   0.000000000000E+00
  345.   0.332031250000E+03  -0.872556906323E-10   0.000000000000E+00   0.367968750000E+03  -0.930520169246E-10   0.000000000000E+00
  346.   0.331250000000E+03  -0.363534933789E-10   0.000000000000E+00   0.368750000000E+03  -0.389801103504E-10   0.000000000000E+00
  347.   0.330468750000E+03  -0.615479366026E-10   0.000000000000E+00   0.369531250000E+03  -0.663898741814E-10   0.000000000000E+00
  348.   0.329687500000E+03  -0.252668068535E-10   0.000000000000E+00   0.370312500000E+03  -0.274534771571E-10   0.000000000000E+00
  349.   0.328906250000E+03  -0.424875781769E-10   0.000000000000E+00   0.371093750000E+03  -0.465466531685E-10   0.000000000000E+00
  350.   0.328125000000E+03  -0.172615804290E-10   0.000000000000E+00   0.371875000000E+03  -0.191033997179E-10   0.000000000000E+00
  351.   0.327343750000E+03  -0.288882738997E-10   0.000000000000E+00   0.372656250000E+03  -0.323497966400E-10   0.000000000000E+00
  352.   0.326562500000E+03  -0.116511202329E-10   0.000000000000E+00   0.373437500000E+03  -0.132390118521E-10   0.000000000000E+00
  353.   0.325781250000E+03  -0.194004938890E-10   0.000000000000E+00   0.374218750000E+03  -0.224301680538E-10   0.000000000000E+00
  354.   0.325000000000E+03  -0.776832156918E-11   0.000000000000E+00   0.375000000000E+03  -0.917762901627E-11   0.000000000000E+00
  355.   0.324218750000E+03  -0.128155965274E-10   0.000000000000E+00   0.375781250000E+03  -0.155451348878E-10   0.000000000000E+00
  356.   0.323437500000E+03  -0.506697055520E-11   0.000000000000E+00   0.376562500000E+03  -0.635441941008E-11   0.000000000000E+00
  357.   0.322656250000E+03  -0.819060045452E-11   0.000000000000E+00   0.377343750000E+03  -0.107165436664E-10   0.000000000000E+00
  358.   0.321875000000E+03  -0.314671891948E-11   0.000000000000E+00   0.378125000000E+03  -0.435229170160E-11   0.000000000000E+00
  359.   0.321093750000E+03  -0.485711600369E-11   0.000000000000E+00   0.378906250000E+03  -0.724657144683E-11   0.000000000000E+00
  360.   0.320312500000E+03  -0.173733021731E-11   0.000000000000E+00   0.379687500000E+03  -0.288818577887E-11   0.000000000000E+00
  361.   0.319531250000E+03  -0.237457369532E-11   0.000000000000E+00   0.380468750000E+03  -0.467317009267E-11   0.000000000000E+00
  362.   0.318750000000E+03  -0.667422863819E-12   0.000000000000E+00   0.381250000000E+03  -0.178199257615E-11   0.000000000000E+00
  363.   0.317968750000E+03  -0.467727645321E-12   0.000000000000E+00   0.382031250000E+03  -0.270700254573E-11   0.000000000000E+00
  364.   0.317187500000E+03   0.167184133809E-12   0.000000000000E+00   0.382812500000E+03  -0.924139288186E-12   0.000000000000E+00
  365.   0.316406250000E+03   0.103015549299E-11   0.000000000000E+00   0.383593750000E+03  -0.117287596906E-11   0.000000000000E+00
  366.   0.315625000000E+03   0.828977379028E-12   0.000000000000E+00   0.384375000000E+03  -0.249070470028E-12   0.000000000000E+00
  367.   0.314843750000E+03   0.222038330069E-11   0.000000000000E+00   0.385156250000E+03   0.352823877032E-13   0.000000000000E+00
  368.   0.314062500000E+03   0.135656965966E-11   0.000000000000E+00   0.385937500000E+03   0.283507730846E-12   0.000000000000E+00
  369.   0.313281250000E+03   0.316764273097E-11   0.000000000000E+00   0.386718750000E+03   0.984829270054E-12   0.000000000000E+00
  370.   0.312500000000E+03   0.177581024050E-11   0.000000000000E+00   0.387500000000E+03   0.700418739411E-12   0.000000000000E+00
  371.   0.311718750000E+03   0.391725322060E-11   0.000000000000E+00   0.388281250000E+03   0.172276269398E-11   0.000000000000E+00
  372.   0.310937500000E+03   0.210598606651E-11   0.000000000000E+00   0.389062500000E+03   0.102164014561E-11   0.000000000000E+00
  373.   0.310156250000E+03   0.450439542394E-11   0.000000000000E+00   0.389843750000E+03   0.228559317853E-11   0.000000000000E+00
  374.   0.309375000000E+03   0.236286680485E-11   0.000000000000E+00   0.390625000000E+03   0.126356953827E-11   0.000000000000E+00
  375.   0.308593750000E+03   0.495843072124E-11   0.000000000000E+00   0.391406250000E+03   0.270396346243E-11   0.000000000000E+00
  376.   0.307812500000E+03   0.255997148078E-11   0.000000000000E+00   0.392187500000E+03   0.144037120094E-11   0.000000000000E+00
  377.   0.307031250000E+03   0.530459814264E-11   0.000000000000E+00   0.392968750000E+03   0.300442533661E-11   0.000000000000E+00
  378.   0.306250000000E+03   0.270898376502E-11   0.000000000000E+00   0.393750000000E+03   0.156439320756E-11   0.000000000000E+00
  379.   0.305468750000E+03   0.556454107933E-11   0.000000000000E+00   0.394531250000E+03   0.320994121753E-11   0.000000000000E+00
  380.   0.304687500000E+03   0.281985081540E-11   0.000000000000E+00   0.395312500000E+03   0.164623611263E-11   0.000000000000E+00
  381.   0.303906250000E+03   0.575647195460E-11   0.000000000000E+00   0.396093750000E+03   0.333998691370E-11   0.000000000000E+00
  382.   0.303125000000E+03   0.290083654992E-11   0.000000000000E+00   0.396875000000E+03   0.169477446475E-11   0.000000000000E+00
  383.   0.302343750000E+03   0.589534167799E-11   0.000000000000E+00   0.397656250000E+03   0.341066118093E-11   0.000000000000E+00
  384.   0.301562500000E+03   0.295863271737E-11   0.000000000000E+00   0.398437500000E+03   0.171723744842E-11   0.000000000000E+00
  385.   0.300781250000E+03   0.599312490105E-11   0.000000000000E+00   0.399218750000E+03   0.343493438689E-11   0.000000000000E+00
  386.   0.300000000000E+03   0.299852786239E-11   0.000000000000E+00   0.400000000000E+03   0.171937267972E-11   0.000000000000E+00
  387.   0.299218750000E+03   0.605920608350E-11   0.000000000000E+00   0.400781250000E+03   0.342302347261E-11   0.000000000000E+00
  388.   0.298437500000E+03   0.302462278207E-11   0.000000000000E+00   0.401562500000E+03   0.170565526506E-11   0.000000000000E+00
  389.   0.297656250000E+03   0.610081652682E-11   0.000000000000E+00   0.402343750000E+03   0.338283314059E-11   0.000000000000E+00
  390.   0.296875000000E+03   0.304005091281E-11   0.000000000000E+00   0.403125000000E+03   0.167951814300E-11   0.000000000000E+00
  391.   0.296093750000E+03   0.612346396231E-11   0.000000000000E+00   0.403906250000E+03   0.332040238091E-11   0.000000000000E+00
  392.   0.295312500000E+03   0.304718816535E-11   0.000000000000E+00   0.404687500000E+03   0.164356863731E-11   0.000000000000E+00
  393.   0.294531250000E+03   0.613131579988E-11   0.000000000000E+00   0.405468750000E+03   0.324031212381E-11   0.000000000000E+00
  394.   0.293750000000E+03   0.304782671497E-11   0.000000000000E+00   0.406250000000E+03   0.159978092260E-11   0.000000000000E+00
  395.   0.292968750000E+03   0.612752281040E-11   0.000000000000E+00   0.407031250000E+03   0.314603084177E-11   0.000000000000E+00
  396.   0.292187500000E+03   0.304332364776E-11   0.000000000000E+00   0.407812500000E+03   0.154964951240E-11   0.000000000000E+00
  397.   0.291406250000E+03   0.611447399062E-11   0.000000000000E+00   0.408593750000E+03   0.304018991555E-11   0.000000000000E+00
  398.   0.290625000000E+03   0.303471119570E-11   0.000000000000E+00   0.409375000000E+03   0.149431094867E-11   0.000000000000E+00
  399.   0.289843750000E+03   0.609399171537E-11   0.000000000000E+00   0.410156250000E+03   0.292479671775E-11   0.000000000000E+00
  400.   0.289062500000E+03   0.302277859181E-11   0.000000000000E+00   0.410937500000E+03   0.143463476549E-11   0.000000000000E+00
  401.   0.288281250000E+03   0.606747554453E-11   0.000000000000E+00   0.411718750000E+03   0.280139172322E-11   0.000000000000E+00
  402.   0.287500000000E+03   0.300813555740E-11   0.000000000000E+00   0.412500000000E+03   0.137129203714E-11   0.000000000000E+00
  403.   0.286718750000E+03   0.603600937835E-11   0.000000000000E+00   0.413281250000E+03   0.267116651286E-11   0.000000000000E+00
  404.   0.285937500000E+03   0.299125595162E-11   0.000000000000E+00   0.414062500000E+03   0.130480267147E-11   0.000000000000E+00
  405.   0.285156250000E+03   0.600043921065E-11   0.000000000000E+00   0.414843750000E+03   0.253504730532E-11   0.000000000000E+00
  406.   0.284375000000E+03   0.297251230572E-11   0.000000000000E+00   0.415625000000E+03   0.123557239540E-11   0.000000000000E+00
  407.   0.283593750000E+03   0.596142890552E-11   0.000000000000E+00   0.416406250000E+03   0.239375724870E-11   0.000000000000E+00
  408.   0.282812500000E+03   0.295219555060E-11   0.000000000000E+00   0.417187500000E+03   0.116391828835E-11   0.000000000000E+00
  409.   0.282031250000E+03   0.591950234645E-11   0.000000000000E+00   0.417968750000E+03   0.224786286254E-11   0.000000000000E+00
  410.   0.281250000000E+03   0.293053641156E-11   0.000000000000E+00   0.418750000000E+03   0.109009035711E-11   0.000000000000E+00
  411.   0.280468750000E+03   0.587507312911E-11   0.000000000000E+00   0.419531250000E+03   0.209780818318E-11   0.000000000000E+00
  412.   0.279687500000E+03   0.290771956355E-11   0.000000000000E+00   0.420312500000E+03   0.101428238120E-11   0.000000000000E+00
  413.   0.278906250000E+03   0.582847089261E-11   0.000000000000E+00   0.421093750000E+03   0.194394171742E-11   0.000000000000E+00
  414.   0.278125000000E+03   0.288388990197E-11   0.000000000000E+00   0.421875000000E+03   0.936648451698E-12   0.000000000000E+00
  415.   0.277343750000E+03   0.577995981488E-11   0.000000000000E+00   0.422656250000E+03   0.178653738041E-11   0.000000000000E+00
  416.   0.276562500000E+03   0.285916561264E-11   0.000000000000E+00   0.423437500000E+03   0.857308533880E-12   0.000000000000E+00
  417.   0.275781250000E+03   0.572975176193E-11   0.000000000000E+00   0.424218750000E+03   0.162581044416E-11   0.000000000000E+00
  418.   0.275000000000E+03   0.283364063620E-11   0.000000000000E+00   0.425000000000E+03   0.776357949006E-12   0.000000000000E+00
  419.   0.274218750000E+03   0.567801860414E-11   0.000000000000E+00   0.425781250000E+03   0.146193024728E-11   0.000000000000E+00
  420.   0.273437500000E+03   0.280739284052E-11   0.000000000000E+00   0.426562500000E+03   0.693870822125E-12   0.000000000000E+00
  421.   0.272656250000E+03   0.562490100133E-11   0.000000000000E+00   0.427343750000E+03   0.129503078135E-11   0.000000000000E+00
  422.   0.271875000000E+03   0.278048537909E-11   0.000000000000E+00   0.428125000000E+03   0.609906645358E-12   0.000000000000E+00
  423.   0.271093750000E+03   0.557051590409E-11   0.000000000000E+00   0.428906250000E+03   0.112521802401E-11   0.000000000000E+00
  424.   0.270312500000E+03   0.275297146585E-11   0.000000000000E+00   0.429687500000E+03   0.524512173442E-12   0.000000000000E+00
  425.   0.269531250000E+03   0.551496087120E-11   0.000000000000E+00   0.430468750000E+03   0.952577105582E-12   0.000000000000E+00
  426.   0.268750000000E+03   0.272489533411E-11   0.000000000000E+00   0.431250000000E+03   0.437725447400E-12   0.000000000000E+00
  427.   0.267968750000E+03   0.545831969222E-11   0.000000000000E+00   0.432031250000E+03   0.777176553257E-12   0.000000000000E+00
  428.   0.267187500000E+03   0.269629629484E-11   0.000000000000E+00   0.432812500000E+03   0.349577069586E-12   0.000000000000E+00
  429.   0.266406250000E+03   0.540066489365E-11   0.000000000000E+00   0.433593750000E+03   0.599072264989E-12   0.000000000000E+00
  430.   0.265625000000E+03   0.266720742876E-11   0.000000000000E+00   0.434375000000E+03   0.260092039801E-12   0.000000000000E+00
  431.   0.264843750000E+03   0.534206061122E-11   0.000000000000E+00   0.435156250000E+03   0.418309856915E-12   0.000000000000E+00
  432.   0.264062500000E+03   0.263765970341E-11   0.000000000000E+00   0.435937500000E+03   0.169291309140E-12   0.000000000000E+00
  433.   0.263281250000E+03   0.528256479900E-11   0.000000000000E+00   0.436718750000E+03   0.234928209225E-12   0.000000000000E+00
  434.   0.262500000000E+03   0.260767986267E-11   0.000000000000E+00   0.437500000000E+03   0.771924517104E-13   0.000000000000E+00
  435.   0.261718750000E+03   0.522222932279E-11   0.000000000000E+00   0.438281250000E+03   0.489598187082E-13   0.000000000000E+00
  436.   0.260937500000E+03   0.257729267338E-11   0.000000000000E+00   0.439062500000E+03  -0.161894165105E-13   0.000000000000E+00
  437.   0.260156250000E+03   0.516110240908E-11   0.000000000000E+00   0.439843750000E+03  -0.139566925982E-12   0.000000000000E+00
  438.   0.259375000000E+03   0.254652242425E-11   0.000000000000E+00   0.440625000000E+03  -0.110841166174E-12   0.000000000000E+00
  439.   0.258593750000E+03   0.509922939155E-11   0.000000000000E+00   0.441406250000E+03  -0.330626980715E-12   0.000000000000E+00
  440.   0.257812500000E+03   0.251539051694E-11   0.000000000000E+00   0.442187500000E+03  -0.206751110323E-12   0.000000000000E+00
  441.   0.257031250000E+03   0.503665327348E-11   0.000000000000E+00   0.442968750000E+03  -0.524198160150E-12   0.000000000000E+00
  442.   0.256250000000E+03   0.248391696246E-11   0.000000000000E+00   0.443750000000E+03  -0.303908580132E-12   0.000000000000E+00
  443.   0.255468750000E+03   0.497341482218E-11   0.000000000000E+00   0.444531250000E+03  -0.720260159861E-12   0.000000000000E+00
  444.   0.254687500000E+03   0.245212208714E-11   0.000000000000E+00   0.445312500000E+03  -0.402303935475E-12   0.000000000000E+00
  445.   0.253906250000E+03   0.490955294306E-11   0.000000000000E+00   0.446093750000E+03  -0.918793820797E-12   0.000000000000E+00
  446.   0.253125000000E+03   0.242002550228E-11   0.000000000000E+00   0.446875000000E+03  -0.501928015690E-12   0.000000000000E+00
  447.   0.252343750000E+03   0.484510614510E-11   0.000000000000E+00   0.447656250000E+03  -0.111978165039E-11   0.000000000000E+00
  448.   0.251562500000E+03   0.238764607071E-11   0.000000000000E+00   0.448437500000E+03  -0.602772177648E-12   0.000000000000E+00
  449.   0.250781250000E+03   0.478011236369E-11   0.000000000000E+00   0.449218750000E+03  -0.132320659737E-11   0.000000000000E+00
  450.   0.250000000000E+03   0.235500195370E-11   0.000000000000E+00   0.450000000000E+03  -0.704828241676E-12   0.000000000000E+00
  451.   0.249218750000E+03   0.471460718045E-11   0.000000000000E+00   0.450781250000E+03  -0.152905243563E-11   0.000000000000E+00
  452.   0.248437500000E+03   0.232211109935E-11   0.000000000000E+00   0.451562500000E+03  -0.808088358278E-12   0.000000000000E+00
  453.   0.247656250000E+03   0.464862624707E-11   0.000000000000E+00   0.452343750000E+03  -0.173730342324E-11   0.000000000000E+00
  454.   0.246875000000E+03   0.228899083804E-11   0.000000000000E+00   0.453125000000E+03  -0.912544384802E-12   0.000000000000E+00
  455.   0.246093750000E+03   0.458220502402E-11   0.000000000000E+00   0.453906250000E+03  -0.194794406572E-11   0.000000000000E+00
  456.   0.245312500000E+03   0.225565885222E-11   0.000000000000E+00   0.454687500000E+03  -0.101818917219E-11   0.000000000000E+00
  457.   0.244531250000E+03   0.451537855799E-11   0.000000000000E+00   0.455468750000E+03  -0.216095905799E-11   0.000000000000E+00
  458.   0.243750000000E+03   0.222213312764E-11   0.000000000000E+00   0.456250000000E+03  -0.112501459366E-11   0.000000000000E+00
  459.   0.242968750000E+03   0.444818099638E-11   0.000000000000E+00   0.457031250000E+03  -0.237633324019E-11   0.000000000000E+00
  460.   0.242187500000E+03   0.218842943992E-11   0.000000000000E+00   0.457812500000E+03  -0.123301353535E-11   0.000000000000E+00
  461.   0.241406250000E+03   0.438064635986E-11   0.000000000000E+00   0.458593750000E+03  -0.259405174927E-11   0.000000000000E+00
  462.   0.240625000000E+03   0.215456530304E-11   0.000000000000E+00   0.459375000000E+03  -0.134217850452E-11   0.000000000000E+00
  463.   0.239843750000E+03   0.431280861021E-11   0.000000000000E+00   0.460156250000E+03  -0.281409952954E-11   0.000000000000E+00
  464.   0.239062500000E+03   0.212055736648E-11   0.000000000000E+00   0.460937500000E+03  -0.145250201793E-11   0.000000000000E+00
  465.   0.238281250000E+03   0.424470097279E-11   0.000000000000E+00   0.461718750000E+03  -0.303646153642E-11   0.000000000000E+00
  466.   0.237500000000E+03   0.208642254566E-11   0.000000000000E+00   0.462500000000E+03  -0.156397640681E-11   0.000000000000E+00
  467.   0.236718750000E+03   0.417635633423E-11   0.000000000000E+00   0.463281250000E+03  -0.326112295141E-11   0.000000000000E+00
  468.   0.235937500000E+03   0.205217662746E-11   0.000000000000E+00   0.464062500000E+03  -0.167659457533E-11   0.000000000000E+00
  469.   0.235156250000E+03   0.410780812123E-11   0.000000000000E+00   0.464843750000E+03  -0.348806858606E-11   0.000000000000E+00
  470.   0.234375000000E+03   0.201783619054E-11   0.000000000000E+00   0.465625000000E+03  -0.179034864223E-11   0.000000000000E+00
  471.   0.233593750000E+03   0.403908878156E-11   0.000000000000E+00   0.466406250000E+03  -0.371728362553E-11   0.000000000000E+00
  472.   0.232812500000E+03   0.198341749803E-11   0.000000000000E+00   0.467187500000E+03  -0.190523133594E-11   0.000000000000E+00
  473.   0.232031250000E+03   0.397023053276E-11   0.000000000000E+00   0.467968750000E+03  -0.394875256246E-11   0.000000000000E+00
  474.   0.231250000000E+03   0.194893677121E-11   0.000000000000E+00   0.468750000000E+03  -0.202123495948E-11   0.000000000000E+00
  475.   0.230468750000E+03   0.390126600790E-11   0.000000000000E+00   0.469531250000E+03  -0.418246077394E-11   0.000000000000E+00
  476.   0.229687500000E+03   0.191441018540E-11   0.000000000000E+00   0.470312500000E+03  -0.213835195704E-11   0.000000000000E+00
  477.   0.228906250000E+03   0.383222694794E-11   0.000000000000E+00   0.471093750000E+03  -0.441839285991E-11   0.000000000000E+00
  478.   0.228125000000E+03   0.187985314922E-11   0.000000000000E+00   0.471875000000E+03  -0.225657511773E-11   0.000000000000E+00
  479.   0.227343750000E+03   0.376314538012E-11   0.000000000000E+00   0.472656250000E+03  -0.465653340889E-11   0.000000000000E+00
  480.   0.226562500000E+03   0.184528169900E-11   0.000000000000E+00   0.473437500000E+03  -0.237589670269E-11   0.000000000000E+00
  481.   0.225781250000E+03   0.369405280318E-11   0.000000000000E+00   0.474218750000E+03  -0.489686753904E-11   0.000000000000E+00
  482.   0.225000000000E+03   0.181071156581E-11   0.000000000000E+00   0.475000000000E+03  -0.249630883987E-11   0.000000000000E+00
  483.   0.224218750000E+03   0.362498074218E-11   0.000000000000E+00   0.475781250000E+03  -0.513937939145E-11   0.000000000000E+00
  484.   0.223437500000E+03   0.177615838444E-11   0.000000000000E+00   0.476562500000E+03  -0.261780399729E-11   0.000000000000E+00
  485.   0.222656250000E+03   0.355596058291E-11   0.000000000000E+00   0.477343750000E+03  -0.538405404323E-11   0.000000000000E+00
  486.   0.221875000000E+03   0.174163776981E-11   0.000000000000E+00   0.478125000000E+03  -0.274037423716E-11   0.000000000000E+00
  487.   0.221093750000E+03   0.348702351961E-11   0.000000000000E+00   0.478906250000E+03  -0.563087546332E-11   0.000000000000E+00
  488.   0.220312500000E+03   0.170716505898E-11   0.000000000000E+00   0.479687500000E+03  -0.286401191076E-11   0.000000000000E+00
  489.   0.219531250000E+03   0.341820069788E-11   0.000000000000E+00   0.480468750000E+03  -0.587982858551E-11   0.000000000000E+00
  490.   0.218750000000E+03   0.167275599427E-11   0.000000000000E+00   0.481250000000E+03  -0.298870975062E-11   0.000000000000E+00
  491.   0.217968750000E+03   0.334952306030E-11   0.000000000000E+00   0.482031250000E+03  -0.613089785295E-11   0.000000000000E+00
  492.   0.217187500000E+03   0.163842569916E-11   0.000000000000E+00   0.482812500000E+03  -0.311445983601E-11   0.000000000000E+00
  493.   0.216406250000E+03   0.328102165215E-11   0.000000000000E+00   0.483593750000E+03  -0.638406772174E-11   0.000000000000E+00
  494.   0.215625000000E+03   0.160418975224E-11   0.000000000000E+00   0.484375000000E+03  -0.324125396176E-11   0.000000000000E+00
  495.   0.214843750000E+03   0.321272736685E-11   0.000000000000E+00   0.485156250000E+03  -0.663932265855E-11   0.000000000000E+00
  496.   0.214062500000E+03   0.157006338274E-11   0.000000000000E+00   0.485937500000E+03  -0.336908493748E-11   0.000000000000E+00
  497.   0.213281250000E+03   0.314467176762E-11   0.000000000000E+00   0.486718750000E+03  -0.689664681396E-11   0.000000000000E+00
  498.   0.212500000000E+03   0.153606307837E-11   0.000000000000E+00   0.487500000000E+03  -0.349794440171E-11   0.000000000000E+00
  499.   0.211718750000E+03   0.307688622574E-11   0.000000000000E+00   0.488281250000E+03  -0.715602435492E-11   0.000000000000E+00
  500.   0.210937500000E+03   0.150220356483E-11   0.000000000000E+00   0.489062500000E+03  -0.362782461772E-11   0.000000000000E+00
  501.   0.210156250000E+03   0.300940273957E-11   0.000000000000E+00   0.489843750000E+03  -0.741743990825E-11   0.000000000000E+00
  502.   0.209375000000E+03   0.146850136076E-11   0.000000000000E+00   0.490625000000E+03  -0.375871846761E-11   0.000000000000E+00
  503.   0.208593750000E+03   0.294225383641E-11   0.000000000000E+00   0.491406250000E+03  -0.768087742315E-11   0.000000000000E+00
  504.   0.207812500000E+03   0.143497288436E-11   0.000000000000E+00   0.492187500000E+03  -0.389061657053E-11   0.000000000000E+00
  505.   0.207031250000E+03   0.287547313304E-11   0.000000000000E+00   0.492968750000E+03  -0.794632193353E-11   0.000000000000E+00
  506.   0.206250000000E+03   0.140163496921E-11   0.000000000000E+00   0.493750000000E+03  -0.402351332989E-11   0.000000000000E+00
  507.   0.205468750000E+03   0.280909518561E-11   0.000000000000E+00   0.494531250000E+03  -0.821375696178E-11   0.000000000000E+00
  508.   0.204687500000E+03   0.136850531166E-11   0.000000000000E+00   0.495312500000E+03  -0.415739923478E-11   0.000000000000E+00
  509.   0.203906250000E+03   0.274315619642E-11   0.000000000000E+00   0.496093750000E+03  -0.848316650365E-11   0.000000000000E+00
  510.   0.203125000000E+03   0.133560204077E-11   0.000000000000E+00   0.496875000000E+03  -0.429226682168E-11   0.000000000000E+00
  511.   0.202343750000E+03   0.267769464769E-11   0.000000000000E+00   0.497656250000E+03  -0.875453641885E-11   0.000000000000E+00
  512.   0.201562500000E+03   0.130294528773E-11   0.000000000000E+00   0.498437500000E+03  -0.442810891340E-11   0.000000000000E+00
  513.   0.200781250000E+03   0.261275181740E-11   0.000000000000E+00   0.499218750000E+03  -0.902785023710E-11   0.000000000000E+00
  514.   0.200000000000E+03   0.127055659261E-11   0.000000000000E+00   0.500000000000E+03  -0.456491647069E-11   0.000000000000E+00
  515.   0.199218750000E+03   0.254837305330E-11   0.000000000000E+00   0.500781250000E+03  -0.930309165089E-11   0.000000000000E+00
  516.   0.198437500000E+03   0.123845939227E-11   0.000000000000E+00   0.501562500000E+03  -0.470268269875E-11   0.000000000000E+00
  517.   0.197656250000E+03   0.248460845140E-11   0.000000000000E+00   0.502343750000E+03  -0.958024578561E-11   0.000000000000E+00
  518.   0.196875000000E+03   0.120667995399E-11   0.000000000000E+00   0.503125000000E+03  -0.484139974066E-11   0.000000000000E+00
  519.   0.196093750000E+03   0.242151481396E-11   0.000000000000E+00   0.503906250000E+03  -0.985929731098E-11   0.000000000000E+00
  520.   0.195312500000E+03   0.117524826577E-11   0.000000000000E+00   0.504687500000E+03  -0.498105974030E-11   0.000000000000E+00
  521.   0.194531250000E+03   0.235915668786E-11   0.000000000000E+00   0.505468750000E+03  -0.101402308473E-10   0.000000000000E+00
  522.   0.193750000000E+03   0.114419952748E-11   0.000000000000E+00   0.506250000000E+03  -0.512165528521E-11   0.000000000000E+00
  523.   0.192968750000E+03   0.229761079705E-11   0.000000000000E+00   0.507031250000E+03  -0.104230298857E-10   0.000000000000E+00
  524.   0.192187500000E+03   0.111357487073E-11   0.000000000000E+00   0.507812500000E+03  -0.526317801850E-11   0.000000000000E+00
  525.   0.191406250000E+03   0.223696749615E-11   0.000000000000E+00   0.508593750000E+03  -0.107076798595E-10   0.000000000000E+00
  526.   0.190625000000E+03   0.108342298320E-11   0.000000000000E+00   0.509375000000E+03  -0.540562098978E-11   0.000000000000E+00
  527.   0.189843750000E+03   0.217733530351E-11   0.000000000000E+00   0.510156250000E+03  -0.109941648191E-10   0.000000000000E+00
  528.   0.189062500000E+03   0.105380358422E-11   0.000000000000E+00   0.510937500000E+03  -0.554897545785E-11   0.000000000000E+00
  529.   0.188281250000E+03   0.211884651120E-11   0.000000000000E+00   0.511718750000E+03  -0.112824697127E-10   0.000000000000E+00
  530.   0.187500000000E+03   0.102478947670E-11   0.000000000000E+00   0.512500000000E+03  -0.569323495228E-11   0.000000000000E+00
  531.   0.186718750000E+03   0.206166430364E-11   0.000000000000E+00   0.513281250000E+03  -0.115725796471E-10   0.000000000000E+00
  532.   0.185937500000E+03   0.996470524338E-12   0.000000000000E+00   0.514062500000E+03  -0.583839117109E-11   0.000000000000E+00
  533.   0.185156250000E+03   0.200599112985E-11   0.000000000000E+00   0.514843750000E+03  -0.118644791920E-10   0.000000000000E+00
  534.   0.184375000000E+03   0.968959253892E-12   0.000000000000E+00   0.515625000000E+03  -0.598443715865E-11   0.000000000000E+00
  535.   0.183593750000E+03   0.195208044275E-11   0.000000000000E+00   0.516406250000E+03  -0.121581532683E-10   0.000000000000E+00
  536.   0.182812500000E+03   0.942396338944E-12   0.000000000000E+00   0.517187500000E+03  -0.613136486919E-11   0.000000000000E+00
  537.   0.182031250000E+03   0.190025153054E-11   0.000000000000E+00   0.517968750000E+03  -0.124535863539E-10   0.000000000000E+00
  538.   0.181250000000E+03   0.916959908440E-12   0.000000000000E+00   0.518750000000E+03  -0.627916738714E-11   0.000000000000E+00
  539.   0.180468750000E+03   0.185090813827E-11   0.000000000000E+00   0.519531250000E+03  -0.127507641959E-10   0.000000000000E+00
  540.   0.179687500000E+03   0.892875558855E-12   0.000000000000E+00   0.520312500000E+03  -0.642783646502E-11   0.000000000000E+00
  541.   0.178906250000E+03   0.180456389232E-11   0.000000000000E+00   0.521093750000E+03  -0.130496718784E-10   0.000000000000E+00
  542.   0.178125000000E+03   0.870430859597E-12   0.000000000000E+00   0.521875000000E+03  -0.657736516196E-11   0.000000000000E+00
  543.   0.177343750000E+03   0.176187353516E-11   0.000000000000E+00   0.522656250000E+03  -0.133502934119E-10   0.000000000000E+00
  544.   0.176562500000E+03   0.849992940499E-12   0.000000000000E+00   0.523437500000E+03  -0.672774698734E-11   0.000000000000E+00
  545.   0.175781250000E+03   0.172367447743E-11   0.000000000000E+00   0.524218750000E+03  -0.136526140288E-10   0.000000000000E+00
  546.   0.175000000000E+03   0.832031701681E-12   0.000000000000E+00   0.525000000000E+03  -0.687897070130E-11   0.000000000000E+00
  547.   0.174218750000E+03   0.169103970964E-11   0.000000000000E+00   0.525781250000E+03  -0.139566189113E-10   0.000000000000E+00
  548.   0.173437500000E+03   0.817149788961E-12   0.000000000000E+00   0.526562500000E+03  -0.703103294931E-11   0.000000000000E+00
  549.   0.172656250000E+03   0.166534579519E-11   0.000000000000E+00   0.527343750000E+03  -0.142622929420E-10   0.000000000000E+00
  550.   0.171875000000E+03   0.806120840881E-12   0.000000000000E+00   0.528125000000E+03  -0.718392437598E-11   0.000000000000E+00
  551.   0.171093750000E+03   0.164835959932E-11   0.000000000000E+00   0.528906250000E+03  -0.145696209016E-10   0.000000000000E+00
  552.   0.170312500000E+03   0.799937787134E-12   0.000000000000E+00   0.529687500000E+03  -0.733763807106E-11   0.000000000000E+00
  553.   0.169531250000E+03   0.164234797653E-11   0.000000000000E+00   0.530468750000E+03  -0.148785878536E-10   0.000000000000E+00
  554.   0.168750000000E+03   0.799874042106E-12   0.000000000000E+00   0.531250000000E+03  -0.749216556481E-11   0.000000000000E+00
  555.   0.167968750000E+03   0.165021616087E-11   0.000000000000E+00   0.532031250000E+03  -0.151891783541E-10   0.000000000000E+00
  556.   0.167187500000E+03   0.807561153176E-12   0.000000000000E+00   0.532812500000E+03  -0.764749931654E-11   0.000000000000E+00
  557.   0.166406250000E+03   0.167568313789E-11   0.000000000000E+00   0.533593750000E+03  -0.155013757986E-10   0.000000000000E+00
  558.   0.165625000000E+03   0.825085742667E-12   0.000000000000E+00   0.534375000000E+03  -0.780363193329E-11   0.000000000000E+00
  559.   0.164843750000E+03   0.172350201636E-11   0.000000000000E+00   0.535156250000E+03  -0.158151632096E-10   0.000000000000E+00
  560.   0.164062500000E+03   0.855113448461E-12   0.000000000000E+00   0.535937500000E+03  -0.796055201656E-11   0.000000000000E+00
  561.   0.163281250000E+03   0.179974055919E-11   0.000000000000E+00   0.536718750000E+03  -0.161305223682E-10   0.000000000000E+00
  562.   0.162500000000E+03   0.901045134324E-12   0.000000000000E+00   0.537500000000E+03  -0.811825436264E-11   0.000000000000E+00
  563.   0.161718750000E+03   0.191214187615E-11   0.000000000000E+00   0.538281250000E+03  -0.164474373817E-10   0.000000000000E+00
  564.   0.160937500000E+03   0.967221132058E-12   0.000000000000E+00   0.539062500000E+03  -0.827672971290E-11   0.000000000000E+00
  565.   0.160156250000E+03   0.207059656084E-11   0.000000000000E+00   0.539843750000E+03  -0.167658867496E-10   0.000000000000E+00
  566.   0.159375000000E+03   0.105918867560E-11   0.000000000000E+00   0.540625000000E+03  -0.843596281151E-11   0.000000000000E+00
  567.   0.158593750000E+03   0.228777155879E-11   0.000000000000E+00   0.541406250000E+03  -0.170858481909E-10   0.000000000000E+00
  568.   0.157812500000E+03   0.118406320722E-11   0.000000000000E+00   0.542187500000E+03  -0.859594644755E-11   0.000000000000E+00
  569.   0.157031250000E+03   0.257996289991E-11   0.000000000000E+00   0.542968750000E+03  -0.174072971021E-10   0.000000000000E+00
  570.   0.156250000000E+03   0.135101940242E-11   0.000000000000E+00   0.543750000000E+03  -0.875666690222E-11   0.000000000000E+00
  571.   0.155468750000E+03   0.296826287653E-11   0.000000000000E+00   0.544531250000E+03  -0.177302083815E-10   0.000000000000E+00
  572.   0.154687500000E+03   0.157196776543E-11   0.000000000000E+00   0.545312500000E+03  -0.891810998459E-11   0.000000000000E+00
  573.   0.153906250000E+03   0.348015901645E-11   0.000000000000E+00   0.546093750000E+03  -0.180545503340E-10   0.000000000000E+00
  574.   0.153125000000E+03   0.186247846928E-11   0.000000000000E+00   0.546875000000E+03  -0.908025692084E-11   0.000000000000E+00
  575.   0.152343750000E+03   0.415169954868E-11   0.000000000000E+00   0.547656250000E+03  -0.183802869200E-10   0.000000000000E+00
  576.   0.151562500000E+03   0.224302452049E-11   0.000000000000E+00   0.548437500000E+03  -0.924309150244E-11   0.000000000000E+00
  577.   0.150781250000E+03   0.503036055095E-11   0.000000000000E+00   0.549218750000E+03  -0.187073753206E-10   0.000000000000E+00
  578.   0.150000000000E+03   0.274060992131E-11   0.000000000000E+00   0.550000000000E+03  -0.940659053688E-11   0.000000000000E+00
  579.   0.149218750000E+03   0.617870925837E-11   0.000000000000E+00   0.550781250000E+03  -0.190357609515E-10   0.000000000000E+00
  580.   0.148437500000E+03   0.339081064071E-11   0.000000000000E+00   0.551562500000E+03  -0.957072150472E-11   0.000000000000E+00
  581.   0.147656250000E+03   0.767885952828E-11   0.000000000000E+00   0.552343750000E+03  -0.193653758064E-10   0.000000000000E+00
  582.   0.146875000000E+03   0.424019488839E-11   0.000000000000E+00   0.553125000000E+03  -0.973544447449E-11   0.000000000000E+00
  583.   0.146093750000E+03   0.963753955505E-11   0.000000000000E+00   0.553906250000E+03  -0.196961297214E-10   0.000000000000E+00
  584.   0.145312500000E+03   0.534897603807E-11   0.000000000000E+00   0.554687500000E+03  -0.990071286395E-11   0.000000000000E+00
  585.   0.144531250000E+03   0.121913466074E-10   0.000000000000E+00   0.555468750000E+03  -0.200279006441E-10   0.000000000000E+00
  586.   0.143750000000E+03   0.679361352886E-11   0.000000000000E+00   0.556250000000E+03  -0.100664532338E-10   0.000000000000E+00
  587.   0.142968750000E+03   0.155114935612E-10   0.000000000000E+00   0.557031250000E+03  -0.203605280275E-10   0.000000000000E+00
  588.   0.142187500000E+03   0.866894447531E-11   0.000000000000E+00   0.557812500000E+03  -0.102325763631E-10   0.000000000000E+00
  589.   0.141406250000E+03   0.198071930206E-10   0.000000000000E+00   0.558593750000E+03  -0.206938003588E-10   0.000000000000E+00
  590.   0.140625000000E+03   0.110893987847E-10   0.000000000000E+00   0.559375000000E+03  -0.103989575171E-10   0.000000000000E+00
  591.   0.139843750000E+03   0.253270256884E-10   0.000000000000E+00   0.560156250000E+03  -0.210274407504E-10   0.000000000000E+00
  592.   0.139062500000E+03   0.141890797401E-10   0.000000000000E+00   0.560937500000E+03  -0.105654452485E-10   0.000000000000E+00
  593.   0.138281250000E+03   0.323586051415E-10   0.000000000000E+00   0.561718750000E+03  -0.213611097891E-10   0.000000000000E+00
  594.   0.137500000000E+03   0.181212294834E-10   0.000000000000E+00   0.562500000000E+03  -0.107318532299E-10   0.000000000000E+00
  595.   0.136718750000E+03   0.412291393208E-10   0.000000000000E+00   0.563281250000E+03  -0.216944102753E-10   0.000000000000E+00
  596.   0.135937500000E+03   0.230591599090E-10   0.000000000000E+00   0.564062500000E+03  -0.108979687289E-10   0.000000000000E+00
  597.   0.135156250000E+03   0.523137383995E-10   0.000000000000E+00   0.564843750000E+03  -0.220269147834E-10   0.000000000000E+00
  598.   0.134375000000E+03   0.292034371627E-10   0.000000000000E+00   0.565625000000E+03  -0.110635757986E-10   0.000000000000E+00
  599.   0.133593750000E+03   0.660650446310E-10   0.000000000000E+00   0.566406250000E+03  -0.223582158142E-10   0.000000000000E+00
  600.   0.132812500000E+03   0.368041679674E-10   0.000000000000E+00   0.567187500000E+03  -0.112284835368E-10   0.000000000000E+00
  601.   0.132031250000E+03   0.830869652818E-10   0.000000000000E+00   0.567968750000E+03  -0.226879906647E-10   0.000000000000E+00
  602.   0.131250000000E+03   0.462124449955E-10   0.000000000000E+00   0.568750000000E+03  -0.113925663753E-10   0.000000000000E+00
  603.   0.130468750000E+03   0.104285752835E-09   0.000000000000E+00   0.569531250000E+03  -0.230160660250E-10   0.000000000000E+00
  604.   0.129687500000E+03   0.579803616643E-10   0.000000000000E+00   0.570312500000E+03  -0.115557794122E-10   0.000000000000E+00
  605.   0.128906250000E+03   0.131139878034E-09   0.000000000000E+00   0.571093750000E+03  -0.233424310432E-10   0.000000000000E+00
  606.   0.128125000000E+03   0.730319632101E-10   0.000000000000E+00   0.571875000000E+03  -0.117181618858E-10   0.000000000000E+00
  607.   0.127343750000E+03   0.166128742397E-09   0.000000000000E+00   0.572656250000E+03  -0.236670906852E-10   0.000000000000E+00
  608.   0.126562500000E+03   0.929232569414E-10   0.000000000000E+00   0.573437500000E+03  -0.118796979447E-10   0.000000000000E+00
  609.   0.125781250000E+03   0.213336481060E-09   0.000000000000E+00   0.574218750000E+03  -0.239896243613E-10   0.000000000000E+00
  610.   0.125000000000E+03   0.120189643517E-09   0.000000000000E+00   0.575000000000E+03  -0.120399961557E-10   0.000000000000E+00
  611.   0.124218750000E+03   0.279182575972E-09   0.000000000000E+00   0.575781250000E+03  -0.243082102254E-10   0.000000000000E+00
  612.   0.123437500000E+03   0.158734019226E-09   0.000000000000E+00   0.576562500000E+03  -0.121976425862E-10   0.000000000000E+00
  613.   0.122656250000E+03   0.373105787152E-09   0.000000000000E+00   0.577343750000E+03  -0.246179085909E-10   0.000000000000E+00
  614.   0.121875000000E+03   0.214126197442E-09   0.000000000000E+00   0.578125000000E+03  -0.123491097544E-10   0.000000000000E+00
  615.   0.121093750000E+03   0.507839719202E-09   0.000000000000E+00   0.578906250000E+03  -0.249080144172E-10   0.000000000000E+00
  616.   0.120312500000E+03   0.293579333795E-09   0.000000000000E+00   0.579687500000E+03  -0.124871967863E-10   0.000000000000E+00
  617.   0.119531250000E+03   0.698703652574E-09   0.000000000000E+00   0.580468750000E+03  -0.251585826364E-10   0.000000000000E+00
  618.   0.118750000000E+03   0.405248885954E-09   0.000000000000E+00   0.581250000000E+03  -0.125990930323E-10   0.000000000000E+00
  619.   0.117968750000E+03   0.961245116107E-09   0.000000000000E+00   0.582031250000E+03  -0.253367016408E-10   0.000000000000E+00
  620.   0.117187500000E+03   0.556566230162E-09   0.000000000000E+00   0.582812500000E+03  -0.126645555521E-10   0.000000000000E+00
  621.   0.116406250000E+03   0.130671555689E-08   0.000000000000E+00   0.583593750000E+03  -0.253938886006E-10   0.000000000000E+00
  622.   0.115625000000E+03   0.751319449997E-09   0.000000000000E+00   0.584375000000E+03  -0.126551274982E-10   0.000000000000E+00
  623.   0.114843750000E+03   0.173569180490E-08   0.000000000000E+00   0.585156250000E+03  -0.252669583602E-10   0.000000000000E+00
  624.   0.114062500000E+03   0.986316356200E-09   0.000000000000E+00   0.585937500000E+03  -0.125358120594E-10   0.000000000000E+00
  625.   0.113281250000E+03   0.223027431901E-08   0.000000000000E+00   0.586718750000E+03  -0.248854215965E-10   0.000000000000E+00
  626.   0.112500000000E+03   0.124659934608E-08   0.000000000000E+00   0.587500000000E+03  -0.122708269352E-10   0.000000000000E+00
  627.   0.111718750000E+03   0.274814956533E-08   0.000000000000E+00   0.588281250000E+03  -0.241885617804E-10   0.000000000000E+00
  628.   0.110937500000E+03   0.150546593368E-08   0.000000000000E+00   0.589062500000E+03  -0.118350335499E-10   0.000000000000E+00
  629.   0.110156250000E+03   0.321219911657E-08   0.000000000000E+00   0.589843750000E+03  -0.231540900848E-10   0.000000000000E+00
  630.   0.109375000000E+03   0.171103602832E-08   0.000000000000E+00   0.590625000000E+03  -0.112310722105E-10   0.000000000000E+00
  631.   0.108593750000E+03   0.351680017634E-08   0.000000000000E+00   0.591406250000E+03  -0.218382092612E-10   0.000000000000E+00
  632.   0.107812500000E+03   0.181503659989E-08   0.000000000000E+00   0.592187500000E+03  -0.105129006947E-10   0.000000000000E+00
  633.   0.107031250000E+03   0.346283368578E-08   0.000000000000E+00   0.592968750000E+03  -0.204209731847E-10   0.000000000000E+00
  634.   0.106250000000E+03   0.165940280412E-08   0.000000000000E+00   0.593750000000E+03  -0.980611383293E-11   0.000000000000E+00
  635.   0.105468750000E+03   0.287826784784E-08   0.000000000000E+00   0.594531250000E+03  -0.192485757543E-10   0.000000000000E+00
  636.   0.104687500000E+03   0.125561846020E-08   0.000000000000E+00   0.595312500000E+03  -0.933712300175E-11   0.000000000000E+00
  637.   0.103906250000E+03   0.919462441360E-09   0.000000000000E+00   0.596093750000E+03  -0.188161452607E-10   0.000000000000E+00
  638.   0.103125000000E+03  -0.896519533186E-10   0.000000000000E+00   0.596875000000E+03  -0.937470001928E-11   0.000000000000E+00
  639.   0.102343750000E+03  -0.253975799015E-08   0.000000000000E+00   0.597656250000E+03  -0.196319957220E-10   0.000000000000E+00
  640.   0.101562500000E+03  -0.279585933172E-08   0.000000000000E+00   0.598437500000E+03  -0.102740310958E-10   0.000000000000E+00
  641.   0.100781250000E+03  -0.121127430607E-07   0.000000000000E+00   0.599218750000E+03  -0.209997160983E-10   0.000000000000E+00
