mode  f_Hz  UX_top  UY_top  UX_bot  UY_bot  UX_mid   [r = RO; extensional: UX_top ~ +UX_bot]
  1.   0.306503940953E-02   0.97823E-10   0.10000E+01  -0.10385E-09   0.10000E+01  -0.30039E-11
  2.   0.826400927814E+02   0.18284E-04  -0.37309E-03  -0.18284E-04  -0.37309E-03   0.52957E-15
  3.   0.380041241322E+03  -0.11167E-04   0.10773E-03   0.11167E-04   0.10773E-03   0.59552E-15
  4.   0.921204028963E+03  -0.65405E-05   0.40007E-04   0.65405E-05   0.40007E-04  -0.97796E-15
  5.   0.166956710464E+04  -0.14110E+00   0.10636E-02  -0.14110E+00  -0.10636E-02  -0.14114E+00
  6.   0.171955163198E+04   0.42688E-05  -0.19052E-04  -0.42688E-05  -0.19052E-04   0.27133E-13
  7.   0.276341739605E+04  -0.31360E-05   0.10994E-04   0.31360E-05   0.10994E-04  -0.40245E-14
  8.   0.403730599817E+04   0.24717E-05  -0.71325E-05  -0.24717E-05  -0.71325E-05   0.94898E-15
  9.   0.429222730174E+04  -0.73537E-02   0.55604E-04  -0.73537E-02  -0.55604E-04  -0.73686E-02
 10.   0.552362221486E+04  -0.20410E-05   0.50045E-05   0.20410E-05   0.50045E-05   0.18688E-14
 11.   0.720408897590E+04   0.17419E-05  -0.37133E-05  -0.17419E-05  -0.37133E-05   0.12766E-12
 12.   0.722832145467E+04   0.21016E-02  -0.15996E-04   0.21016E-02   0.15996E-04   0.21138E-02
 13.   0.906053910530E+04  -0.15246E-05   0.28746E-05   0.15246E-05   0.28746E-05   0.92860E-14
 14.   0.104182316150E+05   0.61026E-03  -0.46947E-05   0.61026E-03   0.46948E-05   0.61773E-03
 15.   0.110754786870E+05   0.13599E-05  -0.22981E-05  -0.13599E-05  -0.22981E-05   0.26177E-13
 16.   0.132324582560E+05  -0.12314E-05   0.18847E-05   0.12314E-05   0.18847E-05   0.22524E-13
 17.   0.136812910665E+05   0.24599E-03  -0.19198E-05   0.24599E-03   0.19198E-05   0.25129E-03
 18.   0.155162871061E+05   0.11295E-05  -0.15788E-05  -0.11295E-05  -0.15788E-05   0.51368E-15
 19.   0.169569429695E+05   0.12038E-03  -0.95605E-06   0.12038E-03   0.95605E-06   0.12447E-03
 20.   0.179131265929E+05  -0.10466E-05   0.13450E-05   0.10466E-05   0.13450E-05   0.70197E-14
 21.   0.202204249820E+05  -0.66732E-04   0.54067E-06  -0.66732E-04  -0.54067E-06  -0.70065E-04
 22.   0.204104964408E+05   0.97936E-06  -0.11635E-05  -0.97936E-06  -0.11635E-05  -0.49000E-13
 23.   0.229972231523E+05  -0.92201E-06   0.10170E-05   0.92201E-06   0.10170E-05   0.45621E-14
 24.   0.234573277041E+05  -0.40287E-04   0.33367E-06  -0.40287E-04  -0.33367E-06  -0.43103E-04
 25.   0.256633529532E+05   0.87327E-06  -0.89748E-06  -0.87327E-06  -0.89748E-06   0.42622E-14
 26.   0.266566052639E+05   0.25856E-04  -0.21936E-06   0.25856E-04   0.21936E-06   0.28300E-04
 27.   0.284000474259E+05  -0.83205E-06   0.79888E-06   0.83205E-06   0.79888E-06   0.38868E-13
 28.   0.298082457285E+05  -0.17367E-04   0.15138E-06  -0.17367E-04  -0.15138E-06  -0.19533E-04
 29.   0.311994679229E+05   0.79705E-06  -0.71638E-06  -0.79705E-06  -0.71638E-06   0.31856E-13
 30.   0.329023581960E+05   0.12069E-04  -0.10871E-06   0.12069E-04   0.10871E-06   0.14019E-04
