i  r_top  QtopRe  QtopIm   [mm, mC]
    1.   0.600000000000E+03  -0.157006858634E-05   0.000000000000E+00
    2.   0.100000000000E+03  -0.261678101945E-06   0.000000000000E+00
    3.   0.596875000000E+03  -0.624756458422E-05   0.000000000000E+00
    4.   0.593750000000E+03  -0.310742741154E-05   0.000000000000E+00
    5.   0.590625000000E+03  -0.618214506190E-05   0.000000000000E+00
    6.   0.587500000000E+03  -0.307471765036E-05   0.000000000000E+00
    7.   0.584375000000E+03  -0.611672553950E-05   0.000000000000E+00
    8.   0.581250000000E+03  -0.304200788915E-05   0.000000000000E+00
    9.   0.578125000000E+03  -0.605130601704E-05   0.000000000000E+00
   10.   0.575000000000E+03  -0.300929812790E-05   0.000000000000E+00
   11.   0.571875000000E+03  -0.598588649452E-05   0.000000000000E+00
   12.   0.568750000000E+03  -0.297658836662E-05   0.000000000000E+00
   13.   0.565625000000E+03  -0.592046697193E-05   0.000000000000E+00
   14.   0.562500000000E+03  -0.294387860531E-05   0.000000000000E+00
   15.   0.559375000000E+03  -0.585504744927E-05   0.000000000000E+00
   16.   0.556250000000E+03  -0.291116884397E-05   0.000000000000E+00
   17.   0.553125000000E+03  -0.578962792656E-05   0.000000000000E+00
   18.   0.550000000000E+03  -0.287845908259E-05   0.000000000000E+00
   19.   0.546875000000E+03  -0.572420840378E-05   0.000000000000E+00
   20.   0.543750000000E+03  -0.284574932119E-05   0.000000000000E+00
   21.   0.540625000000E+03  -0.565878888093E-05   0.000000000000E+00
   22.   0.537500000000E+03  -0.281303955975E-05   0.000000000000E+00
   23.   0.534375000000E+03  -0.559336935803E-05   0.000000000000E+00
   24.   0.531250000000E+03  -0.278032979828E-05   0.000000000000E+00
   25.   0.528125000000E+03  -0.552794983507E-05   0.000000000000E+00
   26.   0.525000000000E+03  -0.274762003679E-05   0.000000000000E+00
   27.   0.521875000000E+03  -0.546253031204E-05   0.000000000000E+00
   28.   0.518750000000E+03  -0.271491027526E-05   0.000000000000E+00
   29.   0.515625000000E+03  -0.539711078896E-05   0.000000000000E+00
   30.   0.512500000000E+03  -0.268220051370E-05   0.000000000000E+00
   31.   0.509375000000E+03  -0.533169126582E-05   0.000000000000E+00
   32.   0.506250000000E+03  -0.264949075212E-05   0.000000000000E+00
   33.   0.503125000000E+03  -0.526627174262E-05   0.000000000000E+00
   34.   0.500000000000E+03  -0.261678099051E-05   0.000000000000E+00
   35.   0.496875000000E+03  -0.520085221937E-05   0.000000000000E+00
   36.   0.493750000000E+03  -0.258407122886E-05   0.000000000000E+00
   37.   0.490625000000E+03  -0.513543269606E-05   0.000000000000E+00
   38.   0.487500000000E+03  -0.255136146720E-05   0.000000000000E+00
   39.   0.484375000000E+03  -0.507001317269E-05   0.000000000000E+00
   40.   0.481250000000E+03  -0.251865170550E-05   0.000000000000E+00
   41.   0.478125000000E+03  -0.500459364927E-05   0.000000000000E+00
   42.   0.475000000000E+03  -0.248594194377E-05   0.000000000000E+00
   43.   0.471875000000E+03  -0.493917412579E-05   0.000000000000E+00
   44.   0.468750000000E+03  -0.245323218202E-05   0.000000000000E+00
   45.   0.465625000000E+03  -0.487375460227E-05   0.000000000000E+00
   46.   0.462500000000E+03  -0.242052242025E-05   0.000000000000E+00
   47.   0.459375000000E+03  -0.480833507868E-05   0.000000000000E+00
   48.   0.456250000000E+03  -0.238781265844E-05   0.000000000000E+00
   49.   0.453125000000E+03  -0.474291555505E-05   0.000000000000E+00
   50.   0.450000000000E+03  -0.235510289661E-05   0.000000000000E+00
   51.   0.446875000000E+03  -0.467749603137E-05   0.000000000000E+00
   52.   0.443750000000E+03  -0.232239313476E-05   0.000000000000E+00
   53.   0.440625000000E+03  -0.461207650763E-05   0.000000000000E+00
   54.   0.437500000000E+03  -0.228968337288E-05   0.000000000000E+00
   55.   0.434375000000E+03  -0.454665698385E-05   0.000000000000E+00
   56.   0.431250000000E+03  -0.225697361097E-05   0.000000000000E+00
   57.   0.428125000000E+03  -0.448123746001E-05   0.000000000000E+00
   58.   0.425000000000E+03  -0.222426384904E-05   0.000000000000E+00
   59.   0.421875000000E+03  -0.441581793613E-05   0.000000000000E+00
   60.   0.418750000000E+03  -0.219155408709E-05   0.000000000000E+00
   61.   0.415625000000E+03  -0.435039841220E-05   0.000000000000E+00
   62.   0.412500000000E+03  -0.215884432511E-05   0.000000000000E+00
   63.   0.409375000000E+03  -0.428497888822E-05   0.000000000000E+00
   64.   0.406250000000E+03  -0.212613456311E-05   0.000000000000E+00
   65.   0.403125000000E+03  -0.421955936420E-05   0.000000000000E+00
   66.   0.400000000000E+03  -0.209342480109E-05   0.000000000000E+00
   67.   0.396875000000E+03  -0.415413984013E-05   0.000000000000E+00
   68.   0.393750000000E+03  -0.206071503904E-05   0.000000000000E+00
   69.   0.390625000000E+03  -0.408872031602E-05   0.000000000000E+00
   70.   0.387500000000E+03  -0.202800527698E-05   0.000000000000E+00
   71.   0.384375000000E+03  -0.402330079186E-05   0.000000000000E+00
   72.   0.381250000000E+03  -0.199529551489E-05   0.000000000000E+00
   73.   0.378125000000E+03  -0.395788126766E-05   0.000000000000E+00
   74.   0.375000000000E+03  -0.196258575277E-05   0.000000000000E+00
   75.   0.371875000000E+03  -0.389246174341E-05   0.000000000000E+00
   76.   0.368750000000E+03  -0.192987599064E-05   0.000000000000E+00
   77.   0.365625000000E+03  -0.382704221913E-05   0.000000000000E+00
   78.   0.362500000000E+03  -0.189716622849E-05   0.000000000000E+00
   79.   0.359375000000E+03  -0.376162269480E-05   0.000000000000E+00
   80.   0.356250000000E+03  -0.186445646631E-05   0.000000000000E+00
   81.   0.353125000000E+03  -0.369620317043E-05   0.000000000000E+00
   82.   0.350000000000E+03  -0.183174670412E-05   0.000000000000E+00
   83.   0.346875000000E+03  -0.363078364602E-05   0.000000000000E+00
   84.   0.343750000000E+03  -0.179903694191E-05   0.000000000000E+00
   85.   0.340625000000E+03  -0.356536412158E-05   0.000000000000E+00
   86.   0.337500000000E+03  -0.176632717967E-05   0.000000000000E+00
   87.   0.334375000000E+03  -0.349994459709E-05   0.000000000000E+00
   88.   0.331250000000E+03  -0.173361741742E-05   0.000000000000E+00
   89.   0.328125000000E+03  -0.343452507257E-05   0.000000000000E+00
   90.   0.325000000000E+03  -0.170090765515E-05   0.000000000000E+00
   91.   0.321875000000E+03  -0.336910554800E-05   0.000000000000E+00
   92.   0.318750000000E+03  -0.166819789286E-05   0.000000000000E+00
   93.   0.315625000000E+03  -0.330368602341E-05   0.000000000000E+00
   94.   0.312500000000E+03  -0.163548813055E-05   0.000000000000E+00
   95.   0.309375000000E+03  -0.323826649877E-05   0.000000000000E+00
   96.   0.306250000000E+03  -0.160277836823E-05   0.000000000000E+00
   97.   0.303125000000E+03  -0.317284697411E-05   0.000000000000E+00
   98.   0.300000000000E+03  -0.157006860588E-05   0.000000000000E+00
   99.   0.296875000000E+03  -0.310742744940E-05   0.000000000000E+00
  100.   0.293750000000E+03  -0.153735884352E-05   0.000000000000E+00
  101.   0.290625000000E+03  -0.304200792467E-05   0.000000000000E+00
  102.   0.287500000000E+03  -0.150464908115E-05   0.000000000000E+00
  103.   0.284375000000E+03  -0.297658839990E-05   0.000000000000E+00
  104.   0.281250000000E+03  -0.147193931875E-05   0.000000000000E+00
  105.   0.278125000000E+03  -0.291116887510E-05   0.000000000000E+00
  106.   0.275000000000E+03  -0.143922955635E-05   0.000000000000E+00
  107.   0.271875000000E+03  -0.284574935027E-05   0.000000000000E+00
  108.   0.268750000000E+03  -0.140651979392E-05   0.000000000000E+00
  109.   0.265625000000E+03  -0.278032982540E-05   0.000000000000E+00
  110.   0.262500000000E+03  -0.137381003148E-05   0.000000000000E+00
  111.   0.259375000000E+03  -0.271491030051E-05   0.000000000000E+00
  112.   0.256250000000E+03  -0.134110026903E-05   0.000000000000E+00
  113.   0.253125000000E+03  -0.264949077559E-05   0.000000000000E+00
  114.   0.250000000000E+03  -0.130839050656E-05   0.000000000000E+00
  115.   0.246875000000E+03  -0.258407125064E-05   0.000000000000E+00
  116.   0.243750000000E+03  -0.127568074408E-05   0.000000000000E+00
  117.   0.240625000000E+03  -0.251865172566E-05   0.000000000000E+00
  118.   0.237500000000E+03  -0.124297098158E-05   0.000000000000E+00
  119.   0.234375000000E+03  -0.245323220065E-05   0.000000000000E+00
  120.   0.231250000000E+03  -0.121026121907E-05   0.000000000000E+00
  121.   0.228125000000E+03  -0.238781267562E-05   0.000000000000E+00
  122.   0.225000000000E+03  -0.117755145655E-05   0.000000000000E+00
  123.   0.221875000000E+03  -0.232239315056E-05   0.000000000000E+00
  124.   0.218750000000E+03  -0.114484169401E-05   0.000000000000E+00
  125.   0.215625000000E+03  -0.225697362548E-05   0.000000000000E+00
  126.   0.212500000000E+03  -0.111213193147E-05   0.000000000000E+00
  127.   0.209375000000E+03  -0.219155410037E-05   0.000000000000E+00
  128.   0.206250000000E+03  -0.107942216891E-05   0.000000000000E+00
  129.   0.203125000000E+03  -0.212613457524E-05   0.000000000000E+00
  130.   0.200000000000E+03  -0.104671240633E-05   0.000000000000E+00
  131.   0.196875000000E+03  -0.206071505008E-05   0.000000000000E+00
  132.   0.193750000000E+03  -0.101400264375E-05   0.000000000000E+00
  133.   0.190625000000E+03  -0.199529552491E-05   0.000000000000E+00
  134.   0.187500000000E+03  -0.981292881157E-06   0.000000000000E+00
  135.   0.184375000000E+03  -0.192987599971E-05   0.000000000000E+00
  136.   0.181250000000E+03  -0.948583118553E-06   0.000000000000E+00
  137.   0.178125000000E+03  -0.186445647449E-05   0.000000000000E+00
  138.   0.175000000000E+03  -0.915873355938E-06   0.000000000000E+00
  139.   0.171875000000E+03  -0.179903694925E-05   0.000000000000E+00
  140.   0.168750000000E+03  -0.883163593313E-06   0.000000000000E+00
  141.   0.165625000000E+03  -0.173361742399E-05   0.000000000000E+00
  142.   0.162500000000E+03  -0.850453830679E-06   0.000000000000E+00
  143.   0.159375000000E+03  -0.166819789871E-05   0.000000000000E+00
  144.   0.156250000000E+03  -0.817744068036E-06   0.000000000000E+00
  145.   0.153125000000E+03  -0.160277837342E-05   0.000000000000E+00
  146.   0.150000000000E+03  -0.785034305384E-06   0.000000000000E+00
  147.   0.146875000000E+03  -0.153735884811E-05   0.000000000000E+00
  148.   0.143750000000E+03  -0.752324542723E-06   0.000000000000E+00
  149.   0.140625000000E+03  -0.147193932278E-05   0.000000000000E+00
  150.   0.137500000000E+03  -0.719614780054E-06   0.000000000000E+00
  151.   0.134375000000E+03  -0.140651979743E-05   0.000000000000E+00
  152.   0.131250000000E+03  -0.686905017378E-06   0.000000000000E+00
  153.   0.128125000000E+03  -0.134110027207E-05   0.000000000000E+00
  154.   0.125000000000E+03  -0.654195254694E-06   0.000000000000E+00
  155.   0.121875000000E+03  -0.127568074670E-05   0.000000000000E+00
  156.   0.118750000000E+03  -0.621485492003E-06   0.000000000000E+00
  157.   0.115625000000E+03  -0.121026122131E-05   0.000000000000E+00
  158.   0.112500000000E+03  -0.588775729305E-06   0.000000000000E+00
  159.   0.109375000000E+03  -0.114484169591E-05   0.000000000000E+00
  160.   0.106250000000E+03  -0.556065966601E-06   0.000000000000E+00
  161.   0.103125000000E+03  -0.107942217049E-05   0.000000000000E+00
