i  r_top  QtopRe  QtopIm  r_bot  QbotRe  QbotIm   [mm, mC]
    1.   0.600000000000E+03  -0.537429867696E-09   0.000000000000E+00   0.100000000000E+03   0.525628481340E-10   0.000000000000E+00
    2.   0.100000000000E+03   0.525628465165E-10   0.000000000000E+00   0.600000000000E+03  -0.537429867459E-09   0.000000000000E+00
    3.   0.598437500000E+03  -0.213588484381E-08   0.000000000000E+00   0.101562500000E+03   0.212946247058E-09   0.000000000000E+00
    4.   0.596875000000E+03  -0.106827715689E-08   0.000000000000E+00   0.103125000000E+03   0.108459343504E-09   0.000000000000E+00
    5.   0.595312500000E+03  -0.213146623909E-08   0.000000000000E+00   0.104687500000E+03   0.220088880453E-09   0.000000000000E+00
    6.   0.593750000000E+03  -0.105645262227E-08   0.000000000000E+00   0.106250000000E+03   0.110924307708E-09   0.000000000000E+00
    7.   0.592187500000E+03  -0.210879512966E-08   0.000000000000E+00   0.107812500000E+03   0.224850711702E-09   0.000000000000E+00
    8.   0.590625000000E+03  -0.104709431053E-08   0.000000000000E+00   0.109375000000E+03   0.113399783789E-09   0.000000000000E+00
    9.   0.589062500000E+03  -0.208302899766E-08   0.000000000000E+00   0.110937500000E+03   0.228899451533E-09   0.000000000000E+00
   10.   0.587500000000E+03  -0.103358353293E-08   0.000000000000E+00   0.112500000000E+03   0.115270221771E-09   0.000000000000E+00
   11.   0.585937500000E+03  -0.205468504803E-08   0.000000000000E+00   0.114062500000E+03   0.232354261746E-09   0.000000000000E+00
   12.   0.584375000000E+03  -0.101919878533E-08   0.000000000000E+00   0.115625000000E+03   0.116900655048E-09   0.000000000000E+00
   13.   0.582812500000E+03  -0.202492935578E-08   0.000000000000E+00   0.117187500000E+03   0.235380570053E-09   0.000000000000E+00
   14.   0.581250000000E+03  -0.100403313559E-08   0.000000000000E+00   0.118750000000E+03   0.118317458529E-09   0.000000000000E+00
   15.   0.579687500000E+03  -0.199422363915E-08   0.000000000000E+00   0.120312500000E+03   0.238054326790E-09   0.000000000000E+00
   16.   0.578125000000E+03  -0.988517620319E-09   0.000000000000E+00   0.121875000000E+03   0.119576887273E-09   0.000000000000E+00
   17.   0.576562500000E+03  -0.196297383255E-08   0.000000000000E+00   0.123437500000E+03   0.240436379105E-09   0.000000000000E+00
   18.   0.575000000000E+03  -0.972797163584E-09   0.000000000000E+00   0.125000000000E+03   0.120701121188E-09   0.000000000000E+00
   19.   0.573437500000E+03  -0.193142988914E-08   0.000000000000E+00   0.126562500000E+03   0.242564602634E-09   0.000000000000E+00
   20.   0.571875000000E+03  -0.956984525261E-09   0.000000000000E+00   0.128125000000E+03   0.121706539378E-09   0.000000000000E+00
   21.   0.570312500000E+03  -0.189976369783E-08   0.000000000000E+00   0.129687500000E+03   0.244464410617E-09   0.000000000000E+00
   22.   0.568750000000E+03  -0.941145172934E-09   0.000000000000E+00   0.131250000000E+03   0.122602791034E-09   0.000000000000E+00
   23.   0.567187500000E+03  -0.186808586794E-08   0.000000000000E+00   0.132812500000E+03   0.246151843792E-09   0.000000000000E+00
   24.   0.565625000000E+03  -0.925322491025E-09   0.000000000000E+00   0.134375000000E+03   0.123396054598E-09   0.000000000000E+00
   25.   0.564062500000E+03  -0.183646832211E-08   0.000000000000E+00   0.135937500000E+03   0.247636901912E-09   0.000000000000E+00
   26.   0.562500000000E+03  -0.909544173827E-09   0.000000000000E+00   0.137500000000E+03   0.124090050209E-09   0.000000000000E+00
   27.   0.560937500000E+03  -0.180495729124E-08   0.000000000000E+00   0.139062500000E+03   0.248925526850E-09   0.000000000000E+00
   28.   0.559375000000E+03  -0.893828194640E-09   0.000000000000E+00   0.140625000000E+03   0.124686940751E-09   0.000000000000E+00
   29.   0.557812500000E+03  -0.177358259470E-08   0.000000000000E+00   0.142187500000E+03   0.250021032070E-09   0.000000000000E+00
   30.   0.556250000000E+03  -0.878186237700E-09   0.000000000000E+00   0.143750000000E+03   0.125187856067E-09   0.000000000000E+00
   31.   0.554687500000E+03  -0.174236357903E-08   0.000000000000E+00   0.145312500000E+03   0.250924999754E-09   0.000000000000E+00
   32.   0.553125000000E+03  -0.862625897609E-09   0.000000000000E+00   0.146875000000E+03   0.125593248811E-09   0.000000000000E+00
   33.   0.551562500000E+03  -0.171131292401E-08   0.000000000000E+00   0.148437500000E+03   0.251637880610E-09   0.000000000000E+00
   34.   0.550000000000E+03  -0.847152213388E-09   0.000000000000E+00   0.150000000000E+03   0.125903122296E-09   0.000000000000E+00
   35.   0.548437500000E+03  -0.168043911317E-08   0.000000000000E+00   0.151562500000E+03   0.252159384884E-09   0.000000000000E+00
   36.   0.546875000000E+03  -0.831768612112E-09   0.000000000000E+00   0.153125000000E+03   0.126117182320E-09   0.000000000000E+00
   37.   0.545312500000E+03  -0.164974798734E-08   0.000000000000E+00   0.154687500000E+03   0.252488740822E-09   0.000000000000E+00
   38.   0.543750000000E+03  -0.816477474990E-09   0.000000000000E+00   0.156250000000E+03   0.126234952907E-09   0.000000000000E+00
   39.   0.542187500000E+03  -0.161924372104E-08   0.000000000000E+00   0.157812500000E+03   0.252624852275E-09   0.000000000000E+00
   40.   0.540625000000E+03  -0.801280616403E-09   0.000000000000E+00   0.159375000000E+03   0.126255821206E-09   0.000000000000E+00
   41.   0.539062500000E+03  -0.158892944341E-08   0.000000000000E+00   0.160937500000E+03   0.252566407207E-09   0.000000000000E+00
   42.   0.537500000000E+03  -0.786179420296E-09   0.000000000000E+00   0.162500000000E+03   0.126179092803E-09   0.000000000000E+00
   43.   0.535937500000E+03  -0.155880762173E-08   0.000000000000E+00   0.164062500000E+03   0.252311946926E-09   0.000000000000E+00
   44.   0.534375000000E+03  -0.771174911644E-09   0.000000000000E+00   0.165625000000E+03   0.126004006527E-09   0.000000000000E+00
   45.   0.532812500000E+03  -0.152888037999E-08   0.000000000000E+00   0.167187500000E+03   0.251859916613E-09   0.000000000000E+00
   46.   0.531250000000E+03  -0.756268128793E-09   0.000000000000E+00   0.168750000000E+03   0.125729770643E-09   0.000000000000E+00
   47.   0.529687500000E+03  -0.149914957347E-08   0.000000000000E+00   0.170312500000E+03   0.251208694228E-09   0.000000000000E+00
   48.   0.528125000000E+03  -0.741459940228E-09   0.000000000000E+00   0.171875000000E+03   0.125355564036E-09   0.000000000000E+00
   49.   0.526562500000E+03  -0.146961691437E-08   0.000000000000E+00   0.173437500000E+03   0.250356607573E-09   0.000000000000E+00
   50.   0.525000000000E+03  -0.726751195693E-09   0.000000000000E+00   0.175000000000E+03   0.124880536290E-09   0.000000000000E+00
   51.   0.523437500000E+03  -0.144028405719E-08   0.000000000000E+00   0.176562500000E+03   0.249301944003E-09   0.000000000000E+00
   52.   0.521875000000E+03  -0.712142719757E-09   0.000000000000E+00   0.178125000000E+03   0.124303832429E-09   0.000000000000E+00
   53.   0.520312500000E+03  -0.141115264227E-08   0.000000000000E+00   0.179687500000E+03   0.248042971110E-09   0.000000000000E+00
   54.   0.518750000000E+03  -0.697635300825E-09   0.000000000000E+00   0.181250000000E+03   0.123624572162E-09   0.000000000000E+00
   55.   0.517187500000E+03  -0.138222428154E-08   0.000000000000E+00   0.182812500000E+03   0.246577934804E-09   0.000000000000E+00
   56.   0.515625000000E+03  -0.683229745234E-09   0.000000000000E+00   0.184375000000E+03   0.122841880810E-09   0.000000000000E+00
   57.   0.514062500000E+03  -0.135350063791E-08   0.000000000000E+00   0.185937500000E+03   0.244905064699E-09   0.000000000000E+00
   58.   0.512500000000E+03  -0.668926903649E-09   0.000000000000E+00   0.187500000000E+03   0.121954869962E-09   0.000000000000E+00
   59.   0.510937500000E+03  -0.132498336117E-08   0.000000000000E+00   0.189062500000E+03   0.243022579369E-09   0.000000000000E+00
   60.   0.509375000000E+03  -0.654727593075E-09   0.000000000000E+00   0.190625000000E+03   0.120962651222E-09   0.000000000000E+00
   61.   0.507812500000E+03  -0.129667410587E-08   0.000000000000E+00   0.192187500000E+03   0.240928691667E-09   0.000000000000E+00
   62.   0.506250000000E+03  -0.640632631705E-09   0.000000000000E+00   0.193750000000E+03   0.119864329648E-09   0.000000000000E+00
   63.   0.504687500000E+03  -0.126857457348E-08   0.000000000000E+00   0.195312500000E+03   0.238621606086E-09   0.000000000000E+00
   64.   0.503125000000E+03  -0.626642926255E-09   0.000000000000E+00   0.196875000000E+03   0.118659005083E-09   0.000000000000E+00
   65.   0.501562500000E+03  -0.124068651258E-08   0.000000000000E+00   0.198437500000E+03   0.236099522418E-09   0.000000000000E+00
   66.   0.500000000000E+03  -0.612759325439E-09   0.000000000000E+00   0.200000000000E+03   0.117345779479E-09   0.000000000000E+00
   67.   0.498437500000E+03  -0.121301167414E-08   0.000000000000E+00   0.201562500000E+03   0.233360634204E-09   0.000000000000E+00
   68.   0.496875000000E+03  -0.598982711681E-09   0.000000000000E+00   0.203125000000E+03   0.115923751940E-09   0.000000000000E+00
   69.   0.495312500000E+03  -0.118555184285E-08   0.000000000000E+00   0.204687500000E+03   0.230403136893E-09   0.000000000000E+00
   70.   0.493750000000E+03  -0.585313975497E-09   0.000000000000E+00   0.206250000000E+03   0.114392018308E-09   0.000000000000E+00
   71.   0.492187500000E+03  -0.115830881842E-08   0.000000000000E+00   0.207812500000E+03   0.227225223687E-09   0.000000000000E+00
   72.   0.490625000000E+03  -0.571754034910E-09   0.000000000000E+00   0.209375000000E+03   0.112749674600E-09   0.000000000000E+00
   73.   0.489062500000E+03  -0.113128444430E-08   0.000000000000E+00   0.210937500000E+03   0.223825085534E-09   0.000000000000E+00
   74.   0.487500000000E+03  -0.558303801180E-09   0.000000000000E+00   0.212500000000E+03   0.110995822571E-09   0.000000000000E+00
   75.   0.485937500000E+03  -0.110448056175E-08   0.000000000000E+00   0.214062500000E+03   0.220200917412E-09   0.000000000000E+00
   76.   0.484375000000E+03  -0.544964214857E-09   0.000000000000E+00   0.215625000000E+03   0.109129552842E-09   0.000000000000E+00
   77.   0.482812500000E+03  -0.107789904948E-08   0.000000000000E+00   0.217187500000E+03   0.216350914401E-09   0.000000000000E+00
   78.   0.481250000000E+03  -0.531736219993E-09   0.000000000000E+00   0.218750000000E+03   0.107149975201E-09   0.000000000000E+00
   79.   0.479687500000E+03  -0.105154179427E-08   0.000000000000E+00   0.220312500000E+03   0.212273274909E-09   0.000000000000E+00
   80.   0.478125000000E+03  -0.518620752217E-09   0.000000000000E+00   0.221875000000E+03   0.105056182271E-09   0.000000000000E+00
   81.   0.476562500000E+03  -0.102541069181E-08   0.000000000000E+00   0.223437500000E+03   0.207966205426E-09   0.000000000000E+00
   82.   0.475000000000E+03  -0.505618763406E-09   0.000000000000E+00   0.225000000000E+03   0.102847282360E-09   0.000000000000E+00
   83.   0.473437500000E+03  -0.999507665798E-09   0.000000000000E+00   0.226562500000E+03   0.203427914306E-09   0.000000000000E+00
   84.   0.471875000000E+03  -0.492731222277E-09   0.000000000000E+00   0.228125000000E+03   0.100522386326E-09   0.000000000000E+00
   85.   0.470312500000E+03  -0.973834634004E-09   0.000000000000E+00   0.229687500000E+03   0.198656622222E-09   0.000000000000E+00
   86.   0.468750000000E+03  -0.479959086833E-09   0.000000000000E+00   0.231250000000E+03   0.980806040429E-10   0.000000000000E+00
   87.   0.467187500000E+03  -0.948393519643E-09   0.000000000000E+00   0.232812500000E+03   0.193650560889E-09   0.000000000000E+00
   88.   0.465625000000E+03  -0.467303314879E-09   0.000000000000E+00   0.234375000000E+03   0.955210561827E-10   0.000000000000E+00
   89.   0.464062500000E+03  -0.923186232917E-09   0.000000000000E+00   0.235937500000E+03   0.188407980505E-09   0.000000000000E+00
   90.   0.462500000000E+03  -0.454764846157E-09   0.000000000000E+00   0.237500000000E+03   0.928428727004E-10   0.000000000000E+00
   91.   0.460937500000E+03  -0.898214660387E-09   0.000000000000E+00   0.239062500000E+03   0.182927159405E-09   0.000000000000E+00
   92.   0.459375000000E+03  -0.442344620440E-09   0.000000000000E+00   0.240625000000E+03   0.900452054158E-10   0.000000000000E+00
   93.   0.457812500000E+03  -0.873480661170E-09   0.000000000000E+00   0.242187500000E+03   0.177206417983E-09   0.000000000000E+00
   94.   0.456250000000E+03  -0.430043574464E-09   0.000000000000E+00   0.243750000000E+03   0.871272264422E-10   0.000000000000E+00
   95.   0.454687500000E+03  -0.848986026059E-09   0.000000000000E+00   0.245312500000E+03   0.171244138603E-09   0.000000000000E+00
   96.   0.453125000000E+03  -0.417862559220E-09   0.000000000000E+00   0.246875000000E+03   0.840881463180E-10   0.000000000000E+00
   97.   0.451562500000E+03  -0.824732434237E-09   0.000000000000E+00   0.248437500000E+03   0.165038793758E-09   0.000000000000E+00
   98.   0.450000000000E+03  -0.405802393836E-09   0.000000000000E+00   0.250000000000E+03   0.809272290937E-10   0.000000000000E+00
   99.   0.448437500000E+03  -0.800721398781E-09   0.000000000000E+00   0.251562500000E+03   0.158589004861E-09   0.000000000000E+00
  100.   0.446875000000E+03  -0.393863772753E-09   0.000000000000E+00   0.253125000000E+03   0.776438313264E-10   0.000000000000E+00
  101.   0.445312500000E+03  -0.776954146131E-09   0.000000000000E+00   0.254687500000E+03   0.151893616496E-09   0.000000000000E+00
  102.   0.443750000000E+03  -0.382047228596E-09   0.000000000000E+00   0.256250000000E+03   0.742374446955E-10   0.000000000000E+00
  103.   0.442187500000E+03  -0.753431492733E-09   0.000000000000E+00   0.257812500000E+03   0.144951827789E-09   0.000000000000E+00
  104.   0.440625000000E+03  -0.370353035300E-09   0.000000000000E+00   0.259375000000E+03   0.707077771818E-10   0.000000000000E+00
  105.   0.439062500000E+03  -0.730153584456E-09   0.000000000000E+00   0.260937500000E+03   0.137763391780E-09   0.000000000000E+00
  106.   0.437500000000E+03  -0.358781068073E-09   0.000000000000E+00   0.262500000000E+03   0.670548736465E-10   0.000000000000E+00
  107.   0.435937500000E+03  -0.707119523239E-09   0.000000000000E+00   0.264062500000E+03   0.130328931672E-09   0.000000000000E+00
  108.   0.434375000000E+03  -0.347330546663E-09   0.000000000000E+00   0.265625000000E+03   0.632793100246E-10   0.000000000000E+00
  109.   0.432812500000E+03  -0.684326779466E-09   0.000000000000E+00   0.267187500000E+03   0.122650440391E-09   0.000000000000E+00
  110.   0.431250000000E+03  -0.335999739789E-09   0.000000000000E+00   0.268750000000E+03   0.593825046198E-10   0.000000000000E+00
  111.   0.429687500000E+03  -0.661770288281E-09   0.000000000000E+00   0.270312500000E+03   0.114732066592E-09   0.000000000000E+00
  112.   0.428125000000E+03  -0.324785311547E-09   0.000000000000E+00   0.271875000000E+03   0.553671850406E-10   0.000000000000E+00
  113.   0.426562500000E+03  -0.639441002906E-09   0.000000000000E+00   0.273437500000E+03   0.106581353199E-09   0.000000000000E+00
  114.   0.425000000000E+03  -0.313681537082E-09   0.000000000000E+00   0.275000000000E+03   0.512381579255E-10   0.000000000000E+00
  115.   0.423437500000E+03  -0.617323675958E-09   0.000000000000E+00   0.276562500000E+03   0.982111894001E-10   0.000000000000E+00
  116.   0.421875000000E+03  -0.302678919866E-09   0.000000000000E+00   0.278125000000E+03   0.470034977849E-10   0.000000000000E+00
  117.   0.420312500000E+03  -0.595393375830E-09   0.000000000000E+00   0.279687500000E+03   0.896428965258E-10   0.000000000000E+00
  118.   0.418750000000E+03  -0.291762050852E-09   0.000000000000E+00   0.281250000000E+03   0.426764341444E-10   0.000000000000E+00
  119.   0.417187500000E+03  -0.573610048335E-09   0.000000000000E+00   0.282812500000E+03   0.809110829721E-10   0.000000000000E+00
  120.   0.415625000000E+03  -0.280906302928E-09   0.000000000000E+00   0.284375000000E+03   0.382783189421E-10   0.000000000000E+00
  121.   0.414062500000E+03  -0.551910001116E-09   0.000000000000E+00   0.285937500000E+03   0.720712992973E-10   0.000000000000E+00
  122.   0.412500000000E+03  -0.270072665240E-09   0.000000000000E+00   0.287500000000E+03   0.338433091786E-10   0.000000000000E+00
  123.   0.410937500000E+03  -0.530192637970E-09   0.000000000000E+00   0.289062500000E+03   0.632121095981E-10   0.000000000000E+00
  124.   0.409375000000E+03  -0.259199624447E-09   0.000000000000E+00   0.290625000000E+03   0.294257417668E-10   0.000000000000E+00
  125.   0.407812500000E+03  -0.508299718667E-09   0.000000000000E+00   0.292187500000E+03   0.544741129088E-10   0.000000000000E+00
  126.   0.406250000000E+03  -0.248190547485E-09   0.000000000000E+00   0.293750000000E+03   0.251117719872E-10   0.000000000000E+00
  127.   0.404687500000E+03  -0.485982955426E-09   0.000000000000E+00   0.295312500000E+03   0.460799254028E-10   0.000000000000E+00
  128.   0.403125000000E+03  -0.236893951684E-09   0.000000000000E+00   0.296875000000E+03   0.210376984742E-10   0.000000000000E+00
  129.   0.401562500000E+03  -0.462853398226E-09   0.000000000000E+00   0.298437500000E+03   0.383814334011E-10   0.000000000000E+00
  130.   0.400000000000E+03  -0.225072638759E-09   0.000000000000E+00   0.300000000000E+03   0.174188621917E-10   0.000000000000E+00
  131.   0.398437500000E+03  -0.438302431936E-09   0.000000000000E+00   0.301562500000E+03   0.319342601484E-10   0.000000000000E+00
  132.   0.396875000000E+03  -0.212355546877E-09   0.000000000000E+00   0.303125000000E+03   0.145951939940E-10   0.000000000000E+00
  133.   0.395312500000E+03  -0.411378305659E-09   0.000000000000E+00   0.304687500000E+03   0.276151177663E-10   0.000000000000E+00
  134.   0.393750000000E+03  -0.198162418423E-09   0.000000000000E+00   0.306250000000E+03   0.131030362782E-10   0.000000000000E+00
  135.   0.392187500000E+03  -0.380593413354E-09   0.000000000000E+00   0.307812500000E+03   0.268066787891E-10   0.000000000000E+00
  136.   0.390625000000E+03  -0.181586275102E-09   0.000000000000E+00   0.309375000000E+03   0.137882912994E-10   0.000000000000E+00
  137.   0.389062500000E+03  -0.343623156372E-09   0.000000000000E+00   0.310937500000E+03   0.316890141035E-10   0.000000000000E+00
  138.   0.387500000000E+03  -0.161209072048E-09   0.000000000000E+00   0.312500000000E+03   0.179853827936E-10   0.000000000000E+00
  139.   0.385937500000E+03  -0.296836470262E-09   0.000000000000E+00   0.314062500000E+03   0.456980858194E-10   0.000000000000E+00
  140.   0.384375000000E+03  -0.134815427213E-09   0.000000000000E+00   0.315625000000E+03   0.277977927547E-10   0.000000000000E+00
  141.   0.382812500000E+03  -0.234560385630E-09   0.000000000000E+00   0.317187500000E+03   0.742502045938E-10   0.000000000000E+00
  142.   0.381250000000E+03  -0.989348965791E-10   0.000000000000E+00   0.318750000000E+03   0.465499437598E-10   0.000000000000E+00
  143.   0.379687500000E+03  -0.147941252573E-09   0.000000000000E+00   0.320312500000E+03   0.125874631997E-09   0.000000000000E+00
  144.   0.378125000000E+03  -0.481582818120E-10   0.000000000000E+00   0.321875000000E+03   0.794704322396E-10   0.000000000000E+00
  145.   0.376562500000E+03  -0.231362587339E-10   0.000000000000E+00   0.323437500000E+03   0.214025645828E-09   0.000000000000E+00
  146.   0.375000000000E+03   0.260855294473E-10   0.000000000000E+00   0.325000000000E+03   0.134914427522E-09   0.000000000000E+00
  147.   0.373437500000E+03   0.161405863287E-09   0.000000000000E+00   0.326562500000E+03   0.359840340323E-09   0.000000000000E+00
  148.   0.371875000000E+03   0.136965923680E-09   0.000000000000E+00   0.328125000000E+03   0.225843105668E-09   0.000000000000E+00
  149.   0.370312500000E+03   0.439544415145E-09   0.000000000000E+00   0.329687500000E+03   0.596812408009E-09   0.000000000000E+00
  150.   0.368750000000E+03   0.306557594961E-09   0.000000000000E+00   0.331250000000E+03   0.374125383531E-09   0.000000000000E+00
  151.   0.367187500000E+03   0.863788834051E-09   0.000000000000E+00   0.332812500000E+03   0.977368890506E-09   0.000000000000E+00
  152.   0.365625000000E+03   0.566816489266E-09   0.000000000000E+00   0.334375000000E+03   0.611787729498E-09   0.000000000000E+00
  153.   0.364062500000E+03   0.151842910348E-08   0.000000000000E+00   0.335937500000E+03   0.158629450678E-08   0.000000000000E+00
  154.   0.362500000000E+03   0.982595157255E-09   0.000000000000E+00   0.337500000000E+03   0.100393777944E-08   0.000000000000E+00
  155.   0.360937500000E+03   0.254059501964E-08   0.000000000000E+00   0.339062500000E+03   0.256255038299E-08   0.000000000000E+00
  156.   0.359375000000E+03   0.164869746986E-08   0.000000000000E+00   0.340625000000E+03   0.164638326548E-08   0.000000000000E+00
  157.   0.357812500000E+03   0.416270415353E-08   0.000000000000E+00   0.342187500000E+03   0.414314475055E-08   0.000000000000E+00
  158.   0.356250000000E+03   0.275628222771E-08   0.000000000000E+00   0.343750000000E+03   0.273580763052E-08   0.000000000000E+00
  159.   0.354687500000E+03   0.702979056795E-08   0.000000000000E+00   0.345312500000E+03   0.697980769349E-08   0.000000000000E+00
  160.   0.353125000000E+03   0.542454524593E-08   0.000000000000E+00   0.346875000000E+03   0.538434022331E-08   0.000000000000E+00
  161.   0.351562500000E+03   0.121220601592E-07   0.000000000000E+00   0.348437500000E+03   0.120940702952E-07   0.000000000000E+00
  162.   0.350000000000E+03   0.225608737540E-07   0.000000000000E+00   0.350000000000E+03   0.225608737668E-07   0.000000000000E+00
  163.   0.348437500000E+03   0.120940702712E-07   0.000000000000E+00   0.351562500000E+03   0.121220601833E-07   0.000000000000E+00
  164.   0.346875000000E+03   0.538434020824E-08   0.000000000000E+00   0.353125000000E+03   0.542454525981E-08   0.000000000000E+00
  165.   0.345312500000E+03   0.697980766952E-08   0.000000000000E+00   0.354687500000E+03   0.702979059192E-08   0.000000000000E+00
  166.   0.343750000000E+03   0.273580761845E-08   0.000000000000E+00   0.356250000000E+03   0.275628224036E-08   0.000000000000E+00
  167.   0.342187500000E+03   0.414314472514E-08   0.000000000000E+00   0.357812500000E+03   0.416270417828E-08   0.000000000000E+00
  168.   0.340625000000E+03   0.164638325163E-08   0.000000000000E+00   0.359375000000E+03   0.164869748394E-08   0.000000000000E+00
  169.   0.339062500000E+03   0.256255035816E-08   0.000000000000E+00   0.360937500000E+03   0.254059504474E-08   0.000000000000E+00
  170.   0.337500000000E+03   0.100393776798E-08   0.000000000000E+00   0.362500000000E+03   0.982595170864E-09   0.000000000000E+00
  171.   0.335937500000E+03   0.158629448278E-08   0.000000000000E+00   0.364062500000E+03   0.151842912730E-08   0.000000000000E+00
  172.   0.334375000000E+03   0.611787718807E-09   0.000000000000E+00   0.365625000000E+03   0.566816501013E-09   0.000000000000E+00
  173.   0.332812500000E+03   0.977368866344E-09   0.000000000000E+00   0.367187500000E+03   0.863788857902E-09   0.000000000000E+00
  174.   0.331250000000E+03   0.374125371963E-09   0.000000000000E+00   0.368750000000E+03   0.306557609895E-09   0.000000000000E+00
  175.   0.329687500000E+03   0.596812383690E-09   0.000000000000E+00   0.370312500000E+03   0.439544442571E-09   0.000000000000E+00
  176.   0.328125000000E+03   0.225843094291E-09   0.000000000000E+00   0.371875000000E+03   0.136965946339E-09   0.000000000000E+00
  177.   0.326562500000E+03   0.359840316076E-09   0.000000000000E+00   0.373437500000E+03   0.161405891552E-09   0.000000000000E+00
  178.   0.325000000000E+03   0.134914415464E-09   0.000000000000E+00   0.375000000000E+03   0.260855420333E-10   0.000000000000E+00
  179.   0.323437500000E+03   0.214025622194E-09   0.000000000000E+00   0.376562500000E+03  -0.231362318272E-10   0.000000000000E+00
  180.   0.321875000000E+03   0.794704202940E-10   0.000000000000E+00   0.378125000000E+03  -0.481582725886E-10   0.000000000000E+00
  181.   0.320312500000E+03   0.125874608711E-09   0.000000000000E+00   0.379687500000E+03  -0.147941225174E-09   0.000000000000E+00
  182.   0.318750000000E+03   0.465499325868E-10   0.000000000000E+00   0.381250000000E+03  -0.989348891553E-10   0.000000000000E+00
  183.   0.317187500000E+03   0.742501815244E-10   0.000000000000E+00   0.382812500000E+03  -0.234560355604E-09   0.000000000000E+00
  184.   0.315625000000E+03   0.277977809154E-10   0.000000000000E+00   0.384375000000E+03  -0.134815414495E-09   0.000000000000E+00
  185.   0.314062500000E+03   0.456980628562E-10   0.000000000000E+00   0.385937500000E+03  -0.296836437676E-09   0.000000000000E+00
  186.   0.312500000000E+03   0.179853710772E-10   0.000000000000E+00   0.387500000000E+03  -0.161209057703E-09   0.000000000000E+00
  187.   0.310937500000E+03   0.316889912682E-10   0.000000000000E+00   0.389062500000E+03  -0.343623121981E-09   0.000000000000E+00
  188.   0.309375000000E+03   0.137882798549E-10   0.000000000000E+00   0.390625000000E+03  -0.181586265258E-09   0.000000000000E+00
  189.   0.307812500000E+03   0.268066559237E-10   0.000000000000E+00   0.392187500000E+03  -0.380593378438E-09   0.000000000000E+00
  190.   0.306250000000E+03   0.131030250411E-10   0.000000000000E+00   0.393750000000E+03  -0.198162404331E-09   0.000000000000E+00
  191.   0.304687500000E+03   0.276150953698E-10   0.000000000000E+00   0.395312500000E+03  -0.411378273686E-09   0.000000000000E+00
  192.   0.303125000000E+03   0.145951826853E-10   0.000000000000E+00   0.396875000000E+03  -0.212355533311E-09   0.000000000000E+00
  193.   0.301562500000E+03   0.319342378177E-10   0.000000000000E+00   0.398437500000E+03  -0.438302402252E-09   0.000000000000E+00
  194.   0.300000000000E+03   0.174188512196E-10   0.000000000000E+00   0.400000000000E+03  -0.225072627576E-09   0.000000000000E+00
  195.   0.298437500000E+03   0.383814117510E-10   0.000000000000E+00   0.401562500000E+03  -0.462853369997E-09   0.000000000000E+00
  196.   0.296875000000E+03   0.210376872287E-10   0.000000000000E+00   0.403125000000E+03  -0.236893941396E-09   0.000000000000E+00
  197.   0.295312500000E+03   0.460799038629E-10   0.000000000000E+00   0.404687500000E+03  -0.485982927696E-09   0.000000000000E+00
  198.   0.293750000000E+03   0.251117610836E-10   0.000000000000E+00   0.406250000000E+03  -0.248190530451E-09   0.000000000000E+00
  199.   0.292187500000E+03   0.544740916750E-10   0.000000000000E+00   0.407812500000E+03  -0.508299692625E-09   0.000000000000E+00
  200.   0.290625000000E+03   0.294257299871E-10   0.000000000000E+00   0.409375000000E+03  -0.259199603698E-09   0.000000000000E+00
  201.   0.289062500000E+03   0.632120886133E-10   0.000000000000E+00   0.410937500000E+03  -0.530192607220E-09   0.000000000000E+00
  202.   0.287500000000E+03   0.338432980882E-10   0.000000000000E+00   0.412500000000E+03  -0.270072647279E-09   0.000000000000E+00
  203.   0.285937500000E+03   0.720712781166E-10   0.000000000000E+00   0.414062500000E+03  -0.551909964578E-09   0.000000000000E+00
  204.   0.284375000000E+03   0.382783097596E-10   0.000000000000E+00   0.415625000000E+03  -0.280906290754E-09   0.000000000000E+00
  205.   0.282812500000E+03   0.809110617769E-10   0.000000000000E+00   0.417187500000E+03  -0.573610009787E-09   0.000000000000E+00
  206.   0.281250000000E+03   0.426764240742E-10   0.000000000000E+00   0.418750000000E+03  -0.291762040580E-09   0.000000000000E+00
  207.   0.279687500000E+03   0.896428756526E-10   0.000000000000E+00   0.420312500000E+03  -0.595393338168E-09   0.000000000000E+00
  208.   0.278125000000E+03   0.470034868974E-10   0.000000000000E+00   0.421875000000E+03  -0.302678909189E-09   0.000000000000E+00
  209.   0.276562500000E+03   0.982111682001E-10   0.000000000000E+00   0.423437500000E+03  -0.617323636288E-09   0.000000000000E+00
  210.   0.275000000000E+03   0.512381486286E-10   0.000000000000E+00   0.425000000000E+03  -0.313681523146E-09   0.000000000000E+00
  211.   0.273437500000E+03   0.106581332941E-09   0.000000000000E+00   0.426562500000E+03  -0.639440963285E-09   0.000000000000E+00
  212.   0.271875000000E+03   0.553671767657E-10   0.000000000000E+00   0.428125000000E+03  -0.324785288397E-09   0.000000000000E+00
  213.   0.270312500000E+03   0.114732047264E-09   0.000000000000E+00   0.429687500000E+03  -0.661770250616E-09   0.000000000000E+00
  214.   0.268750000000E+03   0.593824955689E-10   0.000000000000E+00   0.431250000000E+03  -0.335999720056E-09   0.000000000000E+00
  215.   0.267187500000E+03   0.122650420363E-09   0.000000000000E+00   0.432812500000E+03  -0.684326744190E-09   0.000000000000E+00
  216.   0.265625000000E+03   0.632793014187E-10   0.000000000000E+00   0.434375000000E+03  -0.347330541289E-09   0.000000000000E+00
  217.   0.264062500000E+03   0.130328911423E-09   0.000000000000E+00   0.435937500000E+03  -0.707119485751E-09   0.000000000000E+00
  218.   0.262500000000E+03   0.670548636415E-10   0.000000000000E+00   0.437500000000E+03  -0.358781051248E-09   0.000000000000E+00
  219.   0.260937500000E+03   0.137763371242E-09   0.000000000000E+00   0.439062500000E+03  -0.730153545094E-09   0.000000000000E+00
  220.   0.259375000000E+03   0.707077660392E-10   0.000000000000E+00   0.440625000000E+03  -0.370353014147E-09   0.000000000000E+00
  221.   0.257812500000E+03   0.144951806226E-09   0.000000000000E+00   0.442187500000E+03  -0.753431450159E-09   0.000000000000E+00
  222.   0.256250000000E+03   0.742374326905E-10   0.000000000000E+00   0.443750000000E+03  -0.382047209098E-09   0.000000000000E+00
  223.   0.254687500000E+03   0.151893594701E-09   0.000000000000E+00   0.445312500000E+03  -0.776954107173E-09   0.000000000000E+00
  224.   0.253125000000E+03   0.776438217833E-10   0.000000000000E+00   0.446875000000E+03  -0.393863763690E-09   0.000000000000E+00
  225.   0.251562500000E+03   0.158588984671E-09   0.000000000000E+00   0.448437500000E+03  -0.800721364190E-09   0.000000000000E+00
  226.   0.250000000000E+03   0.809272207447E-10   0.000000000000E+00   0.450000000000E+03  -0.405802372134E-09   0.000000000000E+00
  227.   0.248437500000E+03   0.165038775697E-09   0.000000000000E+00   0.451562500000E+03  -0.824732401769E-09   0.000000000000E+00
  228.   0.246875000000E+03   0.840881358858E-10   0.000000000000E+00   0.453125000000E+03  -0.417862540099E-09   0.000000000000E+00
  229.   0.245312500000E+03   0.171244121135E-09   0.000000000000E+00   0.454687500000E+03  -0.848985991667E-09   0.000000000000E+00
  230.   0.243750000000E+03   0.871272171609E-10   0.000000000000E+00   0.456250000000E+03  -0.430043559269E-09   0.000000000000E+00
  231.   0.242187500000E+03   0.177206402074E-09   0.000000000000E+00   0.457812500000E+03  -0.873480623527E-09   0.000000000000E+00
  232.   0.240625000000E+03   0.900451973488E-10   0.000000000000E+00   0.459375000000E+03  -0.442344606693E-09   0.000000000000E+00
  233.   0.239062500000E+03   0.182927142969E-09   0.000000000000E+00   0.460937500000E+03  -0.898214621781E-09   0.000000000000E+00
  234.   0.237500000000E+03   0.928428641691E-10   0.000000000000E+00   0.462500000000E+03  -0.454764818320E-09   0.000000000000E+00
  235.   0.235937500000E+03   0.188407963730E-09   0.000000000000E+00   0.464062500000E+03  -0.923186191687E-09   0.000000000000E+00
  236.   0.234375000000E+03   0.955210444548E-10   0.000000000000E+00   0.465625000000E+03  -0.467303284758E-09   0.000000000000E+00
  237.   0.232812500000E+03   0.193650544100E-09   0.000000000000E+00   0.467187500000E+03  -0.948393481769E-09   0.000000000000E+00
  238.   0.231250000000E+03   0.980805957881E-10   0.000000000000E+00   0.468750000000E+03  -0.479959067973E-09   0.000000000000E+00
  239.   0.229687500000E+03   0.198656604419E-09   0.000000000000E+00   0.470312500000E+03  -0.973834599813E-09   0.000000000000E+00
  240.   0.228125000000E+03   0.100522377782E-09   0.000000000000E+00   0.471875000000E+03  -0.492731207844E-09   0.000000000000E+00
  241.   0.226562500000E+03   0.203427894467E-09   0.000000000000E+00   0.473437500000E+03  -0.999507628894E-09   0.000000000000E+00
  242.   0.225000000000E+03   0.102847277236E-09   0.000000000000E+00   0.475000000000E+03  -0.505618754881E-09   0.000000000000E+00
  243.   0.223437500000E+03   0.207966187622E-09   0.000000000000E+00   0.476562500000E+03  -0.102541065517E-08   0.000000000000E+00
  244.   0.221875000000E+03   0.105056174530E-09   0.000000000000E+00   0.478125000000E+03  -0.518620734613E-09   0.000000000000E+00
  245.   0.220312500000E+03   0.212273259238E-09   0.000000000000E+00   0.479687500000E+03  -0.105154175448E-08   0.000000000000E+00
  246.   0.218750000000E+03   0.107149968068E-09   0.000000000000E+00   0.481250000000E+03  -0.531736207264E-09   0.000000000000E+00
  247.   0.217187500000E+03   0.216350897042E-09   0.000000000000E+00   0.482812500000E+03  -0.107789900472E-08   0.000000000000E+00
  248.   0.215625000000E+03   0.109129547979E-09   0.000000000000E+00   0.484375000000E+03  -0.544964202100E-09   0.000000000000E+00
  249.   0.214062500000E+03   0.220200900271E-09   0.000000000000E+00   0.485937500000E+03  -0.110448051636E-08   0.000000000000E+00
  250.   0.212500000000E+03   0.110995815023E-09   0.000000000000E+00   0.487500000000E+03  -0.558303784083E-09   0.000000000000E+00
  251.   0.210937500000E+03   0.223825069262E-09   0.000000000000E+00   0.489062500000E+03  -0.113128439683E-08   0.000000000000E+00
  252.   0.209375000000E+03   0.112749667695E-09   0.000000000000E+00   0.490625000000E+03  -0.571754007737E-09   0.000000000000E+00
  253.   0.207812500000E+03   0.227225208231E-09   0.000000000000E+00   0.492187500000E+03  -0.115830877342E-08   0.000000000000E+00
  254.   0.206250000000E+03   0.114392010260E-09   0.000000000000E+00   0.493750000000E+03  -0.585313952593E-09   0.000000000000E+00
  255.   0.204687500000E+03   0.230403123539E-09   0.000000000000E+00   0.495312500000E+03  -0.118555179052E-08   0.000000000000E+00
  256.   0.203125000000E+03   0.115923745028E-09   0.000000000000E+00   0.496875000000E+03  -0.598982685364E-09   0.000000000000E+00
  257.   0.201562500000E+03   0.233360619147E-09   0.000000000000E+00   0.498437500000E+03  -0.121301161973E-08   0.000000000000E+00
  258.   0.200000000000E+03   0.117345774570E-09   0.000000000000E+00   0.500000000000E+03  -0.612759311205E-09   0.000000000000E+00
  259.   0.198437500000E+03   0.236099506334E-09   0.000000000000E+00   0.501562500000E+03  -0.124068645872E-08   0.000000000000E+00
  260.   0.196875000000E+03   0.118659001211E-09   0.000000000000E+00   0.503125000000E+03  -0.626642901089E-09   0.000000000000E+00
  261.   0.195312500000E+03   0.238621591179E-09   0.000000000000E+00   0.504687500000E+03  -0.126857451741E-08   0.000000000000E+00
  262.   0.193750000000E+03   0.119864323294E-09   0.000000000000E+00   0.506250000000E+03  -0.640632600355E-09   0.000000000000E+00
  263.   0.192187500000E+03   0.240928677863E-09   0.000000000000E+00   0.507812500000E+03  -0.129667404405E-08   0.000000000000E+00
  264.   0.190625000000E+03   0.120962642744E-09   0.000000000000E+00   0.509375000000E+03  -0.654727558224E-09   0.000000000000E+00
  265.   0.189062500000E+03   0.243022564578E-09   0.000000000000E+00   0.510937500000E+03  -0.132498331540E-08   0.000000000000E+00
  266.   0.187500000000E+03   0.121954862548E-09   0.000000000000E+00   0.512500000000E+03  -0.668926875540E-09   0.000000000000E+00
  267.   0.185937500000E+03   0.244905048528E-09   0.000000000000E+00   0.514062500000E+03  -0.135350060744E-08   0.000000000000E+00
  268.   0.184375000000E+03   0.122841870541E-09   0.000000000000E+00   0.515625000000E+03  -0.683229734683E-09   0.000000000000E+00
  269.   0.182812500000E+03   0.246577919515E-09   0.000000000000E+00   0.517187500000E+03  -0.138222425277E-08   0.000000000000E+00
  270.   0.181250000000E+03   0.123624562679E-09   0.000000000000E+00   0.518750000000E+03  -0.697635286327E-09   0.000000000000E+00
  271.   0.179687500000E+03   0.248042959398E-09   0.000000000000E+00   0.520312500000E+03  -0.141115260633E-08   0.000000000000E+00
  272.   0.178125000000E+03   0.124303824897E-09   0.000000000000E+00   0.521875000000E+03  -0.712142695321E-09   0.000000000000E+00
  273.   0.176562500000E+03   0.249301933070E-09   0.000000000000E+00   0.523437500000E+03  -0.144028401833E-08   0.000000000000E+00
  274.   0.175000000000E+03   0.124880532922E-09   0.000000000000E+00   0.525000000000E+03  -0.726751185147E-09   0.000000000000E+00
  275.   0.173437500000E+03   0.250356595705E-09   0.000000000000E+00   0.526562500000E+03  -0.146961687899E-08   0.000000000000E+00
  276.   0.171875000000E+03   0.125355558841E-09   0.000000000000E+00   0.528125000000E+03  -0.741459942437E-09   0.000000000000E+00
  277.   0.170312500000E+03   0.251208684346E-09   0.000000000000E+00   0.529687500000E+03  -0.149914953581E-08   0.000000000000E+00
  278.   0.168750000000E+03   0.125729766081E-09   0.000000000000E+00   0.531250000000E+03  -0.756268096567E-09   0.000000000000E+00
  279.   0.167187500000E+03   0.251859905529E-09   0.000000000000E+00   0.532812500000E+03  -0.152888035047E-08   0.000000000000E+00
  280.   0.165625000000E+03   0.126004001780E-09   0.000000000000E+00   0.534375000000E+03  -0.771174898109E-09   0.000000000000E+00
  281.   0.164062500000E+03   0.252311934478E-09   0.000000000000E+00   0.535937500000E+03  -0.155880759860E-08   0.000000000000E+00
  282.   0.162500000000E+03   0.126179082834E-09   0.000000000000E+00   0.537500000000E+03  -0.786179362593E-09   0.000000000000E+00
  283.   0.160937500000E+03   0.252566395027E-09   0.000000000000E+00   0.539062500000E+03  -0.158892940870E-08   0.000000000000E+00
  284.   0.159375000000E+03   0.126255813008E-09   0.000000000000E+00   0.540625000000E+03  -0.801280614635E-09   0.000000000000E+00
  285.   0.157812500000E+03   0.252624840749E-09   0.000000000000E+00   0.542187500000E+03  -0.161924369215E-08   0.000000000000E+00
  286.   0.156250000000E+03   0.126234944272E-09   0.000000000000E+00   0.543750000000E+03  -0.816477500533E-09   0.000000000000E+00
  287.   0.154687500000E+03   0.252488729222E-09   0.000000000000E+00   0.545312500000E+03  -0.164974796176E-08   0.000000000000E+00
  288.   0.153125000000E+03   0.126117175280E-09   0.000000000000E+00   0.546875000000E+03  -0.831768609741E-09   0.000000000000E+00
  289.   0.151562500000E+03   0.252159373478E-09   0.000000000000E+00   0.548437500000E+03  -0.168043908473E-08   0.000000000000E+00
  290.   0.150000000000E+03   0.125903113161E-09   0.000000000000E+00   0.550000000000E+03  -0.847152201338E-09   0.000000000000E+00
  291.   0.148437500000E+03   0.251637869041E-09   0.000000000000E+00   0.551562500000E+03  -0.171131289365E-08   0.000000000000E+00
  292.   0.146875000000E+03   0.125593241209E-09   0.000000000000E+00   0.553125000000E+03  -0.862625868536E-09   0.000000000000E+00
  293.   0.145312500000E+03   0.250924990378E-09   0.000000000000E+00   0.554687500000E+03  -0.174236355691E-08   0.000000000000E+00
  294.   0.143750000000E+03   0.125187850889E-09   0.000000000000E+00   0.556250000000E+03  -0.878186244730E-09   0.000000000000E+00
  295.   0.142187500000E+03   0.250021023252E-09   0.000000000000E+00   0.557812500000E+03  -0.177358258550E-08   0.000000000000E+00
  296.   0.140625000000E+03   0.124686936057E-09   0.000000000000E+00   0.559375000000E+03  -0.893828182989E-09   0.000000000000E+00
  297.   0.139062500000E+03   0.248925516222E-09   0.000000000000E+00   0.560937500000E+03  -0.180495728718E-08   0.000000000000E+00
  298.   0.137500000000E+03   0.124090043891E-09   0.000000000000E+00   0.562500000000E+03  -0.909544178932E-09   0.000000000000E+00
  299.   0.135937500000E+03   0.247636891211E-09   0.000000000000E+00   0.564062500000E+03  -0.183646832574E-08   0.000000000000E+00
  300.   0.134375000000E+03   0.123396047946E-09   0.000000000000E+00   0.565625000000E+03  -0.925322493798E-09   0.000000000000E+00
  301.   0.132812500000E+03   0.246151837224E-09   0.000000000000E+00   0.567187500000E+03  -0.186808587323E-08   0.000000000000E+00
  302.   0.131250000000E+03   0.122602788402E-09   0.000000000000E+00   0.568750000000E+03  -0.941145161349E-09   0.000000000000E+00
  303.   0.129687500000E+03   0.244464405526E-09   0.000000000000E+00   0.570312500000E+03  -0.189976370624E-08   0.000000000000E+00
  304.   0.128125000000E+03   0.121706534896E-09   0.000000000000E+00   0.571875000000E+03  -0.956984539859E-09   0.000000000000E+00
  305.   0.126562500000E+03   0.242564597817E-09   0.000000000000E+00   0.573437500000E+03  -0.193142989133E-08   0.000000000000E+00
  306.   0.125000000000E+03   0.120701119115E-09   0.000000000000E+00   0.575000000000E+03  -0.972797167132E-09   0.000000000000E+00
  307.   0.123437500000E+03   0.240436373298E-09   0.000000000000E+00   0.576562500000E+03  -0.196297382453E-08   0.000000000000E+00
  308.   0.121875000000E+03   0.119576885686E-09   0.000000000000E+00   0.578125000000E+03  -0.988517617872E-09   0.000000000000E+00
  309.   0.120312500000E+03   0.238054320768E-09   0.000000000000E+00   0.579687500000E+03  -0.199422361871E-08   0.000000000000E+00
  310.   0.118750000000E+03   0.118317454784E-09   0.000000000000E+00   0.581250000000E+03  -0.100403314042E-08   0.000000000000E+00
  311.   0.117187500000E+03   0.235380562389E-09   0.000000000000E+00   0.582812500000E+03  -0.202492934180E-08   0.000000000000E+00
  312.   0.115625000000E+03   0.116900651132E-09   0.000000000000E+00   0.584375000000E+03  -0.101919879486E-08   0.000000000000E+00
  313.   0.114062500000E+03   0.232354253461E-09   0.000000000000E+00   0.585937500000E+03  -0.205468502971E-08   0.000000000000E+00
  314.   0.112500000000E+03   0.115270217449E-09   0.000000000000E+00   0.587500000000E+03  -0.103358354618E-08   0.000000000000E+00
  315.   0.110937500000E+03   0.228899441769E-09   0.000000000000E+00   0.589062500000E+03  -0.208302898201E-08   0.000000000000E+00
  316.   0.109375000000E+03   0.113399779734E-09   0.000000000000E+00   0.590625000000E+03  -0.104709432281E-08   0.000000000000E+00
  317.   0.107812500000E+03   0.224850700888E-09   0.000000000000E+00   0.592187500000E+03  -0.210879512029E-08   0.000000000000E+00
  318.   0.106250000000E+03   0.110924304727E-09   0.000000000000E+00   0.593750000000E+03  -0.105645262577E-08   0.000000000000E+00
  319.   0.104687500000E+03   0.220088869410E-09   0.000000000000E+00   0.595312500000E+03  -0.213146623435E-08   0.000000000000E+00
  320.   0.103125000000E+03   0.108459339800E-09   0.000000000000E+00   0.596875000000E+03  -0.106827717020E-08   0.000000000000E+00
  321.   0.101562500000E+03   0.212946236484E-09   0.000000000000E+00   0.598437500000E+03  -0.213588482775E-08   0.000000000000E+00
