i  r_top  QtopRe  QtopIm  r_bot  QbotRe  QbotIm   [mm, mC]
    1.   0.600000000000E+03  -0.284818249584E-06   0.000000000000E+00   0.100000000000E+03   0.675344071483E-10   0.000000000000E+00
    2.   0.100000000000E+03   0.675344065874E-10   0.000000000000E+00   0.600000000000E+03  -0.284818249591E-06   0.000000000000E+00
    3.   0.599218750000E+03  -0.970200319933E-07   0.000000000000E+00   0.100781250000E+03   0.271886273843E-09   0.000000000000E+00
    4.   0.598437500000E+03  -0.336145256672E-07   0.000000000000E+00   0.101562500000E+03   0.137251815724E-09   0.000000000000E+00
    5.   0.597656250000E+03  -0.129805799503E-07   0.000000000000E+00   0.102343750000E+03   0.276738361597E-09   0.000000000000E+00
    6.   0.596875000000E+03  -0.181947449704E-08   0.000000000000E+00   0.103125000000E+03   0.139299605416E-09   0.000000000000E+00
    7.   0.596093750000E+03   0.112413501301E-07   0.000000000000E+00   0.103906250000E+03   0.280889018609E-09   0.000000000000E+00
    8.   0.595312500000E+03   0.702802649029E-08   0.000000000000E+00   0.104687500000E+03   0.141385895034E-09   0.000000000000E+00
    9.   0.594531250000E+03   0.167721486505E-07   0.000000000000E+00   0.105468750000E+03   0.284793111557E-09   0.000000000000E+00
   10.   0.593750000000E+03   0.799524638985E-08   0.000000000000E+00   0.106250000000E+03   0.143298565395E-09   0.000000000000E+00
   11.   0.592968750000E+03   0.164938155049E-07   0.000000000000E+00   0.107031250000E+03   0.288487650593E-09   0.000000000000E+00
   12.   0.592187500000E+03   0.778672368447E-08   0.000000000000E+00   0.107812500000E+03   0.145118520299E-09   0.000000000000E+00
   13.   0.591406250000E+03   0.146521892925E-07   0.000000000000E+00   0.108593750000E+03   0.292026759144E-09   0.000000000000E+00
   14.   0.590625000000E+03   0.670323599168E-08   0.000000000000E+00   0.109375000000E+03   0.146860005004E-09   0.000000000000E+00
   15.   0.589843750000E+03   0.123784743607E-07   0.000000000000E+00   0.110156250000E+03   0.295438858653E-09   0.000000000000E+00
   16.   0.589062500000E+03   0.561678964516E-08   0.000000000000E+00   0.110937500000E+03   0.148541551919E-09   0.000000000000E+00
   17.   0.588281250000E+03   0.102235152282E-07   0.000000000000E+00   0.111718750000E+03   0.298747124085E-09   0.000000000000E+00
   18.   0.587500000000E+03   0.459842732900E-08   0.000000000000E+00   0.112500000000E+03   0.150173917791E-09   0.000000000000E+00
   19.   0.586718750000E+03   0.832845112733E-08   0.000000000000E+00   0.113281250000E+03   0.301967845717E-09   0.000000000000E+00
   20.   0.585937500000E+03   0.372947505782E-08   0.000000000000E+00   0.114062500000E+03   0.151765050692E-09   0.000000000000E+00
   21.   0.585156250000E+03   0.673312534672E-08   0.000000000000E+00   0.114843750000E+03   0.305113296263E-09   0.000000000000E+00
   22.   0.584375000000E+03   0.300531157079E-08   0.000000000000E+00   0.115625000000E+03   0.153320661806E-09   0.000000000000E+00
   23.   0.583593750000E+03   0.541762488584E-08   0.000000000000E+00   0.116406250000E+03   0.308192760241E-09   0.000000000000E+00
   24.   0.582812500000E+03   0.241339260353E-08   0.000000000000E+00   0.117187500000E+03   0.154845059982E-09   0.000000000000E+00
   25.   0.582031250000E+03   0.434675204183E-08   0.000000000000E+00   0.117968750000E+03   0.311213455592E-09   0.000000000000E+00
   26.   0.581250000000E+03   0.193386268714E-08   0.000000000000E+00   0.118750000000E+03   0.156341562365E-09   0.000000000000E+00
   27.   0.580468750000E+03   0.348145655431E-08   0.000000000000E+00   0.119531250000E+03   0.314181093090E-09   0.000000000000E+00
   28.   0.579687500000E+03   0.154769187822E-08   0.000000000000E+00   0.120312500000E+03   0.157812753607E-09   0.000000000000E+00
   29.   0.578906250000E+03   0.278557650489E-08   0.000000000000E+00   0.121093750000E+03   0.317100246345E-09   0.000000000000E+00
   30.   0.578125000000E+03   0.123779323363E-08   0.000000000000E+00   0.121875000000E+03   0.159260711746E-09   0.000000000000E+00
   31.   0.577343750000E+03   0.222762691661E-08   0.000000000000E+00   0.122656250000E+03   0.319974605300E-09   0.000000000000E+00
   32.   0.576562500000E+03   0.989681462559E-09   0.000000000000E+00   0.123437500000E+03   0.160687100538E-09   0.000000000000E+00
   33.   0.575781250000E+03   0.178117778704E-08   0.000000000000E+00   0.124218750000E+03   0.322807169310E-09   0.000000000000E+00
   34.   0.575000000000E+03   0.791349558031E-09   0.000000000000E+00   0.125000000000E+03   0.162093270643E-09   0.000000000000E+00
   35.   0.574218750000E+03   0.142445650267E-08   0.000000000000E+00   0.125781250000E+03   0.325600360619E-09   0.000000000000E+00
   36.   0.573437500000E+03   0.632991551432E-09   0.000000000000E+00   0.126562500000E+03   0.163480290312E-09   0.000000000000E+00
   37.   0.572656250000E+03   0.113973476377E-08   0.000000000000E+00   0.127343750000E+03   0.328356139139E-09   0.000000000000E+00
   38.   0.571875000000E+03   0.506664326514E-09   0.000000000000E+00   0.128125000000E+03   0.164849063422E-09   0.000000000000E+00
   39.   0.571093750000E+03   0.912677907231E-09   0.000000000000E+00   0.128906250000E+03   0.331076089149E-09   0.000000000000E+00
   40.   0.570312500000E+03   0.405967242378E-09   0.000000000000E+00   0.129687500000E+03   0.166200274719E-09   0.000000000000E+00
   41.   0.569531250000E+03   0.731747309806E-09   0.000000000000E+00   0.130468750000E+03   0.333761473693E-09   0.000000000000E+00
   42.   0.568750000000E+03   0.325759506454E-09   0.000000000000E+00   0.131250000000E+03   0.167534485286E-09   0.000000000000E+00
   43.   0.567968750000E+03   0.587682147593E-09   0.000000000000E+00   0.132031250000E+03   0.336413291825E-09   0.000000000000E+00
   44.   0.567187500000E+03   0.261921186847E-09   0.000000000000E+00   0.132812500000E+03   0.168852143304E-09   0.000000000000E+00
   45.   0.566406250000E+03   0.473064392227E-09   0.000000000000E+00   0.133593750000E+03   0.339032345205E-09   0.000000000000E+00
   46.   0.565625000000E+03   0.211155359803E-09   0.000000000000E+00   0.134375000000E+03   0.170153582036E-09   0.000000000000E+00
   47.   0.564843750000E+03   0.381960150148E-09   0.000000000000E+00   0.135156250000E+03   0.341619258283E-09   0.000000000000E+00
   48.   0.564062500000E+03   0.170826417957E-09   0.000000000000E+00   0.135937500000E+03   0.171439093272E-09   0.000000000000E+00
   49.   0.563281250000E+03   0.309627217024E-09   0.000000000000E+00   0.136718750000E+03   0.344174513837E-09   0.000000000000E+00
   50.   0.562500000000E+03   0.138828955088E-09   0.000000000000E+00   0.137500000000E+03   0.172708872026E-09   0.000000000000E+00
   51.   0.561718750000E+03   0.252278279030E-09   0.000000000000E+00   0.138281250000E+03   0.346698472768E-09   0.000000000000E+00
   52.   0.560937500000E+03   0.113481981696E-09   0.000000000000E+00   0.139062500000E+03   0.173963092808E-09   0.000000000000E+00
   53.   0.560156250000E+03   0.206890062749E-09   0.000000000000E+00   0.139843750000E+03   0.349191415838E-09   0.000000000000E+00
   54.   0.559375000000E+03   0.934438706824E-10   0.000000000000E+00   0.140625000000E+03   0.175201861528E-09   0.000000000000E+00
   55.   0.558593750000E+03   0.171049996398E-09   0.000000000000E+00   0.141406250000E+03   0.351653548112E-09   0.000000000000E+00
   56.   0.557812500000E+03   0.776441286051E-10   0.000000000000E+00   0.142187500000E+03   0.176425263393E-09   0.000000000000E+00
   57.   0.557031250000E+03   0.142833287496E-09   0.000000000000E+00   0.142968750000E+03   0.354085010349E-09   0.000000000000E+00
   58.   0.556250000000E+03   0.652287566629E-10   0.000000000000E+00   0.143750000000E+03   0.177633368670E-09   0.000000000000E+00
   59.   0.555468750000E+03   0.120704534236E-09   0.000000000000E+00   0.144531250000E+03   0.356485894920E-09   0.000000000000E+00
   60.   0.554687500000E+03   0.555165463833E-10   0.000000000000E+00   0.145312500000E+03   0.178826194740E-09   0.000000000000E+00
   61.   0.553906250000E+03   0.103439064322E-09   0.000000000000E+00   0.146093750000E+03   0.358856252403E-09   0.000000000000E+00
   62.   0.553125000000E+03   0.479641606355E-10   0.000000000000E+00   0.146875000000E+03   0.180003760512E-09   0.000000000000E+00
   63.   0.552343750000E+03   0.900600976617E-10   0.000000000000E+00   0.147656250000E+03   0.361196102544E-09   0.000000000000E+00
   64.   0.551562500000E+03   0.421382405225E-10   0.000000000000E+00   0.148437500000E+03   0.181166071072E-09   0.000000000000E+00
   65.   0.550781250000E+03   0.797885815883E-10   0.000000000000E+00   0.149218750000E+03   0.363505453334E-09   0.000000000000E+00
   66.   0.550000000000E+03   0.376931459407E-10   0.000000000000E+00   0.150000000000E+03   0.182313143227E-09   0.000000000000E+00
   67.   0.549218750000E+03   0.720031544857E-10   0.000000000000E+00   0.150781250000E+03   0.365784283236E-09   0.000000000000E+00
   68.   0.548437500000E+03   0.343531919154E-10   0.000000000000E+00   0.151562500000E+03   0.183444951243E-09   0.000000000000E+00
   69.   0.547656250000E+03   0.662082066914E-10   0.000000000000E+00   0.152343750000E+03   0.368032547958E-09   0.000000000000E+00
   70.   0.546875000000E+03   0.318984825968E-10   0.000000000000E+00   0.153125000000E+03   0.184561450041E-09   0.000000000000E+00
   71.   0.546093750000E+03   0.620084048347E-10   0.000000000000E+00   0.153906250000E+03   0.370250189080E-09   0.000000000000E+00
   72.   0.545312500000E+03   0.301536002184E-10   0.000000000000E+00   0.154687500000E+03   0.185662628545E-09   0.000000000000E+00
   73.   0.544531250000E+03   0.590883746939E-10   0.000000000000E+00   0.155468750000E+03   0.372437150720E-09   0.000000000000E+00
   74.   0.543750000000E+03   0.289786008003E-10   0.000000000000E+00   0.156250000000E+03   0.186748447185E-09   0.000000000000E+00
   75.   0.542968750000E+03   0.571964988569E-10   0.000000000000E+00   0.157031250000E+03   0.374593369531E-09   0.000000000000E+00
   76.   0.542187500000E+03   0.282618236050E-10   0.000000000000E+00   0.157812500000E+03   0.187818881833E-09   0.000000000000E+00
   77.   0.541406250000E+03   0.561319968870E-10   0.000000000000E+00   0.158593750000E+03   0.376718761782E-09   0.000000000000E+00
   78.   0.540625000000E+03   0.279141578128E-10   0.000000000000E+00   0.159375000000E+03   0.188873879727E-09   0.000000000000E+00
   79.   0.539843750000E+03   0.557346249561E-10   0.000000000000E+00   0.160156250000E+03   0.378813244598E-09   0.000000000000E+00
   80.   0.539062500000E+03   0.278644776952E-10   0.000000000000E+00   0.160937500000E+03   0.189913410711E-09   0.000000000000E+00
   81.   0.538281250000E+03   0.558764588853E-10   0.000000000000E+00   0.161718750000E+03   0.380876732740E-09   0.000000000000E+00
   82.   0.537500000000E+03   0.280559931300E-10   0.000000000000E+00   0.162500000000E+03   0.190937397490E-09   0.000000000000E+00
   83.   0.536718750000E+03   0.564553488735E-10   0.000000000000E+00   0.163281250000E+03   0.382909137195E-09   0.000000000000E+00
   84.   0.535937500000E+03   0.284433449284E-10   0.000000000000E+00   0.164062500000E+03   0.191945842637E-09   0.000000000000E+00
   85.   0.535156250000E+03   0.573896926958E-10   0.000000000000E+00   0.164843750000E+03   0.384910367559E-09   0.000000000000E+00
   86.   0.534375000000E+03   0.289902943701E-10   0.000000000000E+00   0.165625000000E+03   0.192938675092E-09   0.000000000000E+00
   87.   0.533593750000E+03   0.586142739910E-10   0.000000000000E+00   0.166406250000E+03   0.386880326609E-09   0.000000000000E+00
   88.   0.532812500000E+03   0.296678683919E-10   0.000000000000E+00   0.167187500000E+03   0.193915850091E-09   0.000000000000E+00
   89.   0.532031250000E+03   0.600769415884E-10   0.000000000000E+00   0.167968750000E+03   0.388818920139E-09   0.000000000000E+00
   90.   0.531250000000E+03   0.304528905105E-10   0.000000000000E+00   0.168750000000E+03   0.194877305541E-09   0.000000000000E+00
   91.   0.530468750000E+03   0.617359628090E-10   0.000000000000E+00   0.169531250000E+03   0.390726056085E-09   0.000000000000E+00
   92.   0.529687500000E+03   0.313268071704E-10   0.000000000000E+00   0.170312500000E+03   0.195823021902E-09   0.000000000000E+00
   93.   0.528906250000E+03   0.635579108887E-10   0.000000000000E+00   0.171093750000E+03   0.392601631724E-09   0.000000000000E+00
   94.   0.528125000000E+03   0.322747485741E-10   0.000000000000E+00   0.171875000000E+03   0.196752936571E-09   0.000000000000E+00
   95.   0.527343750000E+03   0.655159857459E-10   0.000000000000E+00   0.172656250000E+03   0.394445556728E-09   0.000000000000E+00
   96.   0.526562500000E+03   0.332847827764E-10   0.000000000000E+00   0.173437500000E+03   0.197666994111E-09   0.000000000000E+00
   97.   0.525781250000E+03   0.675886671491E-10   0.000000000000E+00   0.174218750000E+03   0.396257733466E-09   0.000000000000E+00
   98.   0.525000000000E+03   0.343473235712E-10   0.000000000000E+00   0.175000000000E+03   0.198565154064E-09   0.000000000000E+00
   99.   0.524218750000E+03   0.697586478961E-10   0.000000000000E+00   0.175781250000E+03   0.398038062145E-09   0.000000000000E+00
  100.   0.523437500000E+03   0.354546500946E-10   0.000000000000E+00   0.176562500000E+03   0.199447369113E-09   0.000000000000E+00
  101.   0.522656250000E+03   0.720119798846E-10   0.000000000000E+00   0.177343750000E+03   0.399786448828E-09   0.000000000000E+00
  102.   0.521875000000E+03   0.366005372390E-10   0.000000000000E+00   0.178125000000E+03   0.200313581290E-09   0.000000000000E+00
  103.   0.521093750000E+03   0.743373938780E-10   0.000000000000E+00   0.178906250000E+03   0.401502795292E-09   0.000000000000E+00
  104.   0.520312500000E+03   0.377799398498E-10   0.000000000000E+00   0.179687500000E+03   0.201163755592E-09   0.000000000000E+00
  105.   0.519531250000E+03   0.767257563308E-10   0.000000000000E+00   0.180468750000E+03   0.403187008265E-09   0.000000000000E+00
  106.   0.518750000000E+03   0.389887703564E-10   0.000000000000E+00   0.181250000000E+03   0.201997850011E-09   0.000000000000E+00
  107.   0.517968750000E+03   0.791696370537E-10   0.000000000000E+00   0.182031250000E+03   0.404838988870E-09   0.000000000000E+00
  108.   0.517187500000E+03   0.402236879337E-10   0.000000000000E+00   0.182812500000E+03   0.202815799358E-09   0.000000000000E+00
  109.   0.516406250000E+03   0.816629670875E-10   0.000000000000E+00   0.183593750000E+03   0.406458643660E-09   0.000000000000E+00
  110.   0.515625000000E+03   0.414819635064E-10   0.000000000000E+00   0.184375000000E+03   0.203617558865E-09   0.000000000000E+00
  111.   0.514843750000E+03   0.842007615723E-10   0.000000000000E+00   0.185156250000E+03   0.408045893066E-09   0.000000000000E+00
  112.   0.514062500000E+03   0.427613404460E-10   0.000000000000E+00   0.185937500000E+03   0.204403090879E-09   0.000000000000E+00
  113.   0.513281250000E+03   0.867788973266E-10   0.000000000000E+00   0.186718750000E+03   0.409600632603E-09   0.000000000000E+00
  114.   0.512500000000E+03   0.440599542862E-10   0.000000000000E+00   0.187500000000E+03   0.205172344938E-09   0.000000000000E+00
  115.   0.511718750000E+03   0.893939458718E-10   0.000000000000E+00   0.188281250000E+03   0.411122773558E-09   0.000000000000E+00
  116.   0.510937500000E+03   0.453762431521E-10   0.000000000000E+00   0.189062500000E+03   0.205925280028E-09   0.000000000000E+00
  117.   0.510156250000E+03   0.920430278511E-10   0.000000000000E+00   0.189843750000E+03   0.412612225169E-09   0.000000000000E+00
  118.   0.509375000000E+03   0.467088862088E-10   0.000000000000E+00   0.190625000000E+03   0.206661843430E-09   0.000000000000E+00
  119.   0.508593750000E+03   0.947237009662E-10   0.000000000000E+00   0.191406250000E+03   0.414068897259E-09   0.000000000000E+00
  120.   0.507812500000E+03   0.480567642273E-10   0.000000000000E+00   0.192187500000E+03   0.207382001689E-09   0.000000000000E+00
  121.   0.507031250000E+03   0.974338773766E-10   0.000000000000E+00   0.192968750000E+03   0.415492706027E-09   0.000000000000E+00
  122.   0.506250000000E+03   0.494189077884E-10   0.000000000000E+00   0.193750000000E+03   0.208085715175E-09   0.000000000000E+00
  123.   0.505468750000E+03   0.100171749361E-09   0.000000000000E+00   0.194531250000E+03   0.416883563151E-09   0.000000000000E+00
  124.   0.504687500000E+03   0.507944768737E-10   0.000000000000E+00   0.195312500000E+03   0.208772915642E-09   0.000000000000E+00
  125.   0.503906250000E+03   0.102935731698E-09   0.000000000000E+00   0.196093750000E+03   0.418241389196E-09   0.000000000000E+00
  126.   0.503125000000E+03   0.521827301994E-10   0.000000000000E+00   0.196875000000E+03   0.209443591894E-09   0.000000000000E+00
  127.   0.502343750000E+03   0.105724421792E-09   0.000000000000E+00   0.197656250000E+03   0.419566094972E-09   0.000000000000E+00
  128.   0.501562500000E+03   0.535830012632E-10   0.000000000000E+00   0.198437500000E+03   0.210097688509E-09   0.000000000000E+00
  129.   0.500781250000E+03   0.108536556994E-09   0.000000000000E+00   0.199218750000E+03   0.420857590777E-09   0.000000000000E+00
  130.   0.500000000000E+03   0.549946984731E-10   0.000000000000E+00   0.200000000000E+03   0.210735157344E-09   0.000000000000E+00
  131.   0.499218750000E+03   0.111370992151E-09   0.000000000000E+00   0.200781250000E+03   0.422115804743E-09   0.000000000000E+00
  132.   0.498437500000E+03   0.564172702673E-10   0.000000000000E+00   0.201562500000E+03   0.211355966119E-09   0.000000000000E+00
  133.   0.497656250000E+03   0.114226671522E-09   0.000000000000E+00   0.202343750000E+03   0.423340657194E-09   0.000000000000E+00
  134.   0.496875000000E+03   0.578502080329E-10   0.000000000000E+00   0.203125000000E+03   0.211960070922E-09   0.000000000000E+00
  135.   0.496093750000E+03   0.117102618772E-09   0.000000000000E+00   0.203906250000E+03   0.424532067955E-09   0.000000000000E+00
  136.   0.495312500000E+03   0.592930431446E-10   0.000000000000E+00   0.204687500000E+03   0.212547443451E-09   0.000000000000E+00
  137.   0.494531250000E+03   0.119997911772E-09   0.000000000000E+00   0.205468750000E+03   0.425689957264E-09   0.000000000000E+00
  138.   0.493750000000E+03   0.607453274911E-10   0.000000000000E+00   0.206250000000E+03   0.213118033171E-09   0.000000000000E+00
  139.   0.492968750000E+03   0.122911682149E-09   0.000000000000E+00   0.207031250000E+03   0.426814254405E-09   0.000000000000E+00
  140.   0.492187500000E+03   0.622066369030E-10   0.000000000000E+00   0.207812500000E+03   0.213671809826E-09   0.000000000000E+00
  141.   0.491406250000E+03   0.125843096428E-09   0.000000000000E+00   0.208593750000E+03   0.427904885376E-09   0.000000000000E+00
  142.   0.490625000000E+03   0.636765629000E-10   0.000000000000E+00   0.209375000000E+03   0.214208733421E-09   0.000000000000E+00
  143.   0.489843750000E+03   0.128791353724E-09   0.000000000000E+00   0.210156250000E+03   0.428961775691E-09   0.000000000000E+00
  144.   0.489062500000E+03   0.651547139766E-10   0.000000000000E+00   0.210937500000E+03   0.214728762594E-09   0.000000000000E+00
  145.   0.488281250000E+03   0.131755679801E-09   0.000000000000E+00   0.211718750000E+03   0.429984857521E-09   0.000000000000E+00
  146.   0.487500000000E+03   0.666407081080E-10   0.000000000000E+00   0.212500000000E+03   0.215231882029E-09   0.000000000000E+00
  147.   0.486718750000E+03   0.134735319065E-09   0.000000000000E+00   0.213281250000E+03   0.430974050726E-09   0.000000000000E+00
  148.   0.485937500000E+03   0.681341714944E-10   0.000000000000E+00   0.214062500000E+03   0.215718046530E-09   0.000000000000E+00
  149.   0.485156250000E+03   0.137729540194E-09   0.000000000000E+00   0.214843750000E+03   0.431929305143E-09   0.000000000000E+00
  150.   0.484375000000E+03   0.696347463715E-10   0.000000000000E+00   0.215625000000E+03   0.216187223963E-09   0.000000000000E+00
  151.   0.483593750000E+03   0.140737620661E-09   0.000000000000E+00   0.216406250000E+03   0.432850545087E-09   0.000000000000E+00
  152.   0.482812500000E+03   0.711420676817E-10   0.000000000000E+00   0.217187500000E+03   0.216639368476E-09   0.000000000000E+00
  153.   0.482031250000E+03   0.143758853364E-09   0.000000000000E+00   0.217968750000E+03   0.433737709837E-09   0.000000000000E+00
  154.   0.481250000000E+03   0.726557852021E-10   0.000000000000E+00   0.218750000000E+03   0.217074461619E-09   0.000000000000E+00
  155.   0.480468750000E+03   0.146792534952E-09   0.000000000000E+00   0.219531250000E+03   0.434590740793E-09   0.000000000000E+00
  156.   0.479687500000E+03   0.741755611735E-10   0.000000000000E+00   0.220312500000E+03   0.217492469299E-09   0.000000000000E+00
  157.   0.478906250000E+03   0.149837982183E-09   0.000000000000E+00   0.221093750000E+03   0.435409572159E-09   0.000000000000E+00
  158.   0.478125000000E+03   0.757010428808E-10   0.000000000000E+00   0.221875000000E+03   0.217893377967E-09   0.000000000000E+00
  159.   0.477343750000E+03   0.152894509839E-09   0.000000000000E+00   0.222656250000E+03   0.436194148377E-09   0.000000000000E+00
  160.   0.476562500000E+03   0.772318969005E-10   0.000000000000E+00   0.223437500000E+03   0.218277138179E-09   0.000000000000E+00
  161.   0.475781250000E+03   0.155961445802E-09   0.000000000000E+00   0.224218750000E+03   0.436944412883E-09   0.000000000000E+00
  162.   0.475000000000E+03   0.787677888430E-10   0.000000000000E+00   0.225000000000E+03   0.218643739059E-09   0.000000000000E+00
  163.   0.474218750000E+03   0.159038125084E-09   0.000000000000E+00   0.225781250000E+03   0.437660311722E-09   0.000000000000E+00
  164.   0.473437500000E+03   0.803083798278E-10   0.000000000000E+00   0.226562500000E+03   0.218993126165E-09   0.000000000000E+00
  165.   0.472656250000E+03   0.162123883133E-09   0.000000000000E+00   0.227343750000E+03   0.438341797082E-09   0.000000000000E+00
  166.   0.471875000000E+03   0.818533433353E-10   0.000000000000E+00   0.228125000000E+03   0.219325297483E-09   0.000000000000E+00
  167.   0.471093750000E+03   0.165218060015E-09   0.000000000000E+00   0.228906250000E+03   0.438988812027E-09   0.000000000000E+00
  168.   0.470312500000E+03   0.834023608588E-10   0.000000000000E+00   0.229687500000E+03   0.219640235775E-09   0.000000000000E+00
  169.   0.469531250000E+03   0.168320007482E-09   0.000000000000E+00   0.230468750000E+03   0.439601308513E-09   0.000000000000E+00
  170.   0.468750000000E+03   0.849550949821E-10   0.000000000000E+00   0.231250000000E+03   0.219937901651E-09   0.000000000000E+00
  171.   0.467968750000E+03   0.171429077884E-09   0.000000000000E+00   0.232031250000E+03   0.440179241798E-09   0.000000000000E+00
  172.   0.467187500000E+03   0.865112301678E-10   0.000000000000E+00   0.232812500000E+03   0.220218271514E-09   0.000000000000E+00
  173.   0.466406250000E+03   0.174544630472E-09   0.000000000000E+00   0.233593750000E+03   0.440722568686E-09   0.000000000000E+00
  174.   0.465625000000E+03   0.880704473522E-10   0.000000000000E+00   0.234375000000E+03   0.220481318954E-09   0.000000000000E+00
  175.   0.464843750000E+03   0.177666024228E-09   0.000000000000E+00   0.235156250000E+03   0.441231251990E-09   0.000000000000E+00
  176.   0.464062500000E+03   0.896324240417E-10   0.000000000000E+00   0.235937500000E+03   0.220727046113E-09   0.000000000000E+00
  177.   0.463281250000E+03   0.180792628996E-09   0.000000000000E+00   0.236718750000E+03   0.441705251220E-09   0.000000000000E+00
  178.   0.462500000000E+03   0.911968519974E-10   0.000000000000E+00   0.237500000000E+03   0.220955420116E-09   0.000000000000E+00
  179.   0.461718750000E+03   0.183923818382E-09   0.000000000000E+00   0.238281250000E+03   0.442144528396E-09   0.000000000000E+00
  180.   0.460937500000E+03   0.927634146849E-10   0.000000000000E+00   0.239062500000E+03   0.221166430096E-09   0.000000000000E+00
  181.   0.460156250000E+03   0.187058966643E-09   0.000000000000E+00   0.239843750000E+03   0.442549061964E-09   0.000000000000E+00
  182.   0.459375000000E+03   0.943317960901E-10   0.000000000000E+00   0.240625000000E+03   0.221360059184E-09   0.000000000000E+00
  183.   0.458593750000E+03   0.190197460957E-09   0.000000000000E+00   0.241406250000E+03   0.442918818701E-09   0.000000000000E+00
  184.   0.457812500000E+03   0.959017055577E-10   0.000000000000E+00   0.242187500000E+03   0.221536295452E-09   0.000000000000E+00
  185.   0.457031250000E+03   0.193338690582E-09   0.000000000000E+00   0.242968750000E+03   0.443253766989E-09   0.000000000000E+00
  186.   0.456250000000E+03   0.974728250648E-10   0.000000000000E+00   0.243750000000E+03   0.221695116819E-09   0.000000000000E+00
  187.   0.455468750000E+03   0.196482046258E-09   0.000000000000E+00   0.244531250000E+03   0.443553893324E-09   0.000000000000E+00
  188.   0.454687500000E+03   0.990448536000E-10   0.000000000000E+00   0.245312500000E+03   0.221836536985E-09   0.000000000000E+00
  189.   0.453906250000E+03   0.199626933895E-09   0.000000000000E+00   0.246093750000E+03   0.443819186554E-09   0.000000000000E+00
  190.   0.453125000000E+03   0.100617506329E-09   0.000000000000E+00   0.246875000000E+03   0.221960535376E-09   0.000000000000E+00
  191.   0.452343750000E+03   0.202772768280E-09   0.000000000000E+00   0.247656250000E+03   0.444049636294E-09   0.000000000000E+00
  192.   0.451562500000E+03   0.102190482139E-09   0.000000000000E+00   0.248437500000E+03   0.222067093575E-09   0.000000000000E+00
  193.   0.450781250000E+03   0.205918965389E-09   0.000000000000E+00   0.249218750000E+03   0.444245238768E-09   0.000000000000E+00
  194.   0.450000000000E+03   0.103763498011E-09   0.000000000000E+00   0.250000000000E+03   0.222156245977E-09   0.000000000000E+00
  195.   0.449218750000E+03   0.209064958984E-09   0.000000000000E+00   0.250781250000E+03   0.444406001301E-09   0.000000000000E+00
  196.   0.448437500000E+03   0.105336270915E-09   0.000000000000E+00   0.251562500000E+03   0.222227983558E-09   0.000000000000E+00
  197.   0.447656250000E+03   0.212210194802E-09   0.000000000000E+00   0.252343750000E+03   0.444531937874E-09   0.000000000000E+00
  198.   0.446875000000E+03   0.106908529322E-09   0.000000000000E+00   0.253125000000E+03   0.222282301667E-09   0.000000000000E+00
  199.   0.446093750000E+03   0.215354129118E-09   0.000000000000E+00   0.253906250000E+03   0.444623074907E-09   0.000000000000E+00
  200.   0.445312500000E+03   0.108480003659E-09   0.000000000000E+00   0.254687500000E+03   0.222319243044E-09   0.000000000000E+00
  201.   0.444531250000E+03   0.218496241202E-09   0.000000000000E+00   0.255468750000E+03   0.444679448919E-09   0.000000000000E+00
  202.   0.443750000000E+03   0.110050437034E-09   0.000000000000E+00   0.256250000000E+03   0.222338809385E-09   0.000000000000E+00
  203.   0.442968750000E+03   0.221636034242E-09   0.000000000000E+00   0.257031250000E+03   0.444701134179E-09   0.000000000000E+00
  204.   0.442187500000E+03   0.111619588403E-09   0.000000000000E+00   0.257812500000E+03   0.222341049849E-09   0.000000000000E+00
  205.   0.441406250000E+03   0.224773033655E-09   0.000000000000E+00   0.258593750000E+03   0.444688215449E-09   0.000000000000E+00
  206.   0.440625000000E+03   0.113187229512E-09   0.000000000000E+00   0.259375000000E+03   0.222326007009E-09   0.000000000000E+00
  207.   0.439843750000E+03   0.227906797554E-09   0.000000000000E+00   0.260156250000E+03   0.444640782765E-09   0.000000000000E+00
  208.   0.439062500000E+03   0.114753146755E-09   0.000000000000E+00   0.260937500000E+03   0.222293748495E-09   0.000000000000E+00
  209.   0.438281250000E+03   0.231036924758E-09   0.000000000000E+00   0.261718750000E+03   0.444558980867E-09   0.000000000000E+00
  210.   0.437500000000E+03   0.116317147654E-09   0.000000000000E+00   0.262500000000E+03   0.222244344534E-09   0.000000000000E+00
  211.   0.436718750000E+03   0.234163056466E-09   0.000000000000E+00   0.263281250000E+03   0.444442995696E-09   0.000000000000E+00
  212.   0.435937500000E+03   0.117879070808E-09   0.000000000000E+00   0.264062500000E+03   0.222177897382E-09   0.000000000000E+00
  213.   0.435156250000E+03   0.237284898752E-09   0.000000000000E+00   0.264843750000E+03   0.444293043581E-09   0.000000000000E+00
  214.   0.434375000000E+03   0.119438781656E-09   0.000000000000E+00   0.265625000000E+03   0.222094533572E-09   0.000000000000E+00
  215.   0.433593750000E+03   0.240402234764E-09   0.000000000000E+00   0.266406250000E+03   0.444109418043E-09   0.000000000000E+00
  216.   0.432812500000E+03   0.120996198046E-09   0.000000000000E+00   0.267187500000E+03   0.221994407460E-09   0.000000000000E+00
  217.   0.432031250000E+03   0.243514937125E-09   0.000000000000E+00   0.267968750000E+03   0.443892487281E-09   0.000000000000E+00
  218.   0.431250000000E+03   0.122551281769E-09   0.000000000000E+00   0.268750000000E+03   0.221877745627E-09   0.000000000000E+00
  219.   0.430468750000E+03   0.246622984241E-09   0.000000000000E+00   0.269531250000E+03   0.443642708559E-09   0.000000000000E+00
  220.   0.429687500000E+03   0.124104047046E-09   0.000000000000E+00   0.270312500000E+03   0.221744776983E-09   0.000000000000E+00
  221.   0.428906250000E+03   0.249726503853E-09   0.000000000000E+00   0.271093750000E+03   0.443360669461E-09   0.000000000000E+00
  222.   0.428125000000E+03   0.125654598883E-09   0.000000000000E+00   0.271875000000E+03   0.221595852425E-09   0.000000000000E+00
  223.   0.427343750000E+03   0.252825795301E-09   0.000000000000E+00   0.272656250000E+03   0.443047100354E-09   0.000000000000E+00
  224.   0.426562500000E+03   0.127203127040E-09   0.000000000000E+00   0.273437500000E+03   0.221431357181E-09   0.000000000000E+00
  225.   0.425781250000E+03   0.255921374538E-09   0.000000000000E+00   0.274218750000E+03   0.442702913929E-09   0.000000000000E+00
  226.   0.425000000000E+03   0.128749976125E-09   0.000000000000E+00   0.275000000000E+03   0.221251815783E-09   0.000000000000E+00
  227.   0.424218750000E+03   0.259014032582E-09   0.000000000000E+00   0.275781250000E+03   0.442329263173E-09   0.000000000000E+00
  228.   0.423437500000E+03   0.130295589214E-09   0.000000000000E+00   0.276562500000E+03   0.221057857901E-09   0.000000000000E+00
  229.   0.422656250000E+03   0.262104892980E-09   0.000000000000E+00   0.277343750000E+03   0.441927596742E-09   0.000000000000E+00
  230.   0.421875000000E+03   0.131840633686E-09   0.000000000000E+00   0.278125000000E+03   0.220850303760E-09   0.000000000000E+00
  231.   0.421093750000E+03   0.265195500852E-09   0.000000000000E+00   0.278906250000E+03   0.441499729241E-09   0.000000000000E+00
  232.   0.420312500000E+03   0.133386000959E-09   0.000000000000E+00   0.279687500000E+03   0.220630145865E-09   0.000000000000E+00
  233.   0.419531250000E+03   0.268287937500E-09   0.000000000000E+00   0.280468750000E+03   0.441047936280E-09   0.000000000000E+00
  234.   0.418750000000E+03   0.134932863673E-09   0.000000000000E+00   0.281250000000E+03   0.220398661163E-09   0.000000000000E+00
  235.   0.417968750000E+03   0.271384933312E-09   0.000000000000E+00   0.282031250000E+03   0.440575070883E-09   0.000000000000E+00
  236.   0.417187500000E+03   0.136482789379E-09   0.000000000000E+00   0.282812500000E+03   0.220157438889E-09   0.000000000000E+00
  237.   0.416406250000E+03   0.274490036267E-09   0.000000000000E+00   0.283593750000E+03   0.440084727885E-09   0.000000000000E+00
  238.   0.415625000000E+03   0.138037768125E-09   0.000000000000E+00   0.284375000000E+03   0.219908472879E-09   0.000000000000E+00
  239.   0.414843750000E+03   0.277607822168E-09   0.000000000000E+00   0.285156250000E+03   0.439581390596E-09   0.000000000000E+00
  240.   0.414062500000E+03   0.139600372215E-09   0.000000000000E+00   0.285937500000E+03   0.219654266367E-09   0.000000000000E+00
  241.   0.413281250000E+03   0.280744148299E-09   0.000000000000E+00   0.286718750000E+03   0.439070702553E-09   0.000000000000E+00
  242.   0.412500000000E+03   0.141173892551E-09   0.000000000000E+00   0.287500000000E+03   0.219397950251E-09   0.000000000000E+00
  243.   0.411718750000E+03   0.283906467798E-09   0.000000000000E+00   0.288281250000E+03   0.438559738865E-09   0.000000000000E+00
  244.   0.410937500000E+03   0.142762492094E-09   0.000000000000E+00   0.289062500000E+03   0.219143466460E-09   0.000000000000E+00
  245.   0.410156250000E+03   0.287104230750E-09   0.000000000000E+00   0.289843750000E+03   0.438057388645E-09   0.000000000000E+00
  246.   0.409375000000E+03   0.144371453702E-09   0.000000000000E+00   0.290625000000E+03   0.218895767255E-09   0.000000000000E+00
  247.   0.408593750000E+03   0.290349380062E-09   0.000000000000E+00   0.291406250000E+03   0.437574789201E-09   0.000000000000E+00
  248.   0.407812500000E+03   0.146007437875E-09   0.000000000000E+00   0.292187500000E+03   0.218661031692E-09   0.000000000000E+00
  249.   0.407031250000E+03   0.293656975349E-09   0.000000000000E+00   0.292968750000E+03   0.437125920968E-09   0.000000000000E+00
  250.   0.406250000000E+03   0.147678839526E-09   0.000000000000E+00   0.293750000000E+03   0.218447050067E-09   0.000000000000E+00
  251.   0.405468750000E+03   0.297045970563E-09   0.000000000000E+00   0.294531250000E+03   0.436728341553E-09   0.000000000000E+00
  252.   0.404687500000E+03   0.149396217067E-09   0.000000000000E+00   0.295312500000E+03   0.218263603304E-09   0.000000000000E+00
  253.   0.403906250000E+03   0.300540193088E-09   0.000000000000E+00   0.296093750000E+03   0.436404071244E-09   0.000000000000E+00
  254.   0.403125000000E+03   0.151172843763E-09   0.000000000000E+00   0.296875000000E+03   0.218122928586E-09   0.000000000000E+00
  255.   0.402343750000E+03   0.304169544132E-09   0.000000000000E+00   0.297656250000E+03   0.436180760583E-09   0.000000000000E+00
  256.   0.401562500000E+03   0.153025352652E-09   0.000000000000E+00   0.298437500000E+03   0.218040442607E-09   0.000000000000E+00
  257.   0.400781250000E+03   0.307971530063E-09   0.000000000000E+00   0.299218750000E+03   0.436093114092E-09   0.000000000000E+00
  258.   0.400000000000E+03   0.154974603356E-09   0.000000000000E+00   0.300000000000E+03   0.218035424450E-09   0.000000000000E+00
  259.   0.399218750000E+03   0.311993153253E-09   0.000000000000E+00   0.300781250000E+03   0.436184687643E-09   0.000000000000E+00
  260.   0.398437500000E+03   0.157046735883E-09   0.000000000000E+00   0.301562500000E+03   0.218132147075E-09   0.000000000000E+00
  261.   0.397656250000E+03   0.316293282847E-09   0.000000000000E+00   0.302343750000E+03   0.436510162902E-09   0.000000000000E+00
  262.   0.396875000000E+03   0.159274486230E-09   0.000000000000E+00   0.303125000000E+03   0.218361035911E-09   0.000000000000E+00
  263.   0.396093750000E+03   0.320945622745E-09   0.000000000000E+00   0.303906250000E+03   0.437138169271E-09   0.000000000000E+00
  264.   0.395312500000E+03   0.161698814276E-09   0.000000000000E+00   0.304687500000E+03   0.218760264687E-09   0.000000000000E+00
  265.   0.394531250000E+03   0.326042418999E-09   0.000000000000E+00   0.305468750000E+03   0.438154852928E-09   0.000000000000E+00
  266.   0.393750000000E+03   0.164370996144E-09   0.000000000000E+00   0.306250000000E+03   0.219377806264E-09   0.000000000000E+00
  267.   0.392968750000E+03   0.331699085609E-09   0.000000000000E+00   0.307031250000E+03   0.439668368947E-09   0.000000000000E+00
  268.   0.392187500000E+03   0.167355178303E-09   0.000000000000E+00   0.307812500000E+03   0.220273848144E-09   0.000000000000E+00
  269.   0.391406250000E+03   0.338059995724E-09   0.000000000000E+00   0.308593750000E+03   0.441814478568E-09   0.000000000000E+00
  270.   0.390625000000E+03   0.170731571711E-09   0.000000000000E+00   0.309375000000E+03   0.221523960624E-09   0.000000000000E+00
  271.   0.389843750000E+03   0.345305708530E-09   0.000000000000E+00   0.310156250000E+03   0.444763612234E-09   0.000000000000E+00
  272.   0.389062500000E+03   0.174600517894E-09   0.000000000000E+00   0.310937500000E+03   0.223223002694E-09   0.000000000000E+00
  273.   0.388281250000E+03   0.353662015270E-09   0.000000000000E+00   0.311718750000E+03   0.448729722303E-09   0.000000000000E+00
  274.   0.387500000000E+03   0.179087465313E-09   0.000000000000E+00   0.312500000000E+03   0.225490033891E-09   0.000000000000E+00
  275.   0.386718750000E+03   0.363411256538E-09   0.000000000000E+00   0.313281250000E+03   0.453981391484E-09   0.000000000000E+00
  276.   0.385937500000E+03   0.184349278142E-09   0.000000000000E+00   0.314062500000E+03   0.228474561532E-09   0.000000000000E+00
  277.   0.385156250000E+03   0.374906422570E-09   0.000000000000E+00   0.314843750000E+03   0.460855803098E-09   0.000000000000E+00
  278.   0.384375000000E+03   0.190582075591E-09   0.000000000000E+00   0.315625000000E+03   0.232364272067E-09   0.000000000000E+00
  279.   0.383593750000E+03   0.388588842916E-09   0.000000000000E+00   0.316406250000E+03   0.469776300271E-09   0.000000000000E+00
  280.   0.382812500000E+03   0.198031046963E-09   0.000000000000E+00   0.317187500000E+03   0.237394799101E-09   0.000000000000E+00
  281.   0.382031250000E+03   0.405010296281E-09   0.000000000000E+00   0.317968750000E+03   0.481274384155E-09   0.000000000000E+00
  282.   0.381250000000E+03   0.207002739982E-09   0.000000000000E+00   0.318750000000E+03   0.243861962325E-09   0.000000000000E+00
  283.   0.380468750000E+03   0.424860657799E-09   0.000000000000E+00   0.319531250000E+03   0.496017417271E-09   0.000000000000E+00
  284.   0.379687500000E+03   0.217880416419E-09   0.000000000000E+00   0.320312500000E+03   0.252137219898E-09   0.000000000000E+00
  285.   0.378906250000E+03   0.449002531921E-09   0.000000000000E+00   0.321093750000E+03   0.514843455698E-09   0.000000000000E+00
  286.   0.378125000000E+03   0.231143330890E-09   0.000000000000E+00   0.321875000000E+03   0.262687095276E-09   0.000000000000E+00
  287.   0.377343750000E+03   0.478514686461E-09   0.000000000000E+00   0.322656250000E+03   0.538805099581E-09   0.000000000000E+00
  288.   0.376562500000E+03   0.247390844881E-09   0.000000000000E+00   0.323437500000E+03   0.276097522430E-09   0.000000000000E+00
  289.   0.375781250000E+03   0.514746583267E-09   0.000000000000E+00   0.324218750000E+03   0.569224796849E-09   0.000000000000E+00
  290.   0.375000000000E+03   0.267372797468E-09   0.000000000000E+00   0.325000000000E+03   0.293104774582E-09   0.000000000000E+00
  291.   0.374218750000E+03   0.559387132750E-09   0.000000000000E+00   0.325781250000E+03   0.607764825290E-09   0.000000000000E+00
  292.   0.373437500000E+03   0.292027872265E-09   0.000000000000E+00   0.326562500000E+03   0.314634492981E-09   0.000000000000E+00
  293.   0.372656250000E+03   0.614551725146E-09   0.000000000000E+00   0.327343750000E+03   0.656516211097E-09   0.000000000000E+00
  294.   0.371875000000E+03   0.322532238449E-09   0.000000000000E+00   0.328125000000E+03   0.341851523213E-09   0.000000000000E+00
  295.   0.371093750000E+03   0.682893314757E-09   0.000000000000E+00   0.328906250000E+03   0.718112604739E-09   0.000000000000E+00
  296.   0.370312500000E+03   0.360361944244E-09   0.000000000000E+00   0.329687500000E+03   0.376223988291E-09   0.000000000000E+00
  297.   0.369531250000E+03   0.767746006756E-09   0.000000000000E+00   0.330468750000E+03   0.795877797621E-09   0.000000000000E+00
  298.   0.368750000000E+03   0.407374488836E-09   0.000000000000E+00   0.331250000000E+03   0.419607017533E-09   0.000000000000E+00
  299.   0.367968750000E+03   0.873313696513E-09   0.000000000000E+00   0.332031250000E+03   0.894019844922E-09   0.000000000000E+00
  300.   0.367187500000E+03   0.465916380411E-09   0.000000000000E+00   0.332812500000E+03   0.474353654355E-09   0.000000000000E+00
  301.   0.366406250000E+03   0.100492614018E-08   0.000000000000E+00   0.333593750000E+03   0.101789454425E-08   0.000000000000E+00
  302.   0.365625000000E+03   0.538976141369E-09   0.000000000000E+00   0.334375000000E+03   0.543471816329E-09   0.000000000000E+00
  303.   0.364843750000E+03   0.116939337576E-08   0.000000000000E+00   0.335156250000E+03   0.117437003632E-08   0.000000000000E+00
  304.   0.364062500000E+03   0.630388010566E-09   0.000000000000E+00   0.335937500000E+03   0.630834099055E-09   0.000000000000E+00
  305.   0.363281250000E+03   0.137554165165E-08   0.000000000000E+00   0.336718750000E+03   0.137237556092E-08   0.000000000000E+00
  306.   0.362500000000E+03   0.745216585542E-09   0.000000000000E+00   0.337500000000E+03   0.741567955798E-09   0.000000000000E+00
  307.   0.361718750000E+03   0.163499415069E-08   0.000000000000E+00   0.338281250000E+03   0.162370131358E-08   0.000000000000E+00
  308.   0.360937500000E+03   0.890129724244E-09   0.000000000000E+00   0.339062500000E+03   0.882442988160E-09   0.000000000000E+00
  309.   0.360156250000E+03   0.196363787634E-08   0.000000000000E+00   0.339843750000E+03   0.194448554547E-08   0.000000000000E+00
  310.   0.359375000000E+03   0.107508497861E-08   0.000000000000E+00   0.340625000000E+03   0.106355357662E-08   0.000000000000E+00
  311.   0.358593750000E+03   0.238372837979E-08   0.000000000000E+00   0.341406250000E+03   0.235736368807E-08   0.000000000000E+00
  312.   0.357812500000E+03   0.131322821255E-08   0.000000000000E+00   0.342187500000E+03   0.129827378983E-08   0.000000000000E+00
  313.   0.357031250000E+03   0.292936329054E-08   0.000000000000E+00   0.342968750000E+03   0.289697279030E-08   0.000000000000E+00
  314.   0.356250000000E+03   0.163199552335E-08   0.000000000000E+00   0.343750000000E+03   0.161430496631E-08   0.000000000000E+00
  315.   0.355468750000E+03   0.365642703384E-08   0.000000000000E+00   0.344531250000E+03   0.362000612239E-08   0.000000000000E+00
  316.   0.354687500000E+03   0.207135363786E-08   0.000000000000E+00   0.345312500000E+03   0.205200737008E-08   0.000000000000E+00
  317.   0.353906250000E+03   0.466474361868E-08   0.000000000000E+00   0.346093750000E+03   0.462760639513E-08   0.000000000000E+00
  318.   0.353125000000E+03   0.271868372195E-08   0.000000000000E+00   0.346875000000E+03   0.270017763118E-08   0.000000000000E+00
  319.   0.352343750000E+03   0.626233925543E-08   0.000000000000E+00   0.347656250000E+03   0.622933063022E-08   0.000000000000E+00
  320.   0.351562500000E+03   0.413274526414E-08   0.000000000000E+00   0.348437500000E+03   0.411558699876E-08   0.000000000000E+00
  321.   0.350781250000E+03   0.893490329331E-08   0.000000000000E+00   0.349218750000E+03   0.892083528413E-08   0.000000000000E+00
  322.   0.350000000000E+03   0.128980378988E-07   0.000000000000E+00   0.350000000000E+03   0.128980378877E-07   0.000000000000E+00
  323.   0.349218750000E+03   0.892083528501E-08   0.000000000000E+00   0.350781250000E+03   0.893490328425E-08   0.000000000000E+00
  324.   0.348437500000E+03   0.411558700202E-08   0.000000000000E+00   0.351562500000E+03   0.413274525384E-08   0.000000000000E+00
  325.   0.347656250000E+03   0.622933063147E-08   0.000000000000E+00   0.352343750000E+03   0.626233924255E-08   0.000000000000E+00
  326.   0.346875000000E+03   0.270017763267E-08   0.000000000000E+00   0.353125000000E+03   0.271868372170E-08   0.000000000000E+00
  327.   0.346093750000E+03   0.462760639801E-08   0.000000000000E+00   0.353906250000E+03   0.466474361213E-08   0.000000000000E+00
  328.   0.345312500000E+03   0.205200738239E-08   0.000000000000E+00   0.354687500000E+03   0.207135364301E-08   0.000000000000E+00
  329.   0.344531250000E+03   0.362000612590E-08   0.000000000000E+00   0.355468750000E+03   0.365642703226E-08   0.000000000000E+00
  330.   0.343750000000E+03   0.161430496489E-08   0.000000000000E+00   0.356250000000E+03   0.163199553219E-08   0.000000000000E+00
  331.   0.342968750000E+03   0.289697279013E-08   0.000000000000E+00   0.357031250000E+03   0.292936328830E-08   0.000000000000E+00
  332.   0.342187500000E+03   0.129827378389E-08   0.000000000000E+00   0.357812500000E+03   0.131322821610E-08   0.000000000000E+00
  333.   0.341406250000E+03   0.235736368125E-08   0.000000000000E+00   0.358593750000E+03   0.238372838247E-08   0.000000000000E+00
  334.   0.340625000000E+03   0.106355357457E-08   0.000000000000E+00   0.359375000000E+03   0.107508497231E-08   0.000000000000E+00
  335.   0.339843750000E+03   0.194448554092E-08   0.000000000000E+00   0.360156250000E+03   0.196363788313E-08   0.000000000000E+00
  336.   0.339062500000E+03   0.882442986733E-09   0.000000000000E+00   0.360937500000E+03   0.890129718841E-09   0.000000000000E+00
  337.   0.338281250000E+03   0.162370130689E-08   0.000000000000E+00   0.361718750000E+03   0.163499415297E-08   0.000000000000E+00
  338.   0.337500000000E+03   0.741567958622E-09   0.000000000000E+00   0.362500000000E+03   0.745216590500E-09   0.000000000000E+00
  339.   0.336718750000E+03   0.137237555167E-08   0.000000000000E+00   0.363281250000E+03   0.137554164935E-08   0.000000000000E+00
  340.   0.335937500000E+03   0.630834107920E-09   0.000000000000E+00   0.364062500000E+03   0.630388022329E-09   0.000000000000E+00
  341.   0.335156250000E+03   0.117437003001E-08   0.000000000000E+00   0.364843750000E+03   0.116939337411E-08   0.000000000000E+00
  342.   0.334375000000E+03   0.543471816453E-09   0.000000000000E+00   0.365625000000E+03   0.538976153092E-09   0.000000000000E+00
  343.   0.333593750000E+03   0.101789454399E-08   0.000000000000E+00   0.366406250000E+03   0.100492614069E-08   0.000000000000E+00
  344.   0.332812500000E+03   0.474353659009E-09   0.000000000000E+00   0.367187500000E+03   0.465916381888E-09   0.000000000000E+00
  345.   0.332031250000E+03   0.894019846588E-09   0.000000000000E+00   0.367968750000E+03   0.873313699945E-09   0.000000000000E+00
  346.   0.331250000000E+03   0.419607022552E-09   0.000000000000E+00   0.368750000000E+03   0.407374489362E-09   0.000000000000E+00
  347.   0.330468750000E+03   0.795877805892E-09   0.000000000000E+00   0.369531250000E+03   0.767746008116E-09   0.000000000000E+00
  348.   0.329687500000E+03   0.376223996608E-09   0.000000000000E+00   0.370312500000E+03   0.360361955206E-09   0.000000000000E+00
  349.   0.328906250000E+03   0.718112615123E-09   0.000000000000E+00   0.371093750000E+03   0.682893317814E-09   0.000000000000E+00
  350.   0.328125000000E+03   0.341851523469E-09   0.000000000000E+00   0.371875000000E+03   0.322532239456E-09   0.000000000000E+00
  351.   0.327343750000E+03   0.656516219580E-09   0.000000000000E+00   0.372656250000E+03   0.614551732745E-09   0.000000000000E+00
  352.   0.326562500000E+03   0.314634492998E-09   0.000000000000E+00   0.373437500000E+03   0.292027876858E-09   0.000000000000E+00
  353.   0.325781250000E+03   0.607764829291E-09   0.000000000000E+00   0.374218750000E+03   0.559387142132E-09   0.000000000000E+00
  354.   0.325000000000E+03   0.293104782467E-09   0.000000000000E+00   0.375000000000E+03   0.267372800164E-09   0.000000000000E+00
  355.   0.324218750000E+03   0.569224799427E-09   0.000000000000E+00   0.375781250000E+03   0.514746590316E-09   0.000000000000E+00
  356.   0.323437500000E+03   0.276097528368E-09   0.000000000000E+00   0.376562500000E+03   0.247390844786E-09   0.000000000000E+00
  357.   0.322656250000E+03   0.538805104204E-09   0.000000000000E+00   0.377343750000E+03   0.478514692096E-09   0.000000000000E+00
  358.   0.321875000000E+03   0.262687111112E-09   0.000000000000E+00   0.378125000000E+03   0.231143337238E-09   0.000000000000E+00
  359.   0.321093750000E+03   0.514843463127E-09   0.000000000000E+00   0.378906250000E+03   0.449002540344E-09   0.000000000000E+00
  360.   0.320312500000E+03   0.252137236020E-09   0.000000000000E+00   0.379687500000E+03   0.217880429714E-09   0.000000000000E+00
  361.   0.319531250000E+03   0.496017425369E-09   0.000000000000E+00   0.380468750000E+03   0.424860666185E-09   0.000000000000E+00
  362.   0.318750000000E+03   0.243861957576E-09   0.000000000000E+00   0.381250000000E+03   0.207002749092E-09   0.000000000000E+00
  363.   0.317968750000E+03   0.481274396265E-09   0.000000000000E+00   0.382031250000E+03   0.405010302923E-09   0.000000000000E+00
  364.   0.317187500000E+03   0.237394795081E-09   0.000000000000E+00   0.382812500000E+03   0.198031058793E-09   0.000000000000E+00
  365.   0.316406250000E+03   0.469776311312E-09   0.000000000000E+00   0.383593750000E+03   0.388588846771E-09   0.000000000000E+00
  366.   0.315625000000E+03   0.232364283999E-09   0.000000000000E+00   0.384375000000E+03   0.190582082557E-09   0.000000000000E+00
  367.   0.314843750000E+03   0.460855813895E-09   0.000000000000E+00   0.385156250000E+03   0.374906423850E-09   0.000000000000E+00
  368.   0.314062500000E+03   0.228474572940E-09   0.000000000000E+00   0.385937500000E+03   0.184349281897E-09   0.000000000000E+00
  369.   0.313281250000E+03   0.453981397142E-09   0.000000000000E+00   0.386718750000E+03   0.363411260155E-09   0.000000000000E+00
  370.   0.312500000000E+03   0.225490039796E-09   0.000000000000E+00   0.387500000000E+03   0.179087469070E-09   0.000000000000E+00
  371.   0.311718750000E+03   0.448729727697E-09   0.000000000000E+00   0.388281250000E+03   0.353662023156E-09   0.000000000000E+00
  372.   0.310937500000E+03   0.223222991926E-09   0.000000000000E+00   0.389062500000E+03   0.174600522361E-09   0.000000000000E+00
  373.   0.310156250000E+03   0.444763620061E-09   0.000000000000E+00   0.389843750000E+03   0.345305711749E-09   0.000000000000E+00
  374.   0.309375000000E+03   0.221523964174E-09   0.000000000000E+00   0.390625000000E+03   0.170731575448E-09   0.000000000000E+00
  375.   0.308593750000E+03   0.441814479922E-09   0.000000000000E+00   0.391406250000E+03   0.338059997141E-09   0.000000000000E+00
  376.   0.307812500000E+03   0.220273859345E-09   0.000000000000E+00   0.392187500000E+03   0.167355170774E-09   0.000000000000E+00
  377.   0.307031250000E+03   0.439668367461E-09   0.000000000000E+00   0.392968750000E+03   0.331699088338E-09   0.000000000000E+00
  378.   0.306250000000E+03   0.219377813897E-09   0.000000000000E+00   0.393750000000E+03   0.164370998656E-09   0.000000000000E+00
  379.   0.305468750000E+03   0.438154853424E-09   0.000000000000E+00   0.394531250000E+03   0.326042420927E-09   0.000000000000E+00
  380.   0.304687500000E+03   0.218760267545E-09   0.000000000000E+00   0.395312500000E+03   0.161698814615E-09   0.000000000000E+00
  381.   0.303906250000E+03   0.437138170679E-09   0.000000000000E+00   0.396093750000E+03   0.320945626252E-09   0.000000000000E+00
  382.   0.303125000000E+03   0.218361035145E-09   0.000000000000E+00   0.396875000000E+03   0.159274484310E-09   0.000000000000E+00
  383.   0.302343750000E+03   0.436510169238E-09   0.000000000000E+00   0.397656250000E+03   0.316293285351E-09   0.000000000000E+00
  384.   0.301562500000E+03   0.218132153572E-09   0.000000000000E+00   0.398437500000E+03   0.157046734483E-09   0.000000000000E+00
  385.   0.300781250000E+03   0.436184697330E-09   0.000000000000E+00   0.399218750000E+03   0.311993160506E-09   0.000000000000E+00
  386.   0.300000000000E+03   0.218035438682E-09   0.000000000000E+00   0.400000000000E+03   0.154974608515E-09   0.000000000000E+00
  387.   0.299218750000E+03   0.436093126228E-09   0.000000000000E+00   0.400781250000E+03   0.307971542305E-09   0.000000000000E+00
  388.   0.298437500000E+03   0.218040453878E-09   0.000000000000E+00   0.401562500000E+03   0.153025359243E-09   0.000000000000E+00
  389.   0.297656250000E+03   0.436180771052E-09   0.000000000000E+00   0.402343750000E+03   0.304169555849E-09   0.000000000000E+00
  390.   0.296875000000E+03   0.218122933140E-09   0.000000000000E+00   0.403125000000E+03   0.151172846408E-09   0.000000000000E+00
  391.   0.296093750000E+03   0.436404074186E-09   0.000000000000E+00   0.403906250000E+03   0.300540203486E-09   0.000000000000E+00
  392.   0.295312500000E+03   0.218263605763E-09   0.000000000000E+00   0.404687500000E+03   0.149396221409E-09   0.000000000000E+00
  393.   0.294531250000E+03   0.436728344258E-09   0.000000000000E+00   0.405468750000E+03   0.297045980309E-09   0.000000000000E+00
  394.   0.293750000000E+03   0.218447068127E-09   0.000000000000E+00   0.406250000000E+03   0.147678843723E-09   0.000000000000E+00
  395.   0.292968750000E+03   0.437125933049E-09   0.000000000000E+00   0.407031250000E+03   0.293656979470E-09   0.000000000000E+00
  396.   0.292187500000E+03   0.218661030741E-09   0.000000000000E+00   0.407812500000E+03   0.146007433481E-09   0.000000000000E+00
  397.   0.291406250000E+03   0.437574802308E-09   0.000000000000E+00   0.408593750000E+03   0.290349384129E-09   0.000000000000E+00
  398.   0.290625000000E+03   0.218895761003E-09   0.000000000000E+00   0.409375000000E+03   0.144371452054E-09   0.000000000000E+00
  399.   0.289843750000E+03   0.438057407069E-09   0.000000000000E+00   0.410156250000E+03   0.287104235533E-09   0.000000000000E+00
  400.   0.289062500000E+03   0.219143477983E-09   0.000000000000E+00   0.410937500000E+03   0.142762490111E-09   0.000000000000E+00
  401.   0.288281250000E+03   0.438559763318E-09   0.000000000000E+00   0.411718750000E+03   0.283906472345E-09   0.000000000000E+00
  402.   0.287500000000E+03   0.219397956383E-09   0.000000000000E+00   0.412500000000E+03   0.141173883935E-09   0.000000000000E+00
  403.   0.286718750000E+03   0.439070725064E-09   0.000000000000E+00   0.413281250000E+03   0.280744152764E-09   0.000000000000E+00
  404.   0.285937500000E+03   0.219654283614E-09   0.000000000000E+00   0.414062500000E+03   0.139600378652E-09   0.000000000000E+00
  405.   0.285156250000E+03   0.439581409322E-09   0.000000000000E+00   0.414843750000E+03   0.277607826401E-09   0.000000000000E+00
  406.   0.284375000000E+03   0.219908484830E-09   0.000000000000E+00   0.415625000000E+03   0.138037771409E-09   0.000000000000E+00
  407.   0.283593750000E+03   0.440084745293E-09   0.000000000000E+00   0.416406250000E+03   0.274490038266E-09   0.000000000000E+00
  408.   0.282812500000E+03   0.220157446853E-09   0.000000000000E+00   0.417187500000E+03   0.136482785387E-09   0.000000000000E+00
  409.   0.282031250000E+03   0.440575092901E-09   0.000000000000E+00   0.417968750000E+03   0.271384935673E-09   0.000000000000E+00
  410.   0.281250000000E+03   0.220398670541E-09   0.000000000000E+00   0.418750000000E+03   0.134932868076E-09   0.000000000000E+00
  411.   0.280468750000E+03   0.441047955181E-09   0.000000000000E+00   0.419531250000E+03   0.268287943936E-09   0.000000000000E+00
  412.   0.279687500000E+03   0.220630152256E-09   0.000000000000E+00   0.420312500000E+03   0.133386000322E-09   0.000000000000E+00
  413.   0.278906250000E+03   0.441499746228E-09   0.000000000000E+00   0.421093750000E+03   0.265195508731E-09   0.000000000000E+00
  414.   0.278125000000E+03   0.220850312751E-09   0.000000000000E+00   0.421875000000E+03   0.131840634213E-09   0.000000000000E+00
  415.   0.277343750000E+03   0.441927611103E-09   0.000000000000E+00   0.422656250000E+03   0.262104897825E-09   0.000000000000E+00
  416.   0.276562500000E+03   0.221057863133E-09   0.000000000000E+00   0.423437500000E+03   0.130295592165E-09   0.000000000000E+00
  417.   0.275781250000E+03   0.442329278225E-09   0.000000000000E+00   0.424218750000E+03   0.259014039802E-09   0.000000000000E+00
  418.   0.275000000000E+03   0.221251814411E-09   0.000000000000E+00   0.425000000000E+03   0.128749981845E-09   0.000000000000E+00
  419.   0.274218750000E+03   0.442702923064E-09   0.000000000000E+00   0.425781250000E+03   0.255921385154E-09   0.000000000000E+00
  420.   0.273437500000E+03   0.221431356852E-09   0.000000000000E+00   0.426562500000E+03   0.127203142189E-09   0.000000000000E+00
  421.   0.272656250000E+03   0.443047109243E-09   0.000000000000E+00   0.427343750000E+03   0.252825806332E-09   0.000000000000E+00
  422.   0.271875000000E+03   0.221595852605E-09   0.000000000000E+00   0.428125000000E+03   0.125654603729E-09   0.000000000000E+00
  423.   0.271093750000E+03   0.443360687300E-09   0.000000000000E+00   0.428906250000E+03   0.249726513615E-09   0.000000000000E+00
  424.   0.270312500000E+03   0.221744784311E-09   0.000000000000E+00   0.429687500000E+03   0.124104052473E-09   0.000000000000E+00
  425.   0.269531250000E+03   0.443642728924E-09   0.000000000000E+00   0.430468750000E+03   0.246622991125E-09   0.000000000000E+00
  426.   0.268750000000E+03   0.221877750950E-09   0.000000000000E+00   0.431250000000E+03   0.122551286091E-09   0.000000000000E+00
  427.   0.267968750000E+03   0.443892505966E-09   0.000000000000E+00   0.432031250000E+03   0.243514944890E-09   0.000000000000E+00
  428.   0.267187500000E+03   0.221994425995E-09   0.000000000000E+00   0.432812500000E+03   0.120996206233E-09   0.000000000000E+00
  429.   0.266406250000E+03   0.444109438478E-09   0.000000000000E+00   0.433593750000E+03   0.240402242983E-09   0.000000000000E+00
  430.   0.265625000000E+03   0.222094544687E-09   0.000000000000E+00   0.434375000000E+03   0.119438792105E-09   0.000000000000E+00
  431.   0.264843750000E+03   0.444293060747E-09   0.000000000000E+00   0.435156250000E+03   0.237284906421E-09   0.000000000000E+00
  432.   0.264062500000E+03   0.222177907548E-09   0.000000000000E+00   0.435937500000E+03   0.117879074727E-09   0.000000000000E+00
  433.   0.263281250000E+03   0.444443016472E-09   0.000000000000E+00   0.436718750000E+03   0.234163064793E-09   0.000000000000E+00
  434.   0.262500000000E+03   0.222244361315E-09   0.000000000000E+00   0.437500000000E+03   0.116317151764E-09   0.000000000000E+00
  435.   0.261718750000E+03   0.444559007514E-09   0.000000000000E+00   0.438281250000E+03   0.231036934116E-09   0.000000000000E+00
  436.   0.260937500000E+03   0.222293757300E-09   0.000000000000E+00   0.439062500000E+03   0.114753146497E-09   0.000000000000E+00
  437.   0.260156250000E+03   0.444640804378E-09   0.000000000000E+00   0.439843750000E+03   0.227906809120E-09   0.000000000000E+00
  438.   0.259375000000E+03   0.222326026186E-09   0.000000000000E+00   0.440625000000E+03   0.113187233749E-09   0.000000000000E+00
  439.   0.258593750000E+03   0.444688234134E-09   0.000000000000E+00   0.441406250000E+03   0.224773047820E-09   0.000000000000E+00
  440.   0.257812500000E+03   0.222341071252E-09   0.000000000000E+00   0.442187500000E+03   0.111619593963E-09   0.000000000000E+00
  441.   0.257031250000E+03   0.444701153274E-09   0.000000000000E+00   0.442968750000E+03   0.221636050873E-09   0.000000000000E+00
  442.   0.256250000000E+03   0.222338814620E-09   0.000000000000E+00   0.443750000000E+03   0.110050438394E-09   0.000000000000E+00
  443.   0.255468750000E+03   0.444679466418E-09   0.000000000000E+00   0.444531250000E+03   0.218496256386E-09   0.000000000000E+00
  444.   0.254687500000E+03   0.222319239857E-09   0.000000000000E+00   0.445312500000E+03   0.108480006663E-09   0.000000000000E+00
  445.   0.253906250000E+03   0.444623085639E-09   0.000000000000E+00   0.446093750000E+03   0.215354140548E-09   0.000000000000E+00
  446.   0.253125000000E+03   0.222282306540E-09   0.000000000000E+00   0.446875000000E+03   0.106908533836E-09   0.000000000000E+00
  447.   0.252343750000E+03   0.444531951832E-09   0.000000000000E+00   0.447656250000E+03   0.212210205814E-09   0.000000000000E+00
  448.   0.251562500000E+03   0.222227991965E-09   0.000000000000E+00   0.448437500000E+03   0.105336277927E-09   0.000000000000E+00
  449.   0.250781250000E+03   0.444406019017E-09   0.000000000000E+00   0.449218750000E+03   0.209064971453E-09   0.000000000000E+00
  450.   0.250000000000E+03   0.222156259347E-09   0.000000000000E+00   0.450000000000E+03   0.103763498715E-09   0.000000000000E+00
  451.   0.249218750000E+03   0.444245260166E-09   0.000000000000E+00   0.450781250000E+03   0.205918975822E-09   0.000000000000E+00
  452.   0.248437500000E+03   0.222067115527E-09   0.000000000000E+00   0.451562500000E+03   0.102190488647E-09   0.000000000000E+00
  453.   0.247656250000E+03   0.444049663608E-09   0.000000000000E+00   0.452343750000E+03   0.202772777802E-09   0.000000000000E+00
  454.   0.246875000000E+03   0.221960539372E-09   0.000000000000E+00   0.453125000000E+03   0.100617510220E-09   0.000000000000E+00
  455.   0.246093750000E+03   0.443819208226E-09   0.000000000000E+00   0.453906250000E+03   0.199626945200E-09   0.000000000000E+00
  456.   0.245312500000E+03   0.221836538205E-09   0.000000000000E+00   0.454687500000E+03   0.990448596830E-10   0.000000000000E+00
  457.   0.244531250000E+03   0.443553915514E-09   0.000000000000E+00   0.455468750000E+03   0.196482056544E-09   0.000000000000E+00
  458.   0.243750000000E+03   0.221695127167E-09   0.000000000000E+00   0.456250000000E+03   0.974728241150E-10   0.000000000000E+00
  459.   0.242968750000E+03   0.443253792068E-09   0.000000000000E+00   0.457031250000E+03   0.193338701719E-09   0.000000000000E+00
  460.   0.242187500000E+03   0.221536295343E-09   0.000000000000E+00   0.457812500000E+03   0.959017099296E-10   0.000000000000E+00
  461.   0.241406250000E+03   0.442918837489E-09   0.000000000000E+00   0.458593750000E+03   0.190197471119E-09   0.000000000000E+00
  462.   0.240625000000E+03   0.221360066473E-09   0.000000000000E+00   0.459375000000E+03   0.943318013271E-10   0.000000000000E+00
  463.   0.239843750000E+03   0.442549087938E-09   0.000000000000E+00   0.460156250000E+03   0.187058977102E-09   0.000000000000E+00
  464.   0.239062500000E+03   0.221166443927E-09   0.000000000000E+00   0.460937500000E+03   0.927634159460E-10   0.000000000000E+00
  465.   0.238281250000E+03   0.442144561049E-09   0.000000000000E+00   0.461718750000E+03   0.183923828844E-09   0.000000000000E+00
  466.   0.237500000000E+03   0.220955436871E-09   0.000000000000E+00   0.462500000000E+03   0.911968555496E-10   0.000000000000E+00
  467.   0.236718750000E+03   0.441705278060E-09   0.000000000000E+00   0.463281250000E+03   0.180792638895E-09   0.000000000000E+00
  468.   0.235937500000E+03   0.220727052602E-09   0.000000000000E+00   0.464062500000E+03   0.896324309460E-10   0.000000000000E+00
  469.   0.235156250000E+03   0.441231278309E-09   0.000000000000E+00   0.464843750000E+03   0.177666032711E-09   0.000000000000E+00
  470.   0.234375000000E+03   0.220481339248E-09   0.000000000000E+00   0.465625000000E+03   0.880704527617E-10   0.000000000000E+00
  471.   0.233593750000E+03   0.440722591539E-09   0.000000000000E+00   0.466406250000E+03   0.174544638986E-09   0.000000000000E+00
  472.   0.232812500000E+03   0.220218267150E-09   0.000000000000E+00   0.467187500000E+03   0.865112371322E-10   0.000000000000E+00
  473.   0.232031250000E+03   0.440179264801E-09   0.000000000000E+00   0.467968750000E+03   0.171429088770E-09   0.000000000000E+00
  474.   0.231250000000E+03   0.219937910984E-09   0.000000000000E+00   0.468750000000E+03   0.849551001312E-10   0.000000000000E+00
  475.   0.230468750000E+03   0.439601331773E-09   0.000000000000E+00   0.469531250000E+03   0.168320019299E-09   0.000000000000E+00
  476.   0.229687500000E+03   0.219640247035E-09   0.000000000000E+00   0.470312500000E+03   0.834023659672E-10   0.000000000000E+00
  477.   0.228906250000E+03   0.438988834517E-09   0.000000000000E+00   0.471093750000E+03   0.165218073660E-09   0.000000000000E+00
  478.   0.228125000000E+03   0.219325316290E-09   0.000000000000E+00   0.471875000000E+03   0.818533497589E-10   0.000000000000E+00
  479.   0.227343750000E+03   0.438341820672E-09   0.000000000000E+00   0.472656250000E+03   0.162123896585E-09   0.000000000000E+00
  480.   0.226562500000E+03   0.218993135865E-09   0.000000000000E+00   0.473437500000E+03   0.803083819034E-10   0.000000000000E+00
  481.   0.225781250000E+03   0.437660342971E-09   0.000000000000E+00   0.474218750000E+03   0.159038141506E-09   0.000000000000E+00
  482.   0.225000000000E+03   0.218643735299E-09   0.000000000000E+00   0.475000000000E+03   0.787677881499E-10   0.000000000000E+00
  483.   0.224218750000E+03   0.436944442549E-09   0.000000000000E+00   0.475781250000E+03   0.155961462989E-09   0.000000000000E+00
  484.   0.223437500000E+03   0.218277146440E-09   0.000000000000E+00   0.476562500000E+03   0.772319026780E-10   0.000000000000E+00
  485.   0.222656250000E+03   0.436194170367E-09   0.000000000000E+00   0.477343750000E+03   0.152894525103E-09   0.000000000000E+00
  486.   0.221875000000E+03   0.217893390401E-09   0.000000000000E+00   0.478125000000E+03   0.757010476571E-10   0.000000000000E+00
  487.   0.221093750000E+03   0.435409589688E-09   0.000000000000E+00   0.478906250000E+03   0.149837997141E-09   0.000000000000E+00
  488.   0.220312500000E+03   0.217492484697E-09   0.000000000000E+00   0.479687500000E+03   0.741755632134E-10   0.000000000000E+00
  489.   0.219531250000E+03   0.434590758988E-09   0.000000000000E+00   0.480468750000E+03   0.146792551516E-09   0.000000000000E+00
  490.   0.218750000000E+03   0.217074472641E-09   0.000000000000E+00   0.481250000000E+03   0.726557936601E-10   0.000000000000E+00
  491.   0.217968750000E+03   0.433737731092E-09   0.000000000000E+00   0.482031250000E+03   0.143758866346E-09   0.000000000000E+00
  492.   0.217187500000E+03   0.216639373454E-09   0.000000000000E+00   0.482812500000E+03   0.711420721574E-10   0.000000000000E+00
  493.   0.216406250000E+03   0.432850567272E-09   0.000000000000E+00   0.483593750000E+03   0.140737635737E-09   0.000000000000E+00
  494.   0.215625000000E+03   0.216187229124E-09   0.000000000000E+00   0.484375000000E+03   0.696347507927E-10   0.000000000000E+00
  495.   0.214843750000E+03   0.431929327894E-09   0.000000000000E+00   0.485156250000E+03   0.137729556500E-09   0.000000000000E+00
  496.   0.214062500000E+03   0.215718059165E-09   0.000000000000E+00   0.485937500000E+03   0.681341764104E-10   0.000000000000E+00
  497.   0.213281250000E+03   0.430974072460E-09   0.000000000000E+00   0.486718750000E+03   0.134735333626E-09   0.000000000000E+00
  498.   0.212500000000E+03   0.215231901263E-09   0.000000000000E+00   0.487500000000E+03   0.666407162383E-10   0.000000000000E+00
  499.   0.211718750000E+03   0.429984871830E-09   0.000000000000E+00   0.488281250000E+03   0.131755693351E-09   0.000000000000E+00
  500.   0.210937500000E+03   0.214728780461E-09   0.000000000000E+00   0.489062500000E+03   0.651547251327E-10   0.000000000000E+00
  501.   0.210156250000E+03   0.428961792547E-09   0.000000000000E+00   0.489843750000E+03   0.128791369011E-09   0.000000000000E+00
  502.   0.209375000000E+03   0.214208735883E-09   0.000000000000E+00   0.490625000000E+03   0.636765709392E-10   0.000000000000E+00
  503.   0.208593750000E+03   0.427904900214E-09   0.000000000000E+00   0.491406250000E+03   0.125843111348E-09   0.000000000000E+00
  504.   0.207812500000E+03   0.213671820395E-09   0.000000000000E+00   0.492187500000E+03   0.622066439170E-10   0.000000000000E+00
  505.   0.207031250000E+03   0.426814269025E-09   0.000000000000E+00   0.492968750000E+03   0.122911696715E-09   0.000000000000E+00
  506.   0.206250000000E+03   0.213118042303E-09   0.000000000000E+00   0.493750000000E+03   0.607453365763E-10   0.000000000000E+00
  507.   0.205468750000E+03   0.425689968690E-09   0.000000000000E+00   0.494531250000E+03   0.119997927889E-09   0.000000000000E+00
  508.   0.204687500000E+03   0.212547450671E-09   0.000000000000E+00   0.495312500000E+03   0.592930538849E-10   0.000000000000E+00
  509.   0.203906250000E+03   0.424532077204E-09   0.000000000000E+00   0.496093750000E+03   0.117102634126E-09   0.000000000000E+00
  510.   0.203125000000E+03   0.211960079897E-09   0.000000000000E+00   0.496875000000E+03   0.578502148528E-10   0.000000000000E+00
  511.   0.202343750000E+03   0.423340667073E-09   0.000000000000E+00   0.497656250000E+03   0.114226686106E-09   0.000000000000E+00
  512.   0.201562500000E+03   0.211355957028E-09   0.000000000000E+00   0.498437500000E+03   0.564172765035E-10   0.000000000000E+00
  513.   0.200781250000E+03   0.422115819981E-09   0.000000000000E+00   0.499218750000E+03   0.111371005750E-09   0.000000000000E+00
  514.   0.200000000000E+03   0.210735161163E-09   0.000000000000E+00   0.500000000000E+03   0.549947083535E-10   0.000000000000E+00
  515.   0.199218750000E+03   0.420857609036E-09   0.000000000000E+00   0.500781250000E+03   0.108536572062E-09   0.000000000000E+00
  516.   0.198437500000E+03   0.210097700481E-09   0.000000000000E+00   0.501562500000E+03   0.535830134604E-10   0.000000000000E+00
  517.   0.197656250000E+03   0.419566108758E-09   0.000000000000E+00   0.502343750000E+03   0.105724437126E-09   0.000000000000E+00
  518.   0.196875000000E+03   0.209443604216E-09   0.000000000000E+00   0.503125000000E+03   0.521827374524E-10   0.000000000000E+00
  519.   0.196093750000E+03   0.418241406832E-09   0.000000000000E+00   0.503906250000E+03   0.102935748563E-09   0.000000000000E+00
  520.   0.195312500000E+03   0.208772931546E-09   0.000000000000E+00   0.504687500000E+03   0.507944832146E-10   0.000000000000E+00
  521.   0.194531250000E+03   0.416883585246E-09   0.000000000000E+00   0.505468750000E+03   0.100171765328E-09   0.000000000000E+00
  522.   0.193750000000E+03   0.208085720669E-09   0.000000000000E+00   0.506250000000E+03   0.494189146165E-10   0.000000000000E+00
  523.   0.192968750000E+03   0.415492729228E-09   0.000000000000E+00   0.507031250000E+03   0.974338930700E-10   0.000000000000E+00
  524.   0.192187500000E+03   0.207382024558E-09   0.000000000000E+00   0.507812500000E+03   0.480567711267E-10   0.000000000000E+00
  525.   0.191406250000E+03   0.414068921731E-09   0.000000000000E+00   0.508593750000E+03   0.947237166085E-10   0.000000000000E+00
  526.   0.190625000000E+03   0.206661860937E-09   0.000000000000E+00   0.509375000000E+03   0.467088939615E-10   0.000000000000E+00
  527.   0.189843750000E+03   0.412612249834E-09   0.000000000000E+00   0.510156250000E+03   0.920430423807E-10   0.000000000000E+00
  528.   0.189062500000E+03   0.205925287294E-09   0.000000000000E+00   0.510937500000E+03   0.453762499293E-10   0.000000000000E+00
  529.   0.188281250000E+03   0.411122799689E-09   0.000000000000E+00   0.511718750000E+03   0.893939607289E-10   0.000000000000E+00
  530.   0.187500000000E+03   0.205172355807E-09   0.000000000000E+00   0.512500000000E+03   0.440599603840E-10   0.000000000000E+00
  531.   0.186718750000E+03   0.409600656588E-09   0.000000000000E+00   0.513281250000E+03   0.867789116902E-10   0.000000000000E+00
  532.   0.185937500000E+03   0.204403092547E-09   0.000000000000E+00   0.514062500000E+03   0.427613480957E-10   0.000000000000E+00
  533.   0.185156250000E+03   0.408045910775E-09   0.000000000000E+00   0.514843750000E+03   0.842007749369E-10   0.000000000000E+00
  534.   0.184375000000E+03   0.203617558037E-09   0.000000000000E+00   0.515625000000E+03   0.414819702665E-10   0.000000000000E+00
  535.   0.183593750000E+03   0.406458662794E-09   0.000000000000E+00   0.516406250000E+03   0.816629809118E-10   0.000000000000E+00
  536.   0.182812500000E+03   0.202815798443E-09   0.000000000000E+00   0.517187500000E+03   0.402236949416E-10   0.000000000000E+00
  537.   0.182031250000E+03   0.404839002091E-09   0.000000000000E+00   0.517968750000E+03   0.791696509047E-10   0.000000000000E+00
  538.   0.181250000000E+03   0.201997853100E-09   0.000000000000E+00   0.518750000000E+03   0.389887755068E-10   0.000000000000E+00
  539.   0.180468750000E+03   0.403187018225E-09   0.000000000000E+00   0.519531250000E+03   0.767257696330E-10   0.000000000000E+00
  540.   0.179687500000E+03   0.201163769847E-09   0.000000000000E+00   0.520312500000E+03   0.377799467485E-10   0.000000000000E+00
  541.   0.178906250000E+03   0.401502806637E-09   0.000000000000E+00   0.521093750000E+03   0.743374071609E-10   0.000000000000E+00
  542.   0.178125000000E+03   0.200313591126E-09   0.000000000000E+00   0.521875000000E+03   0.366005424903E-10   0.000000000000E+00
  543.   0.177343750000E+03   0.399786460006E-09   0.000000000000E+00   0.522656250000E+03   0.720119934762E-10   0.000000000000E+00
  544.   0.176562500000E+03   0.199447370185E-09   0.000000000000E+00   0.523437500000E+03   0.354546570574E-10   0.000000000000E+00
  545.   0.175781250000E+03   0.398038070770E-09   0.000000000000E+00   0.524218750000E+03   0.697586614904E-10   0.000000000000E+00
  546.   0.175000000000E+03   0.198565155970E-09   0.000000000000E+00   0.525000000000E+03   0.343473308486E-10   0.000000000000E+00
  547.   0.174218750000E+03   0.396257741116E-09   0.000000000000E+00   0.525781250000E+03   0.675886814820E-10   0.000000000000E+00
  548.   0.173437500000E+03   0.197666991016E-09   0.000000000000E+00   0.526562500000E+03   0.332847898735E-10   0.000000000000E+00
  549.   0.172656250000E+03   0.394445564867E-09   0.000000000000E+00   0.527343750000E+03   0.655160010132E-10   0.000000000000E+00
  550.   0.171875000000E+03   0.196752933013E-09   0.000000000000E+00   0.528125000000E+03   0.322747565481E-10   0.000000000000E+00
  551.   0.171093750000E+03   0.392601644526E-09   0.000000000000E+00   0.528906250000E+03   0.635579270272E-10   0.000000000000E+00
  552.   0.170312500000E+03   0.195823032106E-09   0.000000000000E+00   0.529687500000E+03   0.313268151099E-10   0.000000000000E+00
  553.   0.169531250000E+03   0.390726068474E-09   0.000000000000E+00   0.530468750000E+03   0.617359783378E-10   0.000000000000E+00
  554.   0.168750000000E+03   0.194877316344E-09   0.000000000000E+00   0.531250000000E+03   0.304528989030E-10   0.000000000000E+00
  555.   0.167968750000E+03   0.388818931970E-09   0.000000000000E+00   0.532031250000E+03   0.600769572790E-10   0.000000000000E+00
  556.   0.167187500000E+03   0.193915860123E-09   0.000000000000E+00   0.532812500000E+03   0.296678760825E-10   0.000000000000E+00
  557.   0.166406250000E+03   0.386880336789E-09   0.000000000000E+00   0.533593750000E+03   0.586142900581E-10   0.000000000000E+00
  558.   0.165625000000E+03   0.192938682896E-09   0.000000000000E+00   0.534375000000E+03   0.289903015318E-10   0.000000000000E+00
  559.   0.164843750000E+03   0.384910378177E-09   0.000000000000E+00   0.535156250000E+03   0.573897085263E-10   0.000000000000E+00
  560.   0.164062500000E+03   0.191945852270E-09   0.000000000000E+00   0.535937500000E+03   0.284433527613E-10   0.000000000000E+00
  561.   0.163281250000E+03   0.382909155989E-09   0.000000000000E+00   0.536718750000E+03   0.564553647990E-10   0.000000000000E+00
  562.   0.162500000000E+03   0.190937421045E-09   0.000000000000E+00   0.537500000000E+03   0.280560015438E-10   0.000000000000E+00
  563.   0.161718750000E+03   0.380876754546E-09   0.000000000000E+00   0.538281250000E+03   0.558764744772E-10   0.000000000000E+00
  564.   0.160937500000E+03   0.189913406770E-09   0.000000000000E+00   0.539062500000E+03   0.278644857109E-10   0.000000000000E+00
  565.   0.160156250000E+03   0.378813258793E-09   0.000000000000E+00   0.539843750000E+03   0.557346403507E-10   0.000000000000E+00
  566.   0.159375000000E+03   0.188873883246E-09   0.000000000000E+00   0.540625000000E+03   0.279141668102E-10   0.000000000000E+00
  567.   0.158593750000E+03   0.376718769746E-09   0.000000000000E+00   0.541406250000E+03   0.561320124013E-10   0.000000000000E+00
  568.   0.157812500000E+03   0.187818887237E-09   0.000000000000E+00   0.542187500000E+03   0.282618325037E-10   0.000000000000E+00
  569.   0.157031250000E+03   0.374593374682E-09   0.000000000000E+00   0.542968750000E+03   0.571965141662E-10   0.000000000000E+00
  570.   0.156250000000E+03   0.186748454355E-09   0.000000000000E+00   0.543750000000E+03   0.289786092835E-10   0.000000000000E+00
  571.   0.155468750000E+03   0.372437157600E-09   0.000000000000E+00   0.544531250000E+03   0.590883900863E-10   0.000000000000E+00
  572.   0.154687500000E+03   0.185662625506E-09   0.000000000000E+00   0.545312500000E+03   0.301536082693E-10   0.000000000000E+00
  573.   0.153906250000E+03   0.370250190949E-09   0.000000000000E+00   0.546093750000E+03   0.620084204531E-10   0.000000000000E+00
  574.   0.153125000000E+03   0.184561448711E-09   0.000000000000E+00   0.546875000000E+03   0.318984905158E-10   0.000000000000E+00
  575.   0.152343750000E+03   0.368032545796E-09   0.000000000000E+00   0.547656250000E+03   0.662082223633E-10   0.000000000000E+00
  576.   0.151562500000E+03   0.183444942689E-09   0.000000000000E+00   0.548437500000E+03   0.343532002343E-10   0.000000000000E+00
  577.   0.150781250000E+03   0.365784283306E-09   0.000000000000E+00   0.549218750000E+03   0.720031698191E-10   0.000000000000E+00
  578.   0.150000000000E+03   0.182313142081E-09   0.000000000000E+00   0.550000000000E+03   0.376931529819E-10   0.000000000000E+00
  579.   0.149218750000E+03   0.363505451544E-09   0.000000000000E+00   0.550781250000E+03   0.797885965925E-10   0.000000000000E+00
  580.   0.148437500000E+03   0.181166073788E-09   0.000000000000E+00   0.551562500000E+03   0.421382471227E-10   0.000000000000E+00
  581.   0.147656250000E+03   0.361196100637E-09   0.000000000000E+00   0.552343750000E+03   0.900601128734E-10   0.000000000000E+00
  582.   0.146875000000E+03   0.180003762109E-09   0.000000000000E+00   0.553125000000E+03   0.479641683121E-10   0.000000000000E+00
  583.   0.146093750000E+03   0.358856253540E-09   0.000000000000E+00   0.553906250000E+03   0.103439079865E-09   0.000000000000E+00
  584.   0.145312500000E+03   0.178826187780E-09   0.000000000000E+00   0.554687500000E+03   0.555165550146E-10   0.000000000000E+00
  585.   0.144531250000E+03   0.356485897205E-09   0.000000000000E+00   0.555468750000E+03   0.120704550068E-09   0.000000000000E+00
  586.   0.143750000000E+03   0.177633363719E-09   0.000000000000E+00   0.556250000000E+03   0.652287647479E-10   0.000000000000E+00
  587.   0.142968750000E+03   0.354085012967E-09   0.000000000000E+00   0.557031250000E+03   0.142833303213E-09   0.000000000000E+00
  588.   0.142187500000E+03   0.176425268416E-09   0.000000000000E+00   0.557812500000E+03   0.776441367036E-10   0.000000000000E+00
  589.   0.141406250000E+03   0.351653554483E-09   0.000000000000E+00   0.558593750000E+03   0.171050012101E-09   0.000000000000E+00
  590.   0.140625000000E+03   0.175201860264E-09   0.000000000000E+00   0.559375000000E+03   0.934438789089E-10   0.000000000000E+00
  591.   0.139843750000E+03   0.349191422255E-09   0.000000000000E+00   0.560156250000E+03   0.206890078572E-09   0.000000000000E+00
  592.   0.139062500000E+03   0.173963091592E-09   0.000000000000E+00   0.560937500000E+03   0.113481989629E-09   0.000000000000E+00
  593.   0.138281250000E+03   0.346698474936E-09   0.000000000000E+00   0.561718750000E+03   0.252278295336E-09   0.000000000000E+00
  594.   0.137500000000E+03   0.172708878102E-09   0.000000000000E+00   0.562500000000E+03   0.138828963396E-09   0.000000000000E+00
  595.   0.136718750000E+03   0.344174513477E-09   0.000000000000E+00   0.563281250000E+03   0.309627233087E-09   0.000000000000E+00
  596.   0.135937500000E+03   0.171439100397E-09   0.000000000000E+00   0.564062500000E+03   0.170826426192E-09   0.000000000000E+00
  597.   0.135156250000E+03   0.341619262957E-09   0.000000000000E+00   0.564843750000E+03   0.381960166349E-09   0.000000000000E+00
  598.   0.134375000000E+03   0.170153581415E-09   0.000000000000E+00   0.565625000000E+03   0.211155367603E-09   0.000000000000E+00
  599.   0.133593750000E+03   0.339032352206E-09   0.000000000000E+00   0.566406250000E+03   0.473064408305E-09   0.000000000000E+00
  600.   0.132812500000E+03   0.168852132789E-09   0.000000000000E+00   0.567187500000E+03   0.261921194767E-09   0.000000000000E+00
  601.   0.132031250000E+03   0.336413296531E-09   0.000000000000E+00   0.567968750000E+03   0.587682164008E-09   0.000000000000E+00
  602.   0.131250000000E+03   0.167534467963E-09   0.000000000000E+00   0.568750000000E+03   0.325759514610E-09   0.000000000000E+00
  603.   0.130468750000E+03   0.333761474038E-09   0.000000000000E+00   0.569531250000E+03   0.731747326283E-09   0.000000000000E+00
  604.   0.129687500000E+03   0.166200280409E-09   0.000000000000E+00   0.570312500000E+03   0.405967250093E-09   0.000000000000E+00
  605.   0.128906250000E+03   0.331076090125E-09   0.000000000000E+00   0.571093750000E+03   0.912677923899E-09   0.000000000000E+00
  606.   0.128125000000E+03   0.164849063885E-09   0.000000000000E+00   0.571875000000E+03   0.506664334747E-09   0.000000000000E+00
  607.   0.127343750000E+03   0.328356138409E-09   0.000000000000E+00   0.572656250000E+03   0.113973478046E-08   0.000000000000E+00
  608.   0.126562500000E+03   0.163480296571E-09   0.000000000000E+00   0.573437500000E+03   0.632991559740E-09   0.000000000000E+00
  609.   0.125781250000E+03   0.325600357637E-09   0.000000000000E+00   0.574218750000E+03   0.142445651925E-08   0.000000000000E+00
  610.   0.125000000000E+03   0.162093263066E-09   0.000000000000E+00   0.575000000000E+03   0.791349566343E-09   0.000000000000E+00
  611.   0.124218750000E+03   0.322807167225E-09   0.000000000000E+00   0.575781250000E+03   0.178117780358E-08   0.000000000000E+00
  612.   0.123437500000E+03   0.160687098554E-09   0.000000000000E+00   0.576562500000E+03   0.989681470809E-09   0.000000000000E+00
  613.   0.122656250000E+03   0.319974605112E-09   0.000000000000E+00   0.577343750000E+03   0.222762693321E-08   0.000000000000E+00
  614.   0.121875000000E+03   0.159260705338E-09   0.000000000000E+00   0.578125000000E+03   0.123779324198E-08   0.000000000000E+00
  615.   0.121093750000E+03   0.317100246474E-09   0.000000000000E+00   0.578906250000E+03   0.278557652159E-08   0.000000000000E+00
  616.   0.120312500000E+03   0.157812749031E-09   0.000000000000E+00   0.579687500000E+03   0.154769188659E-08   0.000000000000E+00
  617.   0.119531250000E+03   0.314181094590E-09   0.000000000000E+00   0.580468750000E+03   0.348145657110E-08   0.000000000000E+00
  618.   0.118750000000E+03   0.156341559085E-09   0.000000000000E+00   0.581250000000E+03   0.193386269551E-08   0.000000000000E+00
  619.   0.117968750000E+03   0.311213457702E-09   0.000000000000E+00   0.582031250000E+03   0.434675205858E-08   0.000000000000E+00
  620.   0.117187500000E+03   0.154845069068E-09   0.000000000000E+00   0.582812500000E+03   0.241339261180E-08   0.000000000000E+00
  621.   0.116406250000E+03   0.308192761898E-09   0.000000000000E+00   0.583593750000E+03   0.541762490265E-08   0.000000000000E+00
  622.   0.115625000000E+03   0.153320662831E-09   0.000000000000E+00   0.584375000000E+03   0.300531157909E-08   0.000000000000E+00
  623.   0.114843750000E+03   0.305113296525E-09   0.000000000000E+00   0.585156250000E+03   0.673312536349E-08   0.000000000000E+00
  624.   0.114062500000E+03   0.151765048164E-09   0.000000000000E+00   0.585937500000E+03   0.372947506617E-08   0.000000000000E+00
  625.   0.113281250000E+03   0.301967842689E-09   0.000000000000E+00   0.586718750000E+03   0.832845114402E-08   0.000000000000E+00
  626.   0.112500000000E+03   0.150173911828E-09   0.000000000000E+00   0.587500000000E+03   0.459842733730E-08   0.000000000000E+00
  627.   0.111718750000E+03   0.298747122483E-09   0.000000000000E+00   0.588281250000E+03   0.102235152448E-07   0.000000000000E+00
  628.   0.110937500000E+03   0.148541550960E-09   0.000000000000E+00   0.589062500000E+03   0.561678965347E-08   0.000000000000E+00
  629.   0.110156250000E+03   0.295438857563E-09   0.000000000000E+00   0.589843750000E+03   0.123784743772E-07   0.000000000000E+00
  630.   0.109375000000E+03   0.146860008483E-09   0.000000000000E+00   0.590625000000E+03   0.670323599997E-08   0.000000000000E+00
  631.   0.108593750000E+03   0.292026762905E-09   0.000000000000E+00   0.591406250000E+03   0.146521893088E-07   0.000000000000E+00
  632.   0.107812500000E+03   0.145118525334E-09   0.000000000000E+00   0.592187500000E+03   0.778672369261E-08   0.000000000000E+00
  633.   0.107031250000E+03   0.288487653815E-09   0.000000000000E+00   0.592968750000E+03   0.164938155209E-07   0.000000000000E+00
  634.   0.106250000000E+03   0.143298566281E-09   0.000000000000E+00   0.593750000000E+03   0.799524639775E-08   0.000000000000E+00
  635.   0.105468750000E+03   0.284793115873E-09   0.000000000000E+00   0.594531250000E+03   0.167721486660E-07   0.000000000000E+00
  636.   0.104687500000E+03   0.141385901831E-09   0.000000000000E+00   0.595312500000E+03   0.702802649782E-08   0.000000000000E+00
  637.   0.103906250000E+03   0.280889022989E-09   0.000000000000E+00   0.596093750000E+03   0.112413501444E-07   0.000000000000E+00
  638.   0.103125000000E+03   0.139299608327E-09   0.000000000000E+00   0.596875000000E+03  -0.181947449036E-08   0.000000000000E+00
  639.   0.102343750000E+03   0.276738366442E-09   0.000000000000E+00   0.597656250000E+03  -0.129805799382E-07   0.000000000000E+00
  640.   0.101562500000E+03   0.137251813810E-09   0.000000000000E+00   0.598437500000E+03  -0.336145256627E-07   0.000000000000E+00
  641.   0.100781250000E+03   0.271886272309E-09   0.000000000000E+00   0.599218750000E+03  -0.970200319864E-07   0.000000000000E+00
