i  r_top  QtopRe  QtopIm   [mm, mC]
    1.   0.600000000000E+03  -0.785034293170E-06   0.000000000000E+00
    2.   0.100000000000E+03  -0.130839050973E-06   0.000000000000E+00
    3.   0.598437500000E+03  -0.313195973240E-05   0.000000000000E+00
    4.   0.596875000000E+03  -0.156189114606E-05   0.000000000000E+00
    5.   0.595312500000E+03  -0.311560485182E-05   0.000000000000E+00
    6.   0.593750000000E+03  -0.155371370577E-05   0.000000000000E+00
    7.   0.592187500000E+03  -0.309924997124E-05   0.000000000000E+00
    8.   0.590625000000E+03  -0.154553626548E-05   0.000000000000E+00
    9.   0.589062500000E+03  -0.308289509065E-05   0.000000000000E+00
   10.   0.587500000000E+03  -0.153735882518E-05   0.000000000000E+00
   11.   0.585937500000E+03  -0.306654021006E-05   0.000000000000E+00
   12.   0.584375000000E+03  -0.152918138488E-05   0.000000000000E+00
   13.   0.582812500000E+03  -0.305018532945E-05   0.000000000000E+00
   14.   0.581250000000E+03  -0.152100394457E-05   0.000000000000E+00
   15.   0.579687500000E+03  -0.303383044883E-05   0.000000000000E+00
   16.   0.578125000000E+03  -0.151282650426E-05   0.000000000000E+00
   17.   0.576562500000E+03  -0.301747556821E-05   0.000000000000E+00
   18.   0.575000000000E+03  -0.150464906395E-05   0.000000000000E+00
   19.   0.573437500000E+03  -0.300112068758E-05   0.000000000000E+00
   20.   0.571875000000E+03  -0.149647162363E-05   0.000000000000E+00
   21.   0.570312500000E+03  -0.298476580694E-05   0.000000000000E+00
   22.   0.568750000000E+03  -0.148829418331E-05   0.000000000000E+00
   23.   0.567187500000E+03  -0.296841092629E-05   0.000000000000E+00
   24.   0.565625000000E+03  -0.148011674298E-05   0.000000000000E+00
   25.   0.564062500000E+03  -0.295205604564E-05   0.000000000000E+00
   26.   0.562500000000E+03  -0.147193930265E-05   0.000000000000E+00
   27.   0.560937500000E+03  -0.293570116497E-05   0.000000000000E+00
   28.   0.559375000000E+03  -0.146376186232E-05   0.000000000000E+00
   29.   0.557812500000E+03  -0.291934628430E-05   0.000000000000E+00
   30.   0.556250000000E+03  -0.145558442198E-05   0.000000000000E+00
   31.   0.554687500000E+03  -0.290299140362E-05   0.000000000000E+00
   32.   0.553125000000E+03  -0.144740698164E-05   0.000000000000E+00
   33.   0.551562500000E+03  -0.288663652293E-05   0.000000000000E+00
   34.   0.550000000000E+03  -0.143922954129E-05   0.000000000000E+00
   35.   0.548437500000E+03  -0.287028164224E-05   0.000000000000E+00
   36.   0.546875000000E+03  -0.143105210094E-05   0.000000000000E+00
   37.   0.545312500000E+03  -0.285392676154E-05   0.000000000000E+00
   38.   0.543750000000E+03  -0.142287466059E-05   0.000000000000E+00
   39.   0.542187500000E+03  -0.283757188083E-05   0.000000000000E+00
   40.   0.540625000000E+03  -0.141469722023E-05   0.000000000000E+00
   41.   0.539062500000E+03  -0.282121700011E-05   0.000000000000E+00
   42.   0.537500000000E+03  -0.140651977987E-05   0.000000000000E+00
   43.   0.535937500000E+03  -0.280486211938E-05   0.000000000000E+00
   44.   0.534375000000E+03  -0.139834233951E-05   0.000000000000E+00
   45.   0.532812500000E+03  -0.278850723865E-05   0.000000000000E+00
   46.   0.531250000000E+03  -0.139016489914E-05   0.000000000000E+00
   47.   0.529687500000E+03  -0.277215235791E-05   0.000000000000E+00
   48.   0.528125000000E+03  -0.138198745877E-05   0.000000000000E+00
   49.   0.526562500000E+03  -0.275579747716E-05   0.000000000000E+00
   50.   0.525000000000E+03  -0.137381001839E-05   0.000000000000E+00
   51.   0.523437500000E+03  -0.273944259640E-05   0.000000000000E+00
   52.   0.521875000000E+03  -0.136563257801E-05   0.000000000000E+00
   53.   0.520312500000E+03  -0.272308771564E-05   0.000000000000E+00
   54.   0.518750000000E+03  -0.135745513763E-05   0.000000000000E+00
   55.   0.517187500000E+03  -0.270673283487E-05   0.000000000000E+00
   56.   0.515625000000E+03  -0.134927769724E-05   0.000000000000E+00
   57.   0.514062500000E+03  -0.269037795409E-05   0.000000000000E+00
   58.   0.512500000000E+03  -0.134110025685E-05   0.000000000000E+00
   59.   0.510937500000E+03  -0.267402307331E-05   0.000000000000E+00
   60.   0.509375000000E+03  -0.133292281646E-05   0.000000000000E+00
   61.   0.507812500000E+03  -0.265766819251E-05   0.000000000000E+00
   62.   0.506250000000E+03  -0.132474537606E-05   0.000000000000E+00
   63.   0.504687500000E+03  -0.264131331171E-05   0.000000000000E+00
   64.   0.503125000000E+03  -0.131656793566E-05   0.000000000000E+00
   65.   0.501562500000E+03  -0.262495843091E-05   0.000000000000E+00
   66.   0.500000000000E+03  -0.130839049525E-05   0.000000000000E+00
   67.   0.498437500000E+03  -0.260860355009E-05   0.000000000000E+00
   68.   0.496875000000E+03  -0.130021305484E-05   0.000000000000E+00
   69.   0.495312500000E+03  -0.259224866927E-05   0.000000000000E+00
   70.   0.493750000000E+03  -0.129203561443E-05   0.000000000000E+00
   71.   0.492187500000E+03  -0.257589378845E-05   0.000000000000E+00
   72.   0.490625000000E+03  -0.128385817402E-05   0.000000000000E+00
   73.   0.489062500000E+03  -0.255953890761E-05   0.000000000000E+00
   74.   0.487500000000E+03  -0.127568073360E-05   0.000000000000E+00
   75.   0.485937500000E+03  -0.254318402677E-05   0.000000000000E+00
   76.   0.484375000000E+03  -0.126750329317E-05   0.000000000000E+00
   77.   0.482812500000E+03  -0.252682914592E-05   0.000000000000E+00
   78.   0.481250000000E+03  -0.125932585275E-05   0.000000000000E+00
   79.   0.479687500000E+03  -0.251047426507E-05   0.000000000000E+00
   80.   0.478125000000E+03  -0.125114841232E-05   0.000000000000E+00
   81.   0.476562500000E+03  -0.249411938420E-05   0.000000000000E+00
   82.   0.475000000000E+03  -0.124297097189E-05   0.000000000000E+00
   83.   0.473437500000E+03  -0.247776450333E-05   0.000000000000E+00
   84.   0.471875000000E+03  -0.123479353145E-05   0.000000000000E+00
   85.   0.470312500000E+03  -0.246140962246E-05   0.000000000000E+00
   86.   0.468750000000E+03  -0.122661609101E-05   0.000000000000E+00
   87.   0.467187500000E+03  -0.244505474158E-05   0.000000000000E+00
   88.   0.465625000000E+03  -0.121843865057E-05   0.000000000000E+00
   89.   0.464062500000E+03  -0.242869986069E-05   0.000000000000E+00
   90.   0.462500000000E+03  -0.121026121012E-05   0.000000000000E+00
   91.   0.460937500000E+03  -0.241234497979E-05   0.000000000000E+00
   92.   0.459375000000E+03  -0.120208376967E-05   0.000000000000E+00
   93.   0.457812500000E+03  -0.239599009889E-05   0.000000000000E+00
   94.   0.456250000000E+03  -0.119390632922E-05   0.000000000000E+00
   95.   0.454687500000E+03  -0.237963521798E-05   0.000000000000E+00
   96.   0.453125000000E+03  -0.118572888876E-05   0.000000000000E+00
   97.   0.451562500000E+03  -0.236328033707E-05   0.000000000000E+00
   98.   0.450000000000E+03  -0.117755144830E-05   0.000000000000E+00
   99.   0.448437500000E+03  -0.234692545615E-05   0.000000000000E+00
  100.   0.446875000000E+03  -0.116937400784E-05   0.000000000000E+00
  101.   0.445312500000E+03  -0.233057057522E-05   0.000000000000E+00
  102.   0.443750000000E+03  -0.116119656738E-05   0.000000000000E+00
  103.   0.442187500000E+03  -0.231421569429E-05   0.000000000000E+00
  104.   0.440625000000E+03  -0.115301912691E-05   0.000000000000E+00
  105.   0.439062500000E+03  -0.229786081335E-05   0.000000000000E+00
  106.   0.437500000000E+03  -0.114484168644E-05   0.000000000000E+00
  107.   0.435937500000E+03  -0.228150593240E-05   0.000000000000E+00
  108.   0.434375000000E+03  -0.113666424596E-05   0.000000000000E+00
  109.   0.432812500000E+03  -0.226515105145E-05   0.000000000000E+00
  110.   0.431250000000E+03  -0.112848680549E-05   0.000000000000E+00
  111.   0.429687500000E+03  -0.224879617049E-05   0.000000000000E+00
  112.   0.428125000000E+03  -0.112030936500E-05   0.000000000000E+00
  113.   0.426562500000E+03  -0.223244128952E-05   0.000000000000E+00
  114.   0.425000000000E+03  -0.111213192452E-05   0.000000000000E+00
  115.   0.423437500000E+03  -0.221608640855E-05   0.000000000000E+00
  116.   0.421875000000E+03  -0.110395448403E-05   0.000000000000E+00
  117.   0.420312500000E+03  -0.219973152758E-05   0.000000000000E+00
  118.   0.418750000000E+03  -0.109577704354E-05   0.000000000000E+00
  119.   0.417187500000E+03  -0.218337664659E-05   0.000000000000E+00
  120.   0.415625000000E+03  -0.108759960305E-05   0.000000000000E+00
  121.   0.414062500000E+03  -0.216702176561E-05   0.000000000000E+00
  122.   0.412500000000E+03  -0.107942216256E-05   0.000000000000E+00
  123.   0.410937500000E+03  -0.215066688461E-05   0.000000000000E+00
  124.   0.409375000000E+03  -0.107124472206E-05   0.000000000000E+00
  125.   0.407812500000E+03  -0.213431200361E-05   0.000000000000E+00
  126.   0.406250000000E+03  -0.106306728156E-05   0.000000000000E+00
  127.   0.404687500000E+03  -0.211795712261E-05   0.000000000000E+00
  128.   0.403125000000E+03  -0.105488984105E-05   0.000000000000E+00
  129.   0.401562500000E+03  -0.210160224159E-05   0.000000000000E+00
  130.   0.400000000000E+03  -0.104671240054E-05   0.000000000000E+00
  131.   0.398437500000E+03  -0.208524736058E-05   0.000000000000E+00
  132.   0.396875000000E+03  -0.103853496003E-05   0.000000000000E+00
  133.   0.395312500000E+03  -0.206889247955E-05   0.000000000000E+00
  134.   0.393750000000E+03  -0.103035751952E-05   0.000000000000E+00
  135.   0.392187500000E+03  -0.205253759853E-05   0.000000000000E+00
  136.   0.390625000000E+03  -0.102218007901E-05   0.000000000000E+00
  137.   0.389062500000E+03  -0.203618271749E-05   0.000000000000E+00
  138.   0.387500000000E+03  -0.101400263849E-05   0.000000000000E+00
  139.   0.385937500000E+03  -0.201982783645E-05   0.000000000000E+00
  140.   0.384375000000E+03  -0.100582519797E-05   0.000000000000E+00
  141.   0.382812500000E+03  -0.200347295541E-05   0.000000000000E+00
  142.   0.381250000000E+03  -0.997647757442E-06   0.000000000000E+00
  143.   0.379687500000E+03  -0.198711807436E-05   0.000000000000E+00
  144.   0.378125000000E+03  -0.989470316915E-06   0.000000000000E+00
  145.   0.376562500000E+03  -0.197076319330E-05   0.000000000000E+00
  146.   0.375000000000E+03  -0.981292876386E-06   0.000000000000E+00
  147.   0.373437500000E+03  -0.195440831224E-05   0.000000000000E+00
  148.   0.371875000000E+03  -0.973115435854E-06   0.000000000000E+00
  149.   0.370312500000E+03  -0.193805343117E-05   0.000000000000E+00
  150.   0.368750000000E+03  -0.964937995320E-06   0.000000000000E+00
  151.   0.367187500000E+03  -0.192169855010E-05   0.000000000000E+00
  152.   0.365625000000E+03  -0.956760554782E-06   0.000000000000E+00
  153.   0.364062500000E+03  -0.190534366902E-05   0.000000000000E+00
  154.   0.362500000000E+03  -0.948583114243E-06   0.000000000000E+00
  155.   0.360937500000E+03  -0.188898878794E-05   0.000000000000E+00
  156.   0.359375000000E+03  -0.940405673701E-06   0.000000000000E+00
  157.   0.357812500000E+03  -0.187263390686E-05   0.000000000000E+00
  158.   0.356250000000E+03  -0.932228233156E-06   0.000000000000E+00
  159.   0.354687500000E+03  -0.185627902576E-05   0.000000000000E+00
  160.   0.353125000000E+03  -0.924050792608E-06   0.000000000000E+00
  161.   0.351562500000E+03  -0.183992414467E-05   0.000000000000E+00
  162.   0.350000000000E+03  -0.915873352059E-06   0.000000000000E+00
  163.   0.348437500000E+03  -0.182356926356E-05   0.000000000000E+00
  164.   0.346875000000E+03  -0.907695911506E-06   0.000000000000E+00
  165.   0.345312500000E+03  -0.180721438246E-05   0.000000000000E+00
  166.   0.343750000000E+03  -0.899518470952E-06   0.000000000000E+00
  167.   0.342187500000E+03  -0.179085950135E-05   0.000000000000E+00
  168.   0.340625000000E+03  -0.891341030394E-06   0.000000000000E+00
  169.   0.339062500000E+03  -0.177450462023E-05   0.000000000000E+00
  170.   0.337500000000E+03  -0.883163589835E-06   0.000000000000E+00
  171.   0.335937500000E+03  -0.175814973911E-05   0.000000000000E+00
  172.   0.334375000000E+03  -0.874986149273E-06   0.000000000000E+00
  173.   0.332812500000E+03  -0.174179485798E-05   0.000000000000E+00
  174.   0.331250000000E+03  -0.866808708709E-06   0.000000000000E+00
  175.   0.329687500000E+03  -0.172543997685E-05   0.000000000000E+00
  176.   0.328125000000E+03  -0.858631268142E-06   0.000000000000E+00
  177.   0.326562500000E+03  -0.170908509571E-05   0.000000000000E+00
  178.   0.325000000000E+03  -0.850453827573E-06   0.000000000000E+00
  179.   0.323437500000E+03  -0.169273021457E-05   0.000000000000E+00
  180.   0.321875000000E+03  -0.842276387002E-06   0.000000000000E+00
  181.   0.320312500000E+03  -0.167637533343E-05   0.000000000000E+00
  182.   0.318750000000E+03  -0.834098946428E-06   0.000000000000E+00
  183.   0.317187500000E+03  -0.166002045228E-05   0.000000000000E+00
  184.   0.315625000000E+03  -0.825921505852E-06   0.000000000000E+00
  185.   0.314062500000E+03  -0.164366557113E-05   0.000000000000E+00
  186.   0.312500000000E+03  -0.817744065275E-06   0.000000000000E+00
  187.   0.310937500000E+03  -0.162731068997E-05   0.000000000000E+00
  188.   0.309375000000E+03  -0.809566624694E-06   0.000000000000E+00
  189.   0.307812500000E+03  -0.161095580881E-05   0.000000000000E+00
  190.   0.306250000000E+03  -0.801389184112E-06   0.000000000000E+00
  191.   0.304687500000E+03  -0.159460092764E-05   0.000000000000E+00
  192.   0.303125000000E+03  -0.793211743527E-06   0.000000000000E+00
  193.   0.301562500000E+03  -0.157824604647E-05   0.000000000000E+00
  194.   0.300000000000E+03  -0.785034302940E-06   0.000000000000E+00
  195.   0.298437500000E+03  -0.156189116529E-05   0.000000000000E+00
  196.   0.296875000000E+03  -0.776856862352E-06   0.000000000000E+00
  197.   0.295312500000E+03  -0.154553628411E-05   0.000000000000E+00
  198.   0.293750000000E+03  -0.768679421761E-06   0.000000000000E+00
  199.   0.292187500000E+03  -0.152918140293E-05   0.000000000000E+00
  200.   0.290625000000E+03  -0.760501981168E-06   0.000000000000E+00
  201.   0.289062500000E+03  -0.151282652174E-05   0.000000000000E+00
  202.   0.287500000000E+03  -0.752324540572E-06   0.000000000000E+00
  203.   0.285937500000E+03  -0.149647164055E-05   0.000000000000E+00
  204.   0.284375000000E+03  -0.744147099975E-06   0.000000000000E+00
  205.   0.282812500000E+03  -0.148011675935E-05   0.000000000000E+00
  206.   0.281250000000E+03  -0.735969659376E-06   0.000000000000E+00
  207.   0.279687500000E+03  -0.146376187815E-05   0.000000000000E+00
  208.   0.278125000000E+03  -0.727792218775E-06   0.000000000000E+00
  209.   0.276562500000E+03  -0.144740699695E-05   0.000000000000E+00
  210.   0.275000000000E+03  -0.719614778172E-06   0.000000000000E+00
  211.   0.273437500000E+03  -0.143105211574E-05   0.000000000000E+00
  212.   0.271875000000E+03  -0.711437337567E-06   0.000000000000E+00
  213.   0.270312500000E+03  -0.141469723453E-05   0.000000000000E+00
  214.   0.268750000000E+03  -0.703259896960E-06   0.000000000000E+00
  215.   0.267187500000E+03  -0.139834235331E-05   0.000000000000E+00
  216.   0.265625000000E+03  -0.695082456351E-06   0.000000000000E+00
  217.   0.264062500000E+03  -0.138198747209E-05   0.000000000000E+00
  218.   0.262500000000E+03  -0.686905015741E-06   0.000000000000E+00
  219.   0.260937500000E+03  -0.136563259087E-05   0.000000000000E+00
  220.   0.259375000000E+03  -0.678727575128E-06   0.000000000000E+00
  221.   0.257812500000E+03  -0.134927770964E-05   0.000000000000E+00
  222.   0.256250000000E+03  -0.670550134514E-06   0.000000000000E+00
  223.   0.254687500000E+03  -0.133292282841E-05   0.000000000000E+00
  224.   0.253125000000E+03  -0.662372693898E-06   0.000000000000E+00
  225.   0.251562500000E+03  -0.131656794718E-05   0.000000000000E+00
  226.   0.250000000000E+03  -0.654195253280E-06   0.000000000000E+00
  227.   0.248437500000E+03  -0.130021306594E-05   0.000000000000E+00
  228.   0.246875000000E+03  -0.646017812660E-06   0.000000000000E+00
  229.   0.245312500000E+03  -0.128385818470E-05   0.000000000000E+00
  230.   0.243750000000E+03  -0.637840372038E-06   0.000000000000E+00
  231.   0.242187500000E+03  -0.126750330345E-05   0.000000000000E+00
  232.   0.240625000000E+03  -0.629662931415E-06   0.000000000000E+00
  233.   0.239062500000E+03  -0.125114842221E-05   0.000000000000E+00
  234.   0.237500000000E+03  -0.621485490790E-06   0.000000000000E+00
  235.   0.235937500000E+03  -0.123479354095E-05   0.000000000000E+00
  236.   0.234375000000E+03  -0.613308050164E-06   0.000000000000E+00
  237.   0.232812500000E+03  -0.121843865970E-05   0.000000000000E+00
  238.   0.231250000000E+03  -0.605130609535E-06   0.000000000000E+00
  239.   0.229687500000E+03  -0.120208377844E-05   0.000000000000E+00
  240.   0.228125000000E+03  -0.596953168906E-06   0.000000000000E+00
  241.   0.226562500000E+03  -0.118572889718E-05   0.000000000000E+00
  242.   0.225000000000E+03  -0.588775728274E-06   0.000000000000E+00
  243.   0.223437500000E+03  -0.116937401591E-05   0.000000000000E+00
  244.   0.221875000000E+03  -0.580598287641E-06   0.000000000000E+00
  245.   0.220312500000E+03  -0.115301913465E-05   0.000000000000E+00
  246.   0.218750000000E+03  -0.572420847006E-06   0.000000000000E+00
  247.   0.217187500000E+03  -0.113666425338E-05   0.000000000000E+00
  248.   0.215625000000E+03  -0.564243406370E-06   0.000000000000E+00
  249.   0.214062500000E+03  -0.112030937210E-05   0.000000000000E+00
  250.   0.212500000000E+03  -0.556065965732E-06   0.000000000000E+00
  251.   0.210937500000E+03  -0.110395449082E-05   0.000000000000E+00
  252.   0.209375000000E+03  -0.547888525093E-06   0.000000000000E+00
  253.   0.207812500000E+03  -0.108759960954E-05   0.000000000000E+00
  254.   0.206250000000E+03  -0.539711084452E-06   0.000000000000E+00
  255.   0.204687500000E+03  -0.107124472826E-05   0.000000000000E+00
  256.   0.203125000000E+03  -0.531533643810E-06   0.000000000000E+00
  257.   0.201562500000E+03  -0.105488984698E-05   0.000000000000E+00
  258.   0.200000000000E+03  -0.523356203166E-06   0.000000000000E+00
  259.   0.198437500000E+03  -0.103853496569E-05   0.000000000000E+00
  260.   0.196875000000E+03  -0.515178762521E-06   0.000000000000E+00
  261.   0.195312500000E+03  -0.102218008440E-05   0.000000000000E+00
  262.   0.193750000000E+03  -0.507001321875E-06   0.000000000000E+00
  263.   0.192187500000E+03  -0.100582520310E-05   0.000000000000E+00
  264.   0.190625000000E+03  -0.498823881227E-06   0.000000000000E+00
  265.   0.189062500000E+03  -0.989470321805E-06   0.000000000000E+00
  266.   0.187500000000E+03  -0.490646440578E-06   0.000000000000E+00
  267.   0.185937500000E+03  -0.973115440505E-06   0.000000000000E+00
  268.   0.184375000000E+03  -0.482468999928E-06   0.000000000000E+00
  269.   0.182812500000E+03  -0.956760559203E-06   0.000000000000E+00
  270.   0.181250000000E+03  -0.474291559276E-06   0.000000000000E+00
  271.   0.179687500000E+03  -0.940405677898E-06   0.000000000000E+00
  272.   0.178125000000E+03  -0.466114118623E-06   0.000000000000E+00
  273.   0.176562500000E+03  -0.924050796591E-06   0.000000000000E+00
  274.   0.175000000000E+03  -0.457936677969E-06   0.000000000000E+00
  275.   0.173437500000E+03  -0.907695915281E-06   0.000000000000E+00
  276.   0.171875000000E+03  -0.449759237313E-06   0.000000000000E+00
  277.   0.170312500000E+03  -0.891341033969E-06   0.000000000000E+00
  278.   0.168750000000E+03  -0.441581796656E-06   0.000000000000E+00
  279.   0.167187500000E+03  -0.874986152654E-06   0.000000000000E+00
  280.   0.165625000000E+03  -0.433404355998E-06   0.000000000000E+00
  281.   0.164062500000E+03  -0.858631271337E-06   0.000000000000E+00
  282.   0.162500000000E+03  -0.425226915339E-06   0.000000000000E+00
  283.   0.160937500000E+03  -0.842276390018E-06   0.000000000000E+00
  284.   0.159375000000E+03  -0.417049474679E-06   0.000000000000E+00
  285.   0.157812500000E+03  -0.825921508696E-06   0.000000000000E+00
  286.   0.156250000000E+03  -0.408872034018E-06   0.000000000000E+00
  287.   0.154687500000E+03  -0.809566627372E-06   0.000000000000E+00
  288.   0.153125000000E+03  -0.400694593355E-06   0.000000000000E+00
  289.   0.151562500000E+03  -0.793211746046E-06   0.000000000000E+00
  290.   0.150000000000E+03  -0.392517152691E-06   0.000000000000E+00
  291.   0.148437500000E+03  -0.776856864718E-06   0.000000000000E+00
  292.   0.146875000000E+03  -0.384339712027E-06   0.000000000000E+00
  293.   0.145312500000E+03  -0.760501983388E-06   0.000000000000E+00
  294.   0.143750000000E+03  -0.376162271361E-06   0.000000000000E+00
  295.   0.142187500000E+03  -0.744147102055E-06   0.000000000000E+00
  296.   0.140625000000E+03  -0.367984830694E-06   0.000000000000E+00
  297.   0.139062500000E+03  -0.727792220721E-06   0.000000000000E+00
  298.   0.137500000000E+03  -0.359807390027E-06   0.000000000000E+00
  299.   0.135937500000E+03  -0.711437339385E-06   0.000000000000E+00
  300.   0.134375000000E+03  -0.351629949358E-06   0.000000000000E+00
  301.   0.132812500000E+03  -0.695082458046E-06   0.000000000000E+00
  302.   0.131250000000E+03  -0.343452508688E-06   0.000000000000E+00
  303.   0.129687500000E+03  -0.678727576706E-06   0.000000000000E+00
  304.   0.128125000000E+03  -0.335275068018E-06   0.000000000000E+00
  305.   0.126562500000E+03  -0.662372695364E-06   0.000000000000E+00
  306.   0.125000000000E+03  -0.327097627347E-06   0.000000000000E+00
  307.   0.123437500000E+03  -0.646017814021E-06   0.000000000000E+00
  308.   0.121875000000E+03  -0.318920186674E-06   0.000000000000E+00
  309.   0.120312500000E+03  -0.629662932675E-06   0.000000000000E+00
  310.   0.118750000000E+03  -0.310742746001E-06   0.000000000000E+00
  311.   0.117187500000E+03  -0.613308051328E-06   0.000000000000E+00
  312.   0.115625000000E+03  -0.302565305327E-06   0.000000000000E+00
  313.   0.114062500000E+03  -0.596953169979E-06   0.000000000000E+00
  314.   0.112500000000E+03  -0.294387864652E-06   0.000000000000E+00
  315.   0.110937500000E+03  -0.580598288629E-06   0.000000000000E+00
  316.   0.109375000000E+03  -0.286210423977E-06   0.000000000000E+00
  317.   0.107812500000E+03  -0.564243407277E-06   0.000000000000E+00
  318.   0.106250000000E+03  -0.278032983300E-06   0.000000000000E+00
  319.   0.104687500000E+03  -0.547888525923E-06   0.000000000000E+00
  320.   0.103125000000E+03  -0.269855542623E-06   0.000000000000E+00
  321.   0.101562500000E+03  -0.531533644568E-06   0.000000000000E+00
