i  r_top  QtopRe  QtopIm  r_bot  QbotRe  QbotIm   [mm, mC]
    1.   0.600000000000E+03  -0.381201004460E-11   0.000000000000E+00   0.100000000000E+03  -0.604253753072E-12   0.000000000000E+00
    2.   0.100000000000E+03  -0.604309375352E-12   0.000000000000E+00   0.600000000000E+03  -0.381192345163E-11   0.000000000000E+00
    3.   0.599218750000E+03  -0.141911524169E-10   0.000000000000E+00   0.100781250000E+03  -0.226805889661E-11   0.000000000000E+00
    4.   0.598437500000E+03  -0.654615894869E-11   0.000000000000E+00   0.101562500000E+03  -0.105546689544E-11   0.000000000000E+00
    5.   0.597656250000E+03  -0.121474067123E-10   0.000000000000E+00   0.102343750000E+03  -0.197612532939E-11   0.000000000000E+00
    6.   0.596875000000E+03  -0.560144947552E-11   0.000000000000E+00   0.103125000000E+03  -0.920491513708E-12   0.000000000000E+00
    7.   0.596093750000E+03  -0.108094917221E-10   0.000000000000E+00   0.103906250000E+03  -0.179132321562E-11   0.000000000000E+00
    8.   0.595312500000E+03  -0.516596757716E-11   0.000000000000E+00   0.104687500000E+03  -0.864196272918E-12   0.000000000000E+00
    9.   0.594531250000E+03  -0.102540480953E-10   0.000000000000E+00   0.105468750000E+03  -0.172867614512E-11   0.000000000000E+00
   10.   0.593750000000E+03  -0.504635627121E-11   0.000000000000E+00   0.106250000000E+03  -0.857919834289E-12   0.000000000000E+00
   11.   0.592968750000E+03  -0.101920008273E-10   0.000000000000E+00   0.107031250000E+03  -0.174512930923E-11   0.000000000000E+00
   12.   0.592187500000E+03  -0.510510703360E-11   0.000000000000E+00   0.107812500000E+03  -0.880833983435E-12   0.000000000000E+00
   13.   0.591406250000E+03  -0.103756616387E-10   0.000000000000E+00   0.108593750000E+03  -0.180252341791E-11   0.000000000000E+00
   14.   0.590625000000E+03  -0.523261109678E-11   0.000000000000E+00   0.109375000000E+03  -0.915753144259E-12   0.000000000000E+00
   15.   0.589843750000E+03  -0.106328868432E-10   0.000000000000E+00   0.110156250000E+03  -0.187364346433E-11   0.000000000000E+00
   16.   0.589062500000E+03  -0.536459828320E-11   0.000000000000E+00   0.110937500000E+03  -0.952284453677E-12   0.000000000000E+00
   17.   0.588281250000E+03  -0.108665529196E-10   0.000000000000E+00   0.111718750000E+03  -0.194259456057E-11   0.000000000000E+00
   18.   0.587500000000E+03  -0.546816649162E-11   0.000000000000E+00   0.112500000000E+03  -0.984969997620E-12   0.000000000000E+00
   19.   0.586718750000E+03  -0.110342995346E-10   0.000000000000E+00   0.113281250000E+03  -0.200203122251E-11   0.000000000000E+00
   20.   0.585937500000E+03  -0.553353538330E-11   0.000000000000E+00   0.114062500000E+03  -0.101192078234E-11   0.000000000000E+00
   21.   0.585156250000E+03  -0.111293110735E-10   0.000000000000E+00   0.114843750000E+03  -0.205030749609E-11   0.000000000000E+00
   22.   0.584375000000E+03  -0.556390575452E-11   0.000000000000E+00   0.115625000000E+03  -0.103337693428E-11   0.000000000000E+00
   23.   0.583593750000E+03  -0.111630047210E-10   0.000000000000E+00   0.116406250000E+03  -0.208891296142E-11   0.000000000000E+00
   24.   0.582812500000E+03  -0.556774740413E-11   0.000000000000E+00   0.117187500000E+03  -0.105057479199E-11   0.000000000000E+00
   25.   0.582031250000E+03  -0.111536272643E-10   0.000000000000E+00   0.117968750000E+03  -0.212057603949E-11   0.000000000000E+00
   26.   0.581250000000E+03  -0.555467579164E-11   0.000000000000E+00   0.118750000000E+03  -0.106504036563E-11   0.000000000000E+00
   27.   0.580468750000E+03  -0.111187889974E-10   0.000000000000E+00   0.119531250000E+03  -0.214806689063E-11   0.000000000000E+00
   28.   0.579687500000E+03  -0.553278117007E-11   0.000000000000E+00   0.120312500000E+03  -0.107806563089E-11   0.000000000000E+00
   29.   0.578906250000E+03  -0.110718720885E-10   0.000000000000E+00   0.121093750000E+03  -0.217357877246E-11   0.000000000000E+00
   30.   0.578125000000E+03  -0.550770727912E-11   0.000000000000E+00   0.121875000000E+03  -0.109052185295E-11   0.000000000000E+00
   31.   0.577343750000E+03  -0.110218139792E-10   0.000000000000E+00   0.122656250000E+03  -0.219856551090E-11   0.000000000000E+00
   32.   0.576562500000E+03  -0.548263014690E-11   0.000000000000E+00   0.123437500000E+03  -0.110300869651E-11   0.000000000000E+00
   33.   0.575781250000E+03  -0.109733825147E-10   0.000000000000E+00   0.124218750000E+03  -0.222381436052E-11   0.000000000000E+00
   34.   0.575000000000E+03  -0.545920668073E-11   0.000000000000E+00   0.125000000000E+03  -0.111574992308E-11   0.000000000000E+00
   35.   0.574218750000E+03  -0.109284747023E-10   0.000000000000E+00   0.125781250000E+03  -0.224967847699E-11   0.000000000000E+00
   36.   0.573437500000E+03  -0.543766810113E-11   0.000000000000E+00   0.126562500000E+03  -0.112883989719E-11   0.000000000000E+00
   37.   0.572656250000E+03  -0.108871375549E-10   0.000000000000E+00   0.127343750000E+03  -0.227621083779E-11   0.000000000000E+00
   38.   0.571875000000E+03  -0.541779722717E-11   0.000000000000E+00   0.128125000000E+03  -0.114223915211E-11   0.000000000000E+00
   39.   0.571093750000E+03  -0.108489562919E-10   0.000000000000E+00   0.128906250000E+03  -0.230329627769E-11   0.000000000000E+00
   40.   0.570312500000E+03  -0.539933224385E-11   0.000000000000E+00   0.129687500000E+03  -0.115593376190E-11   0.000000000000E+00
   41.   0.569531250000E+03  -0.108130939020E-10   0.000000000000E+00   0.130468750000E+03  -0.233081176811E-11   0.000000000000E+00
   42.   0.568750000000E+03  -0.538194637782E-11   0.000000000000E+00   0.131250000000E+03  -0.116976372308E-11   0.000000000000E+00
   43.   0.567968750000E+03  -0.107787038196E-10   0.000000000000E+00   0.132031250000E+03  -0.235860280388E-11   0.000000000000E+00
   44.   0.567187500000E+03  -0.536520433773E-11   0.000000000000E+00   0.132812500000E+03  -0.118370446226E-11   0.000000000000E+00
   45.   0.566406250000E+03  -0.107451158087E-10   0.000000000000E+00   0.133593750000E+03  -0.238655958020E-11   0.000000000000E+00
   46.   0.565625000000E+03  -0.534844221334E-11   0.000000000000E+00   0.134375000000E+03  -0.119769393686E-11   0.000000000000E+00
   47.   0.564843750000E+03  -0.107120448071E-10   0.000000000000E+00   0.135156250000E+03  -0.241462291921E-11   0.000000000000E+00
   48.   0.564062500000E+03  -0.533202621421E-11   0.000000000000E+00   0.135937500000E+03  -0.121171710312E-11   0.000000000000E+00
   49.   0.563281250000E+03  -0.106792670350E-10   0.000000000000E+00   0.136718750000E+03  -0.244275284732E-11   0.000000000000E+00
   50.   0.562500000000E+03  -0.531559225882E-11   0.000000000000E+00   0.137500000000E+03  -0.122580499707E-11   0.000000000000E+00
   51.   0.561718750000E+03  -0.106465674105E-10   0.000000000000E+00   0.138281250000E+03  -0.247091256246E-11   0.000000000000E+00
   52.   0.560937500000E+03  -0.529929510097E-11   0.000000000000E+00   0.139062500000E+03  -0.123988105798E-11   0.000000000000E+00
   53.   0.560156250000E+03  -0.106139424899E-10   0.000000000000E+00   0.139843750000E+03  -0.249908867001E-11   0.000000000000E+00
   54.   0.559375000000E+03  -0.528307015993E-11   0.000000000000E+00   0.140625000000E+03  -0.125398031800E-11   0.000000000000E+00
   55.   0.558593750000E+03  -0.105813555876E-10   0.000000000000E+00   0.141406250000E+03  -0.252727218867E-11   0.000000000000E+00
   56.   0.557812500000E+03  -0.526672964704E-11   0.000000000000E+00   0.142187500000E+03  -0.126805572700E-11   0.000000000000E+00
   57.   0.557031250000E+03  -0.105487992936E-10   0.000000000000E+00   0.142968750000E+03  -0.255547569904E-11   0.000000000000E+00
   58.   0.556250000000E+03  -0.525046568810E-11   0.000000000000E+00   0.143750000000E+03  -0.128214180639E-11   0.000000000000E+00
   59.   0.555468750000E+03  -0.105162784486E-10   0.000000000000E+00   0.144531250000E+03  -0.258370935455E-11   0.000000000000E+00
   60.   0.554687500000E+03  -0.523419503218E-11   0.000000000000E+00   0.145312500000E+03  -0.129626642909E-11   0.000000000000E+00
   61.   0.553906250000E+03  -0.104838517341E-10   0.000000000000E+00   0.146093750000E+03  -0.261195792132E-11   0.000000000000E+00
   62.   0.553125000000E+03  -0.521799852069E-11   0.000000000000E+00   0.146875000000E+03  -0.131035877168E-11   0.000000000000E+00
   63.   0.552343750000E+03  -0.104514421428E-10   0.000000000000E+00   0.147656250000E+03  -0.264020302356E-11   0.000000000000E+00
   64.   0.551562500000E+03  -0.520181790737E-11   0.000000000000E+00   0.148437500000E+03  -0.132448466456E-11   0.000000000000E+00
   65.   0.550781250000E+03  -0.104191030881E-10   0.000000000000E+00   0.149218750000E+03  -0.266846441205E-11   0.000000000000E+00
   66.   0.550000000000E+03  -0.518566863733E-11   0.000000000000E+00   0.150000000000E+03  -0.133863752582E-11   0.000000000000E+00
   67.   0.549218750000E+03  -0.103868701558E-10   0.000000000000E+00   0.150781250000E+03  -0.269675358389E-11   0.000000000000E+00
   68.   0.548437500000E+03  -0.516944794439E-11   0.000000000000E+00   0.151562500000E+03  -0.135276013761E-11   0.000000000000E+00
   69.   0.547656250000E+03  -0.103546293815E-10   0.000000000000E+00   0.152343750000E+03  -0.272506426575E-11   0.000000000000E+00
   70.   0.546875000000E+03  -0.515347742144E-11   0.000000000000E+00   0.153125000000E+03  -0.136691570837E-11   0.000000000000E+00
   71.   0.546093750000E+03  -0.103224382249E-10   0.000000000000E+00   0.153906250000E+03  -0.275339137468E-11   0.000000000000E+00
   72.   0.545312500000E+03  -0.513750004582E-11   0.000000000000E+00   0.154687500000E+03  -0.138107572822E-11   0.000000000000E+00
   73.   0.544531250000E+03  -0.102902723200E-10   0.000000000000E+00   0.155468750000E+03  -0.278170852441E-11   0.000000000000E+00
   74.   0.543750000000E+03  -0.512132195436E-11   0.000000000000E+00   0.156250000000E+03  -0.139521250373E-11   0.000000000000E+00
   75.   0.542968750000E+03  -0.102581173690E-10   0.000000000000E+00   0.157031250000E+03  -0.281003482278E-11   0.000000000000E+00
   76.   0.542187500000E+03  -0.510526193652E-11   0.000000000000E+00   0.157812500000E+03  -0.140935726199E-11   0.000000000000E+00
   77.   0.541406250000E+03  -0.102260151427E-10   0.000000000000E+00   0.158593750000E+03  -0.283837502786E-11   0.000000000000E+00
   78.   0.540625000000E+03  -0.508913255807E-11   0.000000000000E+00   0.159375000000E+03  -0.142352010391E-11   0.000000000000E+00
   79.   0.539843750000E+03  -0.101938344352E-10   0.000000000000E+00   0.160156250000E+03  -0.286671522088E-11   0.000000000000E+00
   80.   0.539062500000E+03  -0.507307437660E-11   0.000000000000E+00   0.160937500000E+03  -0.143765967711E-11   0.000000000000E+00
   81.   0.538281250000E+03  -0.101617336327E-10   0.000000000000E+00   0.161718750000E+03  -0.289504792023E-11   0.000000000000E+00
   82.   0.537500000000E+03  -0.505699261118E-11   0.000000000000E+00   0.162500000000E+03  -0.145179900029E-11   0.000000000000E+00
   83.   0.536718750000E+03  -0.101295655556E-10   0.000000000000E+00   0.163281250000E+03  -0.292342734207E-11   0.000000000000E+00
   84.   0.535937500000E+03  -0.504089961157E-11   0.000000000000E+00   0.164062500000E+03  -0.146603232603E-11   0.000000000000E+00
   85.   0.535156250000E+03  -0.100973713438E-10   0.000000000000E+00   0.164843750000E+03  -0.295184034056E-11   0.000000000000E+00
   86.   0.534375000000E+03  -0.502485588503E-11   0.000000000000E+00   0.165625000000E+03  -0.148022141323E-11   0.000000000000E+00
   87.   0.533593750000E+03  -0.100653016397E-10   0.000000000000E+00   0.166406250000E+03  -0.298021340434E-11   0.000000000000E+00
   88.   0.532812500000E+03  -0.500887120855E-11   0.000000000000E+00   0.167187500000E+03  -0.149437706455E-11   0.000000000000E+00
   89.   0.532031250000E+03  -0.100332793332E-10   0.000000000000E+00   0.167968750000E+03  -0.300860705834E-11   0.000000000000E+00
   90.   0.531250000000E+03  -0.499277256732E-11   0.000000000000E+00   0.168750000000E+03  -0.150856532139E-11   0.000000000000E+00
   91.   0.530468750000E+03  -0.100012054741E-10   0.000000000000E+00   0.169531250000E+03  -0.303701356453E-11   0.000000000000E+00
   92.   0.529687500000E+03  -0.497675947338E-11   0.000000000000E+00   0.170312500000E+03  -0.152274858409E-11   0.000000000000E+00
   93.   0.528906250000E+03  -0.996916452312E-11   0.000000000000E+00   0.171093750000E+03  -0.306542541337E-11   0.000000000000E+00
   94.   0.528125000000E+03  -0.496074627358E-11   0.000000000000E+00   0.171875000000E+03  -0.153696889857E-11   0.000000000000E+00
   95.   0.527343750000E+03  -0.993716991201E-11   0.000000000000E+00   0.172656250000E+03  -0.309384764516E-11   0.000000000000E+00
   96.   0.526562500000E+03  -0.494469305965E-11   0.000000000000E+00   0.173437500000E+03  -0.155115950895E-11   0.000000000000E+00
   97.   0.525781250000E+03  -0.990514539260E-11   0.000000000000E+00   0.174218750000E+03  -0.312227635263E-11   0.000000000000E+00
   98.   0.525000000000E+03  -0.492878534297E-11   0.000000000000E+00   0.175000000000E+03  -0.156536766933E-11   0.000000000000E+00
   99.   0.524218750000E+03  -0.987312238097E-11   0.000000000000E+00   0.175781250000E+03  -0.315073232239E-11   0.000000000000E+00
  100.   0.523437500000E+03  -0.491280871318E-11   0.000000000000E+00   0.176562500000E+03  -0.157960147071E-11   0.000000000000E+00
  101.   0.522656250000E+03  -0.984123647898E-11   0.000000000000E+00   0.177343750000E+03  -0.317919505151E-11   0.000000000000E+00
  102.   0.521875000000E+03  -0.489690748976E-11   0.000000000000E+00   0.178125000000E+03  -0.159381296256E-11   0.000000000000E+00
  103.   0.521093750000E+03  -0.980927121505E-11   0.000000000000E+00   0.178906250000E+03  -0.320766683348E-11   0.000000000000E+00
  104.   0.520312500000E+03  -0.488076340363E-11   0.000000000000E+00   0.179687500000E+03  -0.160802897611E-11   0.000000000000E+00
  105.   0.519531250000E+03  -0.977731382149E-11   0.000000000000E+00   0.180468750000E+03  -0.323613318573E-11   0.000000000000E+00
  106.   0.518750000000E+03  -0.486484758453E-11   0.000000000000E+00   0.181250000000E+03  -0.162223359949E-11   0.000000000000E+00
  107.   0.517968750000E+03  -0.974538550617E-11   0.000000000000E+00   0.182031250000E+03  -0.326461972151E-11   0.000000000000E+00
  108.   0.517187500000E+03  -0.484892148165E-11   0.000000000000E+00   0.182812500000E+03  -0.163642699519E-11   0.000000000000E+00
  109.   0.516406250000E+03  -0.971347115444E-11   0.000000000000E+00   0.183593750000E+03  -0.329310513814E-11   0.000000000000E+00
  110.   0.515625000000E+03  -0.483295339335E-11   0.000000000000E+00   0.184375000000E+03  -0.165069010418E-11   0.000000000000E+00
  111.   0.514843750000E+03  -0.968158341813E-11   0.000000000000E+00   0.185156250000E+03  -0.332159543002E-11   0.000000000000E+00
  112.   0.514062500000E+03  -0.481698049293E-11   0.000000000000E+00   0.185937500000E+03  -0.166491838493E-11   0.000000000000E+00
  113.   0.513281250000E+03  -0.964966567505E-11   0.000000000000E+00   0.186718750000E+03  -0.335009050508E-11   0.000000000000E+00
  114.   0.512500000000E+03  -0.480103216641E-11   0.000000000000E+00   0.187500000000E+03  -0.167917205632E-11   0.000000000000E+00
  115.   0.511718750000E+03  -0.961784071929E-11   0.000000000000E+00   0.188281250000E+03  -0.337861848153E-11   0.000000000000E+00
  116.   0.510937500000E+03  -0.478514532843E-11   0.000000000000E+00   0.189062500000E+03  -0.169342360161E-11   0.000000000000E+00
  117.   0.510156250000E+03  -0.958596099358E-11   0.000000000000E+00   0.189843750000E+03  -0.340714454995E-11   0.000000000000E+00
  118.   0.509375000000E+03  -0.476915842531E-11   0.000000000000E+00   0.190625000000E+03  -0.170765413262E-11   0.000000000000E+00
  119.   0.508593750000E+03  -0.955409344431E-11   0.000000000000E+00   0.191406250000E+03  -0.343567410935E-11   0.000000000000E+00
  120.   0.507812500000E+03  -0.475327138332E-11   0.000000000000E+00   0.192187500000E+03  -0.172191373450E-11   0.000000000000E+00
  121.   0.507031250000E+03  -0.952219702062E-11   0.000000000000E+00   0.192968750000E+03  -0.346419223906E-11   0.000000000000E+00
  122.   0.506250000000E+03  -0.473726754809E-11   0.000000000000E+00   0.193750000000E+03  -0.173617054479E-11   0.000000000000E+00
  123.   0.505468750000E+03  -0.949031470826E-11   0.000000000000E+00   0.194531250000E+03  -0.349274906105E-11   0.000000000000E+00
  124.   0.504687500000E+03  -0.472131171824E-11   0.000000000000E+00   0.195312500000E+03  -0.175045309446E-11   0.000000000000E+00
  125.   0.503906250000E+03  -0.945846602279E-11   0.000000000000E+00   0.196093750000E+03  -0.352130761973E-11   0.000000000000E+00
  126.   0.503125000000E+03  -0.470542143054E-11   0.000000000000E+00   0.196875000000E+03  -0.176468207974E-11   0.000000000000E+00
  127.   0.502343750000E+03  -0.942667580751E-11   0.000000000000E+00   0.197656250000E+03  -0.354988713807E-11   0.000000000000E+00
  128.   0.501562500000E+03  -0.468950006238E-11   0.000000000000E+00   0.198437500000E+03  -0.177898384766E-11   0.000000000000E+00
  129.   0.500781250000E+03  -0.939491803692E-11   0.000000000000E+00   0.199218750000E+03  -0.357846770746E-11   0.000000000000E+00
  130.   0.500000000000E+03  -0.467362107933E-11   0.000000000000E+00   0.200000000000E+03  -0.179325644516E-11   0.000000000000E+00
  131.   0.499218750000E+03  -0.936314000325E-11   0.000000000000E+00   0.200781250000E+03  -0.360706380824E-11   0.000000000000E+00
  132.   0.498437500000E+03  -0.465772939285E-11   0.000000000000E+00   0.201562500000E+03  -0.180753947631E-11   0.000000000000E+00
  133.   0.497656250000E+03  -0.933135410682E-11   0.000000000000E+00   0.202343750000E+03  -0.363565862937E-11   0.000000000000E+00
  134.   0.496875000000E+03  -0.464183397367E-11   0.000000000000E+00   0.203125000000E+03  -0.182184555730E-11   0.000000000000E+00
  135.   0.496093750000E+03  -0.929959557961E-11   0.000000000000E+00   0.203906250000E+03  -0.366425289019E-11   0.000000000000E+00
  136.   0.495312500000E+03  -0.462591150516E-11   0.000000000000E+00   0.204687500000E+03  -0.183609876221E-11   0.000000000000E+00
  137.   0.494531250000E+03  -0.926785601230E-11   0.000000000000E+00   0.205468750000E+03  -0.369286286994E-11   0.000000000000E+00
  138.   0.493750000000E+03  -0.461010466591E-11   0.000000000000E+00   0.206250000000E+03  -0.185039574729E-11   0.000000000000E+00
  139.   0.492968750000E+03  -0.923614673689E-11   0.000000000000E+00   0.207031250000E+03  -0.372151764948E-11   0.000000000000E+00
  140.   0.492187500000E+03  -0.459429279865E-11   0.000000000000E+00   0.207812500000E+03  -0.186474151114E-11   0.000000000000E+00
  141.   0.491406250000E+03  -0.920449747549E-11   0.000000000000E+00   0.208593750000E+03  -0.375016733647E-11   0.000000000000E+00
  142.   0.490625000000E+03  -0.457840043896E-11   0.000000000000E+00   0.209375000000E+03  -0.187901949996E-11   0.000000000000E+00
  143.   0.489843750000E+03  -0.917280755684E-11   0.000000000000E+00   0.210156250000E+03  -0.377882569303E-11   0.000000000000E+00
  144.   0.489062500000E+03  -0.456243941183E-11   0.000000000000E+00   0.210937500000E+03  -0.189336125575E-11   0.000000000000E+00
  145.   0.488281250000E+03  -0.914113543257E-11   0.000000000000E+00   0.211718750000E+03  -0.380748392464E-11   0.000000000000E+00
  146.   0.487500000000E+03  -0.454667657031E-11   0.000000000000E+00   0.212500000000E+03  -0.190765304819E-11   0.000000000000E+00
  147.   0.486718750000E+03  -0.910944335278E-11   0.000000000000E+00   0.213281250000E+03  -0.383615039255E-11   0.000000000000E+00
  148.   0.485937500000E+03  -0.453086676929E-11   0.000000000000E+00   0.214062500000E+03  -0.192198457819E-11   0.000000000000E+00
  149.   0.485156250000E+03  -0.907779805542E-11   0.000000000000E+00   0.214843750000E+03  -0.386483548707E-11   0.000000000000E+00
  150.   0.484375000000E+03  -0.451505569846E-11   0.000000000000E+00   0.215625000000E+03  -0.193632540704E-11   0.000000000000E+00
  151.   0.483593750000E+03  -0.904615945382E-11   0.000000000000E+00   0.216406250000E+03  -0.389353238992E-11   0.000000000000E+00
  152.   0.482812500000E+03  -0.449926208174E-11   0.000000000000E+00   0.217187500000E+03  -0.195061975978E-11   0.000000000000E+00
  153.   0.482031250000E+03  -0.901457696457E-11   0.000000000000E+00   0.217968750000E+03  -0.392224232604E-11   0.000000000000E+00
  154.   0.481250000000E+03  -0.448340167247E-11   0.000000000000E+00   0.218750000000E+03  -0.196498636855E-11   0.000000000000E+00
  155.   0.480468750000E+03  -0.898298673678E-11   0.000000000000E+00   0.219531250000E+03  -0.395096631414E-11   0.000000000000E+00
  156.   0.479687500000E+03  -0.446766425271E-11   0.000000000000E+00   0.220312500000E+03  -0.197935614566E-11   0.000000000000E+00
  157.   0.478906250000E+03  -0.895137263569E-11   0.000000000000E+00   0.221093750000E+03  -0.397969171601E-11   0.000000000000E+00
  158.   0.478125000000E+03  -0.445182615821E-11   0.000000000000E+00   0.221875000000E+03  -0.199367738637E-11   0.000000000000E+00
  159.   0.477343750000E+03  -0.891979679443E-11   0.000000000000E+00   0.222656250000E+03  -0.400843884972E-11   0.000000000000E+00
  160.   0.476562500000E+03  -0.443596057513E-11   0.000000000000E+00   0.223437500000E+03  -0.200804963122E-11   0.000000000000E+00
  161.   0.475781250000E+03  -0.888827868790E-11   0.000000000000E+00   0.224218750000E+03  -0.403716869040E-11   0.000000000000E+00
  162.   0.475000000000E+03  -0.442025853202E-11   0.000000000000E+00   0.225000000000E+03  -0.202236713515E-11   0.000000000000E+00
  163.   0.474218750000E+03  -0.885675199913E-11   0.000000000000E+00   0.225781250000E+03  -0.406594213554E-11   0.000000000000E+00
  164.   0.473437500000E+03  -0.440452970665E-11   0.000000000000E+00   0.226562500000E+03  -0.203677776399E-11   0.000000000000E+00
  165.   0.472656250000E+03  -0.882527517248E-11   0.000000000000E+00   0.227343750000E+03  -0.409471377759E-11   0.000000000000E+00
  166.   0.471875000000E+03  -0.438873099135E-11   0.000000000000E+00   0.228125000000E+03  -0.205114301459E-11   0.000000000000E+00
  167.   0.471093750000E+03  -0.879381298262E-11   0.000000000000E+00   0.228906250000E+03  -0.412347279622E-11   0.000000000000E+00
  168.   0.470312500000E+03  -0.437303347145E-11   0.000000000000E+00   0.229687500000E+03  -0.206551019883E-11   0.000000000000E+00
  169.   0.469531250000E+03  -0.876232417920E-11   0.000000000000E+00   0.230468750000E+03  -0.415227505762E-11   0.000000000000E+00
  170.   0.468750000000E+03  -0.435726984924E-11   0.000000000000E+00   0.231250000000E+03  -0.207988982859E-11   0.000000000000E+00
  171.   0.467968750000E+03  -0.873082452956E-11   0.000000000000E+00   0.232031250000E+03  -0.418108376092E-11   0.000000000000E+00
  172.   0.467187500000E+03  -0.434147141196E-11   0.000000000000E+00   0.232812500000E+03  -0.209429246523E-11   0.000000000000E+00
  173.   0.466406250000E+03  -0.869936211334E-11   0.000000000000E+00   0.233593750000E+03  -0.420990965061E-11   0.000000000000E+00
  174.   0.465625000000E+03  -0.432581843255E-11   0.000000000000E+00   0.234375000000E+03  -0.210869904266E-11   0.000000000000E+00
  175.   0.464843750000E+03  -0.866794509715E-11   0.000000000000E+00   0.235156250000E+03  -0.423875758472E-11   0.000000000000E+00
  176.   0.464062500000E+03  -0.431003896222E-11   0.000000000000E+00   0.235937500000E+03  -0.212307931496E-11   0.000000000000E+00
  177.   0.463281250000E+03  -0.863655292508E-11   0.000000000000E+00   0.236718750000E+03  -0.426759053857E-11   0.000000000000E+00
  178.   0.462500000000E+03  -0.429437875401E-11   0.000000000000E+00   0.237500000000E+03  -0.213752100731E-11   0.000000000000E+00
  179.   0.461718750000E+03  -0.860515351088E-11   0.000000000000E+00   0.238281250000E+03  -0.429644878534E-11   0.000000000000E+00
  180.   0.460937500000E+03  -0.427865361987E-11   0.000000000000E+00   0.239062500000E+03  -0.215193092278E-11   0.000000000000E+00
  181.   0.460156250000E+03  -0.857376460040E-11   0.000000000000E+00   0.239843750000E+03  -0.432531836856E-11   0.000000000000E+00
  182.   0.459375000000E+03  -0.426292957596E-11   0.000000000000E+00   0.240625000000E+03  -0.216636554580E-11   0.000000000000E+00
  183.   0.458593750000E+03  -0.854237849415E-11   0.000000000000E+00   0.241406250000E+03  -0.435420693491E-11   0.000000000000E+00
  184.   0.457812500000E+03  -0.424724292280E-11   0.000000000000E+00   0.242187500000E+03  -0.218078846594E-11   0.000000000000E+00
  185.   0.457031250000E+03  -0.851099539092E-11   0.000000000000E+00   0.242968750000E+03  -0.438310002926E-11   0.000000000000E+00
  186.   0.456250000000E+03  -0.423159185330E-11   0.000000000000E+00   0.243750000000E+03  -0.219522868319E-11   0.000000000000E+00
  187.   0.455468750000E+03  -0.847968192915E-11   0.000000000000E+00   0.244531250000E+03  -0.441201848155E-11   0.000000000000E+00
  188.   0.454687500000E+03  -0.421581861210E-11   0.000000000000E+00   0.245312500000E+03  -0.220964371649E-11   0.000000000000E+00
  189.   0.453906250000E+03  -0.844837274535E-11   0.000000000000E+00   0.246093750000E+03  -0.444096085571E-11   0.000000000000E+00
  190.   0.453125000000E+03  -0.420014883854E-11   0.000000000000E+00   0.246875000000E+03  -0.222408984935E-11   0.000000000000E+00
  191.   0.452343750000E+03  -0.841711302342E-11   0.000000000000E+00   0.247656250000E+03  -0.446991591239E-11   0.000000000000E+00
  192.   0.451562500000E+03  -0.418454105139E-11   0.000000000000E+00   0.248437500000E+03  -0.223855907061E-11   0.000000000000E+00
  193.   0.450781250000E+03  -0.838586877176E-11   0.000000000000E+00   0.249218750000E+03  -0.449889011607E-11   0.000000000000E+00
  194.   0.450000000000E+03  -0.416896011167E-11   0.000000000000E+00   0.250000000000E+03  -0.225302494595E-11   0.000000000000E+00
  195.   0.449218750000E+03  -0.835465340723E-11   0.000000000000E+00   0.250781250000E+03  -0.452787556174E-11   0.000000000000E+00
  196.   0.448437500000E+03  -0.415335512173E-11   0.000000000000E+00   0.251562500000E+03  -0.226752200934E-11   0.000000000000E+00
  197.   0.447656250000E+03  -0.832344806868E-11   0.000000000000E+00   0.252343750000E+03  -0.455686643092E-11   0.000000000000E+00
  198.   0.446875000000E+03  -0.413772944059E-11   0.000000000000E+00   0.253125000000E+03  -0.228196258250E-11   0.000000000000E+00
  199.   0.446093750000E+03  -0.829221283966E-11   0.000000000000E+00   0.253906250000E+03  -0.458583849214E-11   0.000000000000E+00
  200.   0.445312500000E+03  -0.412209153109E-11   0.000000000000E+00   0.254687500000E+03  -0.229647062519E-11   0.000000000000E+00
  201.   0.444531250000E+03  -0.826095565224E-11   0.000000000000E+00   0.255468750000E+03  -0.461483160260E-11   0.000000000000E+00
  202.   0.443750000000E+03  -0.410634102586E-11   0.000000000000E+00   0.256250000000E+03  -0.231093538908E-11   0.000000000000E+00
  203.   0.442968750000E+03  -0.822983182865E-11   0.000000000000E+00   0.257031250000E+03  -0.464389606798E-11   0.000000000000E+00
  204.   0.442187500000E+03  -0.409085250135E-11   0.000000000000E+00   0.257812500000E+03  -0.232550783111E-11   0.000000000000E+00
  205.   0.441406250000E+03  -0.819880272663E-11   0.000000000000E+00   0.258593750000E+03  -0.467303508030E-11   0.000000000000E+00
  206.   0.440625000000E+03  -0.407540305557E-11   0.000000000000E+00   0.259375000000E+03  -0.234004132427E-11   0.000000000000E+00
  207.   0.439843750000E+03  -0.816780361251E-11   0.000000000000E+00   0.260156250000E+03  -0.470220388333E-11   0.000000000000E+00
  208.   0.439062500000E+03  -0.405986472769E-11   0.000000000000E+00   0.260937500000E+03  -0.235461974727E-11   0.000000000000E+00
  209.   0.438281250000E+03  -0.813688119139E-11   0.000000000000E+00   0.261718750000E+03  -0.473138988737E-11   0.000000000000E+00
  210.   0.437500000000E+03  -0.404441314255E-11   0.000000000000E+00   0.262500000000E+03  -0.236920195705E-11   0.000000000000E+00
  211.   0.436718750000E+03  -0.810599590470E-11   0.000000000000E+00   0.263281250000E+03  -0.476065910058E-11   0.000000000000E+00
  212.   0.435937500000E+03  -0.402890808818E-11   0.000000000000E+00   0.264062500000E+03  -0.238387858527E-11   0.000000000000E+00
  213.   0.435156250000E+03  -0.807517961366E-11   0.000000000000E+00   0.264843750000E+03  -0.479000131183E-11   0.000000000000E+00
  214.   0.434375000000E+03  -0.401357823888E-11   0.000000000000E+00   0.265625000000E+03  -0.239849329813E-11   0.000000000000E+00
  215.   0.433593750000E+03  -0.804451471812E-11   0.000000000000E+00   0.266406250000E+03  -0.481941584512E-11   0.000000000000E+00
  216.   0.432812500000E+03  -0.399826137712E-11   0.000000000000E+00   0.267187500000E+03  -0.241324693864E-11   0.000000000000E+00
  217.   0.432031250000E+03  -0.801399120487E-11   0.000000000000E+00   0.267968750000E+03  -0.484894663007E-11   0.000000000000E+00
  218.   0.431250000000E+03  -0.398298256966E-11   0.000000000000E+00   0.268750000000E+03  -0.242802451039E-11   0.000000000000E+00
  219.   0.430468750000E+03  -0.798358932466E-11   0.000000000000E+00   0.269531250000E+03  -0.487857756363E-11   0.000000000000E+00
  220.   0.429687500000E+03  -0.396784411532E-11   0.000000000000E+00   0.270312500000E+03  -0.244284296112E-11   0.000000000000E+00
  221.   0.428906250000E+03  -0.795342821634E-11   0.000000000000E+00   0.271093750000E+03  -0.490842782135E-11   0.000000000000E+00
  222.   0.428125000000E+03  -0.395280760097E-11   0.000000000000E+00   0.271875000000E+03  -0.245778181313E-11   0.000000000000E+00
  223.   0.427343750000E+03  -0.792352964982E-11   0.000000000000E+00   0.272656250000E+03  -0.493850363465E-11   0.000000000000E+00
  224.   0.426562500000E+03  -0.393794073431E-11   0.000000000000E+00   0.273437500000E+03  -0.247290014207E-11   0.000000000000E+00
  225.   0.425781250000E+03  -0.789396605140E-11   0.000000000000E+00   0.274218750000E+03  -0.496886503124E-11   0.000000000000E+00
  226.   0.425000000000E+03  -0.392322741727E-11   0.000000000000E+00   0.275000000000E+03  -0.248812283260E-11   0.000000000000E+00
  227.   0.424218750000E+03  -0.786485925870E-11   0.000000000000E+00   0.275781250000E+03  -0.499956640592E-11   0.000000000000E+00
  228.   0.423437500000E+03  -0.390873234902E-11   0.000000000000E+00   0.276562500000E+03  -0.250350108487E-11   0.000000000000E+00
  229.   0.422656250000E+03  -0.783630869548E-11   0.000000000000E+00   0.277343750000E+03  -0.503078092520E-11   0.000000000000E+00
  230.   0.421875000000E+03  -0.389463306571E-11   0.000000000000E+00   0.278125000000E+03  -0.251931968327E-11   0.000000000000E+00
  231.   0.421093750000E+03  -0.780847508279E-11   0.000000000000E+00   0.278906250000E+03  -0.506257174660E-11   0.000000000000E+00
  232.   0.420312500000E+03  -0.388089053080E-11   0.000000000000E+00   0.279687500000E+03  -0.253531156567E-11   0.000000000000E+00
  233.   0.419531250000E+03  -0.778157091060E-11   0.000000000000E+00   0.280468750000E+03  -0.509512254671E-11   0.000000000000E+00
  234.   0.418750000000E+03  -0.386771575992E-11   0.000000000000E+00   0.281250000000E+03  -0.255180835519E-11   0.000000000000E+00
  235.   0.417968750000E+03  -0.775583129789E-11   0.000000000000E+00   0.282031250000E+03  -0.512867794694E-11   0.000000000000E+00
  236.   0.417187500000E+03  -0.385519365358E-11   0.000000000000E+00   0.282812500000E+03  -0.256884454359E-11   0.000000000000E+00
  237.   0.416406250000E+03  -0.773162019022E-11   0.000000000000E+00   0.283593750000E+03  -0.516357514799E-11   0.000000000000E+00
  238.   0.415625000000E+03  -0.384347352525E-11   0.000000000000E+00   0.284375000000E+03  -0.258668059434E-11   0.000000000000E+00
  239.   0.414843750000E+03  -0.770943830224E-11   0.000000000000E+00   0.285156250000E+03  -0.520011412467E-11   0.000000000000E+00
  240.   0.414062500000E+03  -0.383287912841E-11   0.000000000000E+00   0.285937500000E+03  -0.260534790258E-11   0.000000000000E+00
  241.   0.413281250000E+03  -0.768972168581E-11   0.000000000000E+00   0.286718750000E+03  -0.523884370655E-11   0.000000000000E+00
  242.   0.412500000000E+03  -0.382370181671E-11   0.000000000000E+00   0.287500000000E+03  -0.262531797971E-11   0.000000000000E+00
  243.   0.411718750000E+03  -0.767329837334E-11   0.000000000000E+00   0.288281250000E+03  -0.528036337775E-11   0.000000000000E+00
  244.   0.410937500000E+03  -0.381635189400E-11   0.000000000000E+00   0.289062500000E+03  -0.264685135991E-11   0.000000000000E+00
  245.   0.410156250000E+03  -0.766095318086E-11   0.000000000000E+00   0.289843750000E+03  -0.532546152577E-11   0.000000000000E+00
  246.   0.409375000000E+03  -0.381131717771E-11   0.000000000000E+00   0.290625000000E+03  -0.267039737959E-11   0.000000000000E+00
  247.   0.408593750000E+03  -0.765392429131E-11   0.000000000000E+00   0.291406250000E+03  -0.537521807884E-11   0.000000000000E+00
  248.   0.407812500000E+03  -0.380933020076E-11   0.000000000000E+00   0.292187500000E+03  -0.269656754362E-11   0.000000000000E+00
  249.   0.407031250000E+03  -0.765378909515E-11   0.000000000000E+00   0.292968750000E+03  -0.543097960360E-11   0.000000000000E+00
  250.   0.406250000000E+03  -0.381117696630E-11   0.000000000000E+00   0.293750000000E+03  -0.272610123374E-11   0.000000000000E+00
  251.   0.405468750000E+03  -0.766253955191E-11   0.000000000000E+00   0.294531250000E+03  -0.549455274726E-11   0.000000000000E+00
  252.   0.404687500000E+03  -0.381801678496E-11   0.000000000000E+00   0.295312500000E+03  -0.276006237780E-11   0.000000000000E+00
  253.   0.403906250000E+03  -0.768276822567E-11   0.000000000000E+00   0.296093750000E+03  -0.556825164992E-11   0.000000000000E+00
  254.   0.403125000000E+03  -0.383138366822E-11   0.000000000000E+00   0.296875000000E+03  -0.279976742823E-11   0.000000000000E+00
  255.   0.402343750000E+03  -0.771795761437E-11   0.000000000000E+00   0.297656250000E+03  -0.565521066850E-11   0.000000000000E+00
  256.   0.401562500000E+03  -0.385309936252E-11   0.000000000000E+00   0.298437500000E+03  -0.284698153811E-11   0.000000000000E+00
  257.   0.400781250000E+03  -0.777266632109E-11   0.000000000000E+00   0.299218750000E+03  -0.575959362959E-11   0.000000000000E+00
  258.   0.400000000000E+03  -0.388605504182E-11   0.000000000000E+00   0.300000000000E+03  -0.290409112751E-11   0.000000000000E+00
  259.   0.399218750000E+03  -0.785293159916E-11   0.000000000000E+00   0.300781250000E+03  -0.588683116505E-11   0.000000000000E+00
  260.   0.398437500000E+03  -0.393335625205E-11   0.000000000000E+00   0.301562500000E+03  -0.297414381216E-11   0.000000000000E+00
  261.   0.397656250000E+03  -0.796661949713E-11   0.000000000000E+00   0.302343750000E+03  -0.604410895777E-11   0.000000000000E+00
  262.   0.396875000000E+03  -0.399967631928E-11   0.000000000000E+00   0.303125000000E+03  -0.306139295834E-11   0.000000000000E+00
  263.   0.396093750000E+03  -0.812398722515E-11   0.000000000000E+00   0.303906250000E+03  -0.624078717690E-11   0.000000000000E+00
  264.   0.395312500000E+03  -0.409063147853E-11   0.000000000000E+00   0.304687500000E+03  -0.317084966443E-11   0.000000000000E+00
  265.   0.394531250000E+03  -0.833795109306E-11   0.000000000000E+00   0.305468750000E+03  -0.648879433665E-11   0.000000000000E+00
  266.   0.393750000000E+03  -0.421355419822E-11   0.000000000000E+00   0.306250000000E+03  -0.330930925451E-11   0.000000000000E+00
  267.   0.392968750000E+03  -0.862469196269E-11   0.000000000000E+00   0.307031250000E+03  -0.680306682921E-11   0.000000000000E+00
  268.   0.392187500000E+03  -0.437736804471E-11   0.000000000000E+00   0.307812500000E+03  -0.348506792489E-11   0.000000000000E+00
  269.   0.391406250000E+03  -0.900360508179E-11   0.000000000000E+00   0.308593750000E+03  -0.720177049048E-11   0.000000000000E+00
  270.   0.390625000000E+03  -0.459248289609E-11   0.000000000000E+00   0.309375000000E+03  -0.370801136864E-11   0.000000000000E+00
  271.   0.389843750000E+03  -0.949761186245E-11   0.000000000000E+00   0.310156250000E+03  -0.770652379422E-11   0.000000000000E+00
  272.   0.389062500000E+03  -0.487138491082E-11   0.000000000000E+00   0.310937500000E+03  -0.398988351999E-11   0.000000000000E+00
  273.   0.388281250000E+03  -0.101333319148E-10   0.000000000000E+00   0.311718750000E+03  -0.834256364473E-11   0.000000000000E+00
  274.   0.387500000000E+03  -0.522821742305E-11   0.000000000000E+00   0.312500000000E+03  -0.434404918959E-11   0.000000000000E+00
  275.   0.386718750000E+03  -0.109413919149E-10   0.000000000000E+00   0.313281250000E+03  -0.913911981029E-11   0.000000000000E+00
  276.   0.385937500000E+03  -0.567933016905E-11   0.000000000000E+00   0.314062500000E+03  -0.478632674054E-11   0.000000000000E+00
  277.   0.385156250000E+03  -0.119582824752E-10   0.000000000000E+00   0.314843750000E+03  -0.101313607245E-10   0.000000000000E+00
  278.   0.384375000000E+03  -0.624475062615E-11   0.000000000000E+00   0.315625000000E+03  -0.533596391353E-11   0.000000000000E+00
  279.   0.383593750000E+03  -0.132309722079E-10   0.000000000000E+00   0.316406250000E+03  -0.113645525097E-10   0.000000000000E+00
  280.   0.382812500000E+03  -0.695114844641E-11   0.000000000000E+00   0.317187500000E+03  -0.601871837069E-11   0.000000000000E+00
  281.   0.382031250000E+03  -0.148268661090E-10   0.000000000000E+00   0.317968750000E+03  -0.129033844149E-10   0.000000000000E+00
  282.   0.381250000000E+03  -0.783901378017E-11   0.000000000000E+00   0.318750000000E+03  -0.687325895249E-11   0.000000000000E+00
  283.   0.380468750000E+03  -0.168519854042E-10   0.000000000000E+00   0.319531250000E+03  -0.148491635063E-10   0.000000000000E+00
  284.   0.379687500000E+03  -0.897384834661E-11   0.000000000000E+00   0.320312500000E+03  -0.796226193206E-11   0.000000000000E+00
  285.   0.378906250000E+03  -0.194816136647E-10   0.000000000000E+00   0.321093750000E+03  -0.173685960445E-10   0.000000000000E+00
  286.   0.378125000000E+03  -0.104652575630E-10   0.000000000000E+00   0.321875000000E+03  -0.938962056445E-11   0.000000000000E+00
  287.   0.377343750000E+03  -0.230050202516E-10   0.000000000000E+00   0.322656250000E+03  -0.207368185702E-10   0.000000000000E+00
  288.   0.376562500000E+03  -0.124932176810E-10   0.000000000000E+00   0.323437500000E+03  -0.113267232901E-10   0.000000000000E+00
  289.   0.375781250000E+03  -0.278842239727E-10   0.000000000000E+00   0.324218750000E+03  -0.253943289800E-10   0.000000000000E+00
  290.   0.375000000000E+03  -0.153409003741E-10   0.000000000000E+00   0.325000000000E+03  -0.140438182723E-10   0.000000000000E+00
  291.   0.374218750000E+03  -0.348170888928E-10   0.000000000000E+00   0.325781250000E+03  -0.320095435322E-10   0.000000000000E+00
  292.   0.373437500000E+03  -0.194253578762E-10   0.000000000000E+00   0.326562500000E+03  -0.179413022735E-10   0.000000000000E+00
  293.   0.372656250000E+03  -0.447817752996E-10   0.000000000000E+00   0.327343750000E+03  -0.415253994031E-10   0.000000000000E+00
  294.   0.371875000000E+03  -0.253114231875E-10   0.000000000000E+00   0.328125000000E+03  -0.235652971146E-10   0.000000000000E+00
  295.   0.371093750000E+03  -0.590208856746E-10   0.000000000000E+00   0.328906250000E+03  -0.551505250589E-10   0.000000000000E+00
  296.   0.370312500000E+03  -0.336817883633E-10   0.000000000000E+00   0.329687500000E+03  -0.315829136788E-10   0.000000000000E+00
  297.   0.369531250000E+03  -0.789035652054E-10   0.000000000000E+00   0.330468750000E+03  -0.742344307933E-10   0.000000000000E+00
  298.   0.368750000000E+03  -0.452273471272E-10   0.000000000000E+00   0.331250000000E+03  -0.426808319282E-10   0.000000000000E+00
  299.   0.367968750000E+03  -0.105602353229E-09   0.000000000000E+00   0.332031250000E+03  -0.999633677514E-10   0.000000000000E+00
  300.   0.367187500000E+03  -0.604312730882E-10   0.000000000000E+00   0.332812500000E+03  -0.573602925752E-10   0.000000000000E+00
  301.   0.366406250000E+03  -0.139540773795E-09   0.000000000000E+00   0.333593750000E+03  -0.132829244473E-09   0.000000000000E+00
  302.   0.365625000000E+03  -0.792298523556E-10   0.000000000000E+00   0.334375000000E+03  -0.756081399675E-10   0.000000000000E+00
  303.   0.364843750000E+03  -0.179676078604E-09   0.000000000000E+00   0.335156250000E+03  -0.171926395614E-09   0.000000000000E+00
  304.   0.364062500000E+03  -0.100634272183E-09   0.000000000000E+00   0.335937500000E+03  -0.965224533355E-10   0.000000000000E+00
  305.   0.363281250000E+03  -0.222657077922E-09   0.000000000000E+00   0.336718750000E+03  -0.214109190801E-09   0.000000000000E+00
  306.   0.362500000000E+03  -0.122276268264E-09   0.000000000000E+00   0.337500000000E+03  -0.117853320583E-09   0.000000000000E+00
  307.   0.361718750000E+03  -0.262326815550E-09   0.000000000000E+00   0.338281250000E+03  -0.253461385996E-09   0.000000000000E+00
  308.   0.360937500000E+03  -0.140333042466E-09   0.000000000000E+00   0.339062500000E+03  -0.135902467149E-09   0.000000000000E+00
  309.   0.360156250000E+03  -0.288688232523E-09   0.000000000000E+00   0.339843750000E+03  -0.280229335573E-09   0.000000000000E+00
  310.   0.359375000000E+03  -0.148776738962E-09   0.000000000000E+00   0.340625000000E+03  -0.144752445896E-09   0.000000000000E+00
  311.   0.358593750000E+03  -0.289337825567E-09   0.000000000000E+00   0.341406250000E+03  -0.282140298492E-09   0.000000000000E+00
  312.   0.357812500000E+03  -0.140635694759E-09   0.000000000000E+00   0.342187500000E+03  -0.137477930963E-09   0.000000000000E+00
  313.   0.357031250000E+03  -0.242576184279E-09   0.000000000000E+00   0.342968750000E+03  -0.237578437607E-09   0.000000000000E+00
  314.   0.356250000000E+03  -0.104247451067E-09   0.000000000000E+00   0.343750000000E+03  -0.102356850282E-09   0.000000000000E+00
  315.   0.355468750000E+03  -0.133255558427E-09   0.000000000000E+00   0.344531250000E+03  -0.131049825389E-09   0.000000000000E+00
  316.   0.354687500000E+03  -0.241957271808E-10   0.000000000000E+00   0.345312500000E+03  -0.239652428051E-10   0.000000000000E+00
  317.   0.353906250000E+03   0.116856575905E-09   0.000000000000E+00   0.346093750000E+03   0.115797897008E-09   0.000000000000E+00
  318.   0.353125000000E+03   0.973846510902E-10   0.000000000000E+00   0.346875000000E+03   0.967346453738E-10   0.000000000000E+00
  319.   0.352343750000E+03   0.504820969541E-09   0.000000000000E+00   0.347656250000E+03   0.501193861125E-09   0.000000000000E+00
  320.   0.351562500000E+03   0.545361970950E-09   0.000000000000E+00   0.348437500000E+03   0.542295704075E-09   0.000000000000E+00
  321.   0.350781250000E+03   0.139570800728E-08   0.000000000000E+00   0.349218750000E+03   0.139390644434E-08   0.000000000000E+00
  322.   0.350000000000E+03   0.391524856102E-08   0.000000000000E+00   0.350000000000E+03   0.391524885256E-08   0.000000000000E+00
  323.   0.349218750000E+03   0.139390580548E-08   0.000000000000E+00   0.350781250000E+03   0.139570870858E-08   0.000000000000E+00
  324.   0.348437500000E+03   0.542295398504E-09   0.000000000000E+00   0.351562500000E+03   0.545362345534E-09   0.000000000000E+00
  325.   0.347656250000E+03   0.501193188320E-09   0.000000000000E+00   0.352343750000E+03   0.504821654886E-09   0.000000000000E+00
  326.   0.346875000000E+03   0.967342911373E-10   0.000000000000E+00   0.353125000000E+03   0.973849957516E-10   0.000000000000E+00
  327.   0.346093750000E+03   0.115797222992E-09   0.000000000000E+00   0.353906250000E+03   0.116857195867E-09   0.000000000000E+00
  328.   0.345312500000E+03  -0.239656301233E-10   0.000000000000E+00   0.354687500000E+03  -0.241954621377E-10   0.000000000000E+00
  329.   0.344531250000E+03  -0.131050526041E-09   0.000000000000E+00   0.355468750000E+03  -0.133254903124E-09   0.000000000000E+00
  330.   0.343750000000E+03  -0.102357213520E-09   0.000000000000E+00   0.356250000000E+03  -0.104247119562E-09   0.000000000000E+00
  331.   0.342968750000E+03  -0.237579081179E-09   0.000000000000E+00   0.357031250000E+03  -0.242575550614E-09   0.000000000000E+00
  332.   0.342187500000E+03  -0.137478311964E-09   0.000000000000E+00   0.357812500000E+03  -0.140635457321E-09   0.000000000000E+00
  333.   0.341406250000E+03  -0.282140919577E-09   0.000000000000E+00   0.358593750000E+03  -0.289337171581E-09   0.000000000000E+00
  334.   0.340625000000E+03  -0.144752772118E-09   0.000000000000E+00   0.359375000000E+03  -0.148776376967E-09   0.000000000000E+00
  335.   0.339843750000E+03  -0.280229994314E-09   0.000000000000E+00   0.360156250000E+03  -0.288687620595E-09   0.000000000000E+00
  336.   0.339062500000E+03  -0.135902836838E-09   0.000000000000E+00   0.360937500000E+03  -0.140332707546E-09   0.000000000000E+00
  337.   0.338281250000E+03  -0.253462011587E-09   0.000000000000E+00   0.361718750000E+03  -0.262326193001E-09   0.000000000000E+00
  338.   0.337500000000E+03  -0.117853578068E-09   0.000000000000E+00   0.362500000000E+03  -0.122276000170E-09   0.000000000000E+00
  339.   0.336718750000E+03  -0.214109784722E-09   0.000000000000E+00   0.363281250000E+03  -0.222656428955E-09   0.000000000000E+00
  340.   0.335937500000E+03  -0.965227187353E-10   0.000000000000E+00   0.364062500000E+03  -0.100633904205E-09   0.000000000000E+00
  341.   0.335156250000E+03  -0.171926992145E-09   0.000000000000E+00   0.364843750000E+03  -0.179675440664E-09   0.000000000000E+00
  342.   0.334375000000E+03  -0.756084717824E-10   0.000000000000E+00   0.365625000000E+03  -0.792295682371E-10   0.000000000000E+00
  343.   0.333593750000E+03  -0.132829840469E-09   0.000000000000E+00   0.366406250000E+03  -0.139540189655E-09   0.000000000000E+00
  344.   0.332812500000E+03  -0.573606169502E-10   0.000000000000E+00   0.367187500000E+03  -0.604310208691E-10   0.000000000000E+00
  345.   0.332031250000E+03  -0.999639506988E-10   0.000000000000E+00   0.367968750000E+03  -0.105601803333E-09   0.000000000000E+00
  346.   0.331250000000E+03  -0.426811913776E-10   0.000000000000E+00   0.368750000000E+03  -0.452270324050E-10   0.000000000000E+00
  347.   0.330468750000E+03  -0.742350211378E-10   0.000000000000E+00   0.369531250000E+03  -0.789029530414E-10   0.000000000000E+00
  348.   0.329687500000E+03  -0.315831902421E-10   0.000000000000E+00   0.370312500000E+03  -0.336814920244E-10   0.000000000000E+00
  349.   0.328906250000E+03  -0.551511246890E-10   0.000000000000E+00   0.371093750000E+03  -0.590202552827E-10   0.000000000000E+00
  350.   0.328125000000E+03  -0.235655727777E-10   0.000000000000E+00   0.371875000000E+03  -0.253111369354E-10   0.000000000000E+00
  351.   0.327343750000E+03  -0.415259689633E-10   0.000000000000E+00   0.372656250000E+03  -0.447811758425E-10   0.000000000000E+00
  352.   0.326562500000E+03  -0.179415727965E-10   0.000000000000E+00   0.373437500000E+03  -0.194250834063E-10   0.000000000000E+00
  353.   0.325781250000E+03  -0.320100741152E-10   0.000000000000E+00   0.374218750000E+03  -0.348164986276E-10   0.000000000000E+00
  354.   0.325000000000E+03  -0.140441009064E-10   0.000000000000E+00   0.375000000000E+03  -0.153405843277E-10   0.000000000000E+00
  355.   0.324218750000E+03  -0.253948524487E-10   0.000000000000E+00   0.375781250000E+03  -0.278836321455E-10   0.000000000000E+00
  356.   0.323437500000E+03  -0.113269787567E-10   0.000000000000E+00   0.376562500000E+03  -0.124929337007E-10   0.000000000000E+00
  357.   0.322656250000E+03  -0.207373221198E-10   0.000000000000E+00   0.377343750000E+03  -0.230044192624E-10   0.000000000000E+00
  358.   0.321875000000E+03  -0.938983038478E-11   0.000000000000E+00   0.378125000000E+03  -0.104649624872E-10   0.000000000000E+00
  359.   0.321093750000E+03  -0.173691140577E-10   0.000000000000E+00   0.378906250000E+03  -0.194810684024E-10   0.000000000000E+00
  360.   0.320312500000E+03  -0.796247151833E-11   0.000000000000E+00   0.379687500000E+03  -0.897360864786E-11   0.000000000000E+00
  361.   0.319531250000E+03  -0.148497248263E-10   0.000000000000E+00   0.380468750000E+03  -0.168514740184E-10   0.000000000000E+00
  362.   0.318750000000E+03  -0.687364150871E-11   0.000000000000E+00   0.381250000000E+03  -0.783882348762E-11   0.000000000000E+00
  363.   0.317968750000E+03  -0.129039239830E-10   0.000000000000E+00   0.382031250000E+03  -0.148263369326E-10   0.000000000000E+00
  364.   0.317187500000E+03  -0.601898432072E-11   0.000000000000E+00   0.382812500000E+03  -0.695092740101E-11   0.000000000000E+00
  365.   0.316406250000E+03  -0.113650783639E-10   0.000000000000E+00   0.383593750000E+03  -0.132303756262E-10   0.000000000000E+00
  366.   0.315625000000E+03  -0.533612165549E-11   0.000000000000E+00   0.384375000000E+03  -0.624438901187E-11   0.000000000000E+00
  367.   0.314843750000E+03  -0.101318470706E-10   0.000000000000E+00   0.385156250000E+03  -0.119576716838E-10   0.000000000000E+00
  368.   0.314062500000E+03  -0.478651079093E-11   0.000000000000E+00   0.385937500000E+03  -0.567897093109E-11   0.000000000000E+00
  369.   0.313281250000E+03  -0.913961385780E-11   0.000000000000E+00   0.386718750000E+03  -0.109407760547E-10   0.000000000000E+00
  370.   0.312500000000E+03  -0.434430403580E-11   0.000000000000E+00   0.387500000000E+03  -0.522786591860E-11   0.000000000000E+00
  371.   0.311718750000E+03  -0.834306099526E-11   0.000000000000E+00   0.388281250000E+03  -0.101327292166E-10   0.000000000000E+00
  372.   0.310937500000E+03  -0.399007720996E-11   0.000000000000E+00   0.389062500000E+03  -0.487102116510E-11   0.000000000000E+00
  373.   0.310156250000E+03  -0.770706429570E-11   0.000000000000E+00   0.389843750000E+03  -0.949700147697E-11   0.000000000000E+00
  374.   0.309375000000E+03  -0.370830549194E-11   0.000000000000E+00   0.390625000000E+03  -0.459219691109E-11   0.000000000000E+00
  375.   0.308593750000E+03  -0.720234813856E-11   0.000000000000E+00   0.391406250000E+03  -0.900297005690E-11   0.000000000000E+00
  376.   0.307812500000E+03  -0.348540752754E-11   0.000000000000E+00   0.392187500000E+03  -0.437709664558E-11   0.000000000000E+00
  377.   0.307031250000E+03  -0.680364373396E-11   0.000000000000E+00   0.392968750000E+03  -0.862407109498E-11   0.000000000000E+00
  378.   0.306250000000E+03  -0.330961529656E-11   0.000000000000E+00   0.393750000000E+03  -0.421325770620E-11   0.000000000000E+00
  379.   0.305468750000E+03  -0.648934770330E-11   0.000000000000E+00   0.394531250000E+03  -0.833731864408E-11   0.000000000000E+00
  380.   0.304687500000E+03  -0.317107102964E-11   0.000000000000E+00   0.395312500000E+03  -0.409032510221E-11   0.000000000000E+00
  381.   0.303906250000E+03  -0.624131566196E-11   0.000000000000E+00   0.396093750000E+03  -0.812332900291E-11   0.000000000000E+00
  382.   0.303125000000E+03  -0.306160307316E-11   0.000000000000E+00   0.396875000000E+03  -0.399935292954E-11   0.000000000000E+00
  383.   0.302343750000E+03  -0.604464419391E-11   0.000000000000E+00   0.397656250000E+03  -0.796596720738E-11   0.000000000000E+00
  384.   0.301562500000E+03  -0.297440985521E-11   0.000000000000E+00   0.398437500000E+03  -0.393300845362E-11   0.000000000000E+00
  385.   0.300781250000E+03  -0.588735403130E-11   0.000000000000E+00   0.399218750000E+03  -0.785226732286E-11   0.000000000000E+00
  386.   0.300000000000E+03  -0.290437174875E-11   0.000000000000E+00   0.400000000000E+03  -0.388567079352E-11   0.000000000000E+00
  387.   0.299218750000E+03  -0.576009848393E-11   0.000000000000E+00   0.400781250000E+03  -0.777199371933E-11   0.000000000000E+00
  388.   0.298437500000E+03  -0.284723464033E-11   0.000000000000E+00   0.401562500000E+03  -0.385272754805E-11   0.000000000000E+00
  389.   0.297656250000E+03  -0.565574037560E-11   0.000000000000E+00   0.402343750000E+03  -0.771728760157E-11   0.000000000000E+00
  390.   0.296875000000E+03  -0.280006926817E-11   0.000000000000E+00   0.403125000000E+03  -0.383103992436E-11   0.000000000000E+00
  391.   0.296093750000E+03  -0.556877319891E-11   0.000000000000E+00   0.403906250000E+03  -0.768209907287E-11   0.000000000000E+00
  392.   0.295312500000E+03  -0.276034280782E-11   0.000000000000E+00   0.404687500000E+03  -0.381765930827E-11   0.000000000000E+00
  393.   0.294531250000E+03  -0.549507279833E-11   0.000000000000E+00   0.405468750000E+03  -0.766186298178E-11   0.000000000000E+00
  394.   0.293750000000E+03  -0.272642197446E-11   0.000000000000E+00   0.406250000000E+03  -0.381087181214E-11   0.000000000000E+00
  395.   0.292968750000E+03  -0.543152822395E-11   0.000000000000E+00   0.407031250000E+03  -0.765313764403E-11   0.000000000000E+00
  396.   0.292187500000E+03  -0.269685051011E-11   0.000000000000E+00   0.407812500000E+03  -0.380904544881E-11   0.000000000000E+00
  397.   0.291406250000E+03  -0.537571978547E-11   0.000000000000E+00   0.408593750000E+03  -0.765328334911E-11   0.000000000000E+00
  398.   0.290625000000E+03  -0.267065414248E-11   0.000000000000E+00   0.409375000000E+03  -0.381102870879E-11   0.000000000000E+00
  399.   0.289843750000E+03  -0.532592596765E-11   0.000000000000E+00   0.410156250000E+03  -0.766028872715E-11   0.000000000000E+00
  400.   0.289062500000E+03  -0.264708202145E-11   0.000000000000E+00   0.410937500000E+03  -0.381605917624E-11   0.000000000000E+00
  401.   0.288281250000E+03  -0.528079133801E-11   0.000000000000E+00   0.411718750000E+03  -0.767257151081E-11   0.000000000000E+00
  402.   0.287500000000E+03  -0.262549977802E-11   0.000000000000E+00   0.412500000000E+03  -0.382331919353E-11   0.000000000000E+00
  403.   0.286718750000E+03  -0.523928607889E-11   0.000000000000E+00   0.413281250000E+03  -0.768899664660E-11   0.000000000000E+00
  404.   0.285937500000E+03  -0.260555617896E-11   0.000000000000E+00   0.414062500000E+03  -0.383249535208E-11   0.000000000000E+00
  405.   0.285156250000E+03  -0.520059910659E-11   0.000000000000E+00   0.414843750000E+03  -0.770871587337E-11   0.000000000000E+00
  406.   0.284375000000E+03  -0.258687640244E-11   0.000000000000E+00   0.415625000000E+03  -0.384307280106E-11   0.000000000000E+00
  407.   0.283593750000E+03  -0.516409026402E-11   0.000000000000E+00   0.416406250000E+03  -0.773098231821E-11   0.000000000000E+00
  408.   0.282812500000E+03  -0.256917156107E-11   0.000000000000E+00   0.417187500000E+03  -0.385480890014E-11   0.000000000000E+00
  409.   0.282031250000E+03  -0.512925459984E-11   0.000000000000E+00   0.417968750000E+03  -0.775517061116E-11   0.000000000000E+00
  410.   0.281250000000E+03  -0.255207267109E-11   0.000000000000E+00   0.418750000000E+03  -0.386735666876E-11   0.000000000000E+00
  411.   0.280468750000E+03  -0.509568045166E-11   0.000000000000E+00   0.419531250000E+03  -0.778088561689E-11   0.000000000000E+00
  412.   0.279687500000E+03  -0.253562208823E-11   0.000000000000E+00   0.420312500000E+03  -0.388054047402E-11   0.000000000000E+00
  413.   0.278906250000E+03  -0.506308515124E-11   0.000000000000E+00   0.421093750000E+03  -0.780780675479E-11   0.000000000000E+00
  414.   0.278125000000E+03  -0.251953107484E-11   0.000000000000E+00   0.421875000000E+03  -0.389429735335E-11   0.000000000000E+00
  415.   0.277343750000E+03  -0.503130526832E-11   0.000000000000E+00   0.422656250000E+03  -0.783564139704E-11   0.000000000000E+00
  416.   0.276562500000E+03  -0.250384771860E-11   0.000000000000E+00   0.423437500000E+03  -0.390846343613E-11   0.000000000000E+00
  417.   0.275781250000E+03  -0.500014656024E-11   0.000000000000E+00   0.424218750000E+03  -0.786417249015E-11   0.000000000000E+00
  418.   0.275000000000E+03  -0.248840948104E-11   0.000000000000E+00   0.425000000000E+03  -0.392291545879E-11   0.000000000000E+00
  419.   0.274218750000E+03  -0.496944664776E-11   0.000000000000E+00   0.425781250000E+03  -0.789333093238E-11   0.000000000000E+00
  420.   0.273437500000E+03  -0.247317951349E-11   0.000000000000E+00   0.426562500000E+03  -0.393764326429E-11   0.000000000000E+00
  421.   0.272656250000E+03  -0.493910560199E-11   0.000000000000E+00   0.427343750000E+03  -0.792294161280E-11   0.000000000000E+00
  422.   0.271875000000E+03  -0.245814884176E-11   0.000000000000E+00   0.428125000000E+03  -0.395257356307E-11   0.000000000000E+00
  423.   0.271093750000E+03  -0.490906012656E-11   0.000000000000E+00   0.428906250000E+03  -0.795283629619E-11   0.000000000000E+00
  424.   0.270312500000E+03  -0.244312818468E-11   0.000000000000E+00   0.429687500000E+03  -0.396757786114E-11   0.000000000000E+00
  425.   0.269531250000E+03  -0.487920924516E-11   0.000000000000E+00   0.430468750000E+03  -0.798293344170E-11   0.000000000000E+00
  426.   0.268750000000E+03  -0.242831224617E-11   0.000000000000E+00   0.431250000000E+03  -0.398270042531E-11   0.000000000000E+00
  427.   0.267968750000E+03  -0.484953601723E-11   0.000000000000E+00   0.432031250000E+03  -0.801329503455E-11   0.000000000000E+00
  428.   0.267187500000E+03  -0.241356103529E-11   0.000000000000E+00   0.432812500000E+03  -0.399795277657E-11   0.000000000000E+00
  429.   0.266406250000E+03  -0.481999325324E-11   0.000000000000E+00   0.433593750000E+03  -0.804384592153E-11   0.000000000000E+00
  430.   0.265625000000E+03  -0.239880689780E-11   0.000000000000E+00   0.434375000000E+03  -0.401334191966E-11   0.000000000000E+00
  431.   0.264843750000E+03  -0.479058480422E-11   0.000000000000E+00   0.435156250000E+03  -0.807455362075E-11   0.000000000000E+00
  432.   0.264062500000E+03  -0.238414294158E-11   0.000000000000E+00   0.435937500000E+03  -0.402865485976E-11   0.000000000000E+00
  433.   0.263281250000E+03  -0.476127543051E-11   0.000000000000E+00   0.436718750000E+03  -0.810539338615E-11   0.000000000000E+00
  434.   0.262500000000E+03  -0.236948240208E-11   0.000000000000E+00   0.437500000000E+03  -0.404413565521E-11   0.000000000000E+00
  435.   0.261718750000E+03  -0.473200120022E-11   0.000000000000E+00   0.438281250000E+03  -0.813626719502E-11   0.000000000000E+00
  436.   0.260937500000E+03  -0.235489212309E-11   0.000000000000E+00   0.439062500000E+03  -0.405962655403E-11   0.000000000000E+00
  437.   0.260156250000E+03  -0.470280879437E-11   0.000000000000E+00   0.439843750000E+03  -0.816724587084E-11   0.000000000000E+00
  438.   0.259375000000E+03  -0.234032608242E-11   0.000000000000E+00   0.440625000000E+03  -0.407513939000E-11   0.000000000000E+00
  439.   0.258593750000E+03  -0.467367054063E-11   0.000000000000E+00   0.441406250000E+03  -0.819829977110E-11   0.000000000000E+00
  440.   0.257812500000E+03  -0.232583836523E-11   0.000000000000E+00   0.442187500000E+03  -0.409070463096E-11   0.000000000000E+00
  441.   0.257031250000E+03  -0.464453553385E-11   0.000000000000E+00   0.442968750000E+03  -0.822939845153E-11   0.000000000000E+00
  442.   0.256250000000E+03  -0.231125420012E-11   0.000000000000E+00   0.443750000000E+03  -0.410625484016E-11   0.000000000000E+00
  443.   0.255468750000E+03  -0.461546262757E-11   0.000000000000E+00   0.444531250000E+03  -0.826050035887E-11   0.000000000000E+00
  444.   0.254687500000E+03  -0.229676884019E-11   0.000000000000E+00   0.445312500000E+03  -0.412187424666E-11   0.000000000000E+00
  445.   0.253906250000E+03  -0.458642534080E-11   0.000000000000E+00   0.446093750000E+03  -0.829166047868E-11   0.000000000000E+00
  446.   0.253125000000E+03  -0.228229568493E-11   0.000000000000E+00   0.446875000000E+03  -0.413744678400E-11   0.000000000000E+00
  447.   0.252343750000E+03  -0.455738862549E-11   0.000000000000E+00   0.447656250000E+03  -0.832285987420E-11   0.000000000000E+00
  448.   0.251562500000E+03  -0.226776399579E-11   0.000000000000E+00   0.448437500000E+03  -0.415302034400E-11   0.000000000000E+00
  449.   0.250781250000E+03  -0.452837323884E-11   0.000000000000E+00   0.449218750000E+03  -0.835402976795E-11   0.000000000000E+00
  450.   0.250000000000E+03  -0.225328105000E-11   0.000000000000E+00   0.450000000000E+03  -0.416858173321E-11   0.000000000000E+00
  451.   0.249218750000E+03  -0.449940928309E-11   0.000000000000E+00   0.450781250000E+03  -0.838524609586E-11   0.000000000000E+00
  452.   0.248437500000E+03  -0.223885683351E-11   0.000000000000E+00   0.451562500000E+03  -0.418427151046E-11   0.000000000000E+00
  453.   0.247656250000E+03  -0.447047969494E-11   0.000000000000E+00   0.452343750000E+03  -0.841649632597E-11   0.000000000000E+00
  454.   0.246875000000E+03  -0.222439562509E-11   0.000000000000E+00   0.453125000000E+03  -0.419997218712E-11   0.000000000000E+00
  455.   0.246093750000E+03  -0.444151204598E-11   0.000000000000E+00   0.453906250000E+03  -0.844779605615E-11   0.000000000000E+00
  456.   0.245312500000E+03  -0.220986867715E-11   0.000000000000E+00   0.454687500000E+03  -0.421562102609E-11   0.000000000000E+00
  457.   0.244531250000E+03  -0.441256275019E-11   0.000000000000E+00   0.455468750000E+03  -0.847913298372E-11   0.000000000000E+00
  458.   0.243750000000E+03  -0.219546317879E-11   0.000000000000E+00   0.456250000000E+03  -0.423120134097E-11   0.000000000000E+00
  459.   0.242968750000E+03  -0.438365597631E-11   0.000000000000E+00   0.457031250000E+03  -0.851046757436E-11   0.000000000000E+00
  460.   0.242187500000E+03  -0.218104112378E-11   0.000000000000E+00   0.457812500000E+03  -0.424700056061E-11   0.000000000000E+00
  461.   0.241406250000E+03  -0.435474406874E-11   0.000000000000E+00   0.458593750000E+03  -0.854184015470E-11   0.000000000000E+00
  462.   0.240625000000E+03  -0.216660281480E-11   0.000000000000E+00   0.459375000000E+03  -0.426268093020E-11   0.000000000000E+00
  463.   0.239843750000E+03  -0.432586548545E-11   0.000000000000E+00   0.460156250000E+03  -0.857320558122E-11   0.000000000000E+00
  464.   0.239062500000E+03  -0.215219205873E-11   0.000000000000E+00   0.460937500000E+03  -0.427835807340E-11   0.000000000000E+00
  465.   0.238281250000E+03  -0.429700869592E-11   0.000000000000E+00   0.461718750000E+03  -0.860454413586E-11   0.000000000000E+00
  466.   0.237500000000E+03  -0.213776746874E-11   0.000000000000E+00   0.462500000000E+03  -0.429397844968E-11   0.000000000000E+00
  467.   0.236718750000E+03  -0.426814930321E-11   0.000000000000E+00   0.463281250000E+03  -0.863593096408E-11   0.000000000000E+00
  468.   0.235937500000E+03  -0.212339121000E-11   0.000000000000E+00   0.464062500000E+03  -0.430982410897E-11   0.000000000000E+00
  469.   0.235156250000E+03  -0.423929399506E-11   0.000000000000E+00   0.464843750000E+03  -0.866734485460E-11   0.000000000000E+00
  470.   0.234375000000E+03  -0.210897570909E-11   0.000000000000E+00   0.465625000000E+03  -0.432549475529E-11   0.000000000000E+00
  471.   0.233593750000E+03  -0.421045685579E-11   0.000000000000E+00   0.466406250000E+03  -0.869877475822E-11   0.000000000000E+00
  472.   0.232812500000E+03  -0.209456197734E-11   0.000000000000E+00   0.467187500000E+03  -0.434114944168E-11   0.000000000000E+00
  473.   0.232031250000E+03  -0.418164618258E-11   0.000000000000E+00   0.467968750000E+03  -0.873015598227E-11   0.000000000000E+00
  474.   0.231250000000E+03  -0.208018042150E-11   0.000000000000E+00   0.468750000000E+03  -0.435689214706E-11   0.000000000000E+00
  475.   0.230468750000E+03  -0.415284404368E-11   0.000000000000E+00   0.469531250000E+03  -0.876161479978E-11   0.000000000000E+00
  476.   0.229687500000E+03  -0.206582271990E-11   0.000000000000E+00   0.470312500000E+03  -0.437253420095E-11   0.000000000000E+00
  477.   0.228906250000E+03  -0.412405638930E-11   0.000000000000E+00   0.471093750000E+03  -0.879312149546E-11   0.000000000000E+00
  478.   0.228125000000E+03  -0.205141276638E-11   0.000000000000E+00   0.471875000000E+03  -0.438836770354E-11   0.000000000000E+00
  479.   0.227343750000E+03  -0.409526787565E-11   0.000000000000E+00   0.472656250000E+03  -0.882460255918E-11   0.000000000000E+00
  480.   0.226562500000E+03  -0.203705548276E-11   0.000000000000E+00   0.473437500000E+03  -0.440428446869E-11   0.000000000000E+00
  481.   0.225781250000E+03  -0.406649398863E-11   0.000000000000E+00   0.474218750000E+03  -0.885615999616E-11   0.000000000000E+00
  482.   0.225000000000E+03  -0.202263737532E-11   0.000000000000E+00   0.475000000000E+03  -0.442004306173E-11   0.000000000000E+00
  483.   0.224218750000E+03  -0.403772758363E-11   0.000000000000E+00   0.475781250000E+03  -0.888771187607E-11   0.000000000000E+00
  484.   0.223437500000E+03  -0.200829165608E-11   0.000000000000E+00   0.476562500000E+03  -0.443579562048E-11   0.000000000000E+00
  485.   0.222656250000E+03  -0.400897542438E-11   0.000000000000E+00   0.477343750000E+03  -0.891927364837E-11   0.000000000000E+00
  486.   0.221875000000E+03  -0.199393154090E-11   0.000000000000E+00   0.478125000000E+03  -0.445152208652E-11   0.000000000000E+00
  487.   0.221093750000E+03  -0.398022119280E-11   0.000000000000E+00   0.478906250000E+03  -0.895081337083E-11   0.000000000000E+00
  488.   0.220312500000E+03  -0.197957054899E-11   0.000000000000E+00   0.479687500000E+03  -0.446734007403E-11   0.000000000000E+00
  489.   0.219531250000E+03  -0.395150400529E-11   0.000000000000E+00   0.480468750000E+03  -0.898237382526E-11   0.000000000000E+00
  490.   0.218750000000E+03  -0.196528230536E-11   0.000000000000E+00   0.481250000000E+03  -0.448308865366E-11   0.000000000000E+00
  491.   0.217968750000E+03  -0.392278939412E-11   0.000000000000E+00   0.482031250000E+03  -0.901400088334E-11   0.000000000000E+00
  492.   0.217187500000E+03  -0.195091332845E-11   0.000000000000E+00   0.482812500000E+03  -0.449887755540E-11   0.000000000000E+00
  493.   0.216406250000E+03  -0.389407459244E-11   0.000000000000E+00   0.483593750000E+03  -0.904564595859E-11   0.000000000000E+00
  494.   0.215625000000E+03  -0.193656832392E-11   0.000000000000E+00   0.484375000000E+03  -0.451476810128E-11   0.000000000000E+00
  495.   0.214843750000E+03  -0.386537550009E-11   0.000000000000E+00   0.485156250000E+03  -0.907727265861E-11   0.000000000000E+00
  496.   0.214062500000E+03  -0.192225962553E-11   0.000000000000E+00   0.485937500000E+03  -0.453062046948E-11   0.000000000000E+00
  497.   0.213281250000E+03  -0.383670379828E-11   0.000000000000E+00   0.486718750000E+03  -0.910891626172E-11   0.000000000000E+00
  498.   0.212500000000E+03  -0.190794697725E-11   0.000000000000E+00   0.487500000000E+03  -0.454645777512E-11   0.000000000000E+00
  499.   0.211718750000E+03  -0.380802628692E-11   0.000000000000E+00   0.488281250000E+03  -0.914060143582E-11   0.000000000000E+00
  500.   0.210937500000E+03  -0.189363174342E-11   0.000000000000E+00   0.489062500000E+03  -0.456220813409E-11   0.000000000000E+00
  501.   0.210156250000E+03  -0.377936459468E-11   0.000000000000E+00   0.489843750000E+03  -0.917231667069E-11   0.000000000000E+00
  502.   0.209375000000E+03  -0.187928709863E-11   0.000000000000E+00   0.490625000000E+03  -0.457822147438E-11   0.000000000000E+00
  503.   0.208593750000E+03  -0.375069962755E-11   0.000000000000E+00   0.491406250000E+03  -0.920401484230E-11   0.000000000000E+00
  504.   0.207812500000E+03  -0.186495810735E-11   0.000000000000E+00   0.492187500000E+03  -0.459400067255E-11   0.000000000000E+00
  505.   0.207031250000E+03  -0.372204749174E-11   0.000000000000E+00   0.492968750000E+03  -0.923573516380E-11   0.000000000000E+00
  506.   0.206250000000E+03  -0.185067517673E-11   0.000000000000E+00   0.493750000000E+03  -0.460994321510E-11   0.000000000000E+00
  507.   0.205468750000E+03  -0.369342334287E-11   0.000000000000E+00   0.494531250000E+03  -0.926745837975E-11   0.000000000000E+00
  508.   0.204687500000E+03  -0.183639377814E-11   0.000000000000E+00   0.495312500000E+03  -0.462575889304E-11   0.000000000000E+00
  509.   0.203906250000E+03  -0.366479051663E-11   0.000000000000E+00   0.496093750000E+03  -0.929914543956E-11   0.000000000000E+00
  510.   0.203125000000E+03  -0.182209776762E-11   0.000000000000E+00   0.496875000000E+03  -0.464153248014E-11   0.000000000000E+00
  511.   0.202343750000E+03  -0.363616801018E-11   0.000000000000E+00   0.497656250000E+03  -0.933084737409E-11   0.000000000000E+00
  512.   0.201562500000E+03  -0.180783373047E-11   0.000000000000E+00   0.498437500000E+03  -0.465745818594E-11   0.000000000000E+00
  513.   0.200781250000E+03  -0.360756738169E-11   0.000000000000E+00   0.499218750000E+03  -0.936260605184E-11   0.000000000000E+00
  514.   0.200000000000E+03  -0.179349911928E-11   0.000000000000E+00   0.500000000000E+03  -0.467332568406E-11   0.000000000000E+00
  515.   0.199218750000E+03  -0.357901131510E-11   0.000000000000E+00   0.500781250000E+03  -0.939433763591E-11   0.000000000000E+00
  516.   0.198437500000E+03  -0.177925386109E-11   0.000000000000E+00   0.501562500000E+03  -0.468920519674E-11   0.000000000000E+00
  517.   0.197656250000E+03  -0.355044075261E-11   0.000000000000E+00   0.502343750000E+03  -0.942608889722E-11   0.000000000000E+00
  518.   0.196875000000E+03  -0.176496133143E-11   0.000000000000E+00   0.503125000000E+03  -0.470512018667E-11   0.000000000000E+00
  519.   0.196093750000E+03  -0.352185543729E-11   0.000000000000E+00   0.503906250000E+03  -0.945787973774E-11   0.000000000000E+00
  520.   0.195312500000E+03  -0.175070008951E-11   0.000000000000E+00   0.504687500000E+03  -0.472101817059E-11   0.000000000000E+00
  521.   0.194531250000E+03  -0.349324987732E-11   0.000000000000E+00   0.505468750000E+03  -0.948971269503E-11   0.000000000000E+00
  522.   0.193750000000E+03  -0.173644435067E-11   0.000000000000E+00   0.506250000000E+03  -0.473691392777E-11   0.000000000000E+00
  523.   0.192968750000E+03  -0.346468876079E-11   0.000000000000E+00   0.507031250000E+03  -0.952154238088E-11   0.000000000000E+00
  524.   0.192187500000E+03  -0.172217586919E-11   0.000000000000E+00   0.507812500000E+03  -0.475280777483E-11   0.000000000000E+00
  525.   0.191406250000E+03  -0.343616450650E-11   0.000000000000E+00   0.508593750000E+03  -0.955340121422E-11   0.000000000000E+00
  526.   0.190625000000E+03  -0.170791098635E-11   0.000000000000E+00   0.509375000000E+03  -0.476884016454E-11   0.000000000000E+00
  527.   0.189843750000E+03  -0.340763885822E-11   0.000000000000E+00   0.510156250000E+03  -0.958528109018E-11   0.000000000000E+00
  528.   0.189062500000E+03  -0.169365505972E-11   0.000000000000E+00   0.510937500000E+03  -0.478485540383E-11   0.000000000000E+00
  529.   0.188281250000E+03  -0.337910996330E-11   0.000000000000E+00   0.511718750000E+03  -0.961718363207E-11   0.000000000000E+00
  530.   0.187500000000E+03  -0.167941395908E-11   0.000000000000E+00   0.512500000000E+03  -0.480072184870E-11   0.000000000000E+00
  531.   0.186718750000E+03  -0.335060391943E-11   0.000000000000E+00   0.513281250000E+03  -0.964908423894E-11   0.000000000000E+00
  532.   0.185937500000E+03  -0.166519453763E-11   0.000000000000E+00   0.514062500000E+03  -0.481664104491E-11   0.000000000000E+00
  533.   0.185156250000E+03  -0.332209271101E-11   0.000000000000E+00   0.514843750000E+03  -0.968096932602E-11   0.000000000000E+00
  534.   0.184375000000E+03  -0.165096019392E-11   0.000000000000E+00   0.515625000000E+03  -0.483253246803E-11   0.000000000000E+00
  535.   0.183593750000E+03  -0.329358850814E-11   0.000000000000E+00   0.516406250000E+03  -0.971287635407E-11   0.000000000000E+00
  536.   0.182812500000E+03  -0.163672604432E-11   0.000000000000E+00   0.517187500000E+03  -0.484857978083E-11   0.000000000000E+00
  537.   0.182031250000E+03  -0.326509840489E-11   0.000000000000E+00   0.517968750000E+03  -0.974483370032E-11   0.000000000000E+00
  538.   0.181250000000E+03  -0.162248843617E-11   0.000000000000E+00   0.518750000000E+03  -0.486451775557E-11   0.000000000000E+00
  539.   0.180468750000E+03  -0.323661783335E-11   0.000000000000E+00   0.519531250000E+03  -0.977677689980E-11   0.000000000000E+00
  540.   0.179687500000E+03  -0.160823509586E-11   0.000000000000E+00   0.520312500000E+03  -0.488063071976E-11   0.000000000000E+00
  541.   0.178906250000E+03  -0.320813499974E-11   0.000000000000E+00   0.521093750000E+03  -0.980871026774E-11   0.000000000000E+00
  542.   0.178125000000E+03  -0.159402827524E-11   0.000000000000E+00   0.521875000000E+03  -0.489651034285E-11   0.000000000000E+00
  543.   0.177343750000E+03  -0.317965829454E-11   0.000000000000E+00   0.522656250000E+03  -0.984071587661E-11   0.000000000000E+00
  544.   0.176562500000E+03  -0.157983936576E-11   0.000000000000E+00   0.523437500000E+03  -0.491270049496E-11   0.000000000000E+00
  545.   0.175781250000E+03  -0.315121239402E-11   0.000000000000E+00   0.524218750000E+03  -0.987266401311E-11   0.000000000000E+00
  546.   0.175000000000E+03  -0.156560666007E-11   0.000000000000E+00   0.525000000000E+03  -0.492854539521E-11   0.000000000000E+00
  547.   0.174218750000E+03  -0.312275951449E-11   0.000000000000E+00   0.525781250000E+03  -0.990469963928E-11   0.000000000000E+00
  548.   0.173437500000E+03  -0.155137679560E-11   0.000000000000E+00   0.526562500000E+03  -0.494453695005E-11   0.000000000000E+00
  549.   0.172656250000E+03  -0.309432095876E-11   0.000000000000E+00   0.527343750000E+03  -0.993675091000E-11   0.000000000000E+00
  550.   0.171875000000E+03  -0.153717875592E-11   0.000000000000E+00   0.528125000000E+03  -0.496054668218E-11   0.000000000000E+00
  551.   0.171093750000E+03  -0.306589893758E-11   0.000000000000E+00   0.528906250000E+03  -0.996876766865E-11   0.000000000000E+00
  552.   0.170312500000E+03  -0.152300259649E-11   0.000000000000E+00   0.529687500000E+03  -0.497657377924E-11   0.000000000000E+00
  553.   0.169531250000E+03  -0.303749796003E-11   0.000000000000E+00   0.530468750000E+03  -0.100007429565E-10   0.000000000000E+00
  554.   0.168750000000E+03  -0.150880413362E-11   0.000000000000E+00   0.531250000000E+03  -0.499260569130E-11   0.000000000000E+00
  555.   0.167968750000E+03  -0.300909403346E-11   0.000000000000E+00   0.532031250000E+03  -0.100328284522E-10   0.000000000000E+00
  556.   0.167187500000E+03  -0.149464227543E-11   0.000000000000E+00   0.532812500000E+03  -0.500859079092E-11   0.000000000000E+00
  557.   0.166406250000E+03  -0.298070811488E-11   0.000000000000E+00   0.533593750000E+03  -0.100649390770E-10   0.000000000000E+00
  558.   0.165625000000E+03  -0.148044818578E-11   0.000000000000E+00   0.534375000000E+03  -0.502462291632E-11   0.000000000000E+00
  559.   0.164843750000E+03  -0.295233205943E-11   0.000000000000E+00   0.535156250000E+03  -0.100970969341E-10   0.000000000000E+00
  560.   0.164062500000E+03  -0.146627027745E-11   0.000000000000E+00   0.535937500000E+03  -0.504069233589E-11   0.000000000000E+00
  561.   0.163281250000E+03  -0.292396569186E-11   0.000000000000E+00   0.536718750000E+03  -0.101292833697E-10   0.000000000000E+00
  562.   0.162500000000E+03  -0.145211022063E-11   0.000000000000E+00   0.537500000000E+03  -0.505680553960E-11   0.000000000000E+00
  563.   0.161718750000E+03  -0.289558881136E-11   0.000000000000E+00   0.538281250000E+03  -0.101613989628E-10   0.000000000000E+00
  564.   0.160937500000E+03  -0.143794029944E-11   0.000000000000E+00   0.539062500000E+03  -0.507290724838E-11   0.000000000000E+00
  565.   0.160156250000E+03  -0.286720272901E-11   0.000000000000E+00   0.539843750000E+03  -0.101933937969E-10   0.000000000000E+00
  566.   0.159375000000E+03  -0.142375252713E-11   0.000000000000E+00   0.540625000000E+03  -0.508894615497E-11   0.000000000000E+00
  567.   0.158593750000E+03  -0.283880476180E-11   0.000000000000E+00   0.541406250000E+03  -0.102255175841E-10   0.000000000000E+00
  568.   0.157812500000E+03  -0.140953953203E-11   0.000000000000E+00   0.542187500000E+03  -0.510501119745E-11   0.000000000000E+00
  569.   0.157031250000E+03  -0.281046161689E-11   0.000000000000E+00   0.542968750000E+03  -0.102576556011E-10   0.000000000000E+00
  570.   0.156250000000E+03  -0.139541775026E-11   0.000000000000E+00   0.543750000000E+03  -0.512106937594E-11   0.000000000000E+00
  571.   0.155468750000E+03  -0.278214794709E-11   0.000000000000E+00   0.544531250000E+03  -0.102898608571E-10   0.000000000000E+00
  572.   0.154687500000E+03  -0.138126035088E-11   0.000000000000E+00   0.545312500000E+03  -0.513716690252E-11   0.000000000000E+00
  573.   0.153906250000E+03  -0.275380753329E-11   0.000000000000E+00   0.546093750000E+03  -0.103220592569E-10   0.000000000000E+00
  574.   0.153125000000E+03  -0.136711173780E-11   0.000000000000E+00   0.546875000000E+03  -0.515324812836E-11   0.000000000000E+00
  575.   0.152343750000E+03  -0.272549670562E-11   0.000000000000E+00   0.547656250000E+03  -0.103542400373E-10   0.000000000000E+00
  576.   0.151562500000E+03  -0.135298077783E-11   0.000000000000E+00   0.548437500000E+03  -0.516942814711E-11   0.000000000000E+00
  577.   0.150781250000E+03  -0.269719608278E-11   0.000000000000E+00   0.549218750000E+03  -0.103864956655E-10   0.000000000000E+00
  578.   0.150000000000E+03  -0.133883197655E-11   0.000000000000E+00   0.550000000000E+03  -0.518559811205E-11   0.000000000000E+00
  579.   0.149218750000E+03  -0.266889022178E-11   0.000000000000E+00   0.550781250000E+03  -0.104188021072E-10   0.000000000000E+00
  580.   0.148437500000E+03  -0.132469228200E-11   0.000000000000E+00   0.551562500000E+03  -0.520158374973E-11   0.000000000000E+00
  581.   0.147656250000E+03  -0.264061233516E-11   0.000000000000E+00   0.552343750000E+03  -0.104510701157E-10   0.000000000000E+00
  582.   0.146875000000E+03  -0.131057192600E-11   0.000000000000E+00   0.553125000000E+03  -0.521771134402E-11   0.000000000000E+00
  583.   0.146093750000E+03  -0.261235356758E-11   0.000000000000E+00   0.553906250000E+03  -0.104834591663E-10   0.000000000000E+00
  584.   0.145312500000E+03  -0.129645559897E-11   0.000000000000E+00   0.554687500000E+03  -0.523399006651E-11   0.000000000000E+00
  585.   0.144531250000E+03  -0.258409907841E-11   0.000000000000E+00   0.555468750000E+03  -0.105159283063E-10   0.000000000000E+00
  586.   0.143750000000E+03  -0.128236394044E-11   0.000000000000E+00   0.556250000000E+03  -0.525022468798E-11   0.000000000000E+00
  587.   0.142968750000E+03  -0.255587889687E-11   0.000000000000E+00   0.557031250000E+03  -0.105483806401E-10   0.000000000000E+00
  588.   0.142187500000E+03  -0.126826046925E-11   0.000000000000E+00   0.557812500000E+03  -0.526657437291E-11   0.000000000000E+00
  589.   0.141406250000E+03  -0.252769520876E-11   0.000000000000E+00   0.558593750000E+03  -0.105809219640E-10   0.000000000000E+00
  590.   0.140625000000E+03  -0.125418758075E-11   0.000000000000E+00   0.559375000000E+03  -0.528279100485E-11   0.000000000000E+00
  591.   0.139843750000E+03  -0.249948926056E-11   0.000000000000E+00   0.560156250000E+03  -0.106134562451E-10   0.000000000000E+00
  592.   0.139062500000E+03  -0.124007622048E-11   0.000000000000E+00   0.560937500000E+03  -0.529905498696E-11   0.000000000000E+00
  593.   0.138281250000E+03  -0.247128196708E-11   0.000000000000E+00   0.561718750000E+03  -0.106459876404E-10   0.000000000000E+00
  594.   0.137500000000E+03  -0.122597754107E-11   0.000000000000E+00   0.562500000000E+03  -0.531538897578E-11   0.000000000000E+00
  595.   0.136718750000E+03  -0.244310381785E-11   0.000000000000E+00   0.563281250000E+03  -0.106786017933E-10   0.000000000000E+00
  596.   0.135937500000E+03  -0.121191744434E-11   0.000000000000E+00   0.564062500000E+03  -0.533170711823E-11   0.000000000000E+00
  597.   0.135156250000E+03  -0.241498012260E-11   0.000000000000E+00   0.564843750000E+03  -0.107114187835E-10   0.000000000000E+00
  598.   0.134375000000E+03  -0.119786740852E-11   0.000000000000E+00   0.565625000000E+03  -0.534814591310E-11   0.000000000000E+00
  599.   0.133593750000E+03  -0.238692051715E-11   0.000000000000E+00   0.566406250000E+03  -0.107444648439E-10   0.000000000000E+00
  600.   0.132812500000E+03  -0.118388328197E-11   0.000000000000E+00   0.567187500000E+03  -0.536470781070E-11   0.000000000000E+00
  601.   0.132031250000E+03  -0.235896963363E-11   0.000000000000E+00   0.567968750000E+03  -0.107780304716E-10   0.000000000000E+00
  602.   0.131250000000E+03  -0.116998640306E-11   0.000000000000E+00   0.568750000000E+03  -0.538164905058E-11   0.000000000000E+00
  603.   0.130468750000E+03  -0.233115946409E-11   0.000000000000E+00   0.569531250000E+03  -0.108125354398E-10   0.000000000000E+00
  604.   0.129687500000E+03  -0.115608132576E-11   0.000000000000E+00   0.570312500000E+03  -0.539920496051E-11   0.000000000000E+00
  605.   0.128906250000E+03  -0.230362701796E-11   0.000000000000E+00   0.571093750000E+03  -0.108485233549E-10   0.000000000000E+00
  606.   0.128125000000E+03  -0.114242221138E-11   0.000000000000E+00   0.571875000000E+03  -0.541770992230E-11   0.000000000000E+00
  607.   0.127343750000E+03  -0.227653452929E-11   0.000000000000E+00   0.572656250000E+03  -0.108867213358E-10   0.000000000000E+00
  608.   0.126562500000E+03  -0.112900826341E-11   0.000000000000E+00   0.573437500000E+03  -0.543746367312E-11   0.000000000000E+00
  609.   0.125781250000E+03  -0.224999515319E-11   0.000000000000E+00   0.574218750000E+03  -0.109280382664E-10   0.000000000000E+00
  610.   0.125000000000E+03  -0.111589934572E-11   0.000000000000E+00   0.575000000000E+03  -0.545908307637E-11   0.000000000000E+00
  611.   0.124218750000E+03  -0.222413103852E-11   0.000000000000E+00   0.575781250000E+03  -0.109729904876E-10   0.000000000000E+00
  612.   0.123437500000E+03  -0.110316671550E-11   0.000000000000E+00   0.576562500000E+03  -0.548250163993E-11   0.000000000000E+00
  613.   0.122656250000E+03  -0.219887765516E-11   0.000000000000E+00   0.577343750000E+03  -0.110214771869E-10   0.000000000000E+00
  614.   0.121875000000E+03  -0.109067664132E-11   0.000000000000E+00   0.578125000000E+03  -0.550749828896E-11   0.000000000000E+00
  615.   0.121093750000E+03  -0.217390175674E-11   0.000000000000E+00   0.578906250000E+03  -0.110715328727E-10   0.000000000000E+00
  616.   0.120312500000E+03  -0.107821397540E-11   0.000000000000E+00   0.579687500000E+03  -0.553265495862E-11   0.000000000000E+00
  617.   0.119531250000E+03  -0.214838948684E-11   0.000000000000E+00   0.580468750000E+03  -0.111184596063E-10   0.000000000000E+00
  618.   0.118750000000E+03  -0.106519128533E-11   0.000000000000E+00   0.581250000000E+03  -0.555448459911E-11   0.000000000000E+00
  619.   0.117968750000E+03  -0.212089083218E-11   0.000000000000E+00   0.582031250000E+03  -0.111533545795E-10   0.000000000000E+00
  620.   0.117187500000E+03  -0.105074083221E-11   0.000000000000E+00   0.582812500000E+03  -0.556751851481E-11   0.000000000000E+00
  621.   0.116406250000E+03  -0.208921682644E-11   0.000000000000E+00   0.583593750000E+03  -0.111627243096E-10   0.000000000000E+00
  622.   0.115625000000E+03  -0.103351300345E-11   0.000000000000E+00   0.584375000000E+03  -0.556376464330E-11   0.000000000000E+00
  623.   0.114843750000E+03  -0.205060387173E-11   0.000000000000E+00   0.585156250000E+03  -0.111290049761E-10   0.000000000000E+00
  624.   0.114062500000E+03  -0.101206499653E-11   0.000000000000E+00   0.585937500000E+03  -0.553345730523E-11   0.000000000000E+00
  625.   0.113281250000E+03  -0.200231754146E-11   0.000000000000E+00   0.586718750000E+03  -0.110339586099E-10   0.000000000000E+00
  626.   0.112500000000E+03  -0.985107986924E-12   0.000000000000E+00   0.587500000000E+03  -0.546785182790E-11   0.000000000000E+00
  627.   0.111718750000E+03  -0.194286717794E-11   0.000000000000E+00   0.588281250000E+03  -0.108661126898E-10   0.000000000000E+00
  628.   0.110937500000E+03  -0.952438801177E-12   0.000000000000E+00   0.589062500000E+03  -0.536433008822E-11   0.000000000000E+00
  629.   0.110156250000E+03  -0.187391732146E-11   0.000000000000E+00   0.589843750000E+03  -0.106324903975E-10   0.000000000000E+00
  630.   0.109375000000E+03  -0.915888639835E-12   0.000000000000E+00   0.590625000000E+03  -0.523245088249E-11   0.000000000000E+00
  631.   0.108593750000E+03  -0.180278661900E-11   0.000000000000E+00   0.591406250000E+03  -0.103752697712E-10   0.000000000000E+00
  632.   0.107812500000E+03  -0.880962820622E-12   0.000000000000E+00   0.592187500000E+03  -0.510497200587E-11   0.000000000000E+00
  633.   0.107031250000E+03  -0.174538312029E-11   0.000000000000E+00   0.592968750000E+03  -0.101916709596E-10   0.000000000000E+00
  634.   0.106250000000E+03  -0.858038428606E-12   0.000000000000E+00   0.593750000000E+03  -0.504613003140E-11   0.000000000000E+00
  635.   0.105468750000E+03  -0.172893065298E-11   0.000000000000E+00   0.594531250000E+03  -0.102537347723E-10   0.000000000000E+00
  636.   0.104687500000E+03  -0.864312597796E-12   0.000000000000E+00   0.595312500000E+03  -0.516571010382E-11   0.000000000000E+00
  637.   0.103906250000E+03  -0.179156878417E-11   0.000000000000E+00   0.596093750000E+03  -0.108092201601E-10   0.000000000000E+00
  638.   0.103125000000E+03  -0.920612606596E-12   0.000000000000E+00   0.596875000000E+03  -0.560132886918E-11   0.000000000000E+00
  639.   0.102343750000E+03  -0.197636642605E-11   0.000000000000E+00   0.597656250000E+03  -0.121471262633E-10   0.000000000000E+00
  640.   0.101562500000E+03  -0.105558079975E-11   0.000000000000E+00   0.598437500000E+03  -0.654606967577E-11   0.000000000000E+00
  641.   0.100781250000E+03  -0.226828708808E-11   0.000000000000E+00   0.599218750000E+03  -0.141908975754E-10   0.000000000000E+00
