mode  f_Hz  UX_top  UY_top  UX_bot  UY_bot  UX_mid   [r = RO; extensional: UX_top ~ +UX_bot]
  1.   0.130506558064E-02  -0.90573E-10   0.10000E+01   0.83824E-10   0.10000E+01  -0.33745E-11
  2.   0.749337793595E+02   0.49756E-04  -0.98357E-03  -0.49756E-04  -0.98357E-03   0.16639E-14
  3.   0.349160416748E+03  -0.27924E-04   0.26196E-03   0.27924E-04   0.26196E-03   0.21357E-14
  4.   0.843326809120E+03  -0.17683E-04   0.10620E-03   0.17683E-04   0.10620E-03   0.13707E-13
  5.   0.156988136199E+04   0.11400E-04  -0.50176E-04  -0.11400E-04  -0.50176E-04  -0.48934E-14
  6.   0.166956710057E+04  -0.20442E+00   0.15408E-02  -0.20442E+00  -0.15408E-02  -0.20448E+00
  7.   0.252032156223E+04  -0.82578E-05   0.28608E-04   0.82578E-05   0.28608E-04  -0.69066E-15
  8.   0.368222850567E+04   0.64058E-05  -0.18280E-04  -0.64058E-05  -0.18280E-04   0.24914E-13
  9.   0.429222701185E+04  -0.10668E-01   0.80626E-04  -0.10668E-01  -0.80626E-04  -0.10689E-01
 10.   0.504110621261E+04  -0.52003E-05   0.12610E-04   0.52003E-05   0.12610E-04   0.19115E-14
 11.   0.658170145391E+04   0.43619E-05  -0.91926E-05  -0.43619E-05  -0.91926E-05  -0.40480E-13
 12.   0.722831685185E+04  -0.32257E-02   0.24507E-04  -0.32257E-02  -0.24507E-04  -0.32446E-02
 13.   0.828870913129E+04  -0.37492E-05   0.69841E-05   0.37492E-05   0.69841E-05  -0.12839E-14
 14.   0.101472636630E+05   0.32857E-05  -0.54817E-05  -0.32857E-05  -0.54817E-05  -0.34637E-13
 15.   0.104182003290E+05  -0.93719E-03   0.71672E-05  -0.93719E-03  -0.71672E-05  -0.94875E-03
 16.   0.121432664393E+05  -0.29247E-05   0.44159E-05   0.29247E-05   0.44159E-05   0.13649E-13
 17.   0.136811622260E+05   0.37805E-03  -0.29048E-05   0.37805E-03   0.29048E-05   0.38628E-03
 18.   0.142635826289E+05   0.26367E-05  -0.36332E-05  -0.26367E-05  -0.36332E-05   0.55998E-13
 19.   0.164961367031E+05  -0.24064E-05   0.30468E-05   0.24064E-05   0.30468E-05  -0.78705E-15
 20.   0.169565486965E+05   0.18517E-03  -0.14197E-05   0.18517E-03   0.14197E-05   0.19155E-03
 21.   0.188299340455E+05   0.22112E-05  -0.25870E-05  -0.22112E-05  -0.25870E-05  -0.39236E-14
 22.   0.202194289856E+05   0.10274E-03  -0.77501E-06   0.10274E-03   0.77500E-06   0.10797E-03
 23.   0.212550325428E+05  -0.20529E-05   0.22296E-05   0.20529E-05   0.22296E-05   0.53393E-13
 24.   0.234551261907E+05   0.62083E-04  -0.44920E-06   0.62083E-04   0.44917E-06   0.66531E-04
 25.   0.237624825964E+05   0.19198E-05  -0.19428E-05  -0.19198E-05  -0.19428E-05  -0.43780E-12
 26.   0.263442510855E+05  -0.18047E-05   0.17070E-05   0.18047E-05   0.17070E-05  -0.51104E-13
 27.   0.266521912477E+05   0.39875E-04  -0.26471E-06   0.39875E-04   0.26471E-06   0.43767E-04
 28.   0.289931342508E+05   0.17037E-05  -0.15097E-05  -0.17037E-05  -0.15097E-05   0.11421E-12
 29.   0.298000302375E+05   0.26795E-04  -0.15032E-06   0.26795E-04   0.15033E-06   0.30276E-04
 30.   0.317026734169E+05  -0.16152E-05   0.13434E-05   0.16152E-05   0.13434E-05  -0.25943E-12
