i  r_top  QtopRe  QtopIm  r_bot  QbotRe  QbotIm   [mm, mC]
    1.   0.600000000000E+03  -0.552552378346E-09   0.000000000000E+00   0.100000000000E+03  -0.453940263972E-09   0.000000000000E+00
    2.   0.100000000000E+03  -0.453940263697E-09   0.000000000000E+00   0.600000000000E+03  -0.552552378539E-09   0.000000000000E+00
    3.   0.593750000000E+03  -0.219878946997E-08   0.000000000000E+00   0.106250000000E+03  -0.196199235839E-08   0.000000000000E+00
    4.   0.587500000000E+03  -0.107736384949E-08   0.000000000000E+00   0.112500000000E+03  -0.101937040480E-08   0.000000000000E+00
    5.   0.581250000000E+03  -0.211867837194E-08   0.000000000000E+00   0.118750000000E+03  -0.210280402032E-08   0.000000000000E+00
    6.   0.575000000000E+03  -0.103403662702E-08   0.000000000000E+00   0.125000000000E+03  -0.107845048876E-08   0.000000000000E+00
    7.   0.568750000000E+03  -0.203726949488E-08   0.000000000000E+00   0.131250000000E+03  -0.221184633254E-08   0.000000000000E+00
    8.   0.562500000000E+03  -0.989292714466E-09   0.000000000000E+00   0.137500000000E+03  -0.112322348928E-08   0.000000000000E+00
    9.   0.556250000000E+03  -0.195214710226E-08   0.000000000000E+00   0.143750000000E+03  -0.229385938163E-08   0.000000000000E+00
   10.   0.550000000000E+03  -0.947495887754E-09   0.000000000000E+00   0.150000000000E+03  -0.115961472232E-08   0.000000000000E+00
   11.   0.543750000000E+03  -0.186926979060E-08   0.000000000000E+00   0.156250000000E+03  -0.235538243308E-08   0.000000000000E+00
   12.   0.537500000000E+03  -0.906503683844E-09   0.000000000000E+00   0.162500000000E+03  -0.118537209778E-08   0.000000000000E+00
   13.   0.531250000000E+03  -0.178923763634E-08   0.000000000000E+00   0.168750000000E+03  -0.239673531749E-08   0.000000000000E+00
   14.   0.525000000000E+03  -0.866973951044E-09   0.000000000000E+00   0.175000000000E+03  -0.120106252570E-08   0.000000000000E+00
   15.   0.518750000000E+03  -0.171293626054E-08   0.000000000000E+00   0.181250000000E+03  -0.241840291943E-08   0.000000000000E+00
   16.   0.512500000000E+03  -0.829090584164E-09   0.000000000000E+00   0.187500000000E+03  -0.120671718933E-08   0.000000000000E+00
   17.   0.506250000000E+03  -0.164120195669E-08   0.000000000000E+00   0.193750000000E+03  -0.242091964658E-08   0.000000000000E+00
   18.   0.500000000000E+03  -0.793127203263E-09   0.000000000000E+00   0.200000000000E+03  -0.120256922931E-08   0.000000000000E+00
   19.   0.493750000000E+03  -0.157506225824E-08   0.000000000000E+00   0.206250000000E+03  -0.240518585546E-08   0.000000000000E+00
   20.   0.487500000000E+03  -0.759260010015E-09   0.000000000000E+00   0.212500000000E+03  -0.118885610125E-08   0.000000000000E+00
   21.   0.481250000000E+03  -0.151573390655E-08   0.000000000000E+00   0.218750000000E+03  -0.237249072900E-08   0.000000000000E+00
   22.   0.475000000000E+03  -0.727537626839E-09   0.000000000000E+00   0.225000000000E+03  -0.116582328669E-08   0.000000000000E+00
   23.   0.468750000000E+03  -0.146469823955E-08   0.000000000000E+00   0.231250000000E+03  -0.232461608637E-08   0.000000000000E+00
   24.   0.462500000000E+03  -0.697711783033E-09   0.000000000000E+00   0.237500000000E+03  -0.113358488407E-08   0.000000000000E+00
   25.   0.456250000000E+03  -0.142387982688E-08   0.000000000000E+00   0.243750000000E+03  -0.226401772317E-08   0.000000000000E+00
   26.   0.450000000000E+03  -0.669157616582E-09   0.000000000000E+00   0.250000000000E+03  -0.109201852865E-08   0.000000000000E+00
   27.   0.443750000000E+03  -0.139570171481E-08   0.000000000000E+00   0.256250000000E+03  -0.219395622112E-08   0.000000000000E+00
   28.   0.437500000000E+03  -0.639938347165E-09   0.000000000000E+00   0.262500000000E+03  -0.104000166183E-08   0.000000000000E+00
   29.   0.431250000000E+03  -0.138398367053E-08   0.000000000000E+00   0.268750000000E+03  -0.211928450174E-08   0.000000000000E+00
   30.   0.425000000000E+03  -0.608004847465E-09   0.000000000000E+00   0.275000000000E+03  -0.976092594001E-09   0.000000000000E+00
   31.   0.418750000000E+03  -0.139091993338E-08   0.000000000000E+00   0.281250000000E+03  -0.204428597651E-08   0.000000000000E+00
   32.   0.412500000000E+03  -0.561372767411E-09   0.000000000000E+00   0.287500000000E+03  -0.890547961064E-09   0.000000000000E+00
   33.   0.406250000000E+03  -0.141963391388E-08   0.000000000000E+00   0.293750000000E+03  -0.197439719186E-08   0.000000000000E+00
   34.   0.400000000000E+03  -0.502826375866E-09   0.000000000000E+00   0.300000000000E+03  -0.784182657265E-09   0.000000000000E+00
   35.   0.393750000000E+03  -0.139007405814E-08   0.000000000000E+00   0.306250000000E+03  -0.184323585477E-08   0.000000000000E+00
   36.   0.387500000000E+03  -0.307488215382E-09   0.000000000000E+00   0.312500000000E+03  -0.545977359018E-09   0.000000000000E+00
   37.   0.381250000000E+03  -0.986166709132E-09   0.000000000000E+00   0.318750000000E+03  -0.135633942739E-08   0.000000000000E+00
   38.   0.375000000000E+03  -0.730460566701E-10   0.000000000000E+00   0.325000000000E+03  -0.247475864157E-09   0.000000000000E+00
   39.   0.368750000000E+03   0.252014474236E-08   0.000000000000E+00   0.331250000000E+03   0.209951524347E-08   0.000000000000E+00
   40.   0.362500000000E+03   0.263693068247E-08   0.000000000000E+00   0.337500000000E+03   0.240417546614E-08   0.000000000000E+00
   41.   0.356250000000E+03   0.208905727307E-07   0.000000000000E+00   0.343750000000E+03   0.205380210422E-07   0.000000000000E+00
   42.   0.350000000000E+03   0.494734382293E-07   0.000000000000E+00   0.350000000000E+03   0.494734382283E-07   0.000000000000E+00
   43.   0.343750000000E+03   0.205380210426E-07   0.000000000000E+00   0.356250000000E+03   0.208905727304E-07   0.000000000000E+00
   44.   0.337500000000E+03   0.240417546473E-08   0.000000000000E+00   0.362500000000E+03   0.263693068233E-08   0.000000000000E+00
   45.   0.331250000000E+03   0.209951524319E-08   0.000000000000E+00   0.368750000000E+03   0.252014474285E-08   0.000000000000E+00
   46.   0.325000000000E+03  -0.247475864860E-09   0.000000000000E+00   0.375000000000E+03  -0.730460565467E-10   0.000000000000E+00
   47.   0.318750000000E+03  -0.135633942741E-08   0.000000000000E+00   0.381250000000E+03  -0.986166708123E-09   0.000000000000E+00
   48.   0.312500000000E+03  -0.545977358722E-09   0.000000000000E+00   0.387500000000E+03  -0.307488215366E-09   0.000000000000E+00
   49.   0.306250000000E+03  -0.184323585522E-08   0.000000000000E+00   0.393750000000E+03  -0.139007405681E-08   0.000000000000E+00
   50.   0.300000000000E+03  -0.784182658818E-09   0.000000000000E+00   0.400000000000E+03  -0.502826374885E-09   0.000000000000E+00
   51.   0.293750000000E+03  -0.197439719219E-08   0.000000000000E+00   0.406250000000E+03  -0.141963391270E-08   0.000000000000E+00
   52.   0.287500000000E+03  -0.890547960655E-09   0.000000000000E+00   0.412500000000E+03  -0.561372767522E-09   0.000000000000E+00
   53.   0.281250000000E+03  -0.204428597803E-08   0.000000000000E+00   0.418750000000E+03  -0.139091993263E-08   0.000000000000E+00
   54.   0.275000000000E+03  -0.976092595022E-09   0.000000000000E+00   0.425000000000E+03  -0.608004847734E-09   0.000000000000E+00
   55.   0.268750000000E+03  -0.211928450366E-08   0.000000000000E+00   0.431250000000E+03  -0.138398366969E-08   0.000000000000E+00
   56.   0.262500000000E+03  -0.104000166269E-08   0.000000000000E+00   0.437500000000E+03  -0.639938345653E-09   0.000000000000E+00
   57.   0.256250000000E+03  -0.219395622286E-08   0.000000000000E+00   0.443750000000E+03  -0.139570171350E-08   0.000000000000E+00
   58.   0.250000000000E+03  -0.109201852922E-08   0.000000000000E+00   0.450000000000E+03  -0.669157616158E-09   0.000000000000E+00
   59.   0.243750000000E+03  -0.226401772428E-08   0.000000000000E+00   0.456250000000E+03  -0.142387982582E-08   0.000000000000E+00
   60.   0.237500000000E+03  -0.113358488419E-08   0.000000000000E+00   0.462500000000E+03  -0.697711782671E-09   0.000000000000E+00
   61.   0.231250000000E+03  -0.232461608925E-08   0.000000000000E+00   0.468750000000E+03  -0.146469823967E-08   0.000000000000E+00
   62.   0.225000000000E+03  -0.116582329135E-08   0.000000000000E+00   0.475000000000E+03  -0.727537628217E-09   0.000000000000E+00
   63.   0.218750000000E+03  -0.237249073178E-08   0.000000000000E+00   0.481250000000E+03  -0.151573390769E-08   0.000000000000E+00
   64.   0.212500000000E+03  -0.118885610170E-08   0.000000000000E+00   0.487500000000E+03  -0.759260008548E-09   0.000000000000E+00
   65.   0.206250000000E+03  -0.240518585708E-08   0.000000000000E+00   0.493750000000E+03  -0.157506225849E-08   0.000000000000E+00
   66.   0.200000000000E+03  -0.120256923054E-08   0.000000000000E+00   0.500000000000E+03  -0.793127203067E-09   0.000000000000E+00
   67.   0.193750000000E+03  -0.242091964665E-08   0.000000000000E+00   0.506250000000E+03  -0.164120195620E-08   0.000000000000E+00
   68.   0.187500000000E+03  -0.120671719183E-08   0.000000000000E+00   0.512500000000E+03  -0.829090584141E-09   0.000000000000E+00
   69.   0.181250000000E+03  -0.241840291948E-08   0.000000000000E+00   0.518750000000E+03  -0.171293625899E-08   0.000000000000E+00
   70.   0.175000000000E+03  -0.120106252582E-08   0.000000000000E+00   0.525000000000E+03  -0.866973949800E-09   0.000000000000E+00
   71.   0.168750000000E+03  -0.239673531654E-08   0.000000000000E+00   0.531250000000E+03  -0.178923763513E-08   0.000000000000E+00
   72.   0.162500000000E+03  -0.118537209724E-08   0.000000000000E+00   0.537500000000E+03  -0.906503682649E-09   0.000000000000E+00
   73.   0.156250000000E+03  -0.235538243243E-08   0.000000000000E+00   0.543750000000E+03  -0.186926978997E-08   0.000000000000E+00
   74.   0.150000000000E+03  -0.115961472258E-08   0.000000000000E+00   0.550000000000E+03  -0.947495887037E-09   0.000000000000E+00
   75.   0.143750000000E+03  -0.229385938129E-08   0.000000000000E+00   0.556250000000E+03  -0.195214710158E-08   0.000000000000E+00
   76.   0.137500000000E+03  -0.112322348834E-08   0.000000000000E+00   0.562500000000E+03  -0.989292715339E-09   0.000000000000E+00
   77.   0.131250000000E+03  -0.221184633134E-08   0.000000000000E+00   0.568750000000E+03  -0.203726949455E-08   0.000000000000E+00
   78.   0.125000000000E+03  -0.107845049053E-08   0.000000000000E+00   0.575000000000E+03  -0.103403662499E-08   0.000000000000E+00
   79.   0.118750000000E+03  -0.210280402002E-08   0.000000000000E+00   0.581250000000E+03  -0.211867837140E-08   0.000000000000E+00
   80.   0.112500000000E+03  -0.101937040432E-08   0.000000000000E+00   0.587500000000E+03  -0.107736384908E-08   0.000000000000E+00
   81.   0.106250000000E+03  -0.196199235852E-08   0.000000000000E+00   0.593750000000E+03  -0.219878947023E-08   0.000000000000E+00
