i  r_top  QtopRe  QtopIm  r_bot  QbotRe  QbotIm   [mm, mC]
    1.   0.600000000000E+03  -0.240555386577E-06   0.000000000000E+00   0.100000000000E+03   0.305106825095E-11   0.000000000000E+00
    2.   0.100000000000E+03   0.305106772690E-11   0.000000000000E+00   0.600000000000E+03  -0.240555386577E-06   0.000000000000E+00
    3.   0.596875000000E+03  -0.692510641275E-08   0.000000000000E+00   0.103125000000E+03   0.114801633916E-10   0.000000000000E+00
    4.   0.593750000000E+03   0.677525338431E-07   0.000000000000E+00   0.106250000000E+03   0.496135076166E-11   0.000000000000E+00
    5.   0.590625000000E+03   0.795156104113E-07   0.000000000000E+00   0.109375000000E+03   0.117409858863E-10   0.000000000000E+00
    6.   0.587500000000E+03   0.321855551835E-07   0.000000000000E+00   0.112500000000E+03   0.632829127321E-11   0.000000000000E+00
    7.   0.584375000000E+03   0.349601082565E-07   0.000000000000E+00   0.115625000000E+03   0.134410128603E-10   0.000000000000E+00
    8.   0.581250000000E+03   0.877138436882E-08   0.000000000000E+00   0.118750000000E+03   0.685423355849E-11   0.000000000000E+00
    9.   0.578125000000E+03   0.102300372492E-07   0.000000000000E+00   0.121875000000E+03   0.141337286068E-10   0.000000000000E+00
   10.   0.575000000000E+03   0.243865419121E-08   0.000000000000E+00   0.125000000000E+03   0.706693989107E-11   0.000000000000E+00
   11.   0.571875000000E+03   0.333981022073E-08   0.000000000000E+00   0.128125000000E+03   0.146214511744E-10   0.000000000000E+00
   12.   0.568750000000E+03   0.104236214185E-08   0.000000000000E+00   0.131250000000E+03   0.731086105449E-11   0.000000000000E+00
   13.   0.565625000000E+03   0.129382426550E-08   0.000000000000E+00   0.134375000000E+03   0.151058768766E-10   0.000000000000E+00
   14.   0.562500000000E+03   0.381449953134E-09   0.000000000000E+00   0.137500000000E+03   0.754793257430E-11   0.000000000000E+00
   15.   0.559375000000E+03   0.452030352932E-09   0.000000000000E+00   0.140625000000E+03   0.155676456232E-10   0.000000000000E+00
   16.   0.556250000000E+03   0.136172990461E-09   0.000000000000E+00   0.143750000000E+03   0.777294005227E-11   0.000000000000E+00
   17.   0.553125000000E+03   0.161488025357E-09   0.000000000000E+00   0.146875000000E+03   0.160069126742E-10   0.000000000000E+00
   18.   0.550000000000E+03   0.489549927493E-10   0.000000000000E+00   0.150000000000E+03   0.798731329680E-11   0.000000000000E+00
   19.   0.546875000000E+03   0.578337872943E-10   0.000000000000E+00   0.153125000000E+03   0.164252939134E-10   0.000000000000E+00
   20.   0.543750000000E+03   0.191448643318E-10   0.000000000000E+00   0.156250000000E+03   0.819156166595E-11   0.000000000000E+00
   21.   0.540625000000E+03   0.221562324435E-10   0.000000000000E+00   0.159375000000E+03   0.168230454288E-10   0.000000000000E+00
   22.   0.537500000000E+03   0.807595501204E-11   0.000000000000E+00   0.162500000000E+03   0.838549617643E-11   0.000000000000E+00
   23.   0.534375000000E+03   0.960096627961E-11   0.000000000000E+00   0.165625000000E+03   0.171999633981E-10   0.000000000000E+00
   24.   0.531250000000E+03   0.419527690484E-11   0.000000000000E+00   0.168750000000E+03   0.856905667590E-11   0.000000000000E+00
   25.   0.528125000000E+03   0.554074711840E-11   0.000000000000E+00   0.171875000000E+03   0.175557895739E-10   0.000000000000E+00
   26.   0.525000000000E+03   0.289190624548E-11   0.000000000000E+00   0.175000000000E+03   0.874206233171E-11   0.000000000000E+00
   27.   0.521875000000E+03   0.439897977166E-11   0.000000000000E+00   0.178125000000E+03   0.178902118895E-10   0.000000000000E+00
   28.   0.518750000000E+03   0.256730224380E-11   0.000000000000E+00   0.181250000000E+03   0.890438637626E-11   0.000000000000E+00
   29.   0.515625000000E+03   0.430559941573E-11   0.000000000000E+00   0.184375000000E+03   0.182029262841E-10   0.000000000000E+00
   30.   0.512500000000E+03   0.260250713108E-11   0.000000000000E+00   0.187500000000E+03   0.905587928615E-11   0.000000000000E+00
   31.   0.509375000000E+03   0.458871748245E-11   0.000000000000E+00   0.190625000000E+03   0.184936209612E-10   0.000000000000E+00
   32.   0.506250000000E+03   0.277543627415E-11   0.000000000000E+00   0.193750000000E+03   0.919640292226E-11   0.000000000000E+00
   33.   0.503125000000E+03   0.501759056661E-11   0.000000000000E+00   0.196875000000E+03   0.187619831574E-10   0.000000000000E+00
   34.   0.500000000000E+03   0.300233326274E-11   0.000000000000E+00   0.200000000000E+03   0.932578111762E-11   0.000000000000E+00
   35.   0.496875000000E+03   0.550772980260E-11   0.000000000000E+00   0.203125000000E+03   0.190077101622E-10   0.000000000000E+00
   36.   0.493750000000E+03   0.325298892853E-11   0.000000000000E+00   0.206250000000E+03   0.944389681543E-11   0.000000000000E+00
   37.   0.490625000000E+03   0.602808673411E-11   0.000000000000E+00   0.209375000000E+03   0.192305056091E-10   0.000000000000E+00
   38.   0.487500000000E+03   0.351584205686E-11   0.000000000000E+00   0.212500000000E+03   0.955059845257E-11   0.000000000000E+00
   39.   0.484375000000E+03   0.656609588487E-11   0.000000000000E+00   0.215625000000E+03   0.194300775746E-10   0.000000000000E+00
   40.   0.481250000000E+03   0.378615178454E-11   0.000000000000E+00   0.218750000000E+03   0.964575284097E-11   0.000000000000E+00
   41.   0.478125000000E+03   0.711594503855E-11   0.000000000000E+00   0.221875000000E+03   0.196061502693E-10   0.000000000000E+00
   42.   0.475000000000E+03   0.406155008354E-11   0.000000000000E+00   0.225000000000E+03   0.972923575831E-11   0.000000000000E+00
   43.   0.471875000000E+03   0.767422706279E-11   0.000000000000E+00   0.228125000000E+03   0.197584581584E-10   0.000000000000E+00
   44.   0.468750000000E+03   0.434055669411E-11   0.000000000000E+00   0.231250000000E+03   0.980090375189E-11   0.000000000000E+00
   45.   0.465625000000E+03   0.823841951114E-11   0.000000000000E+00   0.234375000000E+03   0.198867391300E-10   0.000000000000E+00
   46.   0.462500000000E+03   0.462197164632E-11   0.000000000000E+00   0.237500000000E+03   0.986064421263E-11   0.000000000000E+00
   47.   0.459375000000E+03   0.880631312735E-11   0.000000000000E+00   0.240625000000E+03   0.199907222695E-10   0.000000000000E+00
   48.   0.456250000000E+03   0.490473012995E-11   0.000000000000E+00   0.243750000000E+03   0.990831009529E-11   0.000000000000E+00
   49.   0.453125000000E+03   0.937579347465E-11   0.000000000000E+00   0.246875000000E+03   0.200701232851E-10   0.000000000000E+00
   50.   0.450000000000E+03   0.518777463127E-11   0.000000000000E+00   0.250000000000E+03   0.994375168321E-11   0.000000000000E+00
   51.   0.446875000000E+03   0.994466827074E-11   0.000000000000E+00   0.253125000000E+03   0.201245513599E-10   0.000000000000E+00
   52.   0.443750000000E+03   0.546994146520E-11   0.000000000000E+00   0.256250000000E+03   0.996669969619E-11   0.000000000000E+00
   53.   0.440625000000E+03   0.105104069658E-10   0.000000000000E+00   0.259375000000E+03   0.201532962337E-10   0.000000000000E+00
   54.   0.437500000000E+03   0.574970586353E-11   0.000000000000E+00   0.262500000000E+03   0.997656123834E-11   0.000000000000E+00
   55.   0.434375000000E+03   0.110693616638E-10   0.000000000000E+00   0.265625000000E+03   0.201547371823E-10   0.000000000000E+00
   56.   0.431250000000E+03   0.602456568607E-11   0.000000000000E+00   0.268750000000E+03   0.997194462158E-11   0.000000000000E+00
   57.   0.428125000000E+03   0.116149324733E-10   0.000000000000E+00   0.271875000000E+03   0.201247756603E-10   0.000000000000E+00
   58.   0.425000000000E+03   0.628900347788E-11   0.000000000000E+00   0.275000000000E+03   0.994895882357E-11   0.000000000000E+00
   59.   0.421875000000E+03   0.121311743153E-10   0.000000000000E+00   0.278125000000E+03   0.200513889102E-10   0.000000000000E+00
   60.   0.418750000000E+03   0.653067791213E-11   0.000000000000E+00   0.281250000000E+03   0.989774933493E-11   0.000000000000E+00
   61.   0.415625000000E+03   0.125787842927E-10   0.000000000000E+00   0.284375000000E+03   0.199023540060E-10   0.000000000000E+00
   62.   0.412500000000E+03   0.671426594949E-11   0.000000000000E+00   0.287500000000E+03   0.978871721611E-11   0.000000000000E+00
   63.   0.409375000000E+03   0.128418211895E-10   0.000000000000E+00   0.290625000000E+03   0.195783225175E-10   0.000000000000E+00
   64.   0.406250000000E+03   0.676032609497E-11   0.000000000000E+00   0.293750000000E+03   0.955239650817E-11   0.000000000000E+00
   65.   0.403125000000E+03   0.126356114120E-10   0.000000000000E+00   0.296875000000E+03   0.188281768843E-10   0.000000000000E+00
   66.   0.400000000000E+03   0.640558967348E-11   0.000000000000E+00   0.300000000000E+03   0.895664063906E-11   0.000000000000E+00
   67.   0.396875000000E+03   0.110501420745E-10   0.000000000000E+00   0.303125000000E+03   0.168338154224E-10   0.000000000000E+00
   68.   0.393750000000E+03   0.505115566257E-11   0.000000000000E+00   0.306250000000E+03   0.745342358475E-11   0.000000000000E+00
   69.   0.390625000000E+03   0.585287042204E-11   0.000000000000E+00   0.309375000000E+03   0.115456044184E-10   0.000000000000E+00
   70.   0.387500000000E+03   0.243764092363E-12   0.000000000000E+00   0.312500000000E+03   0.280937743830E-11   0.000000000000E+00
   71.   0.384375000000E+03  -0.982828577679E-11   0.000000000000E+00   0.315625000000E+03  -0.346821990524E-11   0.000000000000E+00
   72.   0.381250000000E+03  -0.103119900589E-10   0.000000000000E+00   0.318750000000E+03  -0.726456408346E-11   0.000000000000E+00
   73.   0.378125000000E+03  -0.477393687676E-10   0.000000000000E+00   0.321875000000E+03  -0.395231975894E-10   0.000000000000E+00
   74.   0.375000000000E+03  -0.409769825055E-10   0.000000000000E+00   0.325000000000E+03  -0.362345879895E-10   0.000000000000E+00
   75.   0.371875000000E+03  -0.184196217908E-09   0.000000000000E+00   0.328125000000E+03  -0.169802782168E-09   0.000000000000E+00
   76.   0.368750000000E+03  -0.152796396732E-09   0.000000000000E+00   0.331250000000E+03  -0.143110943839E-09   0.000000000000E+00
   77.   0.365625000000E+03  -0.632333063114E-09   0.000000000000E+00   0.334375000000E+03  -0.603236005691E-09   0.000000000000E+00
   78.   0.362500000000E+03  -0.630248536184E-09   0.000000000000E+00   0.337500000000E+03  -0.602980609630E-09   0.000000000000E+00
   79.   0.359375000000E+03  -0.116115814063E-08   0.000000000000E+00   0.340625000000E+03  -0.113642610530E-08   0.000000000000E+00
   80.   0.356250000000E+03  -0.626935685234E-09   0.000000000000E+00   0.343750000000E+03  -0.610093710075E-09   0.000000000000E+00
   81.   0.353125000000E+03   0.109304013294E-08   0.000000000000E+00   0.346875000000E+03   0.108312893879E-08   0.000000000000E+00
   82.   0.350000000000E+03   0.813267666463E-08   0.000000000000E+00   0.350000000000E+03   0.813267665127E-08   0.000000000000E+00
   83.   0.346875000000E+03   0.108312893493E-08   0.000000000000E+00   0.353125000000E+03   0.109304013080E-08   0.000000000000E+00
   84.   0.343750000000E+03  -0.610093720445E-09   0.000000000000E+00   0.356250000000E+03  -0.626935693044E-09   0.000000000000E+00
   85.   0.340625000000E+03  -0.113642611336E-08   0.000000000000E+00   0.359375000000E+03  -0.116115814268E-08   0.000000000000E+00
   86.   0.337500000000E+03  -0.602980614525E-09   0.000000000000E+00   0.362500000000E+03  -0.630248541362E-09   0.000000000000E+00
   87.   0.334375000000E+03  -0.603236011767E-09   0.000000000000E+00   0.365625000000E+03  -0.632333054844E-09   0.000000000000E+00
   88.   0.331250000000E+03  -0.143110949121E-09   0.000000000000E+00   0.368750000000E+03  -0.152796390334E-09   0.000000000000E+00
   89.   0.328125000000E+03  -0.169802783378E-09   0.000000000000E+00   0.371875000000E+03  -0.184196208870E-09   0.000000000000E+00
   90.   0.325000000000E+03  -0.362345849328E-10   0.000000000000E+00   0.375000000000E+03  -0.409769793365E-10   0.000000000000E+00
   91.   0.321875000000E+03  -0.395231901388E-10   0.000000000000E+00   0.378125000000E+03  -0.477393589813E-10   0.000000000000E+00
   92.   0.318750000000E+03  -0.726455040864E-11   0.000000000000E+00   0.381250000000E+03  -0.103119854377E-10   0.000000000000E+00
   93.   0.315625000000E+03  -0.346821673782E-11   0.000000000000E+00   0.384375000000E+03  -0.982828169822E-11   0.000000000000E+00
   94.   0.312500000000E+03   0.280937867910E-11   0.000000000000E+00   0.387500000000E+03   0.243761776627E-12   0.000000000000E+00
   95.   0.309375000000E+03   0.115456045569E-10   0.000000000000E+00   0.390625000000E+03   0.585286748368E-11   0.000000000000E+00
   96.   0.306250000000E+03   0.745341616553E-11   0.000000000000E+00   0.393750000000E+03   0.505115197301E-11   0.000000000000E+00
   97.   0.303125000000E+03   0.168338149561E-10   0.000000000000E+00   0.396875000000E+03   0.110501354396E-10   0.000000000000E+00
   98.   0.300000000000E+03   0.895664136854E-11   0.000000000000E+00   0.400000000000E+03   0.640558830369E-11   0.000000000000E+00
   99.   0.296875000000E+03   0.188281700004E-10   0.000000000000E+00   0.403125000000E+03   0.126356043737E-10   0.000000000000E+00
  100.   0.293750000000E+03   0.955239925515E-11   0.000000000000E+00   0.406250000000E+03   0.676032312826E-11   0.000000000000E+00
  101.   0.290625000000E+03   0.195783182396E-10   0.000000000000E+00   0.409375000000E+03   0.128418195846E-10   0.000000000000E+00
  102.   0.287500000000E+03   0.978871593229E-11   0.000000000000E+00   0.412500000000E+03   0.671426572970E-11   0.000000000000E+00
  103.   0.284375000000E+03   0.199023500978E-10   0.000000000000E+00   0.415625000000E+03   0.125787887246E-10   0.000000000000E+00
  104.   0.281250000000E+03   0.989774330954E-11   0.000000000000E+00   0.418750000000E+03   0.653068782202E-11   0.000000000000E+00
  105.   0.278125000000E+03   0.200513785530E-10   0.000000000000E+00   0.421875000000E+03   0.121311751442E-10   0.000000000000E+00
  106.   0.275000000000E+03   0.994895108219E-11   0.000000000000E+00   0.425000000000E+03   0.628900137010E-11   0.000000000000E+00
  107.   0.271875000000E+03   0.201247701456E-10   0.000000000000E+00   0.428125000000E+03   0.116149281054E-10   0.000000000000E+00
  108.   0.268750000000E+03   0.997195121248E-11   0.000000000000E+00   0.431250000000E+03   0.602456382014E-11   0.000000000000E+00
  109.   0.265625000000E+03   0.201547321473E-10   0.000000000000E+00   0.434375000000E+03   0.110693607116E-10   0.000000000000E+00
  110.   0.262500000000E+03   0.997655507107E-11   0.000000000000E+00   0.437500000000E+03   0.574970641467E-11   0.000000000000E+00
  111.   0.259375000000E+03   0.201532936700E-10   0.000000000000E+00   0.440625000000E+03   0.105104073205E-10   0.000000000000E+00
  112.   0.256250000000E+03   0.996669431314E-11   0.000000000000E+00   0.443750000000E+03   0.546994472450E-11   0.000000000000E+00
  113.   0.253125000000E+03   0.201245528114E-10   0.000000000000E+00   0.446875000000E+03   0.994466591641E-11   0.000000000000E+00
  114.   0.250000000000E+03   0.994375738959E-11   0.000000000000E+00   0.450000000000E+03   0.518777159824E-11   0.000000000000E+00
  115.   0.246875000000E+03   0.200701277932E-10   0.000000000000E+00   0.453125000000E+03   0.937579017604E-11   0.000000000000E+00
  116.   0.243750000000E+03   0.990831356918E-11   0.000000000000E+00   0.456250000000E+03   0.490473196412E-11   0.000000000000E+00
  117.   0.240625000000E+03   0.199907192568E-10   0.000000000000E+00   0.459375000000E+03   0.880631014177E-11   0.000000000000E+00
  118.   0.237500000000E+03   0.986064529146E-11   0.000000000000E+00   0.462500000000E+03   0.462196780803E-11   0.000000000000E+00
  119.   0.234375000000E+03   0.198867324498E-10   0.000000000000E+00   0.465625000000E+03   0.823841617082E-11   0.000000000000E+00
  120.   0.231250000000E+03   0.980090088204E-11   0.000000000000E+00   0.468750000000E+03   0.434055074952E-11   0.000000000000E+00
  121.   0.228125000000E+03   0.197584606710E-10   0.000000000000E+00   0.471875000000E+03   0.767422309137E-11   0.000000000000E+00
  122.   0.225000000000E+03   0.972923336222E-11   0.000000000000E+00   0.475000000000E+03   0.406155252199E-11   0.000000000000E+00
  123.   0.221875000000E+03   0.196061542582E-10   0.000000000000E+00   0.478125000000E+03   0.711594049973E-11   0.000000000000E+00
  124.   0.218750000000E+03   0.964575483708E-11   0.000000000000E+00   0.481250000000E+03   0.378615043739E-11   0.000000000000E+00
  125.   0.215625000000E+03   0.194300740929E-10   0.000000000000E+00   0.484375000000E+03   0.656609293010E-11   0.000000000000E+00
  126.   0.212500000000E+03   0.955059962825E-11   0.000000000000E+00   0.487500000000E+03   0.351584106096E-11   0.000000000000E+00
  127.   0.209375000000E+03   0.192304995912E-10   0.000000000000E+00   0.490625000000E+03   0.602808518415E-11   0.000000000000E+00
  128.   0.206250000000E+03   0.944389644967E-11   0.000000000000E+00   0.493750000000E+03   0.325298960759E-11   0.000000000000E+00
  129.   0.203125000000E+03   0.190077060371E-10   0.000000000000E+00   0.496875000000E+03   0.550772883254E-11   0.000000000000E+00
  130.   0.200000000000E+03   0.932577846168E-11   0.000000000000E+00   0.500000000000E+03   0.300233320379E-11   0.000000000000E+00
  131.   0.196875000000E+03   0.187619788833E-10   0.000000000000E+00   0.503125000000E+03   0.501758811000E-11   0.000000000000E+00
  132.   0.193750000000E+03   0.919639484088E-11   0.000000000000E+00   0.506250000000E+03   0.277543445644E-11   0.000000000000E+00
  133.   0.190625000000E+03   0.184936176641E-10   0.000000000000E+00   0.509375000000E+03   0.458871402360E-11   0.000000000000E+00
  134.   0.187500000000E+03   0.905587984564E-11   0.000000000000E+00   0.512500000000E+03   0.260250614630E-11   0.000000000000E+00
  135.   0.184375000000E+03   0.182029231330E-10   0.000000000000E+00   0.515625000000E+03   0.430559604782E-11   0.000000000000E+00
  136.   0.181250000000E+03   0.890438712527E-11   0.000000000000E+00   0.518750000000E+03   0.256730102407E-11   0.000000000000E+00
  137.   0.178125000000E+03   0.178902056424E-10   0.000000000000E+00   0.521875000000E+03   0.439897473975E-11   0.000000000000E+00
  138.   0.175000000000E+03   0.874205586398E-11   0.000000000000E+00   0.525000000000E+03   0.289190386304E-11   0.000000000000E+00
  139.   0.171875000000E+03   0.175557799869E-10   0.000000000000E+00   0.528125000000E+03   0.554074112861E-11   0.000000000000E+00
  140.   0.168750000000E+03   0.856904927857E-11   0.000000000000E+00   0.531250000000E+03   0.419527269688E-11   0.000000000000E+00
  141.   0.165625000000E+03   0.171999595441E-10   0.000000000000E+00   0.534375000000E+03   0.960096059454E-11   0.000000000000E+00
  142.   0.162500000000E+03   0.838551043358E-11   0.000000000000E+00   0.537500000000E+03   0.807595121881E-11   0.000000000000E+00
  143.   0.159375000000E+03   0.168230455355E-10   0.000000000000E+00   0.540625000000E+03   0.221562275335E-10   0.000000000000E+00
  144.   0.156250000000E+03   0.819155758886E-11   0.000000000000E+00   0.543750000000E+03   0.191448619171E-10   0.000000000000E+00
  145.   0.153125000000E+03   0.164252968567E-10   0.000000000000E+00   0.546875000000E+03   0.578337827345E-10   0.000000000000E+00
  146.   0.150000000000E+03   0.798731837433E-11   0.000000000000E+00   0.550000000000E+03   0.489549907794E-10   0.000000000000E+00
  147.   0.146875000000E+03   0.160069154686E-10   0.000000000000E+00   0.553125000000E+03   0.161488021067E-09   0.000000000000E+00
  148.   0.143750000000E+03   0.777293543275E-11   0.000000000000E+00   0.556250000000E+03   0.136172988949E-09   0.000000000000E+00
  149.   0.140625000000E+03   0.155676431570E-10   0.000000000000E+00   0.559375000000E+03   0.452030348840E-09   0.000000000000E+00
  150.   0.137500000000E+03   0.754793267100E-11   0.000000000000E+00   0.562500000000E+03   0.381449950869E-09   0.000000000000E+00
  151.   0.134375000000E+03   0.151058798191E-10   0.000000000000E+00   0.565625000000E+03   0.129382426165E-08   0.000000000000E+00
  152.   0.131250000000E+03   0.731086284784E-11   0.000000000000E+00   0.568750000000E+03   0.104236213965E-08   0.000000000000E+00
  153.   0.128125000000E+03   0.146214510182E-10   0.000000000000E+00   0.571875000000E+03   0.333981021670E-08   0.000000000000E+00
  154.   0.125000000000E+03   0.706693948239E-11   0.000000000000E+00   0.575000000000E+03   0.243865418899E-08   0.000000000000E+00
  155.   0.121875000000E+03   0.141337272493E-10   0.000000000000E+00   0.578125000000E+03   0.102300372448E-07   0.000000000000E+00
  156.   0.118750000000E+03   0.685423547219E-11   0.000000000000E+00   0.581250000000E+03   0.877138436657E-08   0.000000000000E+00
  157.   0.115625000000E+03   0.134410070663E-10   0.000000000000E+00   0.584375000000E+03   0.349601082521E-07   0.000000000000E+00
  158.   0.112500000000E+03   0.632828744580E-11   0.000000000000E+00   0.587500000000E+03   0.321855551812E-07   0.000000000000E+00
  159.   0.109375000000E+03   0.117409781833E-10   0.000000000000E+00   0.590625000000E+03   0.795156104072E-07   0.000000000000E+00
  160.   0.106250000000E+03   0.496134600503E-11   0.000000000000E+00   0.593750000000E+03   0.677525338411E-07   0.000000000000E+00
  161.   0.103125000000E+03   0.114801577572E-10   0.000000000000E+00   0.596875000000E+03  -0.692510641583E-08   0.000000000000E+00
