i  r_top  QtopRe  QtopIm   [mm, mC]
    1.   0.600000000000E+03  -0.209256920485E-05   0.000000000000E+00
    2.   0.100000000000E+03  -0.348761564702E-06   0.000000000000E+00
    3.   0.596875000000E+03  -0.832668163537E-05   0.000000000000E+00
    4.   0.593750000000E+03  -0.414154322567E-05   0.000000000000E+00
    5.   0.590625000000E+03  -0.823949126706E-05   0.000000000000E+00
    6.   0.587500000000E+03  -0.409794804139E-05   0.000000000000E+00
    7.   0.584375000000E+03  -0.815230089827E-05   0.000000000000E+00
    8.   0.581250000000E+03  -0.405435285688E-05   0.000000000000E+00
    9.   0.578125000000E+03  -0.806511052900E-05   0.000000000000E+00
   10.   0.575000000000E+03  -0.401075767213E-05   0.000000000000E+00
   11.   0.571875000000E+03  -0.797792015926E-05   0.000000000000E+00
   12.   0.568750000000E+03  -0.396716248714E-05   0.000000000000E+00
   13.   0.565625000000E+03  -0.789072978905E-05   0.000000000000E+00
   14.   0.562500000000E+03  -0.392356730192E-05   0.000000000000E+00
   15.   0.559375000000E+03  -0.780353941837E-05   0.000000000000E+00
   16.   0.556250000000E+03  -0.387997211646E-05   0.000000000000E+00
   17.   0.553125000000E+03  -0.771634904724E-05   0.000000000000E+00
   18.   0.550000000000E+03  -0.383637693078E-05   0.000000000000E+00
   19.   0.546875000000E+03  -0.762915867566E-05   0.000000000000E+00
   20.   0.543750000000E+03  -0.379278174488E-05   0.000000000000E+00
   21.   0.540625000000E+03  -0.754196830363E-05   0.000000000000E+00
   22.   0.537500000000E+03  -0.374918655875E-05   0.000000000000E+00
   23.   0.534375000000E+03  -0.745477793115E-05   0.000000000000E+00
   24.   0.531250000000E+03  -0.370559137241E-05   0.000000000000E+00
   25.   0.528125000000E+03  -0.736758755824E-05   0.000000000000E+00
   26.   0.525000000000E+03  -0.366199618584E-05   0.000000000000E+00
   27.   0.521875000000E+03  -0.728039718490E-05   0.000000000000E+00
   28.   0.518750000000E+03  -0.361840099906E-05   0.000000000000E+00
   29.   0.515625000000E+03  -0.719320681113E-05   0.000000000000E+00
   30.   0.512500000000E+03  -0.357480581207E-05   0.000000000000E+00
   31.   0.509375000000E+03  -0.710601643694E-05   0.000000000000E+00
   32.   0.506250000000E+03  -0.353121062487E-05   0.000000000000E+00
   33.   0.503125000000E+03  -0.701882606233E-05   0.000000000000E+00
   34.   0.500000000000E+03  -0.348761543746E-05   0.000000000000E+00
   35.   0.496875000000E+03  -0.693163568731E-05   0.000000000000E+00
   36.   0.493750000000E+03  -0.344402024985E-05   0.000000000000E+00
   37.   0.490625000000E+03  -0.684444531188E-05   0.000000000000E+00
   38.   0.487500000000E+03  -0.340042506203E-05   0.000000000000E+00
   39.   0.484375000000E+03  -0.675725493605E-05   0.000000000000E+00
   40.   0.481250000000E+03  -0.335682987402E-05   0.000000000000E+00
   41.   0.478125000000E+03  -0.667006455982E-05   0.000000000000E+00
   42.   0.475000000000E+03  -0.331323468581E-05   0.000000000000E+00
   43.   0.471875000000E+03  -0.658287418320E-05   0.000000000000E+00
   44.   0.468750000000E+03  -0.326963949740E-05   0.000000000000E+00
   45.   0.465625000000E+03  -0.649568380620E-05   0.000000000000E+00
   46.   0.462500000000E+03  -0.322604430880E-05   0.000000000000E+00
   47.   0.459375000000E+03  -0.640849342881E-05   0.000000000000E+00
   48.   0.456250000000E+03  -0.318244912002E-05   0.000000000000E+00
   49.   0.453125000000E+03  -0.632130305105E-05   0.000000000000E+00
   50.   0.450000000000E+03  -0.313885393104E-05   0.000000000000E+00
   51.   0.446875000000E+03  -0.623411267292E-05   0.000000000000E+00
   52.   0.443750000000E+03  -0.309525874188E-05   0.000000000000E+00
   53.   0.440625000000E+03  -0.614692229442E-05   0.000000000000E+00
   54.   0.437500000000E+03  -0.305166355254E-05   0.000000000000E+00
   55.   0.434375000000E+03  -0.605973191557E-05   0.000000000000E+00
   56.   0.431250000000E+03  -0.300806836302E-05   0.000000000000E+00
   57.   0.428125000000E+03  -0.597254153635E-05   0.000000000000E+00
   58.   0.425000000000E+03  -0.296447317333E-05   0.000000000000E+00
   59.   0.421875000000E+03  -0.588535115679E-05   0.000000000000E+00
   60.   0.418750000000E+03  -0.292087798346E-05   0.000000000000E+00
   61.   0.415625000000E+03  -0.579816077688E-05   0.000000000000E+00
   62.   0.412500000000E+03  -0.287728279342E-05   0.000000000000E+00
   63.   0.409375000000E+03  -0.571097039663E-05   0.000000000000E+00
   64.   0.406250000000E+03  -0.283368760321E-05   0.000000000000E+00
   65.   0.403125000000E+03  -0.562378001604E-05   0.000000000000E+00
   66.   0.400000000000E+03  -0.279009241283E-05   0.000000000000E+00
   67.   0.396875000000E+03  -0.553658963513E-05   0.000000000000E+00
   68.   0.393750000000E+03  -0.274649722230E-05   0.000000000000E+00
   69.   0.390625000000E+03  -0.544939925389E-05   0.000000000000E+00
   70.   0.387500000000E+03  -0.270290203159E-05   0.000000000000E+00
   71.   0.384375000000E+03  -0.536220887233E-05   0.000000000000E+00
   72.   0.381250000000E+03  -0.265930684074E-05   0.000000000000E+00
   73.   0.378125000000E+03  -0.527501849045E-05   0.000000000000E+00
   74.   0.375000000000E+03  -0.261571164972E-05   0.000000000000E+00
   75.   0.371875000000E+03  -0.518782810827E-05   0.000000000000E+00
   76.   0.368750000000E+03  -0.257211645855E-05   0.000000000000E+00
   77.   0.365625000000E+03  -0.510063772578E-05   0.000000000000E+00
   78.   0.362500000000E+03  -0.252852126723E-05   0.000000000000E+00
   79.   0.359375000000E+03  -0.501344734299E-05   0.000000000000E+00
   80.   0.356250000000E+03  -0.248492607576E-05   0.000000000000E+00
   81.   0.353125000000E+03  -0.492625695991E-05   0.000000000000E+00
   82.   0.350000000000E+03  -0.244133088415E-05   0.000000000000E+00
   83.   0.346875000000E+03  -0.483906657654E-05   0.000000000000E+00
   84.   0.343750000000E+03  -0.239773569239E-05   0.000000000000E+00
   85.   0.340625000000E+03  -0.475187619289E-05   0.000000000000E+00
   86.   0.337500000000E+03  -0.235414050050E-05   0.000000000000E+00
   87.   0.334375000000E+03  -0.466468580895E-05   0.000000000000E+00
   88.   0.331250000000E+03  -0.231054530846E-05   0.000000000000E+00
   89.   0.328125000000E+03  -0.457749542474E-05   0.000000000000E+00
   90.   0.325000000000E+03  -0.226695011629E-05   0.000000000000E+00
   91.   0.321875000000E+03  -0.449030504027E-05   0.000000000000E+00
   92.   0.318750000000E+03  -0.222335492398E-05   0.000000000000E+00
   93.   0.315625000000E+03  -0.440311465553E-05   0.000000000000E+00
   94.   0.312500000000E+03  -0.217975973155E-05   0.000000000000E+00
   95.   0.309375000000E+03  -0.431592427053E-05   0.000000000000E+00
   96.   0.306250000000E+03  -0.213616453899E-05   0.000000000000E+00
   97.   0.303125000000E+03  -0.422873388528E-05   0.000000000000E+00
   98.   0.300000000000E+03  -0.209256934630E-05   0.000000000000E+00
   99.   0.296875000000E+03  -0.414154349978E-05   0.000000000000E+00
  100.   0.293750000000E+03  -0.204897415349E-05   0.000000000000E+00
  101.   0.290625000000E+03  -0.405435311404E-05   0.000000000000E+00
  102.   0.287500000000E+03  -0.200537896056E-05   0.000000000000E+00
  103.   0.284375000000E+03  -0.396716272806E-05   0.000000000000E+00
  104.   0.281250000000E+03  -0.196178376751E-05   0.000000000000E+00
  105.   0.278125000000E+03  -0.387997234185E-05   0.000000000000E+00
  106.   0.275000000000E+03  -0.191818857434E-05   0.000000000000E+00
  107.   0.271875000000E+03  -0.379278195541E-05   0.000000000000E+00
  108.   0.268750000000E+03  -0.187459338107E-05   0.000000000000E+00
  109.   0.265625000000E+03  -0.370559156874E-05   0.000000000000E+00
  110.   0.262500000000E+03  -0.183099818768E-05   0.000000000000E+00
  111.   0.259375000000E+03  -0.361840118186E-05   0.000000000000E+00
  112.   0.256250000000E+03  -0.178740299419E-05   0.000000000000E+00
  113.   0.253125000000E+03  -0.353121079477E-05   0.000000000000E+00
  114.   0.250000000000E+03  -0.174380780059E-05   0.000000000000E+00
  115.   0.246875000000E+03  -0.344402040747E-05   0.000000000000E+00
  116.   0.243750000000E+03  -0.170021260689E-05   0.000000000000E+00
  117.   0.240625000000E+03  -0.335683001997E-05   0.000000000000E+00
  118.   0.237500000000E+03  -0.165661741308E-05   0.000000000000E+00
  119.   0.234375000000E+03  -0.326963963227E-05   0.000000000000E+00
  120.   0.231250000000E+03  -0.161302221919E-05   0.000000000000E+00
  121.   0.228125000000E+03  -0.318244924438E-05   0.000000000000E+00
  122.   0.225000000000E+03  -0.156942702519E-05   0.000000000000E+00
  123.   0.221875000000E+03  -0.309525885630E-05   0.000000000000E+00
  124.   0.218750000000E+03  -0.152583183111E-05   0.000000000000E+00
  125.   0.215625000000E+03  -0.300806846804E-05   0.000000000000E+00
  126.   0.212500000000E+03  -0.148223663693E-05   0.000000000000E+00
  127.   0.209375000000E+03  -0.292087807961E-05   0.000000000000E+00
  128.   0.206250000000E+03  -0.143864144267E-05   0.000000000000E+00
  129.   0.203125000000E+03  -0.283368769100E-05   0.000000000000E+00
  130.   0.200000000000E+03  -0.139504624833E-05   0.000000000000E+00
  131.   0.196875000000E+03  -0.274649730223E-05   0.000000000000E+00
  132.   0.193750000000E+03  -0.135145105390E-05   0.000000000000E+00
  133.   0.190625000000E+03  -0.265930691329E-05   0.000000000000E+00
  134.   0.187500000000E+03  -0.130785585939E-05   0.000000000000E+00
  135.   0.184375000000E+03  -0.257211652420E-05   0.000000000000E+00
  136.   0.181250000000E+03  -0.126426066481E-05   0.000000000000E+00
  137.   0.178125000000E+03  -0.248492613496E-05   0.000000000000E+00
  138.   0.175000000000E+03  -0.122066547015E-05   0.000000000000E+00
  139.   0.171875000000E+03  -0.239773574557E-05   0.000000000000E+00
  140.   0.168750000000E+03  -0.117707027542E-05   0.000000000000E+00
  141.   0.165625000000E+03  -0.231054535604E-05   0.000000000000E+00
  142.   0.162500000000E+03  -0.113347508062E-05   0.000000000000E+00
  143.   0.159375000000E+03  -0.222335496638E-05   0.000000000000E+00
  144.   0.156250000000E+03  -0.108987988576E-05   0.000000000000E+00
  145.   0.153125000000E+03  -0.213616457659E-05   0.000000000000E+00
  146.   0.150000000000E+03  -0.104628469083E-05   0.000000000000E+00
  147.   0.146875000000E+03  -0.204897418667E-05   0.000000000000E+00
  148.   0.143750000000E+03  -0.100268949584E-05   0.000000000000E+00
  149.   0.140625000000E+03  -0.196178379663E-05   0.000000000000E+00
  150.   0.137500000000E+03  -0.959094300790E-06   0.000000000000E+00
  151.   0.134375000000E+03  -0.187459340647E-05   0.000000000000E+00
  152.   0.131250000000E+03  -0.915499105684E-06   0.000000000000E+00
  153.   0.128125000000E+03  -0.178740301621E-05   0.000000000000E+00
  154.   0.125000000000E+03  -0.871903910525E-06   0.000000000000E+00
  155.   0.121875000000E+03  -0.170021262584E-05   0.000000000000E+00
  156.   0.118750000000E+03  -0.828308715315E-06   0.000000000000E+00
  157.   0.115625000000E+03  -0.161302223537E-05   0.000000000000E+00
  158.   0.112500000000E+03  -0.784713520056E-06   0.000000000000E+00
  159.   0.109375000000E+03  -0.152583184481E-05   0.000000000000E+00
  160.   0.106250000000E+03  -0.741118324751E-06   0.000000000000E+00
  161.   0.103125000000E+03  -0.143864145415E-05   0.000000000000E+00
