i  r_top  QtopRe  QtopIm  r_bot  QbotRe  QbotIm   [mm, mC]
    1.   0.600000000000E+03  -0.302254592058E-10   0.000000000000E+00   0.100000000000E+03   0.227797948518E-11   0.000000000000E+00
    2.   0.100000000000E+03   0.227798056102E-11   0.000000000000E+00   0.600000000000E+03  -0.302254644422E-10   0.000000000000E+00
    3.   0.596875000000E+03  -0.104953385172E-09   0.000000000000E+00   0.103125000000E+03   0.938415669803E-11   0.000000000000E+00
    4.   0.593750000000E+03  -0.441484670792E-10   0.000000000000E+00   0.106250000000E+03   0.435436712750E-11   0.000000000000E+00
    5.   0.590625000000E+03  -0.103331272730E-09   0.000000000000E+00   0.109375000000E+03   0.106425920883E-10   0.000000000000E+00
    6.   0.587500000000E+03  -0.543655567141E-10   0.000000000000E+00   0.112500000000E+03   0.588634263358E-11   0.000000000000E+00
    7.   0.584375000000E+03  -0.112523827335E-09   0.000000000000E+00   0.115625000000E+03   0.125066664409E-10   0.000000000000E+00
    8.   0.581250000000E+03  -0.554124752391E-10   0.000000000000E+00   0.118750000000E+03   0.638659597358E-11   0.000000000000E+00
    9.   0.578125000000E+03  -0.111021843251E-09   0.000000000000E+00   0.121875000000E+03   0.130770289449E-10   0.000000000000E+00
   10.   0.575000000000E+03  -0.533707602362E-10   0.000000000000E+00   0.125000000000E+03   0.650047347238E-11   0.000000000000E+00
   11.   0.571875000000E+03  -0.107485332242E-09   0.000000000000E+00   0.128125000000E+03   0.133294575277E-10   0.000000000000E+00
   12.   0.568750000000E+03  -0.516467604770E-10   0.000000000000E+00   0.131250000000E+03   0.661134529107E-11   0.000000000000E+00
   13.   0.565625000000E+03  -0.104031572454E-09   0.000000000000E+00   0.134375000000E+03   0.135238280300E-10   0.000000000000E+00
   14.   0.562500000000E+03  -0.499379663842E-10   0.000000000000E+00   0.137500000000E+03   0.669619819180E-11   0.000000000000E+00
   15.   0.559375000000E+03  -0.100550411490E-09   0.000000000000E+00   0.140625000000E+03   0.136619714438E-10   0.000000000000E+00
   16.   0.556250000000E+03  -0.482195401966E-10   0.000000000000E+00   0.143750000000E+03   0.675522912585E-11   0.000000000000E+00
   17.   0.553125000000E+03  -0.970747599535E-10   0.000000000000E+00   0.146875000000E+03   0.137516295235E-10   0.000000000000E+00
   18.   0.550000000000E+03  -0.465124949604E-10   0.000000000000E+00   0.150000000000E+03   0.679181373978E-11   0.000000000000E+00
   19.   0.546875000000E+03  -0.936306219624E-10   0.000000000000E+00   0.153125000000E+03   0.137969552456E-10   0.000000000000E+00
   20.   0.543750000000E+03  -0.448249217005E-10   0.000000000000E+00   0.156250000000E+03   0.680699932933E-11   0.000000000000E+00
   21.   0.540625000000E+03  -0.902266886238E-10   0.000000000000E+00   0.159375000000E+03   0.137988827497E-10   0.000000000000E+00
   22.   0.537500000000E+03  -0.431579420314E-10   0.000000000000E+00   0.162500000000E+03   0.680070391974E-11   0.000000000000E+00
   23.   0.534375000000E+03  -0.868654451961E-10   0.000000000000E+00   0.165625000000E+03   0.137571658109E-10   0.000000000000E+00
   24.   0.531250000000E+03  -0.415123968283E-10   0.000000000000E+00   0.168750000000E+03   0.677272461294E-11   0.000000000000E+00
   25.   0.528125000000E+03  -0.835483558538E-10   0.000000000000E+00   0.171875000000E+03   0.136712487961E-10   0.000000000000E+00
   26.   0.525000000000E+03  -0.398889366780E-10   0.000000000000E+00   0.175000000000E+03   0.672272844577E-11   0.000000000000E+00
   27.   0.521875000000E+03  -0.802763501262E-10   0.000000000000E+00   0.178125000000E+03   0.135404244859E-10   0.000000000000E+00
   28.   0.518750000000E+03  -0.382878071087E-10   0.000000000000E+00   0.181250000000E+03   0.665036540049E-11   0.000000000000E+00
   29.   0.515625000000E+03  -0.770501509365E-10   0.000000000000E+00   0.184375000000E+03   0.133639320231E-10   0.000000000000E+00
   30.   0.512500000000E+03  -0.367093710366E-10   0.000000000000E+00   0.187500000000E+03   0.655525382902E-11   0.000000000000E+00
   31.   0.509375000000E+03  -0.738705036043E-10   0.000000000000E+00   0.190625000000E+03   0.131409858879E-10   0.000000000000E+00
   32.   0.506250000000E+03  -0.351540466927E-10   0.000000000000E+00   0.193750000000E+03   0.643700504779E-11   0.000000000000E+00
   33.   0.503125000000E+03  -0.707381076701E-10   0.000000000000E+00   0.196875000000E+03   0.128707806697E-10   0.000000000000E+00
   34.   0.500000000000E+03  -0.336221381925E-10   0.000000000000E+00   0.200000000000E+03   0.629523244711E-11   0.000000000000E+00
   35.   0.496875000000E+03  -0.676536847103E-10   0.000000000000E+00   0.203125000000E+03   0.125525052888E-10   0.000000000000E+00
   36.   0.493750000000E+03  -0.321139732008E-10   0.000000000000E+00   0.206250000000E+03   0.612954233394E-11   0.000000000000E+00
   37.   0.490625000000E+03  -0.646180112974E-10   0.000000000000E+00   0.209375000000E+03   0.121853488315E-10   0.000000000000E+00
   38.   0.487500000000E+03  -0.306299958924E-10   0.000000000000E+00   0.212500000000E+03   0.593952832957E-11   0.000000000000E+00
   39.   0.484375000000E+03  -0.616318865972E-10   0.000000000000E+00   0.215625000000E+03   0.117684978274E-10   0.000000000000E+00
   40.   0.481250000000E+03  -0.291705781988E-10   0.000000000000E+00   0.218750000000E+03   0.572481005992E-11   0.000000000000E+00
   41.   0.478125000000E+03  -0.586961060277E-10   0.000000000000E+00   0.221875000000E+03   0.113011381535E-10   0.000000000000E+00
   42.   0.475000000000E+03  -0.277360967595E-10   0.000000000000E+00   0.225000000000E+03   0.548498039864E-11   0.000000000000E+00
   43.   0.471875000000E+03  -0.558115017264E-10   0.000000000000E+00   0.228125000000E+03   0.107824562351E-10   0.000000000000E+00
   44.   0.468750000000E+03  -0.263269602360E-10   0.000000000000E+00   0.231250000000E+03   0.521964638522E-11   0.000000000000E+00
   45.   0.465625000000E+03  -0.529789055055E-10   0.000000000000E+00   0.234375000000E+03   0.102116310704E-10   0.000000000000E+00
   46.   0.462500000000E+03  -0.249435897065E-10   0.000000000000E+00   0.237500000000E+03   0.492839895914E-11   0.000000000000E+00
   47.   0.459375000000E+03  -0.501992005937E-10   0.000000000000E+00   0.240625000000E+03   0.958783302762E-11   0.000000000000E+00
   48.   0.456250000000E+03  -0.235864538417E-10   0.000000000000E+00   0.243750000000E+03   0.461083269270E-11   0.000000000000E+00
   49.   0.453125000000E+03  -0.474733397496E-10   0.000000000000E+00   0.246875000000E+03   0.891019933197E-11   0.000000000000E+00
   50.   0.450000000000E+03  -0.222560121228E-10   0.000000000000E+00   0.250000000000E+03   0.426648868916E-11   0.000000000000E+00
   51.   0.446875000000E+03  -0.448024047736E-10   0.000000000000E+00   0.253125000000E+03   0.817774934942E-11   0.000000000000E+00
   52.   0.443750000000E+03  -0.209529043774E-10   0.000000000000E+00   0.256250000000E+03   0.389482070943E-11   0.000000000000E+00
   53.   0.440625000000E+03  -0.421878728002E-10   0.000000000000E+00   0.259375000000E+03   0.738918853462E-11   0.000000000000E+00
   54.   0.437500000000E+03  -0.196781560910E-10   0.000000000000E+00   0.262500000000E+03   0.349494408516E-11   0.000000000000E+00
   55.   0.434375000000E+03  -0.396324272202E-10   0.000000000000E+00   0.265625000000E+03   0.654228346838E-11   0.000000000000E+00
   56.   0.431250000000E+03  -0.184338177624E-10   0.000000000000E+00   0.268750000000E+03   0.306517332163E-11   0.000000000000E+00
   57.   0.428125000000E+03  -0.371416930737E-10   0.000000000000E+00   0.271875000000E+03   0.563231425557E-11   0.000000000000E+00
   58.   0.425000000000E+03  -0.172248790276E-10   0.000000000000E+00   0.275000000000E+03   0.260128290224E-11   0.000000000000E+00
   59.   0.421875000000E+03  -0.347306919075E-10   0.000000000000E+00   0.278125000000E+03   0.464663661812E-11   0.000000000000E+00
   60.   0.418750000000E+03  -0.160632958716E-10   0.000000000000E+00   0.281250000000E+03   0.209313785463E-11   0.000000000000E+00
   61.   0.415625000000E+03  -0.324378533143E-10   0.000000000000E+00   0.284375000000E+03   0.355239288445E-11   0.000000000000E+00
   62.   0.412500000000E+03  -0.149839428612E-10   0.000000000000E+00   0.287500000000E+03   0.151081390588E-11   0.000000000000E+00
   63.   0.409375000000E+03  -0.303782788199E-10   0.000000000000E+00   0.290625000000E+03   0.224957116480E-11   0.000000000000E+00
   64.   0.406250000000E+03  -0.140658837911E-10   0.000000000000E+00   0.293750000000E+03   0.784513122169E-12   0.000000000000E+00
   65.   0.403125000000E+03  -0.288358149150E-10   0.000000000000E+00   0.296875000000E+03   0.486390879516E-12   0.000000000000E+00
   66.   0.400000000000E+03  -0.135719446493E-10   0.000000000000E+00   0.300000000000E+03  -0.318235124900E-12   0.000000000000E+00
   67.   0.396875000000E+03  -0.287196699443E-10   0.000000000000E+00   0.303125000000E+03  -0.255592416022E-11   0.000000000000E+00
   68.   0.393750000000E+03  -0.141006747870E-10   0.000000000000E+00   0.306250000000E+03  -0.234580750540E-11   0.000000000000E+00
   69.   0.390625000000E+03  -0.322616352237E-10   0.000000000000E+00   0.309375000000E+03  -0.892770210422E-11   0.000000000000E+00
   70.   0.387500000000E+03  -0.181049588549E-10   0.000000000000E+00   0.312500000000E+03  -0.753188471009E-11   0.000000000000E+00
   71.   0.384375000000E+03  -0.463330570061E-10   0.000000000000E+00   0.315625000000E+03  -0.250614134547E-10   0.000000000000E+00
   72.   0.381250000000E+03  -0.278798362984E-10   0.000000000000E+00   0.318750000000E+03  -0.181659093428E-10   0.000000000000E+00
   73.   0.378125000000E+03  -0.826792585519E-10   0.000000000000E+00   0.321875000000E+03  -0.622733226250E-10   0.000000000000E+00
   74.   0.375000000000E+03  -0.577858480945E-10   0.000000000000E+00   0.325000000000E+03  -0.477144286722E-10   0.000000000000E+00
   75.   0.371875000000E+03  -0.217615389951E-09   0.000000000000E+00   0.328125000000E+03  -0.193747622336E-09   0.000000000000E+00
   76.   0.368750000000E+03  -0.168867834024E-09   0.000000000000E+00   0.331250000000E+03  -0.155188047010E-09   0.000000000000E+00
   77.   0.365625000000E+03  -0.664274975162E-09   0.000000000000E+00   0.334375000000E+03  -0.628414066779E-09   0.000000000000E+00
   78.   0.362500000000E+03  -0.645603757513E-09   0.000000000000E+00   0.337500000000E+03  -0.615674091087E-09   0.000000000000E+00
   79.   0.359375000000E+03  -0.119166541391E-08   0.000000000000E+00   0.340625000000E+03  -0.116287647490E-08   0.000000000000E+00
   80.   0.356250000000E+03  -0.641595380987E-09   0.000000000000E+00   0.343750000000E+03  -0.623422884863E-09   0.000000000000E+00
   81.   0.353125000000E+03   0.106392597094E-08   0.000000000000E+00   0.346875000000E+03   0.105536683784E-08   0.000000000000E+00
   82.   0.350000000000E+03   0.811869228956E-08   0.000000000000E+00   0.350000000000E+03   0.811869228923E-08   0.000000000000E+00
   83.   0.346875000000E+03   0.105536684432E-08   0.000000000000E+00   0.353125000000E+03   0.106392596422E-08   0.000000000000E+00
   84.   0.343750000000E+03  -0.623422878558E-09   0.000000000000E+00   0.356250000000E+03  -0.641595384046E-09   0.000000000000E+00
   85.   0.340625000000E+03  -0.116287646557E-08   0.000000000000E+00   0.359375000000E+03  -0.119166542070E-08   0.000000000000E+00
   86.   0.337500000000E+03  -0.615674085772E-09   0.000000000000E+00   0.362500000000E+03  -0.645603763108E-09   0.000000000000E+00
   87.   0.334375000000E+03  -0.628414056487E-09   0.000000000000E+00   0.365625000000E+03  -0.664274984920E-09   0.000000000000E+00
   88.   0.331250000000E+03  -0.155188043440E-09   0.000000000000E+00   0.368750000000E+03  -0.168867839303E-09   0.000000000000E+00
   89.   0.328125000000E+03  -0.193747613178E-09   0.000000000000E+00   0.371875000000E+03  -0.217615401959E-09   0.000000000000E+00
   90.   0.325000000000E+03  -0.477144248431E-10   0.000000000000E+00   0.375000000000E+03  -0.577858523253E-10   0.000000000000E+00
   91.   0.321875000000E+03  -0.622733149318E-10   0.000000000000E+00   0.378125000000E+03  -0.826792665552E-10   0.000000000000E+00
   92.   0.318750000000E+03  -0.181659066675E-10   0.000000000000E+00   0.381250000000E+03  -0.278798335168E-10   0.000000000000E+00
   93.   0.315625000000E+03  -0.250614056671E-10   0.000000000000E+00   0.384375000000E+03  -0.463330566225E-10   0.000000000000E+00
   94.   0.312500000000E+03  -0.753188058705E-11   0.000000000000E+00   0.387500000000E+03  -0.181049552928E-10   0.000000000000E+00
   95.   0.309375000000E+03  -0.892769346618E-11   0.000000000000E+00   0.390625000000E+03  -0.322616269129E-10   0.000000000000E+00
   96.   0.306250000000E+03  -0.234580309516E-11   0.000000000000E+00   0.393750000000E+03  -0.141006639838E-10   0.000000000000E+00
   97.   0.303125000000E+03  -0.255591600245E-11   0.000000000000E+00   0.396875000000E+03  -0.287196595096E-10   0.000000000000E+00
   98.   0.300000000000E+03  -0.318231091012E-12   0.000000000000E+00   0.400000000000E+03  -0.135719429740E-10   0.000000000000E+00
   99.   0.296875000000E+03   0.486398399686E-12   0.000000000000E+00   0.403125000000E+03  -0.288358123578E-10   0.000000000000E+00
  100.   0.293750000000E+03   0.784516484995E-12   0.000000000000E+00   0.406250000000E+03  -0.140658805896E-10   0.000000000000E+00
  101.   0.290625000000E+03   0.224957740902E-11   0.000000000000E+00   0.409375000000E+03  -0.303782888810E-10   0.000000000000E+00
  102.   0.287500000000E+03   0.151081623634E-11   0.000000000000E+00   0.412500000000E+03  -0.149839692371E-10   0.000000000000E+00
  103.   0.284375000000E+03   0.355239810270E-11   0.000000000000E+00   0.415625000000E+03  -0.324378722261E-10   0.000000000000E+00
  104.   0.281250000000E+03   0.209313866652E-11   0.000000000000E+00   0.418750000000E+03  -0.160633062494E-10   0.000000000000E+00
  105.   0.278125000000E+03   0.464664123731E-11   0.000000000000E+00   0.421875000000E+03  -0.347306990374E-10   0.000000000000E+00
  106.   0.275000000000E+03   0.260128488207E-11   0.000000000000E+00   0.425000000000E+03  -0.172248789820E-10   0.000000000000E+00
  107.   0.271875000000E+03   0.563232013027E-11   0.000000000000E+00   0.428125000000E+03  -0.371416921178E-10   0.000000000000E+00
  108.   0.268750000000E+03   0.306517831404E-11   0.000000000000E+00   0.431250000000E+03  -0.184337973215E-10   0.000000000000E+00
  109.   0.265625000000E+03   0.654229113773E-11   0.000000000000E+00   0.434375000000E+03  -0.396324347970E-10   0.000000000000E+00
  110.   0.262500000000E+03   0.349494927281E-11   0.000000000000E+00   0.437500000000E+03  -0.196781695850E-10   0.000000000000E+00
  111.   0.259375000000E+03   0.738919491310E-11   0.000000000000E+00   0.440625000000E+03  -0.421878918952E-10   0.000000000000E+00
  112.   0.256250000000E+03   0.389482038052E-11   0.000000000000E+00   0.443750000000E+03  -0.209529109258E-10   0.000000000000E+00
  113.   0.253125000000E+03   0.817775451801E-11   0.000000000000E+00   0.446875000000E+03  -0.448024048904E-10   0.000000000000E+00
  114.   0.250000000000E+03   0.426649209805E-11   0.000000000000E+00   0.450000000000E+03  -0.222560030871E-10   0.000000000000E+00
  115.   0.246875000000E+03   0.891020396884E-11   0.000000000000E+00   0.453125000000E+03  -0.474733353780E-10   0.000000000000E+00
  116.   0.243750000000E+03   0.461083454063E-11   0.000000000000E+00   0.456250000000E+03  -0.235864592764E-10   0.000000000000E+00
  117.   0.240625000000E+03   0.958783818860E-11   0.000000000000E+00   0.459375000000E+03  -0.501992095524E-10   0.000000000000E+00
  118.   0.237500000000E+03   0.492840715583E-11   0.000000000000E+00   0.462500000000E+03  -0.249435859298E-10   0.000000000000E+00
  119.   0.234375000000E+03   0.102116382823E-10   0.000000000000E+00   0.465625000000E+03  -0.529788978387E-10   0.000000000000E+00
  120.   0.231250000000E+03   0.521964748091E-11   0.000000000000E+00   0.468750000000E+03  -0.263269512086E-10   0.000000000000E+00
  121.   0.228125000000E+03   0.107824658362E-10   0.000000000000E+00   0.471875000000E+03  -0.558114939621E-10   0.000000000000E+00
  122.   0.225000000000E+03   0.548498611762E-11   0.000000000000E+00   0.475000000000E+03  -0.277361097239E-10   0.000000000000E+00
  123.   0.221875000000E+03   0.113011517023E-10   0.000000000000E+00   0.478125000000E+03  -0.586961256934E-10   0.000000000000E+00
  124.   0.218750000000E+03   0.572481578178E-11   0.000000000000E+00   0.481250000000E+03  -0.291705957792E-10   0.000000000000E+00
  125.   0.215625000000E+03   0.117685111372E-10   0.000000000000E+00   0.484375000000E+03  -0.616319197113E-10   0.000000000000E+00
  126.   0.212500000000E+03   0.593953653332E-11   0.000000000000E+00   0.487500000000E+03  -0.306300196385E-10   0.000000000000E+00
  127.   0.209375000000E+03   0.121853601255E-10   0.000000000000E+00   0.490625000000E+03  -0.646180482204E-10   0.000000000000E+00
  128.   0.206250000000E+03   0.612954628900E-11   0.000000000000E+00   0.493750000000E+03  -0.321140052676E-10   0.000000000000E+00
  129.   0.203125000000E+03   0.125525143668E-10   0.000000000000E+00   0.496875000000E+03  -0.676537133069E-10   0.000000000000E+00
  130.   0.200000000000E+03   0.629523765258E-11   0.000000000000E+00   0.500000000000E+03  -0.336221352008E-10   0.000000000000E+00
  131.   0.196875000000E+03   0.128707884868E-10   0.000000000000E+00   0.503125000000E+03  -0.707381269809E-10   0.000000000000E+00
  132.   0.193750000000E+03   0.643701238828E-11   0.000000000000E+00   0.506250000000E+03  -0.351540545329E-10   0.000000000000E+00
  133.   0.190625000000E+03   0.131409935348E-10   0.000000000000E+00   0.509375000000E+03  -0.738705033767E-10   0.000000000000E+00
  134.   0.187500000000E+03   0.655525617769E-11   0.000000000000E+00   0.512500000000E+03  -0.367093716187E-10   0.000000000000E+00
  135.   0.184375000000E+03   0.133639405387E-10   0.000000000000E+00   0.515625000000E+03  -0.770501365545E-10   0.000000000000E+00
  136.   0.181250000000E+03   0.665036687287E-11   0.000000000000E+00   0.518750000000E+03  -0.382877767175E-10   0.000000000000E+00
  137.   0.178125000000E+03   0.135404301704E-10   0.000000000000E+00   0.521875000000E+03  -0.802763171700E-10   0.000000000000E+00
  138.   0.175000000000E+03   0.672272848500E-11   0.000000000000E+00   0.525000000000E+03  -0.398889094413E-10   0.000000000000E+00
  139.   0.171875000000E+03   0.136712502061E-10   0.000000000000E+00   0.528125000000E+03  -0.835483141434E-10   0.000000000000E+00
  140.   0.168750000000E+03   0.677272272703E-11   0.000000000000E+00   0.531250000000E+03  -0.415124039808E-10   0.000000000000E+00
  141.   0.165625000000E+03   0.137571684176E-10   0.000000000000E+00   0.534375000000E+03  -0.868653965192E-10   0.000000000000E+00
  142.   0.162500000000E+03   0.680071083047E-11   0.000000000000E+00   0.537500000000E+03  -0.431578976846E-10   0.000000000000E+00
  143.   0.159375000000E+03   0.137988850916E-10   0.000000000000E+00   0.540625000000E+03  -0.902266393280E-10   0.000000000000E+00
  144.   0.156250000000E+03   0.680699936173E-11   0.000000000000E+00   0.543750000000E+03  -0.448248823220E-10   0.000000000000E+00
  145.   0.153125000000E+03   0.137969566754E-10   0.000000000000E+00   0.546875000000E+03  -0.936305819427E-10   0.000000000000E+00
  146.   0.150000000000E+03   0.679181777533E-11   0.000000000000E+00   0.550000000000E+03  -0.465124619993E-10   0.000000000000E+00
  147.   0.146875000000E+03   0.137516281395E-10   0.000000000000E+00   0.553125000000E+03  -0.970747508171E-10   0.000000000000E+00
  148.   0.143750000000E+03   0.675522921256E-11   0.000000000000E+00   0.556250000000E+03  -0.482195182663E-10   0.000000000000E+00
  149.   0.140625000000E+03   0.136619692690E-10   0.000000000000E+00   0.559375000000E+03  -0.100550409245E-09   0.000000000000E+00
  150.   0.137500000000E+03   0.669619761974E-11   0.000000000000E+00   0.562500000000E+03  -0.499379821104E-10   0.000000000000E+00
  151.   0.134375000000E+03   0.135238307017E-10   0.000000000000E+00   0.565625000000E+03  -0.104031555481E-09   0.000000000000E+00
  152.   0.131250000000E+03   0.661134718859E-11   0.000000000000E+00   0.568750000000E+03  -0.516467391414E-10   0.000000000000E+00
  153.   0.128125000000E+03   0.133294573298E-10   0.000000000000E+00   0.571875000000E+03  -0.107485328890E-09   0.000000000000E+00
  154.   0.125000000000E+03   0.650047320784E-11   0.000000000000E+00   0.575000000000E+03  -0.533707296759E-10   0.000000000000E+00
  155.   0.121875000000E+03   0.130770275830E-10   0.000000000000E+00   0.578125000000E+03  -0.111021838754E-09   0.000000000000E+00
  156.   0.118750000000E+03   0.638659758985E-11   0.000000000000E+00   0.581250000000E+03  -0.554125036954E-10   0.000000000000E+00
  157.   0.115625000000E+03   0.125066637035E-10   0.000000000000E+00   0.584375000000E+03  -0.112523830880E-09   0.000000000000E+00
  158.   0.112500000000E+03   0.588634325134E-11   0.000000000000E+00   0.587500000000E+03  -0.543655728130E-10   0.000000000000E+00
  159.   0.109375000000E+03   0.106425881834E-10   0.000000000000E+00   0.590625000000E+03  -0.103331274838E-09   0.000000000000E+00
  160.   0.106250000000E+03   0.435436539779E-11   0.000000000000E+00   0.593750000000E+03  -0.441484692932E-10   0.000000000000E+00
  161.   0.103125000000E+03   0.938415681740E-11   0.000000000000E+00   0.596875000000E+03  -0.104953379920E-09   0.000000000000E+00
