mode f[Hz] tag=epsrel_cc_lanb target=444.40Hz
  1.     0.44935721E+03
  2.     0.12216753E+04
  3.     0.23491407E+04
  4.     0.37877288E+04
  5.     0.54968758E+04
  6.     0.56101592E+04
  7.     0.74369560E+04
  8.     0.95718387E+04
  9.     0.10593848E+05
 10.     0.11869861E+05
 11.     0.14304045E+05
 12.     0.15635183E+05
 13.     0.16851829E+05
 14.     0.19494580E+05
 15.     0.20697723E+05
 16.     0.22217019E+05
 17.     0.25006680E+05
 18.     0.25761173E+05
 19.     0.27853423E+05
 20.     0.30749023E+05
