i  r_top  QtopRe  QtopIm  r_bot  QbotRe  QbotIm   [mm, mC]
    1.   0.600000000000E+03  -0.732629171241E-11   0.000000000000E+00   0.100000000000E+03  -0.543459118939E-11   0.000000000000E+00
    2.   0.100000000000E+03  -0.543459072679E-11   0.000000000000E+00   0.600000000000E+03  -0.732629151448E-11   0.000000000000E+00
    3.   0.596875000000E+03  -0.230489133847E-10   0.000000000000E+00   0.103125000000E+03  -0.210916126117E-10   0.000000000000E+00
    4.   0.593750000000E+03  -0.857498187860E-11   0.000000000000E+00   0.106250000000E+03  -0.935159648666E-11   0.000000000000E+00
    5.   0.590625000000E+03  -0.188790774446E-10   0.000000000000E+00   0.109375000000E+03  -0.223981910295E-10   0.000000000000E+00
    6.   0.587500000000E+03  -0.941655967627E-11   0.000000000000E+00   0.112500000000E+03  -0.121913771701E-10   0.000000000000E+00
    7.   0.584375000000E+03  -0.194592754324E-10   0.000000000000E+00   0.115625000000E+03  -0.258984945012E-10   0.000000000000E+00
    8.   0.581250000000E+03  -0.955876192264E-11   0.000000000000E+00   0.118750000000E+03  -0.132145289072E-10   0.000000000000E+00
    9.   0.578125000000E+03  -0.194205080412E-10   0.000000000000E+00   0.121875000000E+03  -0.271776698095E-10   0.000000000000E+00
   10.   0.575000000000E+03  -0.946315739836E-11   0.000000000000E+00   0.125000000000E+03  -0.135598717830E-10   0.000000000000E+00
   11.   0.571875000000E+03  -0.194006881739E-10   0.000000000000E+00   0.128125000000E+03  -0.279629525262E-10   0.000000000000E+00
   12.   0.568750000000E+03  -0.949462847251E-11   0.000000000000E+00   0.131250000000E+03  -0.139409116929E-10   0.000000000000E+00
   13.   0.565625000000E+03  -0.195017047269E-10   0.000000000000E+00   0.134375000000E+03  -0.287004072093E-10   0.000000000000E+00
   14.   0.562500000000E+03  -0.955340477591E-11   0.000000000000E+00   0.137500000000E+03  -0.142943170567E-10   0.000000000000E+00
   15.   0.559375000000E+03  -0.196305863586E-10   0.000000000000E+00   0.140625000000E+03  -0.293689134177E-10   0.000000000000E+00
   16.   0.556250000000E+03  -0.961646898056E-11   0.000000000000E+00   0.143750000000E+03  -0.146143169912E-10   0.000000000000E+00
   17.   0.553125000000E+03  -0.197651408526E-10   0.000000000000E+00   0.146875000000E+03  -0.299754091792E-10   0.000000000000E+00
   18.   0.550000000000E+03  -0.968005274207E-11   0.000000000000E+00   0.150000000000E+03  -0.149056208203E-10   0.000000000000E+00
   19.   0.546875000000E+03  -0.198998235616E-10   0.000000000000E+00   0.153125000000E+03  -0.305258107389E-10   0.000000000000E+00
   20.   0.543750000000E+03  -0.974305271202E-11   0.000000000000E+00   0.156250000000E+03  -0.151700126828E-10   0.000000000000E+00
   21.   0.540625000000E+03  -0.200328410134E-10   0.000000000000E+00   0.159375000000E+03  -0.310220122530E-10   0.000000000000E+00
   22.   0.537500000000E+03  -0.980493694918E-11   0.000000000000E+00   0.162500000000E+03  -0.154076913658E-10   0.000000000000E+00
   23.   0.534375000000E+03  -0.201637443669E-10   0.000000000000E+00   0.165625000000E+03  -0.314645326512E-10   0.000000000000E+00
   24.   0.531250000000E+03  -0.986574285035E-11   0.000000000000E+00   0.168750000000E+03  -0.156188833983E-10   0.000000000000E+00
   25.   0.528125000000E+03  -0.202927698708E-10   0.000000000000E+00   0.171875000000E+03  -0.318537204977E-10   0.000000000000E+00
   26.   0.525000000000E+03  -0.992565910368E-11   0.000000000000E+00   0.175000000000E+03  -0.158037248047E-10   0.000000000000E+00
   27.   0.521875000000E+03  -0.204203925100E-10   0.000000000000E+00   0.178125000000E+03  -0.321898925390E-10   0.000000000000E+00
   28.   0.518750000000E+03  -0.998495523305E-11   0.000000000000E+00   0.181250000000E+03  -0.159623964718E-10   0.000000000000E+00
   29.   0.515625000000E+03  -0.205472043483E-10   0.000000000000E+00   0.184375000000E+03  -0.324734478526E-10   0.000000000000E+00
   30.   0.512500000000E+03  -0.100439340522E-10   0.000000000000E+00   0.187500000000E+03  -0.160951396942E-10   0.000000000000E+00
   31.   0.509375000000E+03  -0.206738674346E-10   0.000000000000E+00   0.190625000000E+03  -0.327049088324E-10   0.000000000000E+00
   32.   0.506250000000E+03  -0.101029343908E-10   0.000000000000E+00   0.193750000000E+03  -0.162022453358E-10   0.000000000000E+00
   33.   0.503125000000E+03  -0.208010949725E-10   0.000000000000E+00   0.196875000000E+03  -0.328849375981E-10   0.000000000000E+00
   34.   0.500000000000E+03  -0.101623121438E-10   0.000000000000E+00   0.200000000000E+03  -0.162840884141E-10   0.000000000000E+00
   35.   0.496875000000E+03  -0.209296453675E-10   0.000000000000E+00   0.203125000000E+03  -0.330143505164E-10   0.000000000000E+00
   36.   0.493750000000E+03  -0.102224466071E-10   0.000000000000E+00   0.206250000000E+03  -0.163411134023E-10   0.000000000000E+00
   37.   0.490625000000E+03  -0.210603160204E-10   0.000000000000E+00   0.209375000000E+03  -0.330941232631E-10   0.000000000000E+00
   38.   0.487500000000E+03  -0.102837291402E-10   0.000000000000E+00   0.212500000000E+03  -0.163738441523E-10   0.000000000000E+00
   39.   0.484375000000E+03  -0.211939429449E-10   0.000000000000E+00   0.215625000000E+03  -0.331254012139E-10   0.000000000000E+00
   40.   0.481250000000E+03  -0.103465771004E-10   0.000000000000E+00   0.218750000000E+03  -0.163828991775E-10   0.000000000000E+00
   41.   0.478125000000E+03  -0.213313982865E-10   0.000000000000E+00   0.221875000000E+03  -0.331095049638E-10   0.000000000000E+00
   42.   0.475000000000E+03  -0.104114212741E-10   0.000000000000E+00   0.225000000000E+03  -0.163689694580E-10   0.000000000000E+00
   43.   0.471875000000E+03  -0.214735899970E-10   0.000000000000E+00   0.228125000000E+03  -0.330479326105E-10   0.000000000000E+00
   44.   0.468750000000E+03  -0.104787114751E-10   0.000000000000E+00   0.231250000000E+03  -0.163328450512E-10   0.000000000000E+00
   45.   0.465625000000E+03  -0.216214648241E-10   0.000000000000E+00   0.234375000000E+03  -0.329423680958E-10   0.000000000000E+00
   46.   0.462500000000E+03  -0.105489165740E-10   0.000000000000E+00   0.237500000000E+03  -0.162754017782E-10   0.000000000000E+00
   47.   0.459375000000E+03  -0.217760188027E-10   0.000000000000E+00   0.240625000000E+03  -0.327946972084E-10   0.000000000000E+00
   48.   0.456250000000E+03  -0.106225397333E-10   0.000000000000E+00   0.243750000000E+03  -0.161976300732E-10   0.000000000000E+00
   49.   0.453125000000E+03  -0.219383266579E-10   0.000000000000E+00   0.246875000000E+03  -0.326070364474E-10   0.000000000000E+00
   50.   0.450000000000E+03  -0.107001446935E-10   0.000000000000E+00   0.250000000000E+03  -0.161006453432E-10   0.000000000000E+00
   51.   0.446875000000E+03  -0.221096371897E-10   0.000000000000E+00   0.253125000000E+03  -0.323818075554E-10   0.000000000000E+00
   52.   0.443750000000E+03  -0.107824380267E-10   0.000000000000E+00   0.256250000000E+03  -0.159857636712E-10   0.000000000000E+00
   53.   0.440625000000E+03  -0.222916164484E-10   0.000000000000E+00   0.259375000000E+03  -0.321219423527E-10   0.000000000000E+00
   54.   0.437500000000E+03  -0.108705371120E-10   0.000000000000E+00   0.262500000000E+03  -0.158547178289E-10   0.000000000000E+00
   55.   0.434375000000E+03  -0.224871170069E-10   0.000000000000E+00   0.265625000000E+03  -0.318315224603E-10   0.000000000000E+00
   56.   0.431250000000E+03  -0.109665625152E-10   0.000000000000E+00   0.268750000000E+03  -0.157101601275E-10   0.000000000000E+00
   57.   0.428125000000E+03  -0.227020003991E-10   0.000000000000E+00   0.271875000000E+03  -0.315173130688E-10   0.000000000000E+00
   58.   0.425000000000E+03  -0.110756711428E-10   0.000000000000E+00   0.275000000000E+03  -0.155573668940E-10   0.000000000000E+00
   59.   0.421875000000E+03  -0.229515241336E-10   0.000000000000E+00   0.278125000000E+03  -0.311942016489E-10   0.000000000000E+00
   60.   0.418750000000E+03  -0.112098842680E-10   0.000000000000E+00   0.281250000000E+03  -0.154076352039E-10   0.000000000000E+00
   61.   0.415625000000E+03  -0.232743726728E-10   0.000000000000E+00   0.284375000000E+03  -0.308975018441E-10   0.000000000000E+00
   62.   0.412500000000E+03  -0.114042377331E-10   0.000000000000E+00   0.287500000000E+03  -0.152921385577E-10   0.000000000000E+00
   63.   0.409375000000E+03  -0.237859185440E-10   0.000000000000E+00   0.290625000000E+03  -0.307298823198E-10   0.000000000000E+00
   64.   0.406250000000E+03  -0.117378895251E-10   0.000000000000E+00   0.293750000000E+03  -0.152820368361E-10   0.000000000000E+00
   65.   0.403125000000E+03  -0.247703147551E-10   0.000000000000E+00   0.296875000000E+03  -0.309459852799E-10   0.000000000000E+00
   66.   0.400000000000E+03  -0.124738622517E-10   0.000000000000E+00   0.300000000000E+03  -0.156112546788E-10   0.000000000000E+00
   67.   0.396875000000E+03  -0.271370884932E-10   0.000000000000E+00   0.303125000000E+03  -0.323676502957E-10   0.000000000000E+00
   68.   0.393750000000E+03  -0.142108234885E-10   0.000000000000E+00   0.306250000000E+03  -0.168297225670E-10   0.000000000000E+00
   69.   0.390625000000E+03  -0.331183528050E-10   0.000000000000E+00   0.309375000000E+03  -0.370484644181E-10   0.000000000000E+00
   70.   0.387500000000E+03  -0.194018312003E-10   0.000000000000E+00   0.312500000000E+03  -0.211727692653E-10   0.000000000000E+00
   71.   0.384375000000E+03  -0.495857669641E-10   0.000000000000E+00   0.315625000000E+03  -0.514243375614E-10   0.000000000000E+00
   72.   0.381250000000E+03  -0.303420598155E-10   0.000000000000E+00   0.318750000000E+03  -0.309315653157E-10   0.000000000000E+00
   73.   0.378125000000E+03  -0.882848934960E-10   0.000000000000E+00   0.321875000000E+03  -0.868150895193E-10   0.000000000000E+00
   74.   0.375000000000E+03  -0.613921346410E-10   0.000000000000E+00   0.325000000000E+03  -0.595744224310E-10   0.000000000000E+00
   75.   0.371875000000E+03  -0.225531052910E-09   0.000000000000E+00   0.328125000000E+03  -0.216408584506E-09   0.000000000000E+00
   76.   0.368750000000E+03  -0.173597033305E-09   0.000000000000E+00   0.331250000000E+03  -0.166113851794E-09   0.000000000000E+00
   77.   0.365625000000E+03  -0.674457427439E-09   0.000000000000E+00   0.334375000000E+03  -0.649137928425E-09   0.000000000000E+00
   78.   0.362500000000E+03  -0.651434171918E-09   0.000000000000E+00   0.337500000000E+03  -0.625638504829E-09   0.000000000000E+00
   79.   0.359375000000E+03  -0.120406769618E-08   0.000000000000E+00   0.340625000000E+03  -0.118160712951E-08   0.000000000000E+00
   80.   0.356250000000E+03  -0.648501479460E-09   0.000000000000E+00   0.343750000000E+03  -0.632396877202E-09   0.000000000000E+00
   81.   0.353125000000E+03   0.104936022317E-08   0.000000000000E+00   0.346875000000E+03   0.103869103194E-08   0.000000000000E+00
   82.   0.350000000000E+03   0.811073990927E-08   0.000000000000E+00   0.350000000000E+03   0.811073990943E-08   0.000000000000E+00
   83.   0.346875000000E+03   0.103869103182E-08   0.000000000000E+00   0.353125000000E+03   0.104936022314E-08   0.000000000000E+00
   84.   0.343750000000E+03  -0.632396877663E-09   0.000000000000E+00   0.356250000000E+03  -0.648501479389E-09   0.000000000000E+00
   85.   0.340625000000E+03  -0.118160712966E-08   0.000000000000E+00   0.359375000000E+03  -0.120406769652E-08   0.000000000000E+00
   86.   0.337500000000E+03  -0.625638504828E-09   0.000000000000E+00   0.362500000000E+03  -0.651434172443E-09   0.000000000000E+00
   87.   0.334375000000E+03  -0.649137927190E-09   0.000000000000E+00   0.365625000000E+03  -0.674457429607E-09   0.000000000000E+00
   88.   0.331250000000E+03  -0.166113850350E-09   0.000000000000E+00   0.368750000000E+03  -0.173597034255E-09   0.000000000000E+00
   89.   0.328125000000E+03  -0.216408582465E-09   0.000000000000E+00   0.371875000000E+03  -0.225531056348E-09   0.000000000000E+00
   90.   0.325000000000E+03  -0.595744218962E-10   0.000000000000E+00   0.375000000000E+03  -0.613921373407E-10   0.000000000000E+00
   91.   0.321875000000E+03  -0.868150882679E-10   0.000000000000E+00   0.378125000000E+03  -0.882848970078E-10   0.000000000000E+00
   92.   0.318750000000E+03  -0.309315629809E-10   0.000000000000E+00   0.381250000000E+03  -0.303420609582E-10   0.000000000000E+00
   93.   0.315625000000E+03  -0.514243352793E-10   0.000000000000E+00   0.384375000000E+03  -0.495857685597E-10   0.000000000000E+00
   94.   0.312500000000E+03  -0.211727692247E-10   0.000000000000E+00   0.387500000000E+03  -0.194018325063E-10   0.000000000000E+00
   95.   0.309375000000E+03  -0.370484621617E-10   0.000000000000E+00   0.390625000000E+03  -0.331183532458E-10   0.000000000000E+00
   96.   0.306250000000E+03  -0.168297213151E-10   0.000000000000E+00   0.393750000000E+03  -0.142108227794E-10   0.000000000000E+00
   97.   0.303125000000E+03  -0.323676486077E-10   0.000000000000E+00   0.396875000000E+03  -0.271370886357E-10   0.000000000000E+00
   98.   0.300000000000E+03  -0.156112540002E-10   0.000000000000E+00   0.400000000000E+03  -0.124738623382E-10   0.000000000000E+00
   99.   0.296875000000E+03  -0.309459845445E-10   0.000000000000E+00   0.403125000000E+03  -0.247703155987E-10   0.000000000000E+00
  100.   0.293750000000E+03  -0.152820370231E-10   0.000000000000E+00   0.406250000000E+03  -0.117378893745E-10   0.000000000000E+00
  101.   0.290625000000E+03  -0.307298822421E-10   0.000000000000E+00   0.409375000000E+03  -0.237859194432E-10   0.000000000000E+00
  102.   0.287500000000E+03  -0.152921386837E-10   0.000000000000E+00   0.412500000000E+03  -0.114042371600E-10   0.000000000000E+00
  103.   0.284375000000E+03  -0.308975016867E-10   0.000000000000E+00   0.415625000000E+03  -0.232743730929E-10   0.000000000000E+00
  104.   0.281250000000E+03  -0.154076348219E-10   0.000000000000E+00   0.418750000000E+03  -0.112098853554E-10   0.000000000000E+00
  105.   0.278125000000E+03  -0.311942005935E-10   0.000000000000E+00   0.421875000000E+03  -0.229515237075E-10   0.000000000000E+00
  106.   0.275000000000E+03  -0.155573663442E-10   0.000000000000E+00   0.425000000000E+03  -0.110756709176E-10   0.000000000000E+00
  107.   0.271875000000E+03  -0.315173109882E-10   0.000000000000E+00   0.428125000000E+03  -0.227019998721E-10   0.000000000000E+00
  108.   0.268750000000E+03  -0.157101591672E-10   0.000000000000E+00   0.431250000000E+03  -0.109665612382E-10   0.000000000000E+00
  109.   0.265625000000E+03  -0.318315202390E-10   0.000000000000E+00   0.434375000000E+03  -0.224871176447E-10   0.000000000000E+00
  110.   0.262500000000E+03  -0.158547164872E-10   0.000000000000E+00   0.437500000000E+03  -0.108705385111E-10   0.000000000000E+00
  111.   0.259375000000E+03  -0.321219406225E-10   0.000000000000E+00   0.440625000000E+03  -0.222916176710E-10   0.000000000000E+00
  112.   0.256250000000E+03  -0.159857611745E-10   0.000000000000E+00   0.443750000000E+03  -0.107824395989E-10   0.000000000000E+00
  113.   0.253125000000E+03  -0.323818045934E-10   0.000000000000E+00   0.446875000000E+03  -0.221096383345E-10   0.000000000000E+00
  114.   0.250000000000E+03  -0.161006428815E-10   0.000000000000E+00   0.450000000000E+03  -0.107001446667E-10   0.000000000000E+00
  115.   0.246875000000E+03  -0.326070327888E-10   0.000000000000E+00   0.453125000000E+03  -0.219383267548E-10   0.000000000000E+00
  116.   0.243750000000E+03  -0.161976292855E-10   0.000000000000E+00   0.456250000000E+03  -0.106225392630E-10   0.000000000000E+00
  117.   0.240625000000E+03  -0.327946944776E-10   0.000000000000E+00   0.459375000000E+03  -0.217760184721E-10   0.000000000000E+00
  118.   0.237500000000E+03  -0.162754017704E-10   0.000000000000E+00   0.462500000000E+03  -0.105489149801E-10   0.000000000000E+00
  119.   0.234375000000E+03  -0.329423664052E-10   0.000000000000E+00   0.465625000000E+03  -0.216214641305E-10   0.000000000000E+00
  120.   0.231250000000E+03  -0.163328432495E-10   0.000000000000E+00   0.468750000000E+03  -0.104787099859E-10   0.000000000000E+00
  121.   0.228125000000E+03  -0.330479319368E-10   0.000000000000E+00   0.471875000000E+03  -0.214735896919E-10   0.000000000000E+00
  122.   0.225000000000E+03  -0.163689687864E-10   0.000000000000E+00   0.475000000000E+03  -0.104114215111E-10   0.000000000000E+00
  123.   0.221875000000E+03  -0.331095052187E-10   0.000000000000E+00   0.478125000000E+03  -0.213313986738E-10   0.000000000000E+00
  124.   0.218750000000E+03  -0.163828970093E-10   0.000000000000E+00   0.481250000000E+03  -0.103465783130E-10   0.000000000000E+00
  125.   0.215625000000E+03  -0.331254022043E-10   0.000000000000E+00   0.484375000000E+03  -0.211939441449E-10   0.000000000000E+00
  126.   0.212500000000E+03  -0.163738448998E-10   0.000000000000E+00   0.487500000000E+03  -0.102837299956E-10   0.000000000000E+00
  127.   0.209375000000E+03  -0.330941233814E-10   0.000000000000E+00   0.490625000000E+03  -0.210603182849E-10   0.000000000000E+00
  128.   0.206250000000E+03  -0.163411115520E-10   0.000000000000E+00   0.493750000000E+03  -0.102224476557E-10   0.000000000000E+00
  129.   0.203125000000E+03  -0.330143511897E-10   0.000000000000E+00   0.496875000000E+03  -0.209296481810E-10   0.000000000000E+00
  130.   0.200000000000E+03  -0.162840874369E-10   0.000000000000E+00   0.500000000000E+03  -0.101623142244E-10   0.000000000000E+00
  131.   0.196875000000E+03  -0.328849400551E-10   0.000000000000E+00   0.503125000000E+03  -0.208010976011E-10   0.000000000000E+00
  132.   0.193750000000E+03  -0.162022475040E-10   0.000000000000E+00   0.506250000000E+03  -0.101029362146E-10   0.000000000000E+00
  133.   0.190625000000E+03  -0.327049097096E-10   0.000000000000E+00   0.509375000000E+03  -0.206738698197E-10   0.000000000000E+00
  134.   0.187500000000E+03  -0.160951394963E-10   0.000000000000E+00   0.512500000000E+03  -0.100439361797E-10   0.000000000000E+00
  135.   0.184375000000E+03  -0.324734461991E-10   0.000000000000E+00   0.515625000000E+03  -0.205472065040E-10   0.000000000000E+00
  136.   0.181250000000E+03  -0.159623973592E-10   0.000000000000E+00   0.518750000000E+03  -0.998495473355E-11   0.000000000000E+00
  137.   0.178125000000E+03  -0.321898883713E-10   0.000000000000E+00   0.521875000000E+03  -0.204203935929E-10   0.000000000000E+00
  138.   0.175000000000E+03  -0.158037220536E-10   0.000000000000E+00   0.525000000000E+03  -0.992565981250E-11   0.000000000000E+00
  139.   0.171875000000E+03  -0.318537156428E-10   0.000000000000E+00   0.528125000000E+03  -0.202927704760E-10   0.000000000000E+00
  140.   0.168750000000E+03  -0.156188820376E-10   0.000000000000E+00   0.531250000000E+03  -0.986574313763E-11   0.000000000000E+00
  141.   0.165625000000E+03  -0.314645304515E-10   0.000000000000E+00   0.534375000000E+03  -0.201637441239E-10   0.000000000000E+00
  142.   0.162500000000E+03  -0.154076912827E-10   0.000000000000E+00   0.537500000000E+03  -0.980493624583E-11   0.000000000000E+00
  143.   0.159375000000E+03  -0.310220110771E-10   0.000000000000E+00   0.540625000000E+03  -0.200328405041E-10   0.000000000000E+00
  144.   0.156250000000E+03  -0.151700107539E-10   0.000000000000E+00   0.543750000000E+03  -0.974305304810E-11   0.000000000000E+00
  145.   0.153125000000E+03  -0.305258109199E-10   0.000000000000E+00   0.546875000000E+03  -0.198998236188E-10   0.000000000000E+00
  146.   0.150000000000E+03  -0.149056221545E-10   0.000000000000E+00   0.550000000000E+03  -0.968005240679E-11   0.000000000000E+00
  147.   0.146875000000E+03  -0.299754097947E-10   0.000000000000E+00   0.553125000000E+03  -0.197651422832E-10   0.000000000000E+00
  148.   0.143750000000E+03  -0.146143175880E-10   0.000000000000E+00   0.556250000000E+03  -0.961647133393E-11   0.000000000000E+00
  149.   0.140625000000E+03  -0.293689121611E-10   0.000000000000E+00   0.559375000000E+03  -0.196305888700E-10   0.000000000000E+00
  150.   0.137500000000E+03  -0.142943161802E-10   0.000000000000E+00   0.562500000000E+03  -0.955340704827E-11   0.000000000000E+00
  151.   0.134375000000E+03  -0.287004058248E-10   0.000000000000E+00   0.565625000000E+03  -0.195017068317E-10   0.000000000000E+00
  152.   0.131250000000E+03  -0.139409113975E-10   0.000000000000E+00   0.568750000000E+03  -0.949462857588E-11   0.000000000000E+00
  153.   0.128125000000E+03  -0.279629505386E-10   0.000000000000E+00   0.571875000000E+03  -0.194006893559E-10   0.000000000000E+00
  154.   0.125000000000E+03  -0.135598730562E-10   0.000000000000E+00   0.575000000000E+03  -0.946315748049E-11   0.000000000000E+00
  155.   0.121875000000E+03  -0.271776697071E-10   0.000000000000E+00   0.578125000000E+03  -0.194205079456E-10   0.000000000000E+00
  156.   0.118750000000E+03  -0.132145290772E-10   0.000000000000E+00   0.581250000000E+03  -0.955876215404E-11   0.000000000000E+00
  157.   0.115625000000E+03  -0.258984943934E-10   0.000000000000E+00   0.584375000000E+03  -0.194592759874E-10   0.000000000000E+00
  158.   0.112500000000E+03  -0.121913763461E-10   0.000000000000E+00   0.587500000000E+03  -0.941655949703E-11   0.000000000000E+00
  159.   0.109375000000E+03  -0.223981894648E-10   0.000000000000E+00   0.590625000000E+03  -0.188790776940E-10   0.000000000000E+00
  160.   0.106250000000E+03  -0.935159474676E-11   0.000000000000E+00   0.593750000000E+03  -0.857498089725E-11   0.000000000000E+00
  161.   0.103125000000E+03  -0.210916110932E-10   0.000000000000E+00   0.596875000000E+03  -0.230489132230E-10   0.000000000000E+00
