i  r_top  QtopRe  QtopIm  r_bot  QbotRe  QbotIm   [mm, mC]
    1.   0.600000000000E+03  -0.130925167706E-06   0.000000000000E+00   0.100000000000E+03   0.497195574322E-11   0.000000000000E+00
    2.   0.100000000000E+03   0.497195522018E-11   0.000000000000E+00   0.600000000000E+03  -0.130925167709E-06   0.000000000000E+00
    3.   0.599218750000E+03  -0.456684506744E-07   0.000000000000E+00   0.100781250000E+03   0.200143150389E-10   0.000000000000E+00
    4.   0.598437500000E+03  -0.159245236126E-07   0.000000000000E+00   0.101562500000E+03   0.101023816566E-10   0.000000000000E+00
    5.   0.597656250000E+03  -0.688080189990E-08   0.000000000000E+00   0.102343750000E+03   0.203690153030E-10   0.000000000000E+00
    6.   0.596875000000E+03  -0.124909484177E-08   0.000000000000E+00   0.103125000000E+03   0.102529108531E-10   0.000000000000E+00
    7.   0.596093750000E+03   0.441888581662E-08   0.000000000000E+00   0.103906250000E+03   0.206754454015E-10   0.000000000000E+00
    8.   0.595312500000E+03   0.289802583488E-08   0.000000000000E+00   0.104687500000E+03   0.104075931739E-10   0.000000000000E+00
    9.   0.594531250000E+03   0.710751234228E-08   0.000000000000E+00   0.105468750000E+03   0.209661418763E-10   0.000000000000E+00
   10.   0.593750000000E+03   0.340754121896E-08   0.000000000000E+00   0.106250000000E+03   0.105505667138E-10   0.000000000000E+00
   11.   0.592968750000E+03   0.709938589587E-08   0.000000000000E+00   0.107031250000E+03   0.212433200476E-10   0.000000000000E+00
   12.   0.592187500000E+03   0.336505561685E-08   0.000000000000E+00   0.107812500000E+03   0.106875652877E-10   0.000000000000E+00
   13.   0.591406250000E+03   0.634943241891E-08   0.000000000000E+00   0.108593750000E+03   0.215106018774E-10   0.000000000000E+00
   14.   0.590625000000E+03   0.290992408309E-08   0.000000000000E+00   0.109375000000E+03   0.108194891388E-10   0.000000000000E+00
   15.   0.589843750000E+03   0.538165914699E-08   0.000000000000E+00   0.110156250000E+03   0.217698127254E-10   0.000000000000E+00
   16.   0.589062500000E+03   0.244488433625E-08   0.000000000000E+00   0.110937500000E+03   0.109475780362E-10   0.000000000000E+00
   17.   0.588281250000E+03   0.445291989003E-08   0.000000000000E+00   0.111718750000E+03   0.220224540977E-10   0.000000000000E+00
   18.   0.587500000000E+03   0.200422165509E-08   0.000000000000E+00   0.112500000000E+03   0.110725418332E-10   0.000000000000E+00
   19.   0.586718750000E+03   0.363115144382E-08   0.000000000000E+00   0.113281250000E+03   0.222695663630E-10   0.000000000000E+00
   20.   0.585937500000E+03   0.162667963762E-08   0.000000000000E+00   0.114062500000E+03   0.111948963196E-10   0.000000000000E+00
   21.   0.585156250000E+03   0.293715294418E-08   0.000000000000E+00   0.114843750000E+03   0.225119287261E-10   0.000000000000E+00
   22.   0.584375000000E+03   0.131124246364E-08   0.000000000000E+00   0.115625000000E+03   0.113150003095E-10   0.000000000000E+00
   23.   0.583593750000E+03   0.236377474903E-08   0.000000000000E+00   0.116406250000E+03   0.227501249560E-10   0.000000000000E+00
   24.   0.582812500000E+03   0.105303571700E-08   0.000000000000E+00   0.117187500000E+03   0.114331303950E-10   0.000000000000E+00
   25.   0.582031250000E+03   0.189644410017E-08   0.000000000000E+00   0.117968750000E+03   0.229846057386E-10   0.000000000000E+00
   26.   0.581250000000E+03   0.843647306546E-09   0.000000000000E+00   0.118750000000E+03   0.115494948252E-10   0.000000000000E+00
   27.   0.580468750000E+03   0.151849667195E-08   0.000000000000E+00   0.119531250000E+03   0.232157277318E-10   0.000000000000E+00
   28.   0.579687500000E+03   0.674901429728E-09   0.000000000000E+00   0.120312500000E+03   0.116642567899E-10   0.000000000000E+00
   29.   0.578906250000E+03   0.121433782114E-08   0.000000000000E+00   0.121093750000E+03   0.234437760273E-10   0.000000000000E+00
   30.   0.578125000000E+03   0.539400488609E-09   0.000000000000E+00   0.121875000000E+03   0.117775403373E-10   0.000000000000E+00
   31.   0.577343750000E+03   0.970316055689E-09   0.000000000000E+00   0.122656250000E+03   0.236689806018E-10   0.000000000000E+00
   32.   0.576562500000E+03   0.430850784523E-09   0.000000000000E+00   0.123437500000E+03   0.118894571473E-10   0.000000000000E+00
   33.   0.575781250000E+03   0.774938114361E-09   0.000000000000E+00   0.124218750000E+03   0.238915300672E-10   0.000000000000E+00
   34.   0.575000000000E+03   0.344024260013E-09   0.000000000000E+00   0.125000000000E+03   0.120000888013E-10   0.000000000000E+00
   35.   0.574218750000E+03   0.618719389476E-09   0.000000000000E+00   0.125781250000E+03   0.241115764930E-10   0.000000000000E+00
   36.   0.573437500000E+03   0.274645851754E-09   0.000000000000E+00   0.126562500000E+03   0.121095012436E-10   0.000000000000E+00
   37.   0.572656250000E+03   0.493928688550E-09   0.000000000000E+00   0.127343750000E+03   0.243292425299E-10   0.000000000000E+00
   38.   0.571875000000E+03   0.219249869435E-09   0.000000000000E+00   0.128125000000E+03   0.122177545233E-10   0.000000000000E+00
   39.   0.571093750000E+03   0.394310400325E-09   0.000000000000E+00   0.128906250000E+03   0.245446267726E-10   0.000000000000E+00
   40.   0.570312500000E+03   0.175042186222E-09   0.000000000000E+00   0.129687500000E+03   0.123248861360E-10   0.000000000000E+00
   41.   0.569531250000E+03   0.314826798819E-09   0.000000000000E+00   0.130468750000E+03   0.247578103941E-10   0.000000000000E+00
   42.   0.568750000000E+03   0.139777882063E-09   0.000000000000E+00   0.131250000000E+03   0.124309377791E-10   0.000000000000E+00
   43.   0.567968750000E+03   0.251433412214E-09   0.000000000000E+00   0.132031250000E+03   0.249688528907E-10   0.000000000000E+00
   44.   0.567187500000E+03   0.111657425158E-09   0.000000000000E+00   0.132812500000E+03   0.125359323669E-10   0.000000000000E+00
   45.   0.566406250000E+03   0.200889921757E-09   0.000000000000E+00   0.133593750000E+03   0.251778037225E-10   0.000000000000E+00
   46.   0.565625000000E+03   0.892405468361E-10   0.000000000000E+00   0.134375000000E+03   0.126398924343E-10   0.000000000000E+00
   47.   0.564843750000E+03   0.160603967992E-09   0.000000000000E+00   0.135156250000E+03   0.253847034134E-10   0.000000000000E+00
   48.   0.564062500000E+03   0.713757675475E-10   0.000000000000E+00   0.135937500000E+03   0.127428339413E-10   0.000000000000E+00
   49.   0.563281250000E+03   0.128503646515E-09   0.000000000000E+00   0.136718750000E+03   0.255895813897E-10   0.000000000000E+00
   50.   0.562500000000E+03   0.571431989773E-10   0.000000000000E+00   0.137500000000E+03   0.128447680001E-10   0.000000000000E+00
   51.   0.561718750000E+03   0.102934186955E-09   0.000000000000E+00   0.138281250000E+03   0.257924561047E-10   0.000000000000E+00
   52.   0.560937500000E+03   0.458083729278E-10   0.000000000000E+00   0.139062500000E+03   0.129457096203E-10   0.000000000000E+00
   53.   0.560156250000E+03   0.825746360049E-10   0.000000000000E+00   0.139843750000E+03   0.259933483640E-10   0.000000000000E+00
   54.   0.559375000000E+03   0.367851009032E-10   0.000000000000E+00   0.140625000000E+03   0.130456606053E-10   0.000000000000E+00
   55.   0.558593750000E+03   0.663708924886E-10   0.000000000000E+00   0.141406250000E+03   0.261922683080E-10   0.000000000000E+00
   56.   0.557812500000E+03   0.296056737330E-10   0.000000000000E+00   0.142187500000E+03   0.131446321598E-10   0.000000000000E+00
   57.   0.557031250000E+03   0.534820118500E-10   0.000000000000E+00   0.142968750000E+03   0.263892225600E-10   0.000000000000E+00
   58.   0.556250000000E+03   0.238969909684E-10   0.000000000000E+00   0.143750000000E+03   0.132426196647E-10   0.000000000000E+00
   59.   0.555468750000E+03   0.432372198505E-10   0.000000000000E+00   0.144531250000E+03   0.265842175663E-10   0.000000000000E+00
   60.   0.554687500000E+03   0.193614662906E-10   0.000000000000E+00   0.145312500000E+03   0.133396289203E-10   0.000000000000E+00
   61.   0.553906250000E+03   0.351015416430E-10   0.000000000000E+00   0.146093750000E+03   0.267772528558E-10   0.000000000000E+00
   62.   0.553125000000E+03   0.157617679487E-10   0.000000000000E+00   0.146875000000E+03   0.134356584229E-10   0.000000000000E+00
   63.   0.552343750000E+03   0.286483418923E-10   0.000000000000E+00   0.147656250000E+03   0.269683278717E-10   0.000000000000E+00
   64.   0.551562500000E+03   0.129086295771E-10   0.000000000000E+00   0.148437500000E+03   0.135307056176E-10   0.000000000000E+00
   65.   0.550781250000E+03   0.235374012495E-10   0.000000000000E+00   0.149218750000E+03   0.271574421171E-10   0.000000000000E+00
   66.   0.550000000000E+03   0.106511223699E-10   0.000000000000E+00   0.150000000000E+03   0.136247722877E-10   0.000000000000E+00
   67.   0.549218750000E+03   0.194974196770E-10   0.000000000000E+00   0.150781250000E+03   0.273445906315E-10   0.000000000000E+00
   68.   0.548437500000E+03   0.886889173194E-11   0.000000000000E+00   0.151562500000E+03   0.137178541905E-10   0.000000000000E+00
   69.   0.547656250000E+03   0.163120574534E-10   0.000000000000E+00   0.152343750000E+03   0.275297698064E-10   0.000000000000E+00
   70.   0.546875000000E+03   0.746596408497E-11   0.000000000000E+00   0.153125000000E+03   0.138099510708E-10   0.000000000000E+00
   71.   0.546093750000E+03   0.138088007257E-10   0.000000000000E+00   0.153906250000E+03   0.277129757621E-10   0.000000000000E+00
   72.   0.545312500000E+03   0.636580793169E-11   0.000000000000E+00   0.154687500000E+03   0.139010607711E-10   0.000000000000E+00
   73.   0.544531250000E+03   0.118500817715E-10   0.000000000000E+00   0.155468750000E+03   0.278942006653E-10   0.000000000000E+00
   74.   0.543750000000E+03   0.550739368163E-11   0.000000000000E+00   0.156250000000E+03   0.139911775894E-10   0.000000000000E+00
   75.   0.542968750000E+03   0.103261976466E-10   0.000000000000E+00   0.157031250000E+03   0.280734394013E-10   0.000000000000E+00
   76.   0.542187500000E+03   0.484205270186E-11   0.000000000000E+00   0.157812500000E+03   0.140803040592E-10   0.000000000000E+00
   77.   0.541406250000E+03   0.914966346473E-11   0.000000000000E+00   0.158593750000E+03   0.282506839481E-10   0.000000000000E+00
   78.   0.540625000000E+03   0.433097256625E-11   0.000000000000E+00   0.159375000000E+03   0.141684262450E-10   0.000000000000E+00
   79.   0.539843750000E+03   0.825071035115E-11   0.000000000000E+00   0.160156250000E+03   0.284259247923E-10   0.000000000000E+00
   80.   0.539062500000E+03   0.394319964164E-11   0.000000000000E+00   0.160937500000E+03   0.142555435954E-10   0.000000000000E+00
   81.   0.538281250000E+03   0.757369478465E-11   0.000000000000E+00   0.161718750000E+03   0.285991560582E-10   0.000000000000E+00
   82.   0.537500000000E+03   0.365404661523E-11   0.000000000000E+00   0.162500000000E+03   0.143416529120E-10   0.000000000000E+00
   83.   0.536718750000E+03   0.707423607238E-11   0.000000000000E+00   0.163281250000E+03   0.287703669668E-10   0.000000000000E+00
   84.   0.535937500000E+03   0.344382252637E-11   0.000000000000E+00   0.164062500000E+03   0.144267540554E-10   0.000000000000E+00
   85.   0.535156250000E+03   0.671693389867E-11   0.000000000000E+00   0.164843750000E+03   0.289395491886E-10   0.000000000000E+00
   86.   0.534375000000E+03   0.329682034282E-11   0.000000000000E+00   0.165625000000E+03   0.145108393156E-10   0.000000000000E+00
   87.   0.533593750000E+03   0.647354939007E-11   0.000000000000E+00   0.166406250000E+03   0.291066960641E-10   0.000000000000E+00
   88.   0.532812500000E+03   0.320050834465E-11   0.000000000000E+00   0.167187500000E+03   0.145939025008E-10   0.000000000000E+00
   89.   0.532031250000E+03   0.632155192559E-11   0.000000000000E+00   0.167968750000E+03   0.292717986276E-10   0.000000000000E+00
   90.   0.531250000000E+03   0.314488829896E-11   0.000000000000E+00   0.168750000000E+03   0.146759417633E-10   0.000000000000E+00
   91.   0.530468750000E+03   0.624296433749E-11   0.000000000000E+00   0.169531250000E+03   0.294348470516E-10   0.000000000000E+00
   92.   0.529687500000E+03   0.312198304576E-11   0.000000000000E+00   0.170312500000E+03   0.147569507570E-10   0.000000000000E+00
   93.   0.528906250000E+03   0.622343825701E-11   0.000000000000E+00   0.171093750000E+03   0.295958314893E-10   0.000000000000E+00
   94.   0.528125000000E+03   0.312542297874E-11   0.000000000000E+00   0.171875000000E+03   0.148369291612E-10   0.000000000000E+00
   95.   0.527343750000E+03   0.625152054875E-11   0.000000000000E+00   0.172656250000E+03   0.297547451954E-10   0.000000000000E+00
   96.   0.526562500000E+03   0.315012298704E-11   0.000000000000E+00   0.173437500000E+03   0.149158688131E-10   0.000000000000E+00
   97.   0.525781250000E+03   0.631806499339E-11   0.000000000000E+00   0.174218750000E+03   0.299115783604E-10   0.000000000000E+00
   98.   0.525000000000E+03   0.319202360460E-11   0.000000000000E+00   0.175000000000E+03   0.149937651886E-10   0.000000000000E+00
   99.   0.524218750000E+03   0.641576639957E-11   0.000000000000E+00   0.175781250000E+03   0.300663192826E-10   0.000000000000E+00
  100.   0.523437500000E+03   0.324787935955E-11   0.000000000000E+00   0.176562500000E+03   0.150706115095E-10   0.000000000000E+00
  101.   0.522656250000E+03   0.653878657634E-11   0.000000000000E+00   0.177343750000E+03   0.302189591097E-10   0.000000000000E+00
  102.   0.521875000000E+03   0.331509782699E-11   0.000000000000E+00   0.178125000000E+03   0.151464042620E-10   0.000000000000E+00
  103.   0.521093750000E+03   0.668245638195E-11   0.000000000000E+00   0.178906250000E+03   0.303694876703E-10   0.000000000000E+00
  104.   0.520312500000E+03   0.339160235696E-11   0.000000000000E+00   0.179687500000E+03   0.152211416359E-10   0.000000000000E+00
  105.   0.519531250000E+03   0.684303975752E-11   0.000000000000E+00   0.180468750000E+03   0.305178966599E-10   0.000000000000E+00
  106.   0.518750000000E+03   0.347573379764E-11   0.000000000000E+00   0.181250000000E+03   0.152948135456E-10   0.000000000000E+00
  107.   0.517968750000E+03   0.701754509092E-11   0.000000000000E+00   0.182031250000E+03   0.306641741925E-10   0.000000000000E+00
  108.   0.517187500000E+03   0.356616015859E-11   0.000000000000E+00   0.182812500000E+03   0.153674202965E-10   0.000000000000E+00
  109.   0.516406250000E+03   0.720357335870E-11   0.000000000000E+00   0.183593750000E+03   0.308083124629E-10   0.000000000000E+00
  110.   0.515625000000E+03   0.366181418845E-11   0.000000000000E+00   0.184375000000E+03   0.154389550417E-10   0.000000000000E+00
  111.   0.514843750000E+03   0.739919908196E-11   0.000000000000E+00   0.185156250000E+03   0.309503026905E-10   0.000000000000E+00
  112.   0.514062500000E+03   0.376183744995E-11   0.000000000000E+00   0.185937500000E+03   0.155094151854E-10   0.000000000000E+00
  113.   0.513281250000E+03   0.760287326325E-11   0.000000000000E+00   0.186718750000E+03   0.310901329537E-10   0.000000000000E+00
  114.   0.512500000000E+03   0.386554014250E-11   0.000000000000E+00   0.187500000000E+03   0.155787890378E-10   0.000000000000E+00
  115.   0.511718750000E+03   0.781334770884E-11   0.000000000000E+00   0.188281250000E+03   0.312277942915E-10   0.000000000000E+00
  116.   0.510937500000E+03   0.397236390342E-11   0.000000000000E+00   0.189062500000E+03   0.156470755410E-10   0.000000000000E+00
  117.   0.510156250000E+03   0.802961345179E-11   0.000000000000E+00   0.189843750000E+03   0.313632750771E-10   0.000000000000E+00
  118.   0.509375000000E+03   0.408185750511E-11   0.000000000000E+00   0.190625000000E+03   0.157142687684E-10   0.000000000000E+00
  119.   0.508593750000E+03   0.825085432348E-11   0.000000000000E+00   0.191406250000E+03   0.314965670078E-10   0.000000000000E+00
  120.   0.507812500000E+03   0.419365631295E-11   0.000000000000E+00   0.192187500000E+03   0.157803673018E-10   0.000000000000E+00
  121.   0.507031250000E+03   0.847640563303E-11   0.000000000000E+00   0.192968750000E+03   0.316276581572E-10   0.000000000000E+00
  122.   0.506250000000E+03   0.430746198477E-11   0.000000000000E+00   0.193750000000E+03   0.158453641506E-10   0.000000000000E+00
  123.   0.505468750000E+03   0.870572442784E-11   0.000000000000E+00   0.194531250000E+03   0.317565402970E-10   0.000000000000E+00
  124.   0.504687500000E+03   0.442302767368E-11   0.000000000000E+00   0.195312500000E+03   0.159092532922E-10   0.000000000000E+00
  125.   0.503906250000E+03   0.893836479300E-11   0.000000000000E+00   0.196093750000E+03   0.318832049549E-10   0.000000000000E+00
  126.   0.503125000000E+03   0.454015313274E-11   0.000000000000E+00   0.196875000000E+03   0.159720293808E-10   0.000000000000E+00
  127.   0.502343750000E+03   0.917395876107E-11   0.000000000000E+00   0.197656250000E+03   0.320076399354E-10   0.000000000000E+00
  128.   0.501562500000E+03   0.465867324939E-11   0.000000000000E+00   0.198437500000E+03   0.160336898526E-10   0.000000000000E+00
  129.   0.500781250000E+03   0.941219948581E-11   0.000000000000E+00   0.199218750000E+03   0.321298327272E-10   0.000000000000E+00
  130.   0.500000000000E+03   0.477844722346E-11   0.000000000000E+00   0.200000000000E+03   0.160942286822E-10   0.000000000000E+00
  131.   0.499218750000E+03   0.965283047543E-11   0.000000000000E+00   0.200781250000E+03   0.322497751291E-10   0.000000000000E+00
  132.   0.498437500000E+03   0.489935686836E-11   0.000000000000E+00   0.201562500000E+03   0.161536373015E-10   0.000000000000E+00
  133.   0.497656250000E+03   0.989563330962E-11   0.000000000000E+00   0.202343750000E+03   0.323674582957E-10   0.000000000000E+00
  134.   0.496875000000E+03   0.502130323046E-11   0.000000000000E+00   0.203125000000E+03   0.162119112880E-10   0.000000000000E+00
  135.   0.496093750000E+03   0.101404213904E-10   0.000000000000E+00   0.203906250000E+03   0.324828735930E-10   0.000000000000E+00
  136.   0.495312500000E+03   0.514419780887E-11   0.000000000000E+00   0.204687500000E+03   0.162690512938E-10   0.000000000000E+00
  137.   0.494531250000E+03   0.103870339641E-10   0.000000000000E+00   0.205468750000E+03   0.325960050747E-10   0.000000000000E+00
  138.   0.493750000000E+03   0.526796821586E-11   0.000000000000E+00   0.206250000000E+03   0.163250482330E-10   0.000000000000E+00
  139.   0.492968750000E+03   0.106353306099E-10   0.000000000000E+00   0.207031250000E+03   0.327068467011E-10   0.000000000000E+00
  140.   0.492187500000E+03   0.539254718207E-11   0.000000000000E+00   0.207812500000E+03   0.163798974743E-10   0.000000000000E+00
  141.   0.491406250000E+03   0.108851846510E-10   0.000000000000E+00   0.208593750000E+03   0.328153873261E-10   0.000000000000E+00
  142.   0.490625000000E+03   0.551787447992E-11   0.000000000000E+00   0.209375000000E+03   0.164335922951E-10   0.000000000000E+00
  143.   0.489843750000E+03   0.111364839156E-10   0.000000000000E+00   0.210156250000E+03   0.329216185810E-10   0.000000000000E+00
  144.   0.489062500000E+03   0.564389991237E-11   0.000000000000E+00   0.210937500000E+03   0.164861293270E-10   0.000000000000E+00
  145.   0.488281250000E+03   0.113891272199E-10   0.000000000000E+00   0.211718750000E+03   0.330255284714E-10   0.000000000000E+00
  146.   0.487500000000E+03   0.577057429413E-11   0.000000000000E+00   0.212500000000E+03   0.165375042717E-10   0.000000000000E+00
  147.   0.486718750000E+03   0.116430211766E-10   0.000000000000E+00   0.213281250000E+03   0.331271051192E-10   0.000000000000E+00
  148.   0.485937500000E+03   0.589784947141E-11   0.000000000000E+00   0.214062500000E+03   0.165877095572E-10   0.000000000000E+00
  149.   0.485156250000E+03   0.118980797363E-10   0.000000000000E+00   0.214843750000E+03   0.332263408925E-10   0.000000000000E+00
  150.   0.484375000000E+03   0.602568851541E-11   0.000000000000E+00   0.215625000000E+03   0.166367456109E-10   0.000000000000E+00
  151.   0.483593750000E+03   0.121542201322E-10   0.000000000000E+00   0.216406250000E+03   0.333232244865E-10   0.000000000000E+00
  152.   0.482812500000E+03   0.615404738162E-11   0.000000000000E+00   0.217187500000E+03   0.166845998654E-10   0.000000000000E+00
  153.   0.482031250000E+03   0.124113661527E-10   0.000000000000E+00   0.217968750000E+03   0.334177481103E-10   0.000000000000E+00
  154.   0.481250000000E+03   0.628288775166E-11   0.000000000000E+00   0.218750000000E+03   0.167312714159E-10   0.000000000000E+00
  155.   0.480468750000E+03   0.126694423281E-10   0.000000000000E+00   0.219531250000E+03   0.335099002776E-10   0.000000000000E+00
  156.   0.479687500000E+03   0.641217769460E-11   0.000000000000E+00   0.220312500000E+03   0.167767553527E-10   0.000000000000E+00
  157.   0.478906250000E+03   0.129283794615E-10   0.000000000000E+00   0.221093750000E+03   0.335996714942E-10   0.000000000000E+00
  158.   0.478125000000E+03   0.654188094937E-11   0.000000000000E+00   0.221875000000E+03   0.168210482180E-10   0.000000000000E+00
  159.   0.477343750000E+03   0.131881096005E-10   0.000000000000E+00   0.222656250000E+03   0.336870534013E-10   0.000000000000E+00
  160.   0.476562500000E+03   0.667196542393E-11   0.000000000000E+00   0.223437500000E+03   0.168641415437E-10   0.000000000000E+00
  161.   0.475781250000E+03   0.134485672502E-10   0.000000000000E+00   0.224218750000E+03   0.337720317318E-10   0.000000000000E+00
  162.   0.475000000000E+03   0.680240153526E-11   0.000000000000E+00   0.225000000000E+03   0.169060273625E-10   0.000000000000E+00
  163.   0.474218750000E+03   0.137096879117E-10   0.000000000000E+00   0.225781250000E+03   0.338546014612E-10   0.000000000000E+00
  164.   0.473437500000E+03   0.693314355709E-11   0.000000000000E+00   0.226562500000E+03   0.169467145764E-10   0.000000000000E+00
  165.   0.472656250000E+03   0.139714088198E-10   0.000000000000E+00   0.227343750000E+03   0.339347526866E-10   0.000000000000E+00
  166.   0.471875000000E+03   0.706417478551E-11   0.000000000000E+00   0.228125000000E+03   0.169861876302E-10   0.000000000000E+00
  167.   0.471093750000E+03   0.142336679920E-10   0.000000000000E+00   0.228906250000E+03   0.340124758844E-10   0.000000000000E+00
  168.   0.470312500000E+03   0.719546348936E-11   0.000000000000E+00   0.229687500000E+03   0.170244440582E-10   0.000000000000E+00
  169.   0.469531250000E+03   0.144964055138E-10   0.000000000000E+00   0.230468750000E+03   0.340877605048E-10   0.000000000000E+00
  170.   0.468750000000E+03   0.732697438911E-11   0.000000000000E+00   0.231250000000E+03   0.170614774168E-10   0.000000000000E+00
  171.   0.467968750000E+03   0.147595638579E-10   0.000000000000E+00   0.232031250000E+03   0.341605988995E-10   0.000000000000E+00
  172.   0.467187500000E+03   0.745868037712E-11   0.000000000000E+00   0.232812500000E+03   0.170972839611E-10   0.000000000000E+00
  173.   0.466406250000E+03   0.150230866315E-10   0.000000000000E+00   0.233593750000E+03   0.342309845133E-10   0.000000000000E+00
  174.   0.465625000000E+03   0.759055520248E-11   0.000000000000E+00   0.234375000000E+03   0.171318647692E-10   0.000000000000E+00
  175.   0.464843750000E+03   0.152869162773E-10   0.000000000000E+00   0.235156250000E+03   0.342989085798E-10   0.000000000000E+00
  176.   0.464062500000E+03   0.772256977850E-11   0.000000000000E+00   0.235937500000E+03   0.171652158515E-10   0.000000000000E+00
  177.   0.463281250000E+03   0.155509987443E-10   0.000000000000E+00   0.236718750000E+03   0.343643648605E-10   0.000000000000E+00
  178.   0.462500000000E+03   0.785469841031E-11   0.000000000000E+00   0.237500000000E+03   0.171973297457E-10   0.000000000000E+00
  179.   0.461718750000E+03   0.158152813413E-10   0.000000000000E+00   0.238281250000E+03   0.344273477326E-10   0.000000000000E+00
  180.   0.460937500000E+03   0.798691531595E-11   0.000000000000E+00   0.239062500000E+03   0.172282065086E-10   0.000000000000E+00
  181.   0.460156250000E+03   0.160797149058E-10   0.000000000000E+00   0.239843750000E+03   0.344878555923E-10   0.000000000000E+00
  182.   0.459375000000E+03   0.811919224645E-11   0.000000000000E+00   0.240625000000E+03   0.172578399971E-10   0.000000000000E+00
  183.   0.458593750000E+03   0.163442520559E-10   0.000000000000E+00   0.241406250000E+03   0.345458843209E-10   0.000000000000E+00
  184.   0.457812500000E+03   0.825151381228E-11   0.000000000000E+00   0.242187500000E+03   0.172862341081E-10   0.000000000000E+00
  185.   0.457031250000E+03   0.166088465598E-10   0.000000000000E+00   0.242968750000E+03   0.346014306251E-10   0.000000000000E+00
  186.   0.456250000000E+03   0.838385034634E-11   0.000000000000E+00   0.243750000000E+03   0.173133928988E-10   0.000000000000E+00
  187.   0.455468750000E+03   0.168734555290E-10   0.000000000000E+00   0.244531250000E+03   0.346544975395E-10   0.000000000000E+00
  188.   0.454687500000E+03   0.851618498188E-11   0.000000000000E+00   0.245312500000E+03   0.173393167383E-10   0.000000000000E+00
  189.   0.453906250000E+03   0.171380418152E-10   0.000000000000E+00   0.246093750000E+03   0.347050905235E-10   0.000000000000E+00
  190.   0.453125000000E+03   0.864850084929E-11   0.000000000000E+00   0.246875000000E+03   0.173639934632E-10   0.000000000000E+00
  191.   0.452343750000E+03   0.174025745232E-10   0.000000000000E+00   0.247656250000E+03   0.347532202356E-10   0.000000000000E+00
  192.   0.451562500000E+03   0.878078113301E-11   0.000000000000E+00   0.248437500000E+03   0.173874476463E-10   0.000000000000E+00
  193.   0.450781250000E+03   0.176670257672E-10   0.000000000000E+00   0.249218750000E+03   0.347988974758E-10   0.000000000000E+00
  194.   0.450000000000E+03   0.891301729647E-11   0.000000000000E+00   0.250000000000E+03   0.174096731773E-10   0.000000000000E+00
  195.   0.449218750000E+03   0.179313779822E-10   0.000000000000E+00   0.250781250000E+03   0.348421430303E-10   0.000000000000E+00
  196.   0.448437500000E+03   0.904520169326E-11   0.000000000000E+00   0.251562500000E+03   0.174306920339E-10   0.000000000000E+00
  197.   0.447656250000E+03   0.181956246039E-10   0.000000000000E+00   0.252343750000E+03   0.348829840987E-10   0.000000000000E+00
  198.   0.446875000000E+03   0.917732975036E-11   0.000000000000E+00   0.253125000000E+03   0.174505223617E-10   0.000000000000E+00
  199.   0.446093750000E+03   0.184597663055E-10   0.000000000000E+00   0.253906250000E+03   0.349214541373E-10   0.000000000000E+00
  200.   0.445312500000E+03   0.930940948441E-11   0.000000000000E+00   0.254687500000E+03   0.174691738701E-10   0.000000000000E+00
  201.   0.444531250000E+03   0.187238238042E-10   0.000000000000E+00   0.255468750000E+03   0.349576060295E-10   0.000000000000E+00
  202.   0.443750000000E+03   0.944145601961E-11   0.000000000000E+00   0.256250000000E+03   0.174866852953E-10   0.000000000000E+00
  203.   0.442968750000E+03   0.189878324267E-10   0.000000000000E+00   0.257031250000E+03   0.349915026304E-10   0.000000000000E+00
  204.   0.442187500000E+03   0.957348584428E-11   0.000000000000E+00   0.257812500000E+03   0.175030799798E-10   0.000000000000E+00
  205.   0.441406250000E+03   0.192518536460E-10   0.000000000000E+00   0.258593750000E+03   0.350232284502E-10   0.000000000000E+00
  206.   0.440625000000E+03   0.970554424456E-11   0.000000000000E+00   0.259375000000E+03   0.175184118199E-10   0.000000000000E+00
  207.   0.439843750000E+03   0.195159786928E-10   0.000000000000E+00   0.260156250000E+03   0.350528878488E-10   0.000000000000E+00
  208.   0.439062500000E+03   0.983767995479E-11   0.000000000000E+00   0.260937500000E+03   0.175327471784E-10   0.000000000000E+00
  209.   0.438281250000E+03   0.197803313811E-10   0.000000000000E+00   0.261718750000E+03   0.350806174794E-10   0.000000000000E+00
  210.   0.437500000000E+03   0.996996575697E-11   0.000000000000E+00   0.262500000000E+03   0.175461517969E-10   0.000000000000E+00
  211.   0.436718750000E+03   0.200450839188E-10   0.000000000000E+00   0.263281250000E+03   0.351065924363E-10   0.000000000000E+00
  212.   0.435937500000E+03   0.101025014919E-10   0.000000000000E+00   0.264062500000E+03   0.175587288496E-10   0.000000000000E+00
  213.   0.435156250000E+03   0.203104645343E-10   0.000000000000E+00   0.264843750000E+03   0.351310344757E-10   0.000000000000E+00
  214.   0.434375000000E+03   0.102354169276E-10   0.000000000000E+00   0.265625000000E+03   0.175706003936E-10   0.000000000000E+00
  215.   0.433593750000E+03   0.205767707244E-10   0.000000000000E+00   0.266406250000E+03   0.351542230766E-10   0.000000000000E+00
  216.   0.432812500000E+03   0.103688803933E-10   0.000000000000E+00   0.267187500000E+03   0.175819260063E-10   0.000000000000E+00
  217.   0.432031250000E+03   0.208443872443E-10   0.000000000000E+00   0.267968750000E+03   0.351765159002E-10   0.000000000000E+00
  218.   0.431250000000E+03   0.105031047136E-10   0.000000000000E+00   0.268750000000E+03   0.175929045722E-10   0.000000000000E+00
  219.   0.430468750000E+03   0.211138089024E-10   0.000000000000E+00   0.269531250000E+03   0.351983592177E-10   0.000000000000E+00
  220.   0.429687500000E+03   0.106383727660E-10   0.000000000000E+00   0.270312500000E+03   0.176037753511E-10   0.000000000000E+00
  221.   0.428906250000E+03   0.213856711596E-10   0.000000000000E+00   0.271093750000E+03   0.352203186474E-10   0.000000000000E+00
  222.   0.428125000000E+03   0.107750425949E-10   0.000000000000E+00   0.271875000000E+03   0.176148658593E-10   0.000000000000E+00
  223.   0.427343750000E+03   0.216607775983E-10   0.000000000000E+00   0.272656250000E+03   0.352431069654E-10   0.000000000000E+00
  224.   0.426562500000E+03   0.109135574285E-10   0.000000000000E+00   0.273437500000E+03   0.176265678103E-10   0.000000000000E+00
  225.   0.425781250000E+03   0.219401485112E-10   0.000000000000E+00   0.274218750000E+03   0.352676207870E-10   0.000000000000E+00
  226.   0.425000000000E+03   0.110544871978E-10   0.000000000000E+00   0.275000000000E+03   0.176393892340E-10   0.000000000000E+00
  227.   0.424218750000E+03   0.222250710126E-10   0.000000000000E+00   0.275781250000E+03   0.352949901517E-10   0.000000000000E+00
  228.   0.423437500000E+03   0.111985525509E-10   0.000000000000E+00   0.276562500000E+03   0.176539524768E-10   0.000000000000E+00
  229.   0.422656250000E+03   0.225171661373E-10   0.000000000000E+00   0.277343750000E+03   0.353266406924E-10   0.000000000000E+00
  230.   0.421875000000E+03   0.113466584606E-10   0.000000000000E+00   0.278125000000E+03   0.176710470451E-10   0.000000000000E+00
  231.   0.421093750000E+03   0.228184741474E-10   0.000000000000E+00   0.278906250000E+03   0.353643570561E-10   0.000000000000E+00
  232.   0.420312500000E+03   0.114999378345E-10   0.000000000000E+00   0.279687500000E+03   0.176916769927E-10   0.000000000000E+00
  233.   0.419531250000E+03   0.231315582044E-10   0.000000000000E+00   0.280468750000E+03   0.354103872950E-10   0.000000000000E+00
  234.   0.418750000000E+03   0.116598162338E-10   0.000000000000E+00   0.281250000000E+03   0.177170841945E-10   0.000000000000E+00
  235.   0.417968750000E+03   0.234596333707E-10   0.000000000000E+00   0.282031250000E+03   0.354675563436E-10   0.000000000000E+00
  236.   0.417187500000E+03   0.118280884441E-10   0.000000000000E+00   0.282812500000E+03   0.177488508206E-10   0.000000000000E+00
  237.   0.416406250000E+03   0.238067354788E-10   0.000000000000E+00   0.283593750000E+03   0.355394138956E-10   0.000000000000E+00
  238.   0.415625000000E+03   0.120069955629E-10   0.000000000000E+00   0.284375000000E+03   0.177889502339E-10   0.000000000000E+00
  239.   0.414843750000E+03   0.241779181393E-10   0.000000000000E+00   0.285156250000E+03   0.356304196822E-10   0.000000000000E+00
  240.   0.414062500000E+03   0.121993468328E-10   0.000000000000E+00   0.285937500000E+03   0.178398617738E-10   0.000000000000E+00
  241.   0.413281250000E+03   0.245795125359E-10   0.000000000000E+00   0.286718750000E+03   0.357461734888E-10   0.000000000000E+00
  242.   0.412500000000E+03   0.124086649382E-10   0.000000000000E+00   0.287500000000E+03   0.179047054646E-10   0.000000000000E+00
  243.   0.411718750000E+03   0.250194427591E-10   0.000000000000E+00   0.288281250000E+03   0.358937108683E-10   0.000000000000E+00
  244.   0.410937500000E+03   0.126393522368E-10   0.000000000000E+00   0.289062500000E+03   0.179874019658E-10   0.000000000000E+00
  245.   0.410156250000E+03   0.255076268894E-10   0.000000000000E+00   0.289843750000E+03   0.360818695702E-10   0.000000000000E+00
  246.   0.409375000000E+03   0.128969210937E-10   0.000000000000E+00   0.290625000000E+03   0.180928672447E-10   0.000000000000E+00
  247.   0.408593750000E+03   0.260564718880E-10   0.000000000000E+00   0.291406250000E+03   0.363217493208E-10   0.000000000000E+00
  248.   0.407812500000E+03   0.131882689543E-10   0.000000000000E+00   0.292187500000E+03   0.182272814293E-10   0.000000000000E+00
  249.   0.407031250000E+03   0.266815009884E-10   0.000000000000E+00   0.292968750000E+03   0.366272823627E-10   0.000000000000E+00
  250.   0.406250000000E+03   0.135220165454E-10   0.000000000000E+00   0.293750000000E+03   0.183983945827E-10   0.000000000000E+00
  251.   0.405468750000E+03   0.274021272729E-10   0.000000000000E+00   0.294531250000E+03   0.370159743140E-10   0.000000000000E+00
  252.   0.404687500000E+03   0.139089584379E-10   0.000000000000E+00   0.295312500000E+03   0.186159614343E-10   0.000000000000E+00
  253.   0.403906250000E+03   0.282426262681E-10   0.000000000000E+00   0.296093750000E+03   0.375097971432E-10   0.000000000000E+00
  254.   0.403125000000E+03   0.143625773916E-10   0.000000000000E+00   0.296875000000E+03   0.188922030439E-10   0.000000000000E+00
  255.   0.402343750000E+03   0.292333553054E-10   0.000000000000E+00   0.297656250000E+03   0.381363395381E-10   0.000000000000E+00
  256.   0.401562500000E+03   0.148997408229E-10   0.000000000000E+00   0.298437500000E+03   0.192424874076E-10   0.000000000000E+00
  257.   0.400781250000E+03   0.304122642325E-10   0.000000000000E+00   0.299218750000E+03   0.389302485831E-10   0.000000000000E+00
  258.   0.400000000000E+03   0.155415321763E-10   0.000000000000E+00   0.300000000000E+03   0.196860864303E-10   0.000000000000E+00
  259.   0.399218750000E+03   0.318267992329E-10   0.000000000000E+00   0.300781250000E+03   0.399350233176E-10   0.000000000000E+00
  260.   0.398437500000E+03   0.163143124958E-10   0.000000000000E+00   0.301562500000E+03   0.202472221674E-10   0.000000000000E+00
  261.   0.397656250000E+03   0.335362738806E-10   0.000000000000E+00   0.302343750000E+03   0.412052770540E-10   0.000000000000E+00
  262.   0.396875000000E+03   0.172510313818E-10   0.000000000000E+00   0.303125000000E+03   0.209562932509E-10   0.000000000000E+00
  263.   0.396093750000E+03   0.356148275370E-10   0.000000000000E+00   0.303906250000E+03   0.428095771351E-10   0.000000000000E+00
  264.   0.395312500000E+03   0.183928713039E-10   0.000000000000E+00   0.304687500000E+03   0.218514565978E-10   0.000000000000E+00
  265.   0.394531250000E+03   0.381551375241E-10   0.000000000000E+00   0.305468750000E+03   0.448340109809E-10   0.000000000000E+00
  266.   0.393750000000E+03   0.197913291714E-10   0.000000000000E+00   0.306250000000E+03   0.229806380848E-10   0.000000000000E+00
  267.   0.392968750000E+03   0.412730485574E-10   0.000000000000E+00   0.307031250000E+03   0.473866595034E-10   0.000000000000E+00
  268.   0.392187500000E+03   0.215107514737E-10   0.000000000000E+00   0.307812500000E+03   0.244039870209E-10   0.000000000000E+00
  269.   0.391406250000E+03   0.451133579817E-10   0.000000000000E+00   0.308593750000E+03   0.506032083274E-10   0.000000000000E+00
  270.   0.390625000000E+03   0.236315727992E-10   0.000000000000E+00   0.309375000000E+03   0.261970418522E-10   0.000000000000E+00
  271.   0.389843750000E+03   0.498570512413E-10   0.000000000000E+00   0.310156250000E+03   0.546540116358E-10   0.000000000000E+00
  272.   0.389062500000E+03   0.262543367396E-10   0.000000000000E+00   0.310937500000E+03   0.284546186260E-10   0.000000000000E+00
  273.   0.388281250000E+03   0.557303372917E-10   0.000000000000E+00   0.311718750000E+03   0.597529429222E-10   0.000000000000E+00
  274.   0.387500000000E+03   0.295047100983E-10   0.000000000000E+00   0.312500000000E+03   0.312957534119E-10   0.000000000000E+00
  275.   0.386718750000E+03   0.630159599978E-10   0.000000000000E+00   0.313281250000E+03   0.661685146113E-10   0.000000000000E+00
  276.   0.385937500000E+03   0.335397559717E-10   0.000000000000E+00   0.314062500000E+03   0.348698944160E-10   0.000000000000E+00
  277.   0.385156250000E+03   0.720673295706E-10   0.000000000000E+00   0.314843750000E+03   0.742378318963E-10   0.000000000000E+00
  278.   0.384375000000E+03   0.385557975583E-10   0.000000000000E+00   0.315625000000E+03   0.393647044081E-10   0.000000000000E+00
  279.   0.383593750000E+03   0.833261893450E-10   0.000000000000E+00   0.316406250000E+03   0.843841435058E-10   0.000000000000E+00
  280.   0.382812500000E+03   0.447982254614E-10   0.000000000000E+00   0.317187500000E+03   0.450157520429E-10   0.000000000000E+00
  281.   0.382031250000E+03   0.973447167001E-10   0.000000000000E+00   0.317968750000E+03   0.971388665321E-10   0.000000000000E+00
  282.   0.381250000000E+03   0.525737967573E-10   0.000000000000E+00   0.318750000000E+03   0.521188225425E-10   0.000000000000E+00
  283.   0.380468750000E+03   0.114813184669E-09   0.000000000000E+00   0.319531250000E+03   0.113169280130E-09   0.000000000000E+00
  284.   0.379687500000E+03   0.622659686849E-10   0.000000000000E+00   0.320312500000E+03   0.610453627692E-10   0.000000000000E+00
  285.   0.378906250000E+03   0.136594597551E-09   0.000000000000E+00   0.321093750000E+03   0.133313347624E-09   0.000000000000E+00
  286.   0.378125000000E+03   0.743541850392E-10   0.000000000000E+00   0.321875000000E+03   0.722617987486E-10   0.000000000000E+00
  287.   0.377343750000E+03   0.163768112251E-09   0.000000000000E+00   0.322656250000E+03   0.158623572229E-09   0.000000000000E+00
  288.   0.376562500000E+03   0.894380076720E-10   0.000000000000E+00   0.323437500000E+03   0.863540457376E-10   0.000000000000E+00
  289.   0.375781250000E+03   0.197683589515E-09   0.000000000000E+00   0.324218750000E+03   0.190422307441E-09   0.000000000000E+00
  290.   0.375000000000E+03   0.108267487828E-09   0.000000000000E+00   0.325000000000E+03   0.104058315918E-09   0.000000000000E+00
  291.   0.374218750000E+03   0.240030316458E-09   0.000000000000E+00   0.325781250000E+03   0.230371732064E-09   0.000000000000E+00
  292.   0.373437500000E+03   0.131781476402E-09   0.000000000000E+00   0.326562500000E+03   0.126300204012E-09   0.000000000000E+00
  293.   0.372656250000E+03   0.292924067716E-09   0.000000000000E+00   0.327343750000E+03   0.280562777301E-09   0.000000000000E+00
  294.   0.371875000000E+03   0.161156343812E-09   0.000000000000E+00   0.328125000000E+03   0.154244515911E-09   0.000000000000E+00
  295.   0.371093750000E+03   0.359018173194E-09   0.000000000000E+00   0.328906250000E+03   0.343628985869E-09   0.000000000000E+00
  296.   0.370312500000E+03   0.197868331988E-09   0.000000000000E+00   0.329687500000E+03   0.189359306530E-09   0.000000000000E+00
  297.   0.369531250000E+03   0.441647122312E-09   0.000000000000E+00   0.330468750000E+03   0.422894047642E-09   0.000000000000E+00
  298.   0.368750000000E+03   0.243775107263E-09   0.000000000000E+00   0.331250000000E+03   0.233499670635E-09   0.000000000000E+00
  299.   0.367968750000E+03   0.545015184852E-09   0.000000000000E+00   0.332031250000E+03   0.522565912530E-09   0.000000000000E+00
  300.   0.367187500000E+03   0.301223387041E-09   0.000000000000E+00   0.332812500000E+03   0.289018582576E-09   0.000000000000E+00
  301.   0.366406250000E+03   0.674452477463E-09   0.000000000000E+00   0.333593750000E+03   0.648000274066E-09   0.000000000000E+00
  302.   0.365625000000E+03   0.373201862430E-09   0.000000000000E+00   0.334375000000E+03   0.358923912352E-09   0.000000000000E+00
  303.   0.364843750000E+03   0.836769407725E-09   0.000000000000E+00   0.335156250000E+03   0.806065156692E-09   0.000000000000E+00
  304.   0.364062500000E+03   0.463544966330E-09   0.000000000000E+00   0.335937500000E+03   0.447088210603E-09   0.000000000000E+00
  305.   0.363281250000E+03   0.104079259227E-08   0.000000000000E+00   0.336718750000E+03   0.100568970031E-08   0.000000000000E+00
  306.   0.362500000000E+03   0.577317460702E-09   0.000000000000E+00   0.337500000000E+03   0.558638856916E-09   0.000000000000E+00
  307.   0.361718750000E+03   0.129814556870E-08   0.000000000000E+00   0.338281250000E+03   0.125866398206E-08   0.000000000000E+00
  308.   0.360937500000E+03   0.721187400294E-09   0.000000000000E+00   0.339062500000E+03   0.700345406099E-09   0.000000000000E+00
  309.   0.360156250000E+03   0.162471569994E-08   0.000000000000E+00   0.339843750000E+03   0.158112614373E-08   0.000000000000E+00
  310.   0.359375000000E+03   0.905112507617E-09   0.000000000000E+00   0.340625000000E+03   0.882302182385E-09   0.000000000000E+00
  311.   0.358593750000E+03   0.204275889286E-08   0.000000000000E+00   0.341406250000E+03   0.199571150113E-08   0.000000000000E+00
  312.   0.357812500000E+03   0.114223882566E-08   0.000000000000E+00   0.342187500000E+03   0.111788319204E-08   0.000000000000E+00
  313.   0.357031250000E+03   0.258637313450E-08   0.000000000000E+00   0.342968750000E+03   0.253705699426E-08   0.000000000000E+00
  314.   0.356250000000E+03   0.146000263365E-08   0.000000000000E+00   0.343750000000E+03   0.143478973552E-08   0.000000000000E+00
  315.   0.355468750000E+03   0.331144321370E-08   0.000000000000E+00   0.344531250000E+03   0.326185578637E-08   0.000000000000E+00
  316.   0.354687500000E+03   0.189837083015E-08   0.000000000000E+00   0.345312500000E+03   0.187338201639E-08   0.000000000000E+00
  317.   0.353906250000E+03   0.431779350056E-08   0.000000000000E+00   0.346093750000E+03   0.427125048876E-08   0.000000000000E+00
  318.   0.353125000000E+03   0.254472477157E-08   0.000000000000E+00   0.346875000000E+03   0.252245659752E-08   0.000000000000E+00
  319.   0.352343750000E+03   0.591345060053E-08   0.000000000000E+00   0.347656250000E+03   0.587479805344E-08   0.000000000000E+00
  320.   0.351562500000E+03   0.395782415293E-08   0.000000000000E+00   0.348437500000E+03   0.393878473448E-08   0.000000000000E+00
  321.   0.350781250000E+03   0.858410431219E-08   0.000000000000E+00   0.349218750000E+03   0.856815492008E-08   0.000000000000E+00
  322.   0.350000000000E+03   0.127221688760E-07   0.000000000000E+00   0.350000000000E+03   0.127221688724E-07   0.000000000000E+00
  323.   0.349218750000E+03   0.856815492334E-08   0.000000000000E+00   0.350781250000E+03   0.858410430825E-08   0.000000000000E+00
  324.   0.348437500000E+03   0.393878473852E-08   0.000000000000E+00   0.351562500000E+03   0.395782414959E-08   0.000000000000E+00
  325.   0.347656250000E+03   0.587479805612E-08   0.000000000000E+00   0.352343750000E+03   0.591345059756E-08   0.000000000000E+00
  326.   0.346875000000E+03   0.252245659909E-08   0.000000000000E+00   0.353125000000E+03   0.254472477034E-08   0.000000000000E+00
  327.   0.346093750000E+03   0.427125048880E-08   0.000000000000E+00   0.353906250000E+03   0.431779350084E-08   0.000000000000E+00
  328.   0.345312500000E+03   0.187338201718E-08   0.000000000000E+00   0.354687500000E+03   0.189837083009E-08   0.000000000000E+00
  329.   0.344531250000E+03   0.326185578515E-08   0.000000000000E+00   0.355468750000E+03   0.331144321462E-08   0.000000000000E+00
  330.   0.343750000000E+03   0.143478973802E-08   0.000000000000E+00   0.356250000000E+03   0.146000263550E-08   0.000000000000E+00
  331.   0.342968750000E+03   0.253705699486E-08   0.000000000000E+00   0.357031250000E+03   0.258637313409E-08   0.000000000000E+00
  332.   0.342187500000E+03   0.111788319111E-08   0.000000000000E+00   0.357812500000E+03   0.114223882725E-08   0.000000000000E+00
  333.   0.341406250000E+03   0.199571150151E-08   0.000000000000E+00   0.358593750000E+03   0.204275889290E-08   0.000000000000E+00
  334.   0.340625000000E+03   0.882302183641E-09   0.000000000000E+00   0.359375000000E+03   0.905112505741E-09   0.000000000000E+00
  335.   0.339843750000E+03   0.158112614468E-08   0.000000000000E+00   0.360156250000E+03   0.162471570072E-08   0.000000000000E+00
  336.   0.339062500000E+03   0.700345410384E-09   0.000000000000E+00   0.360937500000E+03   0.721187396775E-09   0.000000000000E+00
  337.   0.338281250000E+03   0.125866398422E-08   0.000000000000E+00   0.361718750000E+03   0.129814557027E-08   0.000000000000E+00
  338.   0.337500000000E+03   0.558638859227E-09   0.000000000000E+00   0.362500000000E+03   0.577317462648E-09   0.000000000000E+00
  339.   0.336718750000E+03   0.100568970175E-08   0.000000000000E+00   0.363281250000E+03   0.104079259485E-08   0.000000000000E+00
  340.   0.335937500000E+03   0.447088214366E-09   0.000000000000E+00   0.364062500000E+03   0.463544965946E-09   0.000000000000E+00
  341.   0.335156250000E+03   0.806065157850E-09   0.000000000000E+00   0.364843750000E+03   0.836769410585E-09   0.000000000000E+00
  342.   0.334375000000E+03   0.358923917829E-09   0.000000000000E+00   0.365625000000E+03   0.373201860585E-09   0.000000000000E+00
  343.   0.333593750000E+03   0.648000276263E-09   0.000000000000E+00   0.366406250000E+03   0.674452479380E-09   0.000000000000E+00
  344.   0.332812500000E+03   0.289018583033E-09   0.000000000000E+00   0.367187500000E+03   0.301223387970E-09   0.000000000000E+00
  345.   0.332031250000E+03   0.522565913265E-09   0.000000000000E+00   0.367968750000E+03   0.545015188107E-09   0.000000000000E+00
  346.   0.331250000000E+03   0.233499670535E-09   0.000000000000E+00   0.368750000000E+03   0.243775107748E-09   0.000000000000E+00
  347.   0.330468750000E+03   0.422894046598E-09   0.000000000000E+00   0.369531250000E+03   0.441647126158E-09   0.000000000000E+00
  348.   0.329687500000E+03   0.189359307741E-09   0.000000000000E+00   0.370312500000E+03   0.197868328350E-09   0.000000000000E+00
  349.   0.328906250000E+03   0.343628985463E-09   0.000000000000E+00   0.371093750000E+03   0.359018176453E-09   0.000000000000E+00
  350.   0.328125000000E+03   0.154244516417E-09   0.000000000000E+00   0.371875000000E+03   0.161156342315E-09   0.000000000000E+00
  351.   0.327343750000E+03   0.280562775987E-09   0.000000000000E+00   0.372656250000E+03   0.292924069263E-09   0.000000000000E+00
  352.   0.326562500000E+03   0.126300200704E-09   0.000000000000E+00   0.373437500000E+03   0.131781475682E-09   0.000000000000E+00
  353.   0.325781250000E+03   0.230371730084E-09   0.000000000000E+00   0.374218750000E+03   0.240030317732E-09   0.000000000000E+00
  354.   0.325000000000E+03   0.104058313592E-09   0.000000000000E+00   0.375000000000E+03   0.108267488457E-09   0.000000000000E+00
  355.   0.324218750000E+03   0.190422306871E-09   0.000000000000E+00   0.375781250000E+03   0.197683590750E-09   0.000000000000E+00
  356.   0.323437500000E+03   0.863540471098E-10   0.000000000000E+00   0.376562500000E+03   0.894380127447E-10   0.000000000000E+00
  357.   0.322656250000E+03   0.158623571791E-09   0.000000000000E+00   0.377343750000E+03   0.163768115279E-09   0.000000000000E+00
  358.   0.321875000000E+03   0.722617994517E-10   0.000000000000E+00   0.378125000000E+03   0.743541895531E-10   0.000000000000E+00
  359.   0.321093750000E+03   0.133313347172E-09   0.000000000000E+00   0.378906250000E+03   0.136594601220E-09   0.000000000000E+00
  360.   0.320312500000E+03   0.610453650133E-10   0.000000000000E+00   0.379687500000E+03   0.622659745927E-10   0.000000000000E+00
  361.   0.319531250000E+03   0.113169280132E-09   0.000000000000E+00   0.380468750000E+03   0.114813188129E-09   0.000000000000E+00
  362.   0.318750000000E+03   0.521188289702E-10   0.000000000000E+00   0.381250000000E+03   0.525737922573E-10   0.000000000000E+00
  363.   0.317968750000E+03   0.971388678543E-10   0.000000000000E+00   0.382031250000E+03   0.973447182183E-10   0.000000000000E+00
  364.   0.317187500000E+03   0.450157487364E-10   0.000000000000E+00   0.382812500000E+03   0.447982258456E-10   0.000000000000E+00
  365.   0.316406250000E+03   0.843841429540E-10   0.000000000000E+00   0.383593750000E+03   0.833261909837E-10   0.000000000000E+00
  366.   0.315625000000E+03   0.393647076911E-10   0.000000000000E+00   0.384375000000E+03   0.385557963979E-10   0.000000000000E+00
  367.   0.314843750000E+03   0.742378297434E-10   0.000000000000E+00   0.385156250000E+03   0.720673325195E-10   0.000000000000E+00
  368.   0.314062500000E+03   0.348699072266E-10   0.000000000000E+00   0.385937500000E+03   0.335397566502E-10   0.000000000000E+00
  369.   0.313281250000E+03   0.661685137440E-10   0.000000000000E+00   0.386718750000E+03   0.630159626115E-10   0.000000000000E+00
  370.   0.312500000000E+03   0.312957545477E-10   0.000000000000E+00   0.387500000000E+03   0.295047109545E-10   0.000000000000E+00
  371.   0.311718750000E+03   0.597529430968E-10   0.000000000000E+00   0.388281250000E+03   0.557303404798E-10   0.000000000000E+00
  372.   0.310937500000E+03   0.284546189403E-10   0.000000000000E+00   0.389062500000E+03   0.262543426010E-10   0.000000000000E+00
  373.   0.310156250000E+03   0.546540101150E-10   0.000000000000E+00   0.389843750000E+03   0.498570538559E-10   0.000000000000E+00
  374.   0.309375000000E+03   0.261970399363E-10   0.000000000000E+00   0.390625000000E+03   0.236315753215E-10   0.000000000000E+00
  375.   0.308593750000E+03   0.506032057096E-10   0.000000000000E+00   0.391406250000E+03   0.451133610438E-10   0.000000000000E+00
  376.   0.307812500000E+03   0.244039908390E-10   0.000000000000E+00   0.392187500000E+03   0.215107514748E-10   0.000000000000E+00
  377.   0.307031250000E+03   0.473866585592E-10   0.000000000000E+00   0.392968750000E+03   0.412730516596E-10   0.000000000000E+00
  378.   0.306250000000E+03   0.229806389028E-10   0.000000000000E+00   0.393750000000E+03   0.197913316448E-10   0.000000000000E+00
  379.   0.305468750000E+03   0.448340139463E-10   0.000000000000E+00   0.394531250000E+03   0.381551396033E-10   0.000000000000E+00
  380.   0.304687500000E+03   0.218514551145E-10   0.000000000000E+00   0.395312500000E+03   0.183928765604E-10   0.000000000000E+00
  381.   0.303906250000E+03   0.428095821586E-10   0.000000000000E+00   0.396093750000E+03   0.356148298979E-10   0.000000000000E+00
  382.   0.303125000000E+03   0.209562931869E-10   0.000000000000E+00   0.396875000000E+03   0.172510315450E-10   0.000000000000E+00
  383.   0.302343750000E+03   0.412052812141E-10   0.000000000000E+00   0.397656250000E+03   0.335362775349E-10   0.000000000000E+00
  384.   0.301562500000E+03   0.202472198211E-10   0.000000000000E+00   0.398437500000E+03   0.163143135544E-10   0.000000000000E+00
  385.   0.300781250000E+03   0.399350268164E-10   0.000000000000E+00   0.399218750000E+03   0.318268049641E-10   0.000000000000E+00
  386.   0.300000000000E+03   0.196860885751E-10   0.000000000000E+00   0.400000000000E+03   0.155415340584E-10   0.000000000000E+00
  387.   0.299218750000E+03   0.389302523268E-10   0.000000000000E+00   0.400781250000E+03   0.304122706679E-10   0.000000000000E+00
  388.   0.298437500000E+03   0.192424865555E-10   0.000000000000E+00   0.401562500000E+03   0.148997406610E-10   0.000000000000E+00
  389.   0.297656250000E+03   0.381363413664E-10   0.000000000000E+00   0.402343750000E+03   0.292333614308E-10   0.000000000000E+00
  390.   0.296875000000E+03   0.188922066758E-10   0.000000000000E+00   0.403125000000E+03   0.143625784495E-10   0.000000000000E+00
  391.   0.296093750000E+03   0.375097969630E-10   0.000000000000E+00   0.403906250000E+03   0.282426313870E-10   0.000000000000E+00
  392.   0.295312500000E+03   0.186159650285E-10   0.000000000000E+00   0.404687500000E+03   0.139089576316E-10   0.000000000000E+00
  393.   0.294531250000E+03   0.370159745274E-10   0.000000000000E+00   0.405468750000E+03   0.274021308213E-10   0.000000000000E+00
  394.   0.293750000000E+03   0.183984018466E-10   0.000000000000E+00   0.406250000000E+03   0.135220185567E-10   0.000000000000E+00
  395.   0.292968750000E+03   0.366272848942E-10   0.000000000000E+00   0.407031250000E+03   0.266815039484E-10   0.000000000000E+00
  396.   0.292187500000E+03   0.182272802403E-10   0.000000000000E+00   0.407812500000E+03   0.131882666282E-10   0.000000000000E+00
  397.   0.291406250000E+03   0.363217504024E-10   0.000000000000E+00   0.408593750000E+03   0.260564745630E-10   0.000000000000E+00
  398.   0.290625000000E+03   0.180928670767E-10   0.000000000000E+00   0.409375000000E+03   0.128969220907E-10   0.000000000000E+00
  399.   0.289843750000E+03   0.360818705122E-10   0.000000000000E+00   0.410156250000E+03   0.255076296935E-10   0.000000000000E+00
  400.   0.289062500000E+03   0.179874032079E-10   0.000000000000E+00   0.410937500000E+03   0.126393529651E-10   0.000000000000E+00
  401.   0.288281250000E+03   0.358937131136E-10   0.000000000000E+00   0.411718750000E+03   0.250194452453E-10   0.000000000000E+00
  402.   0.287500000000E+03   0.179047084956E-10   0.000000000000E+00   0.412500000000E+03   0.124086634022E-10   0.000000000000E+00
  403.   0.286718750000E+03   0.357461785995E-10   0.000000000000E+00   0.413281250000E+03   0.245795156704E-10   0.000000000000E+00
  404.   0.285937500000E+03   0.178398644772E-10   0.000000000000E+00   0.414062500000E+03   0.121993494987E-10   0.000000000000E+00
  405.   0.285156250000E+03   0.356304264954E-10   0.000000000000E+00   0.414843750000E+03   0.241779226401E-10   0.000000000000E+00
  406.   0.284375000000E+03   0.177889533940E-10   0.000000000000E+00   0.415625000000E+03   0.120069984952E-10   0.000000000000E+00
  407.   0.283593750000E+03   0.355394209363E-10   0.000000000000E+00   0.416406250000E+03   0.238067401162E-10   0.000000000000E+00
  408.   0.282812500000E+03   0.177488553614E-10   0.000000000000E+00   0.417187500000E+03   0.118280940864E-10   0.000000000000E+00
  409.   0.282031250000E+03   0.354675608398E-10   0.000000000000E+00   0.417968750000E+03   0.234596378028E-10   0.000000000000E+00
  410.   0.281250000000E+03   0.177170889949E-10   0.000000000000E+00   0.418750000000E+03   0.116598197130E-10   0.000000000000E+00
  411.   0.280468750000E+03   0.354103890508E-10   0.000000000000E+00   0.419531250000E+03   0.231315620039E-10   0.000000000000E+00
  412.   0.279687500000E+03   0.176916797227E-10   0.000000000000E+00   0.420312500000E+03   0.114999402535E-10   0.000000000000E+00
  413.   0.278906250000E+03   0.353643573213E-10   0.000000000000E+00   0.421093750000E+03   0.228184779415E-10   0.000000000000E+00
  414.   0.278125000000E+03   0.176710504180E-10   0.000000000000E+00   0.421875000000E+03   0.113466608702E-10   0.000000000000E+00
  415.   0.277343750000E+03   0.353266408781E-10   0.000000000000E+00   0.422656250000E+03   0.225171693809E-10   0.000000000000E+00
  416.   0.276562500000E+03   0.176539549139E-10   0.000000000000E+00   0.423437500000E+03   0.111985560004E-10   0.000000000000E+00
  417.   0.275781250000E+03   0.352949918068E-10   0.000000000000E+00   0.424218750000E+03   0.222250742347E-10   0.000000000000E+00
  418.   0.275000000000E+03   0.176393903761E-10   0.000000000000E+00   0.425000000000E+03   0.110544899940E-10   0.000000000000E+00
  419.   0.274218750000E+03   0.352676188823E-10   0.000000000000E+00   0.425781250000E+03   0.219401531773E-10   0.000000000000E+00
  420.   0.273437500000E+03   0.176265731918E-10   0.000000000000E+00   0.426562500000E+03   0.109135578918E-10   0.000000000000E+00
  421.   0.272656250000E+03   0.352431058957E-10   0.000000000000E+00   0.427343750000E+03   0.216607823495E-10   0.000000000000E+00
  422.   0.271875000000E+03   0.176148677631E-10   0.000000000000E+00   0.428125000000E+03   0.107750428233E-10   0.000000000000E+00
  423.   0.271093750000E+03   0.352203205958E-10   0.000000000000E+00   0.428906250000E+03   0.213856747327E-10   0.000000000000E+00
  424.   0.270312500000E+03   0.176037779109E-10   0.000000000000E+00   0.429687500000E+03   0.106383766023E-10   0.000000000000E+00
  425.   0.269531250000E+03   0.351983623445E-10   0.000000000000E+00   0.430468750000E+03   0.211138117508E-10   0.000000000000E+00
  426.   0.268750000000E+03   0.175929035578E-10   0.000000000000E+00   0.431250000000E+03   0.105031083767E-10   0.000000000000E+00
  427.   0.267968750000E+03   0.351765213505E-10   0.000000000000E+00   0.432031250000E+03   0.208443902088E-10   0.000000000000E+00
  428.   0.267187500000E+03   0.175819283958E-10   0.000000000000E+00   0.432812500000E+03   0.103688810282E-10   0.000000000000E+00
  429.   0.266406250000E+03   0.351542297942E-10   0.000000000000E+00   0.433593750000E+03   0.205767748915E-10   0.000000000000E+00
  430.   0.265625000000E+03   0.175706040193E-10   0.000000000000E+00   0.434375000000E+03   0.102354194650E-10   0.000000000000E+00
  431.   0.264843750000E+03   0.351310412465E-10   0.000000000000E+00   0.435156250000E+03   0.203104702815E-10   0.000000000000E+00
  432.   0.264062500000E+03   0.175587319665E-10   0.000000000000E+00   0.435937500000E+03   0.101025039996E-10   0.000000000000E+00
  433.   0.263281250000E+03   0.351065996004E-10   0.000000000000E+00   0.436718750000E+03   0.200450905074E-10   0.000000000000E+00
  434.   0.262500000000E+03   0.175461519576E-10   0.000000000000E+00   0.437500000000E+03   0.996996959462E-11   0.000000000000E+00
  435.   0.261718750000E+03   0.350806226989E-10   0.000000000000E+00   0.438281250000E+03   0.197803365754E-10   0.000000000000E+00
  436.   0.260937500000E+03   0.175327472161E-10   0.000000000000E+00   0.439062500000E+03   0.983768371222E-11   0.000000000000E+00
  437.   0.260156250000E+03   0.350528904365E-10   0.000000000000E+00   0.439843750000E+03   0.195159836045E-10   0.000000000000E+00
  438.   0.259375000000E+03   0.175184176293E-10   0.000000000000E+00   0.440625000000E+03   0.970554796158E-11   0.000000000000E+00
  439.   0.258593750000E+03   0.350232328326E-10   0.000000000000E+00   0.441406250000E+03   0.192518584609E-10   0.000000000000E+00
  440.   0.257812500000E+03   0.175030825222E-10   0.000000000000E+00   0.442187500000E+03   0.957349096987E-11   0.000000000000E+00
  441.   0.257031250000E+03   0.349915099143E-10   0.000000000000E+00   0.442968750000E+03   0.189878359780E-10   0.000000000000E+00
  442.   0.256250000000E+03   0.174866843040E-10   0.000000000000E+00   0.443750000000E+03   0.944145377116E-11   0.000000000000E+00
  443.   0.255468750000E+03   0.349576133227E-10   0.000000000000E+00   0.444531250000E+03   0.187238269063E-10   0.000000000000E+00
  444.   0.254687500000E+03   0.174691781909E-10   0.000000000000E+00   0.445312500000E+03   0.930941180313E-11   0.000000000000E+00
  445.   0.253906250000E+03   0.349214608403E-10   0.000000000000E+00   0.446093750000E+03   0.184597704643E-10   0.000000000000E+00
  446.   0.253125000000E+03   0.174505241719E-10   0.000000000000E+00   0.446875000000E+03   0.917733231385E-11   0.000000000000E+00
  447.   0.252343750000E+03   0.348829888638E-10   0.000000000000E+00   0.447656250000E+03   0.181956298183E-10   0.000000000000E+00
  448.   0.251562500000E+03   0.174307001678E-10   0.000000000000E+00   0.448437500000E+03   0.904520266882E-11   0.000000000000E+00
  449.   0.250781250000E+03   0.348421491974E-10   0.000000000000E+00   0.449218750000E+03   0.179313844782E-10   0.000000000000E+00
  450.   0.250000000000E+03   0.174096797838E-10   0.000000000000E+00   0.450000000000E+03   0.891301897880E-11   0.000000000000E+00
  451.   0.249218750000E+03   0.347989043340E-10   0.000000000000E+00   0.450781250000E+03   0.176670314321E-10   0.000000000000E+00
  452.   0.248437500000E+03   0.173874508734E-10   0.000000000000E+00   0.451562500000E+03   0.878078470043E-11   0.000000000000E+00
  453.   0.247656250000E+03   0.347532281762E-10   0.000000000000E+00   0.452343750000E+03   0.174025796514E-10   0.000000000000E+00
  454.   0.246875000000E+03   0.173639969822E-10   0.000000000000E+00   0.453125000000E+03   0.864850480378E-11   0.000000000000E+00
  455.   0.246093750000E+03   0.347050986066E-10   0.000000000000E+00   0.453906250000E+03   0.171380478941E-10   0.000000000000E+00
  456.   0.245312500000E+03   0.173393125346E-10   0.000000000000E+00   0.454687500000E+03   0.851618780457E-11   0.000000000000E+00
  457.   0.244531250000E+03   0.346545061393E-10   0.000000000000E+00   0.455468750000E+03   0.168734616217E-10   0.000000000000E+00
  458.   0.243750000000E+03   0.173133966402E-10   0.000000000000E+00   0.456250000000E+03   0.838385294917E-11   0.000000000000E+00
  459.   0.242968750000E+03   0.346014372770E-10   0.000000000000E+00   0.457031250000E+03   0.166088522416E-10   0.000000000000E+00
  460.   0.242187500000E+03   0.172862391704E-10   0.000000000000E+00   0.457812500000E+03   0.825151750850E-11   0.000000000000E+00
  461.   0.241406250000E+03   0.345458884896E-10   0.000000000000E+00   0.458593750000E+03   0.163442568223E-10   0.000000000000E+00
  462.   0.240625000000E+03   0.172578455258E-10   0.000000000000E+00   0.459375000000E+03   0.811919695565E-11   0.000000000000E+00
  463.   0.239843750000E+03   0.344878612843E-10   0.000000000000E+00   0.460156250000E+03   0.160797203021E-10   0.000000000000E+00
  464.   0.239062500000E+03   0.172282059030E-10   0.000000000000E+00   0.460937500000E+03   0.798691667064E-11   0.000000000000E+00
  465.   0.238281250000E+03   0.344273552606E-10   0.000000000000E+00   0.461718750000E+03   0.158152871109E-10   0.000000000000E+00
  466.   0.237500000000E+03   0.171973300549E-10   0.000000000000E+00   0.462500000000E+03   0.785470001037E-11   0.000000000000E+00
  467.   0.236718750000E+03   0.343643699243E-10   0.000000000000E+00   0.463281250000E+03   0.155510035570E-10   0.000000000000E+00
  468.   0.235937500000E+03   0.171652168352E-10   0.000000000000E+00   0.464062500000E+03   0.772257112805E-11   0.000000000000E+00
  469.   0.235156250000E+03   0.342989158914E-10   0.000000000000E+00   0.464843750000E+03   0.152869209333E-10   0.000000000000E+00
  470.   0.234375000000E+03   0.171318709983E-10   0.000000000000E+00   0.465625000000E+03   0.759055725924E-11   0.000000000000E+00
  471.   0.233593750000E+03   0.342309929327E-10   0.000000000000E+00   0.466406250000E+03   0.150230908327E-10   0.000000000000E+00
  472.   0.232812500000E+03   0.170972878989E-10   0.000000000000E+00   0.467187500000E+03   0.745868283475E-11   0.000000000000E+00
  473.   0.232031250000E+03   0.341606066681E-10   0.000000000000E+00   0.467968750000E+03   0.147595695232E-10   0.000000000000E+00
  474.   0.231250000000E+03   0.170614787506E-10   0.000000000000E+00   0.468750000000E+03   0.732697634489E-11   0.000000000000E+00
  475.   0.230468750000E+03   0.340877698627E-10   0.000000000000E+00   0.469531250000E+03   0.144964114309E-10   0.000000000000E+00
  476.   0.229687500000E+03   0.170244439971E-10   0.000000000000E+00   0.470312500000E+03   0.719546514627E-11   0.000000000000E+00
  477.   0.228906250000E+03   0.340124867439E-10   0.000000000000E+00   0.471093750000E+03   0.142336729089E-10   0.000000000000E+00
  478.   0.228125000000E+03   0.169861894893E-10   0.000000000000E+00   0.471875000000E+03   0.706417714254E-11   0.000000000000E+00
  479.   0.227343750000E+03   0.339347632159E-10   0.000000000000E+00   0.472656250000E+03   0.139714115729E-10   0.000000000000E+00
  480.   0.226562500000E+03   0.169467209453E-10   0.000000000000E+00   0.473437500000E+03   0.693314335071E-11   0.000000000000E+00
  481.   0.225781250000E+03   0.338546132455E-10   0.000000000000E+00   0.474218750000E+03   0.137096903437E-10   0.000000000000E+00
  482.   0.225000000000E+03   0.169060415821E-10   0.000000000000E+00   0.475000000000E+03   0.680239664819E-11   0.000000000000E+00
  483.   0.224218750000E+03   0.337720416873E-10   0.000000000000E+00   0.475781250000E+03   0.134485706504E-10   0.000000000000E+00
  484.   0.223437500000E+03   0.168641491446E-10   0.000000000000E+00   0.476562500000E+03   0.667196690411E-11   0.000000000000E+00
  485.   0.222656250000E+03   0.336870617739E-10   0.000000000000E+00   0.477343750000E+03   0.131881130519E-10   0.000000000000E+00
  486.   0.221875000000E+03   0.168210548966E-10   0.000000000000E+00   0.478125000000E+03   0.654188487873E-11   0.000000000000E+00
  487.   0.221093750000E+03   0.335996815321E-10   0.000000000000E+00   0.478906250000E+03   0.129283830292E-10   0.000000000000E+00
  488.   0.220312500000E+03   0.167767570556E-10   0.000000000000E+00   0.479687500000E+03   0.641218097130E-11   0.000000000000E+00
  489.   0.219531250000E+03   0.335099085233E-10   0.000000000000E+00   0.480468750000E+03   0.126694465968E-10   0.000000000000E+00
  490.   0.218750000000E+03   0.167312742921E-10   0.000000000000E+00   0.481250000000E+03   0.628289101348E-11   0.000000000000E+00
  491.   0.217968750000E+03   0.334177550154E-10   0.000000000000E+00   0.482031250000E+03   0.124113703673E-10   0.000000000000E+00
  492.   0.217187500000E+03   0.166846019006E-10   0.000000000000E+00   0.482812500000E+03   0.615404921663E-11   0.000000000000E+00
  493.   0.216406250000E+03   0.333232309443E-10   0.000000000000E+00   0.483593750000E+03   0.121542257931E-10   0.000000000000E+00
  494.   0.215625000000E+03   0.166367463290E-10   0.000000000000E+00   0.484375000000E+03   0.602569046477E-11   0.000000000000E+00
  495.   0.214843750000E+03   0.332263466738E-10   0.000000000000E+00   0.485156250000E+03   0.118980864444E-10   0.000000000000E+00
  496.   0.214062500000E+03   0.165877126788E-10   0.000000000000E+00   0.485937500000E+03   0.589785366158E-11   0.000000000000E+00
  497.   0.213281250000E+03   0.331271109088E-10   0.000000000000E+00   0.486718750000E+03   0.116430280450E-10   0.000000000000E+00
  498.   0.212500000000E+03   0.165375075811E-10   0.000000000000E+00   0.487500000000E+03   0.577057677319E-11   0.000000000000E+00
  499.   0.211718750000E+03   0.330255332642E-10   0.000000000000E+00   0.488281250000E+03   0.113891332025E-10   0.000000000000E+00
  500.   0.210937500000E+03   0.164861314051E-10   0.000000000000E+00   0.489062500000E+03   0.564390449924E-11   0.000000000000E+00
  501.   0.210156250000E+03   0.329216229440E-10   0.000000000000E+00   0.489843750000E+03   0.111364894339E-10   0.000000000000E+00
  502.   0.209375000000E+03   0.164335888819E-10   0.000000000000E+00   0.490625000000E+03   0.551787992341E-11   0.000000000000E+00
  503.   0.208593750000E+03   0.328153909105E-10   0.000000000000E+00   0.491406250000E+03   0.108851896510E-10   0.000000000000E+00
  504.   0.207812500000E+03   0.163798958310E-10   0.000000000000E+00   0.492187500000E+03   0.539255056949E-11   0.000000000000E+00
  505.   0.207031250000E+03   0.327068486864E-10   0.000000000000E+00   0.492968750000E+03   0.106353362162E-10   0.000000000000E+00
  506.   0.206250000000E+03   0.163250491953E-10   0.000000000000E+00   0.493750000000E+03   0.526797127951E-11   0.000000000000E+00
  507.   0.205468750000E+03   0.325960065835E-10   0.000000000000E+00   0.494531250000E+03   0.103870408092E-10   0.000000000000E+00
  508.   0.204687500000E+03   0.162690529516E-10   0.000000000000E+00   0.495312500000E+03   0.514420105779E-11   0.000000000000E+00
  509.   0.203906250000E+03   0.324828753230E-10   0.000000000000E+00   0.496093750000E+03   0.101404280774E-10   0.000000000000E+00
  510.   0.203125000000E+03   0.162119142572E-10   0.000000000000E+00   0.496875000000E+03   0.502130536543E-11   0.000000000000E+00
  511.   0.202343750000E+03   0.323674635295E-10   0.000000000000E+00   0.497656250000E+03   0.989563961803E-11   0.000000000000E+00
  512.   0.201562500000E+03   0.161536366621E-10   0.000000000000E+00   0.498437500000E+03   0.489935996571E-11   0.000000000000E+00
  513.   0.200781250000E+03   0.322497801384E-10   0.000000000000E+00   0.499218750000E+03   0.965283706482E-11   0.000000000000E+00
  514.   0.200000000000E+03   0.160942260428E-10   0.000000000000E+00   0.500000000000E+03   0.477845009591E-11   0.000000000000E+00
  515.   0.199218750000E+03   0.321298372614E-10   0.000000000000E+00   0.500781250000E+03   0.941220595582E-11   0.000000000000E+00
  516.   0.198437500000E+03   0.160336895392E-10   0.000000000000E+00   0.501562500000E+03   0.465867601935E-11   0.000000000000E+00
  517.   0.197656250000E+03   0.320076451675E-10   0.000000000000E+00   0.502343750000E+03   0.917396425911E-11   0.000000000000E+00
  518.   0.196875000000E+03   0.159720335469E-10   0.000000000000E+00   0.503125000000E+03   0.454015597102E-11   0.000000000000E+00
  519.   0.196093750000E+03   0.318832135017E-10   0.000000000000E+00   0.503906250000E+03   0.893837079860E-11   0.000000000000E+00
  520.   0.195312500000E+03   0.159092598366E-10   0.000000000000E+00   0.504687500000E+03   0.442303000632E-11   0.000000000000E+00
  521.   0.194531250000E+03   0.317565500275E-10   0.000000000000E+00   0.505468750000E+03   0.870573017324E-11   0.000000000000E+00
  522.   0.193750000000E+03   0.158453681690E-10   0.000000000000E+00   0.506250000000E+03   0.430746424232E-11   0.000000000000E+00
  523.   0.192968750000E+03   0.316276669433E-10   0.000000000000E+00   0.507031250000E+03   0.847641108649E-11   0.000000000000E+00
  524.   0.192187500000E+03   0.157803727294E-10   0.000000000000E+00   0.507812500000E+03   0.419365994325E-11   0.000000000000E+00
  525.   0.191406250000E+03   0.314965736752E-10   0.000000000000E+00   0.508593750000E+03   0.825085983346E-11   0.000000000000E+00
  526.   0.190625000000E+03   0.157142733388E-10   0.000000000000E+00   0.509375000000E+03   0.408186023104E-11   0.000000000000E+00
  527.   0.189843750000E+03   0.313632811105E-10   0.000000000000E+00   0.510156250000E+03   0.802961904371E-11   0.000000000000E+00
  528.   0.189062500000E+03   0.156470797412E-10   0.000000000000E+00   0.510937500000E+03   0.397236618583E-11   0.000000000000E+00
  529.   0.188281250000E+03   0.312278011823E-10   0.000000000000E+00   0.511718750000E+03   0.781335335495E-11   0.000000000000E+00
  530.   0.187500000000E+03   0.155787896092E-10   0.000000000000E+00   0.512500000000E+03   0.386554268984E-11   0.000000000000E+00
  531.   0.186718750000E+03   0.310901395069E-10   0.000000000000E+00   0.513281250000E+03   0.760287953275E-11   0.000000000000E+00
  532.   0.185937500000E+03   0.155094134725E-10   0.000000000000E+00   0.514062500000E+03   0.376184044992E-11   0.000000000000E+00
  533.   0.185156250000E+03   0.309503088125E-10   0.000000000000E+00   0.514843750000E+03   0.739920520670E-11   0.000000000000E+00
  534.   0.184375000000E+03   0.154389574526E-10   0.000000000000E+00   0.515625000000E+03   0.366181730356E-11   0.000000000000E+00
  535.   0.183593750000E+03   0.308083216738E-10   0.000000000000E+00   0.516406250000E+03   0.720357906555E-11   0.000000000000E+00
  536.   0.182812500000E+03   0.153674236318E-10   0.000000000000E+00   0.517187500000E+03   0.356616343795E-11   0.000000000000E+00
  537.   0.182031250000E+03   0.306641832387E-10   0.000000000000E+00   0.517968750000E+03   0.701755068816E-11   0.000000000000E+00
  538.   0.181250000000E+03   0.152948192671E-10   0.000000000000E+00   0.518750000000E+03   0.347573667374E-11   0.000000000000E+00
  539.   0.180468750000E+03   0.305179037132E-10   0.000000000000E+00   0.519531250000E+03   0.684304552892E-11   0.000000000000E+00
  540.   0.179687500000E+03   0.152211442289E-10   0.000000000000E+00   0.520312500000E+03   0.339160551669E-11   0.000000000000E+00
  541.   0.178906250000E+03   0.303694939861E-10   0.000000000000E+00   0.521093750000E+03   0.668246236100E-11   0.000000000000E+00
  542.   0.178125000000E+03   0.151464077652E-10   0.000000000000E+00   0.521875000000E+03   0.331510062861E-11   0.000000000000E+00
  543.   0.177343750000E+03   0.302189640721E-10   0.000000000000E+00   0.522656250000E+03   0.653879306297E-11   0.000000000000E+00
  544.   0.176562500000E+03   0.150706122863E-10   0.000000000000E+00   0.523437500000E+03   0.324788285786E-11   0.000000000000E+00
  545.   0.175781250000E+03   0.300663241816E-10   0.000000000000E+00   0.524218750000E+03   0.641577311024E-11   0.000000000000E+00
  546.   0.175000000000E+03   0.149937641280E-10   0.000000000000E+00   0.525000000000E+03   0.319202711977E-11   0.000000000000E+00
  547.   0.174218750000E+03   0.299115860865E-10   0.000000000000E+00   0.525781250000E+03   0.631807171767E-11   0.000000000000E+00
  548.   0.173437500000E+03   0.149158745560E-10   0.000000000000E+00   0.526562500000E+03   0.315012629288E-11   0.000000000000E+00
  549.   0.172656250000E+03   0.297547540258E-10   0.000000000000E+00   0.527343750000E+03   0.625152712858E-11   0.000000000000E+00
  550.   0.171875000000E+03   0.148369355839E-10   0.000000000000E+00   0.528125000000E+03   0.312542603428E-11   0.000000000000E+00
  551.   0.171093750000E+03   0.295958389281E-10   0.000000000000E+00   0.528906250000E+03   0.622344501284E-11   0.000000000000E+00
  552.   0.170312500000E+03   0.147569566612E-10   0.000000000000E+00   0.529687500000E+03   0.312198653459E-11   0.000000000000E+00
  553.   0.169531250000E+03   0.294348542723E-10   0.000000000000E+00   0.530468750000E+03   0.624297111672E-11   0.000000000000E+00
  554.   0.168750000000E+03   0.146759468275E-10   0.000000000000E+00   0.531250000000E+03   0.314489212352E-11   0.000000000000E+00
  555.   0.167968750000E+03   0.292718051367E-10   0.000000000000E+00   0.532031250000E+03   0.632155888648E-11   0.000000000000E+00
  556.   0.167187500000E+03   0.145939106265E-10   0.000000000000E+00   0.532812500000E+03   0.320051150628E-11   0.000000000000E+00
  557.   0.166406250000E+03   0.291067015962E-10   0.000000000000E+00   0.533593750000E+03   0.647355610985E-11   0.000000000000E+00
  558.   0.165625000000E+03   0.145108425476E-10   0.000000000000E+00   0.534375000000E+03   0.329682309132E-11   0.000000000000E+00
  559.   0.164843750000E+03   0.289395532099E-10   0.000000000000E+00   0.535156250000E+03   0.671694082791E-11   0.000000000000E+00
  560.   0.164062500000E+03   0.144267594928E-10   0.000000000000E+00   0.535937500000E+03   0.344382636789E-11   0.000000000000E+00
  561.   0.163281250000E+03   0.287703691850E-10   0.000000000000E+00   0.536718750000E+03   0.707424337161E-11   0.000000000000E+00
  562.   0.162500000000E+03   0.143416603182E-10   0.000000000000E+00   0.537500000000E+03   0.365405077892E-11   0.000000000000E+00
  563.   0.161718750000E+03   0.285991588738E-10   0.000000000000E+00   0.538281250000E+03   0.757370204851E-11   0.000000000000E+00
  564.   0.160937500000E+03   0.142555444484E-10   0.000000000000E+00   0.539062500000E+03   0.394320287398E-11   0.000000000000E+00
  565.   0.160156250000E+03   0.284259288859E-10   0.000000000000E+00   0.539843750000E+03   0.825071745429E-11   0.000000000000E+00
  566.   0.159375000000E+03   0.141684264496E-10   0.000000000000E+00   0.540625000000E+03   0.433097608977E-11   0.000000000000E+00
  567.   0.158593750000E+03   0.282506869918E-10   0.000000000000E+00   0.541406250000E+03   0.914967064299E-11   0.000000000000E+00
  568.   0.157812500000E+03   0.140803026116E-10   0.000000000000E+00   0.542187500000E+03   0.484205596290E-11   0.000000000000E+00
  569.   0.157031250000E+03   0.280734429550E-10   0.000000000000E+00   0.542968750000E+03   0.103262047182E-10   0.000000000000E+00
  570.   0.156250000000E+03   0.139911797297E-10   0.000000000000E+00   0.543750000000E+03   0.550739678005E-11   0.000000000000E+00
  571.   0.155468750000E+03   0.278942055101E-10   0.000000000000E+00   0.544531250000E+03   0.118500886474E-10   0.000000000000E+00
  572.   0.154687500000E+03   0.139010626936E-10   0.000000000000E+00   0.545312500000E+03   0.636581136796E-11   0.000000000000E+00
  573.   0.153906250000E+03   0.277129814236E-10   0.000000000000E+00   0.546093750000E+03   0.138088073210E-10   0.000000000000E+00
  574.   0.153125000000E+03   0.138099542090E-10   0.000000000000E+00   0.546875000000E+03   0.746596740043E-11   0.000000000000E+00
  575.   0.152343750000E+03   0.275297768229E-10   0.000000000000E+00   0.547656250000E+03   0.163120640969E-10   0.000000000000E+00
  576.   0.151562500000E+03   0.137178590186E-10   0.000000000000E+00   0.548437500000E+03   0.886889507492E-11   0.000000000000E+00
  577.   0.150781250000E+03   0.273445974046E-10   0.000000000000E+00   0.549218750000E+03   0.194974264224E-10   0.000000000000E+00
  578.   0.150000000000E+03   0.136247730073E-10   0.000000000000E+00   0.550000000000E+03   0.106511255908E-10   0.000000000000E+00
  579.   0.149218750000E+03   0.271574467965E-10   0.000000000000E+00   0.550781250000E+03   0.235374080224E-10   0.000000000000E+00
  580.   0.148437500000E+03   0.135307078704E-10   0.000000000000E+00   0.551562500000E+03   0.129086331078E-10   0.000000000000E+00
  581.   0.147656250000E+03   0.269683320962E-10   0.000000000000E+00   0.552343750000E+03   0.286483486883E-10   0.000000000000E+00
  582.   0.146875000000E+03   0.134356593331E-10   0.000000000000E+00   0.553125000000E+03   0.157617713080E-10   0.000000000000E+00
  583.   0.146093750000E+03   0.267772571674E-10   0.000000000000E+00   0.553906250000E+03   0.351015486845E-10   0.000000000000E+00
  584.   0.145312500000E+03   0.133396321163E-10   0.000000000000E+00   0.554687500000E+03   0.193614694688E-10   0.000000000000E+00
  585.   0.144531250000E+03   0.265842214411E-10   0.000000000000E+00   0.555468750000E+03   0.432372269709E-10   0.000000000000E+00
  586.   0.143750000000E+03   0.132426211810E-10   0.000000000000E+00   0.556250000000E+03   0.238969943716E-10   0.000000000000E+00
  587.   0.142968750000E+03   0.263892273276E-10   0.000000000000E+00   0.557031250000E+03   0.534820187628E-10   0.000000000000E+00
  588.   0.142187500000E+03   0.131446336590E-10   0.000000000000E+00   0.557812500000E+03   0.296056770044E-10   0.000000000000E+00
  589.   0.141406250000E+03   0.261922723178E-10   0.000000000000E+00   0.558593750000E+03   0.663708994233E-10   0.000000000000E+00
  590.   0.140625000000E+03   0.130456629945E-10   0.000000000000E+00   0.559375000000E+03   0.367851042019E-10   0.000000000000E+00
  591.   0.139843750000E+03   0.259933523296E-10   0.000000000000E+00   0.560156250000E+03   0.825746429791E-10   0.000000000000E+00
  592.   0.139062500000E+03   0.129457111972E-10   0.000000000000E+00   0.560937500000E+03   0.458083763685E-10   0.000000000000E+00
  593.   0.138281250000E+03   0.257924589945E-10   0.000000000000E+00   0.561718750000E+03   0.102934194073E-09   0.000000000000E+00
  594.   0.137500000000E+03   0.128447715990E-10   0.000000000000E+00   0.562500000000E+03   0.571432024621E-10   0.000000000000E+00
  595.   0.136718750000E+03   0.255895815430E-10   0.000000000000E+00   0.563281250000E+03   0.128503653501E-09   0.000000000000E+00
  596.   0.135937500000E+03   0.127428340901E-10   0.000000000000E+00   0.564062500000E+03   0.713757709893E-10   0.000000000000E+00
  597.   0.135156250000E+03   0.253847057621E-10   0.000000000000E+00   0.564843750000E+03   0.160603974985E-09   0.000000000000E+00
  598.   0.134375000000E+03   0.126398912156E-10   0.000000000000E+00   0.565625000000E+03   0.892405503003E-10   0.000000000000E+00
  599.   0.133593750000E+03   0.251778064519E-10   0.000000000000E+00   0.566406250000E+03   0.200889928643E-09   0.000000000000E+00
  600.   0.132812500000E+03   0.125359320146E-10   0.000000000000E+00   0.567187500000E+03   0.111657428321E-09   0.000000000000E+00
  601.   0.132031250000E+03   0.249688538055E-10   0.000000000000E+00   0.567968750000E+03   0.251433419019E-09   0.000000000000E+00
  602.   0.131250000000E+03   0.124309403011E-10   0.000000000000E+00   0.568750000000E+03   0.139777885475E-09   0.000000000000E+00
  603.   0.130468750000E+03   0.247578104741E-10   0.000000000000E+00   0.569531250000E+03   0.314826805720E-09   0.000000000000E+00
  604.   0.129687500000E+03   0.123248876336E-10   0.000000000000E+00   0.570312500000E+03   0.175042189734E-09   0.000000000000E+00
  605.   0.128906250000E+03   0.245446279053E-10   0.000000000000E+00   0.571093750000E+03   0.394310407463E-09   0.000000000000E+00
  606.   0.128125000000E+03   0.122177542228E-10   0.000000000000E+00   0.571875000000E+03   0.219249873014E-09   0.000000000000E+00
  607.   0.127343750000E+03   0.243292440435E-10   0.000000000000E+00   0.572656250000E+03   0.493928695680E-09   0.000000000000E+00
  608.   0.126562500000E+03   0.121095034618E-10   0.000000000000E+00   0.573437500000E+03   0.274645855346E-09   0.000000000000E+00
  609.   0.125781250000E+03   0.241115783766E-10   0.000000000000E+00   0.574218750000E+03   0.618719396622E-09   0.000000000000E+00
  610.   0.125000000000E+03   0.120000906822E-10   0.000000000000E+00   0.575000000000E+03   0.344024263614E-09   0.000000000000E+00
  611.   0.124218750000E+03   0.238915328464E-10   0.000000000000E+00   0.575781250000E+03   0.774938121604E-09   0.000000000000E+00
  612.   0.123437500000E+03   0.118894575747E-10   0.000000000000E+00   0.576562500000E+03   0.430850788108E-09   0.000000000000E+00
  613.   0.122656250000E+03   0.236689827724E-10   0.000000000000E+00   0.577343750000E+03   0.970316062965E-09   0.000000000000E+00
  614.   0.121875000000E+03   0.117775388419E-10   0.000000000000E+00   0.578125000000E+03   0.539400492287E-09   0.000000000000E+00
  615.   0.121093750000E+03   0.234437786667E-10   0.000000000000E+00   0.578906250000E+03   0.121433782849E-08   0.000000000000E+00
  616.   0.120312500000E+03   0.116642554860E-10   0.000000000000E+00   0.579687500000E+03   0.674901433384E-09   0.000000000000E+00
  617.   0.119531250000E+03   0.232157302141E-10   0.000000000000E+00   0.580468750000E+03   0.151849667934E-08   0.000000000000E+00
  618.   0.118750000000E+03   0.115494934749E-10   0.000000000000E+00   0.581250000000E+03   0.843647310207E-09   0.000000000000E+00
  619.   0.117968750000E+03   0.229846082055E-10   0.000000000000E+00   0.582031250000E+03   0.189644410752E-08   0.000000000000E+00
  620.   0.117187500000E+03   0.114331318962E-10   0.000000000000E+00   0.582812500000E+03   0.105303572071E-08   0.000000000000E+00
  621.   0.116406250000E+03   0.227501272930E-10   0.000000000000E+00   0.583593750000E+03   0.236377475644E-08   0.000000000000E+00
  622.   0.115625000000E+03   0.113150008567E-10   0.000000000000E+00   0.584375000000E+03   0.131124246731E-08   0.000000000000E+00
  623.   0.114843750000E+03   0.225119303611E-10   0.000000000000E+00   0.585156250000E+03   0.293715295159E-08   0.000000000000E+00
  624.   0.114062500000E+03   0.111948959697E-10   0.000000000000E+00   0.585937500000E+03   0.162667964134E-08   0.000000000000E+00
  625.   0.113281250000E+03   0.222695661823E-10   0.000000000000E+00   0.586718750000E+03   0.363115145120E-08   0.000000000000E+00
  626.   0.112500000000E+03   0.110725441523E-10   0.000000000000E+00   0.587500000000E+03   0.200422165878E-08   0.000000000000E+00
  627.   0.111718750000E+03   0.220224522886E-10   0.000000000000E+00   0.588281250000E+03   0.445291989738E-08   0.000000000000E+00
  628.   0.110937500000E+03   0.109475794550E-10   0.000000000000E+00   0.589062500000E+03   0.244488433993E-08   0.000000000000E+00
  629.   0.110156250000E+03   0.217698114453E-10   0.000000000000E+00   0.589843750000E+03   0.538165915430E-08   0.000000000000E+00
  630.   0.109375000000E+03   0.108194887129E-10   0.000000000000E+00   0.590625000000E+03   0.290992408675E-08   0.000000000000E+00
  631.   0.108593750000E+03   0.215106021915E-10   0.000000000000E+00   0.591406250000E+03   0.634943242615E-08   0.000000000000E+00
  632.   0.107812500000E+03   0.106875679868E-10   0.000000000000E+00   0.592187500000E+03   0.336505562045E-08   0.000000000000E+00
  633.   0.107031250000E+03   0.212433209146E-10   0.000000000000E+00   0.592968750000E+03   0.709938590297E-08   0.000000000000E+00
  634.   0.106250000000E+03   0.105505676763E-10   0.000000000000E+00   0.593750000000E+03   0.340754122246E-08   0.000000000000E+00
  635.   0.105468750000E+03   0.209661431630E-10   0.000000000000E+00   0.594531250000E+03   0.710751234912E-08   0.000000000000E+00
  636.   0.104687500000E+03   0.104075950317E-10   0.000000000000E+00   0.595312500000E+03   0.289802583822E-08   0.000000000000E+00
  637.   0.103906250000E+03   0.206754450160E-10   0.000000000000E+00   0.596093750000E+03   0.441888582296E-08   0.000000000000E+00
  638.   0.103125000000E+03   0.102529109756E-10   0.000000000000E+00   0.596875000000E+03  -0.124909483882E-08   0.000000000000E+00
  639.   0.102343750000E+03   0.203690146902E-10   0.000000000000E+00   0.597656250000E+03  -0.688080189458E-08   0.000000000000E+00
  640.   0.101562500000E+03   0.101023791213E-10   0.000000000000E+00   0.598437500000E+03  -0.159245236106E-07   0.000000000000E+00
  641.   0.100781250000E+03   0.200143136981E-10   0.000000000000E+00   0.599218750000E+03  -0.456684506713E-07   0.000000000000E+00
