i  r_top  QtopRe  QtopIm  r_bot  QbotRe  QbotIm   [mm, mC]
    1.   0.600000000000E+03  -0.436390515158E-09   0.000000000000E+00   0.100000000000E+03  -0.579075118928E-10   0.000000000000E+00
    2.   0.100000000000E+03  -0.579075147219E-10   0.000000000000E+00   0.600000000000E+03  -0.436390503576E-09   0.000000000000E+00
    3.   0.596875000000E+03  -0.173437822310E-08   0.000000000000E+00   0.103125000000E+03  -0.239163520863E-09   0.000000000000E+00
    4.   0.593750000000E+03  -0.863420687389E-09   0.000000000000E+00   0.106250000000E+03  -0.123278537753E-09   0.000000000000E+00
    5.   0.590625000000E+03  -0.171648645713E-08   0.000000000000E+00   0.109375000000E+03  -0.254158982197E-09   0.000000000000E+00
    6.   0.587500000000E+03  -0.851003517699E-09   0.000000000000E+00   0.112500000000E+03  -0.130542176896E-09   0.000000000000E+00
    7.   0.584375000000E+03  -0.169384652750E-08   0.000000000000E+00   0.115625000000E+03  -0.269042685914E-09   0.000000000000E+00
    8.   0.581250000000E+03  -0.840330120190E-09   0.000000000000E+00   0.118750000000E+03  -0.138158721158E-09   0.000000000000E+00
    9.   0.578125000000E+03  -0.167087294394E-08   0.000000000000E+00   0.121875000000E+03  -0.284132522878E-09   0.000000000000E+00
   10.   0.575000000000E+03  -0.828757328411E-09   0.000000000000E+00   0.125000000000E+03  -0.145728240028E-09   0.000000000000E+00
   11.   0.571875000000E+03  -0.164775141781E-08   0.000000000000E+00   0.128125000000E+03  -0.299322558835E-09   0.000000000000E+00
   12.   0.568750000000E+03  -0.817303066876E-09   0.000000000000E+00   0.131250000000E+03  -0.153360416133E-09   0.000000000000E+00
   13.   0.565625000000E+03  -0.162462836867E-08   0.000000000000E+00   0.134375000000E+03  -0.314590003944E-09   0.000000000000E+00
   14.   0.562500000000E+03  -0.805779321028E-09   0.000000000000E+00   0.137500000000E+03  -0.161014179910E-09   0.000000000000E+00
   15.   0.559375000000E+03  -0.160155273781E-08   0.000000000000E+00   0.140625000000E+03  -0.329923432688E-09   0.000000000000E+00
   16.   0.556250000000E+03  -0.794287902115E-09   0.000000000000E+00   0.143750000000E+03  -0.168699321843E-09   0.000000000000E+00
   17.   0.553125000000E+03  -0.157855598078E-08   0.000000000000E+00   0.146875000000E+03  -0.345320602371E-09   0.000000000000E+00
   18.   0.550000000000E+03  -0.782824300727E-09   0.000000000000E+00   0.150000000000E+03  -0.176413429629E-09   0.000000000000E+00
   19.   0.546875000000E+03  -0.155564659293E-08   0.000000000000E+00   0.153125000000E+03  -0.360780596458E-09   0.000000000000E+00
   20.   0.543750000000E+03  -0.771401414115E-09   0.000000000000E+00   0.156250000000E+03  -0.184158123742E-09   0.000000000000E+00
   21.   0.540625000000E+03  -0.153282944203E-08   0.000000000000E+00   0.159375000000E+03  -0.376304015635E-09   0.000000000000E+00
   22.   0.537500000000E+03  -0.760021493658E-09   0.000000000000E+00   0.162500000000E+03  -0.191934030043E-09   0.000000000000E+00
   23.   0.534375000000E+03  -0.151010671360E-08   0.000000000000E+00   0.165625000000E+03  -0.391892005689E-09   0.000000000000E+00
   24.   0.531250000000E+03  -0.748687676419E-09   0.000000000000E+00   0.168750000000E+03  -0.199742280892E-09   0.000000000000E+00
   25.   0.528125000000E+03  -0.148748036528E-08   0.000000000000E+00   0.171875000000E+03  -0.407546068408E-09   0.000000000000E+00
   26.   0.525000000000E+03  -0.737401177838E-09   0.000000000000E+00   0.175000000000E+03  -0.207583560903E-09   0.000000000000E+00
   27.   0.521875000000E+03  -0.146495181792E-08   0.000000000000E+00   0.178125000000E+03  -0.423267839303E-09   0.000000000000E+00
   28.   0.518750000000E+03  -0.726163010250E-09   0.000000000000E+00   0.181250000000E+03  -0.215458969750E-09   0.000000000000E+00
   29.   0.515625000000E+03  -0.144252295603E-08   0.000000000000E+00   0.184375000000E+03  -0.439059226287E-09   0.000000000000E+00
   30.   0.512500000000E+03  -0.714974739870E-09   0.000000000000E+00   0.187500000000E+03  -0.223369450926E-09   0.000000000000E+00
   31.   0.509375000000E+03  -0.142019576790E-08   0.000000000000E+00   0.190625000000E+03  -0.454922200657E-09   0.000000000000E+00
   32.   0.506250000000E+03  -0.703836845318E-09   0.000000000000E+00   0.193750000000E+03  -0.231315922417E-09   0.000000000000E+00
   33.   0.503125000000E+03  -0.139797219936E-08   0.000000000000E+00   0.196875000000E+03  -0.470858976574E-09   0.000000000000E+00
   34.   0.500000000000E+03  -0.692751006290E-09   0.000000000000E+00   0.200000000000E+03  -0.239299467666E-09   0.000000000000E+00
   35.   0.496875000000E+03  -0.137585462730E-08   0.000000000000E+00   0.203125000000E+03  -0.486871873481E-09   0.000000000000E+00
   36.   0.493750000000E+03  -0.681717459200E-09   0.000000000000E+00   0.206250000000E+03  -0.247321085345E-09   0.000000000000E+00
   37.   0.490625000000E+03  -0.135384547031E-08   0.000000000000E+00   0.209375000000E+03  -0.502963391227E-09   0.000000000000E+00
   38.   0.487500000000E+03  -0.670737304812E-09   0.000000000000E+00   0.212500000000E+03  -0.255381599647E-09   0.000000000000E+00
   39.   0.484375000000E+03  -0.133194745949E-08   0.000000000000E+00   0.215625000000E+03  -0.519136277958E-09   0.000000000000E+00
   40.   0.481250000000E+03  -0.659810973142E-09   0.000000000000E+00   0.218750000000E+03  -0.263481887003E-09   0.000000000000E+00
   41.   0.478125000000E+03  -0.131016374056E-08   0.000000000000E+00   0.221875000000E+03  -0.535393710244E-09   0.000000000000E+00
   42.   0.475000000000E+03  -0.648938708527E-09   0.000000000000E+00   0.225000000000E+03  -0.271622379547E-09   0.000000000000E+00
   43.   0.471875000000E+03  -0.128849792850E-08   0.000000000000E+00   0.228125000000E+03  -0.551739258372E-09   0.000000000000E+00
   44.   0.468750000000E+03  -0.638119710472E-09   0.000000000000E+00   0.231250000000E+03  -0.279803059447E-09   0.000000000000E+00
   45.   0.465625000000E+03  -0.126695444986E-08   0.000000000000E+00   0.234375000000E+03  -0.568177150092E-09   0.000000000000E+00
   46.   0.462500000000E+03  -0.627352019350E-09   0.000000000000E+00   0.237500000000E+03  -0.288022628428E-09   0.000000000000E+00
   47.   0.459375000000E+03  -0.124553887265E-08   0.000000000000E+00   0.240625000000E+03  -0.584712664053E-09   0.000000000000E+00
   48.   0.456250000000E+03  -0.616631516634E-09   0.000000000000E+00   0.243750000000E+03  -0.296278177119E-09   0.000000000000E+00
   49.   0.453125000000E+03  -0.122425821355E-08   0.000000000000E+00   0.246875000000E+03  -0.601352397295E-09   0.000000000000E+00
   50.   0.450000000000E+03  -0.605949271307E-09   0.000000000000E+00   0.250000000000E+03  -0.304563005102E-09   0.000000000000E+00
   51.   0.446875000000E+03  -0.120312070913E-08   0.000000000000E+00   0.253125000000E+03  -0.618104364454E-09   0.000000000000E+00
   52.   0.443750000000E+03  -0.595287968104E-09   0.000000000000E+00   0.256250000000E+03  -0.312863583954E-09   0.000000000000E+00
   53.   0.440625000000E+03  -0.118213466387E-08   0.000000000000E+00   0.259375000000E+03  -0.634977024070E-09   0.000000000000E+00
   54.   0.437500000000E+03  -0.584615086095E-09   0.000000000000E+00   0.262500000000E+03  -0.321153013395E-09   0.000000000000E+00
   55.   0.434375000000E+03  -0.116130237828E-08   0.000000000000E+00   0.265625000000E+03  -0.651974612281E-09   0.000000000000E+00
   56.   0.431250000000E+03  -0.573866366614E-09   0.000000000000E+00   0.268750000000E+03  -0.329377442639E-09   0.000000000000E+00
   57.   0.428125000000E+03  -0.114060202706E-08   0.000000000000E+00   0.271875000000E+03  -0.669082452072E-09   0.000000000000E+00
   58.   0.425000000000E+03  -0.562914786431E-09   0.000000000000E+00   0.275000000000E+03  -0.337428618087E-09   0.000000000000E+00
   59.   0.421875000000E+03  -0.111993566817E-08   0.000000000000E+00   0.278125000000E+03  -0.686222974463E-09   0.000000000000E+00
   60.   0.418750000000E+03  -0.551499080302E-09   0.000000000000E+00   0.281250000000E+03  -0.345079785980E-09   0.000000000000E+00
   61.   0.415625000000E+03  -0.109899387303E-08   0.000000000000E+00   0.284375000000E+03  -0.703137773068E-09   0.000000000000E+00
   62.   0.412500000000E+03  -0.539074664229E-09   0.000000000000E+00   0.287500000000E+03  -0.351851341117E-09   0.000000000000E+00
   63.   0.409375000000E+03  -0.107689428120E-08   0.000000000000E+00   0.290625000000E+03  -0.719066988483E-09   0.000000000000E+00
   64.   0.406250000000E+03  -0.524443799019E-09   0.000000000000E+00   0.293750000000E+03  -0.356674070843E-09   0.000000000000E+00
   65.   0.403125000000E+03  -0.105130556236E-08   0.000000000000E+00   0.296875000000E+03  -0.731951257996E-09   0.000000000000E+00
   66.   0.400000000000E+03  -0.505023208969E-09   0.000000000000E+00   0.300000000000E+03  -0.357200982511E-09   0.000000000000E+00
   67.   0.396875000000E+03  -0.101609801952E-08   0.000000000000E+00   0.303125000000E+03  -0.736262588073E-09   0.000000000000E+00
   68.   0.393750000000E+03  -0.474681190154E-09   0.000000000000E+00   0.306250000000E+03  -0.347797394792E-09   0.000000000000E+00
   69.   0.390625000000E+03  -0.956069346163E-09   0.000000000000E+00   0.309375000000E+03  -0.717992231200E-09   0.000000000000E+00
   70.   0.387500000000E+03  -0.420380568035E-09   0.000000000000E+00   0.312500000000E+03  -0.316217182640E-09   0.000000000000E+00
   71.   0.384375000000E+03  -0.831686004401E-09   0.000000000000E+00   0.315625000000E+03  -0.640083806146E-09   0.000000000000E+00
   72.   0.381250000000E+03  -0.307592582912E-09   0.000000000000E+00   0.318750000000E+03  -0.229783335389E-09   0.000000000000E+00
   73.   0.378125000000E+03  -0.549471607424E-09   0.000000000000E+00   0.321875000000E+03  -0.412982873024E-09   0.000000000000E+00
   74.   0.375000000000E+03  -0.719769506731E-10   0.000000000000E+00   0.325000000000E+03  -0.255824826189E-10   0.000000000000E+00
   75.   0.371875000000E+03   0.144239064117E-09   0.000000000000E+00   0.328125000000E+03   0.209484973143E-09   0.000000000000E+00
   76.   0.368750000000E+03   0.500114632673E-09   0.000000000000E+00   0.331250000000E+03   0.504466440814E-09   0.000000000000E+00
   77.   0.365625000000E+03   0.181976971655E-08   0.000000000000E+00   0.334375000000E+03   0.179417018785E-08   0.000000000000E+00
   78.   0.362500000000E+03   0.163878836123E-08   0.000000000000E+00   0.337500000000E+03   0.160221947028E-08   0.000000000000E+00
   79.   0.359375000000E+03   0.634736596532E-08   0.000000000000E+00   0.340625000000E+03   0.620931098856E-08   0.000000000000E+00
   80.   0.356250000000E+03   0.481415351065E-08   0.000000000000E+00   0.343750000000E+03   0.473023972554E-08   0.000000000000E+00
   81.   0.353125000000E+03   0.188979020753E-07   0.000000000000E+00   0.346875000000E+03   0.187701458393E-07   0.000000000000E+00
   82.   0.350000000000E+03   0.303359482425E-07   0.000000000000E+00   0.350000000000E+03   0.303359482389E-07   0.000000000000E+00
   83.   0.346875000000E+03   0.187701458603E-07   0.000000000000E+00   0.353125000000E+03   0.188979020782E-07   0.000000000000E+00
   84.   0.343750000000E+03   0.473023971192E-08   0.000000000000E+00   0.356250000000E+03   0.481415356675E-08   0.000000000000E+00
   85.   0.340625000000E+03   0.620931101136E-08   0.000000000000E+00   0.359375000000E+03   0.634736599012E-08   0.000000000000E+00
   86.   0.337500000000E+03   0.160221947037E-08   0.000000000000E+00   0.362500000000E+03   0.163878840321E-08   0.000000000000E+00
   87.   0.334375000000E+03   0.179417020088E-08   0.000000000000E+00   0.365625000000E+03   0.181976975861E-08   0.000000000000E+00
   88.   0.331250000000E+03   0.504466438968E-09   0.000000000000E+00   0.368750000000E+03   0.500114729841E-09   0.000000000000E+00
   89.   0.328125000000E+03   0.209484994219E-09   0.000000000000E+00   0.371875000000E+03   0.144239071922E-09   0.000000000000E+00
   90.   0.325000000000E+03  -0.255824266946E-10   0.000000000000E+00   0.375000000000E+03  -0.719769586861E-10   0.000000000000E+00
   91.   0.321875000000E+03  -0.412982863998E-09   0.000000000000E+00   0.378125000000E+03  -0.549471658009E-09   0.000000000000E+00
   92.   0.318750000000E+03  -0.229783322738E-09   0.000000000000E+00   0.381250000000E+03  -0.307592613562E-09   0.000000000000E+00
   93.   0.315625000000E+03  -0.640083817998E-09   0.000000000000E+00   0.384375000000E+03  -0.831686040528E-09   0.000000000000E+00
   94.   0.312500000000E+03  -0.316217110666E-09   0.000000000000E+00   0.387500000000E+03  -0.420380509425E-09   0.000000000000E+00
   95.   0.309375000000E+03  -0.717992258411E-09   0.000000000000E+00   0.390625000000E+03  -0.956069294126E-09   0.000000000000E+00
   96.   0.306250000000E+03  -0.347797245324E-09   0.000000000000E+00   0.393750000000E+03  -0.474681079354E-09   0.000000000000E+00
   97.   0.303125000000E+03  -0.736262637100E-09   0.000000000000E+00   0.396875000000E+03  -0.101609797589E-08   0.000000000000E+00
   98.   0.300000000000E+03  -0.357200981366E-09   0.000000000000E+00   0.400000000000E+03  -0.505023210756E-09   0.000000000000E+00
   99.   0.296875000000E+03  -0.731951340807E-09   0.000000000000E+00   0.403125000000E+03  -0.105130551327E-08   0.000000000000E+00
  100.   0.293750000000E+03  -0.356674001654E-09   0.000000000000E+00   0.406250000000E+03  -0.524443826013E-09   0.000000000000E+00
  101.   0.290625000000E+03  -0.719067076879E-09   0.000000000000E+00   0.409375000000E+03  -0.107689421328E-08   0.000000000000E+00
  102.   0.287500000000E+03  -0.351851377276E-09   0.000000000000E+00   0.412500000000E+03  -0.539074567027E-09   0.000000000000E+00
  103.   0.284375000000E+03  -0.703137855620E-09   0.000000000000E+00   0.415625000000E+03  -0.109899385374E-08   0.000000000000E+00
  104.   0.281250000000E+03  -0.345079778693E-09   0.000000000000E+00   0.418750000000E+03  -0.551499073118E-09   0.000000000000E+00
  105.   0.278125000000E+03  -0.686223037838E-09   0.000000000000E+00   0.421875000000E+03  -0.111993569020E-08   0.000000000000E+00
  106.   0.275000000000E+03  -0.337428602171E-09   0.000000000000E+00   0.425000000000E+03  -0.562914806938E-09   0.000000000000E+00
  107.   0.271875000000E+03  -0.669082540488E-09   0.000000000000E+00   0.428125000000E+03  -0.114060202006E-08   0.000000000000E+00
  108.   0.268750000000E+03  -0.329377481387E-09   0.000000000000E+00   0.431250000000E+03  -0.573866369184E-09   0.000000000000E+00
  109.   0.265625000000E+03  -0.651974674034E-09   0.000000000000E+00   0.434375000000E+03  -0.116130237382E-08   0.000000000000E+00
  110.   0.262500000000E+03  -0.321153031555E-09   0.000000000000E+00   0.437500000000E+03  -0.584615106505E-09   0.000000000000E+00
  111.   0.259375000000E+03  -0.634977048327E-09   0.000000000000E+00   0.440625000000E+03  -0.118213468648E-08   0.000000000000E+00
  112.   0.256250000000E+03  -0.312863535440E-09   0.000000000000E+00   0.443750000000E+03  -0.595288019324E-09   0.000000000000E+00
  113.   0.253125000000E+03  -0.618104372877E-09   0.000000000000E+00   0.446875000000E+03  -0.120312068331E-08   0.000000000000E+00
  114.   0.250000000000E+03  -0.304562988636E-09   0.000000000000E+00   0.450000000000E+03  -0.605949236597E-09   0.000000000000E+00
  115.   0.246875000000E+03  -0.601352418434E-09   0.000000000000E+00   0.453125000000E+03  -0.122425810606E-08   0.000000000000E+00
  116.   0.243750000000E+03  -0.296278204634E-09   0.000000000000E+00   0.456250000000E+03  -0.616631535670E-09   0.000000000000E+00
  117.   0.240625000000E+03  -0.584712693831E-09   0.000000000000E+00   0.459375000000E+03  -0.124553879304E-08   0.000000000000E+00
  118.   0.237500000000E+03  -0.288022675038E-09   0.000000000000E+00   0.462500000000E+03  -0.627352128534E-09   0.000000000000E+00
  119.   0.234375000000E+03  -0.568177160442E-09   0.000000000000E+00   0.465625000000E+03  -0.126695444870E-08   0.000000000000E+00
  120.   0.231250000000E+03  -0.279802956906E-09   0.000000000000E+00   0.468750000000E+03  -0.638119696193E-09   0.000000000000E+00
  121.   0.228125000000E+03  -0.551739255053E-09   0.000000000000E+00   0.471875000000E+03  -0.128849797726E-08   0.000000000000E+00
  122.   0.225000000000E+03  -0.271622366776E-09   0.000000000000E+00   0.475000000000E+03  -0.648938780930E-09   0.000000000000E+00
  123.   0.221875000000E+03  -0.535393735776E-09   0.000000000000E+00   0.478125000000E+03  -0.131016383836E-08   0.000000000000E+00
  124.   0.218750000000E+03  -0.263481880635E-09   0.000000000000E+00   0.481250000000E+03  -0.659811024501E-09   0.000000000000E+00
  125.   0.215625000000E+03  -0.519136318222E-09   0.000000000000E+00   0.484375000000E+03  -0.133194752812E-08   0.000000000000E+00
  126.   0.212500000000E+03  -0.255381635809E-09   0.000000000000E+00   0.487500000000E+03  -0.670737290060E-09   0.000000000000E+00
  127.   0.209375000000E+03  -0.502963409850E-09   0.000000000000E+00   0.490625000000E+03  -0.135384546216E-08   0.000000000000E+00
  128.   0.206250000000E+03  -0.247321064534E-09   0.000000000000E+00   0.493750000000E+03  -0.681717362262E-09   0.000000000000E+00
  129.   0.203125000000E+03  -0.486871889069E-09   0.000000000000E+00   0.496875000000E+03  -0.137585461543E-08   0.000000000000E+00
  130.   0.200000000000E+03  -0.239299460786E-09   0.000000000000E+00   0.500000000000E+03  -0.692750934102E-09   0.000000000000E+00
  131.   0.196875000000E+03  -0.470859000475E-09   0.000000000000E+00   0.503125000000E+03  -0.139797221196E-08   0.000000000000E+00
  132.   0.193750000000E+03  -0.231315959341E-09   0.000000000000E+00   0.506250000000E+03  -0.703836921400E-09   0.000000000000E+00
  133.   0.190625000000E+03  -0.454922237903E-09   0.000000000000E+00   0.509375000000E+03  -0.142019583104E-08   0.000000000000E+00
  134.   0.187500000000E+03  -0.223369457220E-09   0.000000000000E+00   0.512500000000E+03  -0.714974795467E-09   0.000000000000E+00
  135.   0.184375000000E+03  -0.439059247067E-09   0.000000000000E+00   0.515625000000E+03  -0.144252305550E-08   0.000000000000E+00
  136.   0.181250000000E+03  -0.215458952790E-09   0.000000000000E+00   0.518750000000E+03  -0.726163041427E-09   0.000000000000E+00
  137.   0.178125000000E+03  -0.423267868021E-09   0.000000000000E+00   0.521875000000E+03  -0.146495183299E-08   0.000000000000E+00
  138.   0.175000000000E+03  -0.207583568703E-09   0.000000000000E+00   0.525000000000E+03  -0.737401165312E-09   0.000000000000E+00
  139.   0.171875000000E+03  -0.407546078795E-09   0.000000000000E+00   0.528125000000E+03  -0.148748027005E-08   0.000000000000E+00
  140.   0.168750000000E+03  -0.199742242896E-09   0.000000000000E+00   0.531250000000E+03  -0.748687615383E-09   0.000000000000E+00
  141.   0.165625000000E+03  -0.391892007641E-09   0.000000000000E+00   0.534375000000E+03  -0.151010665391E-08   0.000000000000E+00
  142.   0.162500000000E+03  -0.191934045571E-09   0.000000000000E+00   0.537500000000E+03  -0.760021426652E-09   0.000000000000E+00
  143.   0.159375000000E+03  -0.376304026108E-09   0.000000000000E+00   0.540625000000E+03  -0.153282936743E-08   0.000000000000E+00
  144.   0.156250000000E+03  -0.184158127883E-09   0.000000000000E+00   0.543750000000E+03  -0.771401367771E-09   0.000000000000E+00
  145.   0.153125000000E+03  -0.360780608676E-09   0.000000000000E+00   0.546875000000E+03  -0.155564646284E-08   0.000000000000E+00
  146.   0.150000000000E+03  -0.176413420980E-09   0.000000000000E+00   0.550000000000E+03  -0.782824212379E-09   0.000000000000E+00
  147.   0.146875000000E+03  -0.345320605453E-09   0.000000000000E+00   0.553125000000E+03  -0.157855587486E-08   0.000000000000E+00
  148.   0.143750000000E+03  -0.168699298592E-09   0.000000000000E+00   0.556250000000E+03  -0.794287890212E-09   0.000000000000E+00
  149.   0.140625000000E+03  -0.329923431023E-09   0.000000000000E+00   0.559375000000E+03  -0.160155276004E-08   0.000000000000E+00
  150.   0.137500000000E+03  -0.161014186646E-09   0.000000000000E+00   0.562500000000E+03  -0.805779380963E-09   0.000000000000E+00
  151.   0.134375000000E+03  -0.314590016392E-09   0.000000000000E+00   0.565625000000E+03  -0.162462844955E-08   0.000000000000E+00
  152.   0.131250000000E+03  -0.153360429618E-09   0.000000000000E+00   0.568750000000E+03  -0.817303032035E-09   0.000000000000E+00
  153.   0.128125000000E+03  -0.299322568027E-09   0.000000000000E+00   0.571875000000E+03  -0.164775147123E-08   0.000000000000E+00
  154.   0.125000000000E+03  -0.145728243504E-09   0.000000000000E+00   0.575000000000E+03  -0.828757358230E-09   0.000000000000E+00
  155.   0.121875000000E+03  -0.284132545798E-09   0.000000000000E+00   0.578125000000E+03  -0.167087290988E-08   0.000000000000E+00
  156.   0.118750000000E+03  -0.138158763786E-09   0.000000000000E+00   0.581250000000E+03  -0.840330192885E-09   0.000000000000E+00
  157.   0.115625000000E+03  -0.269042717490E-09   0.000000000000E+00   0.584375000000E+03  -0.169384639089E-08   0.000000000000E+00
  158.   0.112500000000E+03  -0.130542174351E-09   0.000000000000E+00   0.587500000000E+03  -0.851003530154E-09   0.000000000000E+00
  159.   0.109375000000E+03  -0.254158997404E-09   0.000000000000E+00   0.590625000000E+03  -0.171648639308E-08   0.000000000000E+00
  160.   0.106250000000E+03  -0.123278539279E-09   0.000000000000E+00   0.593750000000E+03  -0.863420842518E-09   0.000000000000E+00
  161.   0.103125000000E+03  -0.239163530831E-09   0.000000000000E+00   0.596875000000E+03  -0.173437823538E-08   0.000000000000E+00
