mode  f_Hz  UX_top  UY_top  UX_bot  UY_bot  UY_mid   [r = RO; flexural: UY_top ~ +UY_bot, UX_top ~ -UX_bot]
  1.   0.126521746502E+05  -0.48972E-05   0.37667E-04   0.48972E-05   0.37667E-04   0.37520E-04
  2.   0.557346785194E+05  -0.66693E-05   0.11648E-04   0.66693E-05   0.11648E-04   0.11399E-04
  3.   0.900897013462E+05  -0.37537E-05   0.21092E-06  -0.37537E-05  -0.21092E-06  -0.71923E-18
  4.   0.129070498568E+06   0.64037E-05  -0.77010E-05  -0.64037E-05  -0.77010E-05  -0.73097E-05
  5.   0.203479651276E+06  -0.11930E-04   0.90173E-05   0.11930E-04   0.90173E-05   0.81728E-05
  6.   0.232021229583E+06   0.12614E-05  -0.71711E-07   0.12614E-05   0.71711E-07  -0.27177E-19
  7.   0.274237191590E+06   0.84400E-05  -0.22010E-05  -0.84400E-05  -0.22010E-05  -0.19573E-05
  8.   0.309157035472E+06  -0.13889E-05  -0.29106E-05   0.13889E-05  -0.29106E-05  -0.23341E-05
  9.   0.355996475534E+06   0.66730E-06   0.42899E-08   0.66730E-06  -0.42899E-08  -0.11579E-18
 10.   0.360769035650E+06  -0.40056E-05   0.11989E-05   0.40056E-05   0.11989E-05   0.10473E-05
 11.   0.387256745883E+06  -0.11949E-05  -0.30366E-05   0.11949E-05  -0.30366E-05  -0.21122E-05
 12.   0.437975962490E+06  -0.19945E-07  -0.17081E-07  -0.19945E-07   0.17081E-07  -0.19722E-18
 13.   0.454573011578E+06   0.22275E-05  -0.23102E-05  -0.22275E-05  -0.23102E-05  -0.15906E-05
 14.   0.468408738331E+06  -0.16297E-05   0.17934E-05  -0.16297E-05  -0.17934E-05   0.25639E-18
 15.   0.474600787283E+06  -0.17765E-05  -0.12921E-05   0.17765E-05  -0.12921E-05  -0.59350E-06
 16.   0.491901062416E+06   0.10771E-05  -0.79060E-06   0.10771E-05   0.79060E-06   0.73662E-19
 17.   0.538895334123E+06  -0.12797E-05   0.35037E-05   0.12797E-05   0.35037E-05   0.17701E-05
 18.   0.539097767256E+06  -0.92135E-06   0.37771E-06  -0.92135E-06  -0.37771E-06   0.58155E-17
 19.   0.576614213510E+06   0.15381E-05  -0.70438E-07  -0.15381E-05  -0.70438E-07  -0.28298E-06
 20.   0.577965986497E+06   0.34068E-06   0.64569E-07   0.34068E-06  -0.64569E-07   0.45698E-18
 21.   0.597821592739E+06   0.27072E-06   0.14721E-06   0.27072E-06  -0.14721E-06  -0.11073E-19
 22.   0.612963374106E+06  -0.51792E-06   0.14029E-06  -0.51792E-06  -0.14029E-06  -0.51228E-19
 23.   0.617585341158E+06  -0.92114E-06   0.29481E-05   0.92114E-06   0.29481E-05   0.92970E-06
 24.   0.622781979990E+06   0.96054E-07  -0.10205E-05   0.96054E-07   0.10205E-05  -0.37076E-18
 25.   0.669360531585E+06   0.59941E-06   0.14153E-06   0.59941E-06  -0.14153E-06   0.58486E-18
 26.   0.673324270306E+06  -0.53869E-06   0.70239E-06  -0.53869E-06  -0.70239E-06  -0.25260E-17
 27.   0.676292546964E+06   0.14265E-05  -0.89530E-06  -0.14265E-05  -0.89530E-06  -0.48062E-06
 28.   0.694576987684E+06   0.79428E-06  -0.19380E-05  -0.79428E-06  -0.19380E-05  -0.72542E-07
 29.   0.702637252112E+06  -0.14819E-06  -0.33059E-06  -0.14819E-06   0.33059E-06   0.81854E-17
 30.   0.751640967651E+06   0.36387E-06  -0.41375E-06   0.36387E-06   0.41375E-06   0.12979E-15
