i  r_top  QtopRe  QtopIm  r_bot  QbotRe  QbotIm   [mm, mC]
    1.   0.600000000000E+03  -0.244925276258E-09   0.000000000000E+00   0.100000000000E+03  -0.230847006686E-10   0.000000000000E+00
    2.   0.100000000000E+03  -0.230847030912E-10   0.000000000000E+00   0.600000000000E+03  -0.244925285287E-09   0.000000000000E+00
    3.   0.598437500000E+03  -0.972596407862E-09   0.000000000000E+00   0.101562500000E+03  -0.932997522298E-10   0.000000000000E+00
    4.   0.596875000000E+03  -0.486129348202E-09   0.000000000000E+00   0.103125000000E+03  -0.474330292009E-10   0.000000000000E+00
    5.   0.595312500000E+03  -0.970947453497E-09   0.000000000000E+00   0.104687500000E+03  -0.965371809122E-10   0.000000000000E+00
    6.   0.593750000000E+03  -0.481778024077E-09   0.000000000000E+00   0.106250000000E+03  -0.488033665038E-10   0.000000000000E+00
    7.   0.592187500000E+03  -0.963577635513E-09   0.000000000000E+00   0.107812500000E+03  -0.994786240107E-10   0.000000000000E+00
    8.   0.590625000000E+03  -0.479427946396E-09   0.000000000000E+00   0.109375000000E+03  -0.504493539730E-10   0.000000000000E+00
    9.   0.589062500000E+03  -0.956253536716E-09   0.000000000000E+00   0.110937500000E+03  -0.102578331304E-09   0.000000000000E+00
   10.   0.587500000000E+03  -0.475751967049E-09   0.000000000000E+00   0.112500000000E+03  -0.520272569218E-10   0.000000000000E+00
   11.   0.585937500000E+03  -0.948638447817E-09   0.000000000000E+00   0.114062500000E+03  -0.105750404400E-09   0.000000000000E+00
   12.   0.584375000000E+03  -0.472010559122E-09   0.000000000000E+00   0.115625000000E+03  -0.536397197627E-10   0.000000000000E+00
   13.   0.582812500000E+03  -0.940914240680E-09   0.000000000000E+00   0.117187500000E+03  -0.108981807888E-09   0.000000000000E+00
   14.   0.581250000000E+03  -0.468115393918E-09   0.000000000000E+00   0.118750000000E+03  -0.552661115218E-10   0.000000000000E+00
   15.   0.579687500000E+03  -0.933075143745E-09   0.000000000000E+00   0.120312500000E+03  -0.112252304449E-09   0.000000000000E+00
   16.   0.578125000000E+03  -0.464177582205E-09   0.000000000000E+00   0.121875000000E+03  -0.569097679044E-10   0.000000000000E+00
   17.   0.576562500000E+03  -0.925168953032E-09   0.000000000000E+00   0.123437500000E+03  -0.115554202563E-09   0.000000000000E+00
   18.   0.575000000000E+03  -0.460210264968E-09   0.000000000000E+00   0.125000000000E+03  -0.585670880376E-10   0.000000000000E+00
   19.   0.573437500000E+03  -0.917222622781E-09   0.000000000000E+00   0.126562500000E+03  -0.118882203155E-09   0.000000000000E+00
   20.   0.571875000000E+03  -0.456230881096E-09   0.000000000000E+00   0.128125000000E+03  -0.602367009915E-10   0.000000000000E+00
   21.   0.570312500000E+03  -0.909259068236E-09   0.000000000000E+00   0.129687500000E+03  -0.122233530749E-09   0.000000000000E+00
   22.   0.568750000000E+03  -0.452247772394E-09   0.000000000000E+00   0.131250000000E+03  -0.619174641816E-10   0.000000000000E+00
   23.   0.567187500000E+03  -0.901293385624E-09   0.000000000000E+00   0.132812500000E+03  -0.125606490494E-09   0.000000000000E+00
   24.   0.565625000000E+03  -0.448266917193E-09   0.000000000000E+00   0.134375000000E+03  -0.636087499341E-10   0.000000000000E+00
   25.   0.564062500000E+03  -0.893335824038E-09   0.000000000000E+00   0.135937500000E+03  -0.129000113539E-09   0.000000000000E+00
   26.   0.562500000000E+03  -0.444292220690E-09   0.000000000000E+00   0.137500000000E+03  -0.653101766815E-10   0.000000000000E+00
   27.   0.560937500000E+03  -0.885393038465E-09   0.000000000000E+00   0.139062500000E+03  -0.132413846454E-09   0.000000000000E+00
   28.   0.559375000000E+03  -0.440326256663E-09   0.000000000000E+00   0.140625000000E+03  -0.670215423921E-10   0.000000000000E+00
   29.   0.557812500000E+03  -0.877469321223E-09   0.000000000000E+00   0.142187500000E+03  -0.135847409529E-09   0.000000000000E+00
   30.   0.556250000000E+03  -0.436370613938E-09   0.000000000000E+00   0.143750000000E+03  -0.687427686746E-10   0.000000000000E+00
   31.   0.554687500000E+03  -0.869567463405E-09   0.000000000000E+00   0.145312500000E+03  -0.139300691437E-09   0.000000000000E+00
   32.   0.553125000000E+03  -0.432426523168E-09   0.000000000000E+00   0.146875000000E+03  -0.704738246640E-10   0.000000000000E+00
   33.   0.551562500000E+03  -0.861689328293E-09   0.000000000000E+00   0.148437500000E+03  -0.142773695669E-09   0.000000000000E+00
   34.   0.550000000000E+03  -0.428494579288E-09   0.000000000000E+00   0.150000000000E+03  -0.722147450028E-10   0.000000000000E+00
   35.   0.548437500000E+03  -0.853836161300E-09   0.000000000000E+00   0.151562500000E+03  -0.146266509611E-09   0.000000000000E+00
   36.   0.546875000000E+03  -0.424575388809E-09   0.000000000000E+00   0.153125000000E+03  -0.739655721644E-10   0.000000000000E+00
   37.   0.545312500000E+03  -0.846008807069E-09   0.000000000000E+00   0.154687500000E+03  -0.149779265374E-09   0.000000000000E+00
   38.   0.543750000000E+03  -0.420669254071E-09   0.000000000000E+00   0.156250000000E+03  -0.757264051214E-10   0.000000000000E+00
   39.   0.542187500000E+03  -0.838207880545E-09   0.000000000000E+00   0.157812500000E+03  -0.153312129621E-09   0.000000000000E+00
   40.   0.540625000000E+03  -0.416776458283E-09   0.000000000000E+00   0.159375000000E+03  -0.774973205063E-10   0.000000000000E+00
   41.   0.539062500000E+03  -0.830433883689E-09   0.000000000000E+00   0.160937500000E+03  -0.156865301907E-09   0.000000000000E+00
   42.   0.537500000000E+03  -0.412897210925E-09   0.000000000000E+00   0.162500000000E+03  -0.792784227189E-10   0.000000000000E+00
   43.   0.535937500000E+03  -0.822687205507E-09   0.000000000000E+00   0.164062500000E+03  -0.160439001209E-09   0.000000000000E+00
   44.   0.534375000000E+03  -0.409031695439E-09   0.000000000000E+00   0.165625000000E+03  -0.810698405960E-10   0.000000000000E+00
   45.   0.532812500000E+03  -0.814968160090E-09   0.000000000000E+00   0.167187500000E+03  -0.164033456410E-09   0.000000000000E+00
   46.   0.531250000000E+03  -0.405180019395E-09   0.000000000000E+00   0.168750000000E+03  -0.828716789214E-10   0.000000000000E+00
   47.   0.529687500000E+03  -0.807277041821E-09   0.000000000000E+00   0.170312500000E+03  -0.167648910050E-09   0.000000000000E+00
   48.   0.528125000000E+03  -0.401342367568E-09   0.000000000000E+00   0.171875000000E+03  -0.846840620138E-10   0.000000000000E+00
   49.   0.526562500000E+03  -0.799614133531E-09   0.000000000000E+00   0.173437500000E+03  -0.171285613829E-09   0.000000000000E+00
   50.   0.525000000000E+03  -0.397518891195E-09   0.000000000000E+00   0.175000000000E+03  -0.865071217724E-10   0.000000000000E+00
   51.   0.523437500000E+03  -0.791979701993E-09   0.000000000000E+00   0.176562500000E+03  -0.174943828397E-09   0.000000000000E+00
   52.   0.521875000000E+03  -0.393709704814E-09   0.000000000000E+00   0.178125000000E+03  -0.883410021819E-10   0.000000000000E+00
   53.   0.520312500000E+03  -0.784374028009E-09   0.000000000000E+00   0.179687500000E+03  -0.178623827638E-09   0.000000000000E+00
   54.   0.518750000000E+03  -0.389914936113E-09   0.000000000000E+00   0.181250000000E+03  -0.901858150003E-10   0.000000000000E+00
   55.   0.517187500000E+03  -0.776797377649E-09   0.000000000000E+00   0.182812500000E+03  -0.182325883199E-09   0.000000000000E+00
   56.   0.515625000000E+03  -0.386134760011E-09   0.000000000000E+00   0.184375000000E+03  -0.920417207506E-10   0.000000000000E+00
   57.   0.514062500000E+03  -0.769250043059E-09   0.000000000000E+00   0.185937500000E+03  -0.186050282394E-09   0.000000000000E+00
   58.   0.512500000000E+03  -0.382369251218E-09   0.000000000000E+00   0.187500000000E+03  -0.939088613347E-10   0.000000000000E+00
   59.   0.510937500000E+03  -0.761732296956E-09   0.000000000000E+00   0.189062500000E+03  -0.189797316808E-09   0.000000000000E+00
   60.   0.509375000000E+03  -0.378618592828E-09   0.000000000000E+00   0.190625000000E+03  -0.957873794923E-10   0.000000000000E+00
   61.   0.507812500000E+03  -0.754244442884E-09   0.000000000000E+00   0.192187500000E+03  -0.193567280418E-09   0.000000000000E+00
   62.   0.506250000000E+03  -0.374882938802E-09   0.000000000000E+00   0.193750000000E+03  -0.976774270431E-10   0.000000000000E+00
   63.   0.504687500000E+03  -0.746786766804E-09   0.000000000000E+00   0.195312500000E+03  -0.197360479745E-09   0.000000000000E+00
   64.   0.503125000000E+03  -0.371162404886E-09   0.000000000000E+00   0.196875000000E+03  -0.995791547872E-10   0.000000000000E+00
   65.   0.501562500000E+03  -0.739359547432E-09   0.000000000000E+00   0.198437500000E+03  -0.201177231232E-09   0.000000000000E+00
   66.   0.500000000000E+03  -0.367457188154E-09   0.000000000000E+00   0.200000000000E+03  -0.101492723685E-09   0.000000000000E+00
   67.   0.498437500000E+03  -0.731963085094E-09   0.000000000000E+00   0.201562500000E+03  -0.205017846725E-09   0.000000000000E+00
   68.   0.496875000000E+03  -0.363767380491E-09   0.000000000000E+00   0.203125000000E+03  -0.103418303454E-09   0.000000000000E+00
   69.   0.495312500000E+03  -0.724597705915E-09   0.000000000000E+00   0.204687500000E+03  -0.208882650016E-09   0.000000000000E+00
   70.   0.493750000000E+03  -0.360093186703E-09   0.000000000000E+00   0.206250000000E+03  -0.105356034694E-09   0.000000000000E+00
   71.   0.492187500000E+03  -0.717263724498E-09   0.000000000000E+00   0.207812500000E+03  -0.212771968440E-09   0.000000000000E+00
   72.   0.490625000000E+03  -0.356434737596E-09   0.000000000000E+00   0.209375000000E+03  -0.107306108441E-09   0.000000000000E+00
   73.   0.489062500000E+03  -0.709961461604E-09   0.000000000000E+00   0.210937500000E+03  -0.216686140296E-09   0.000000000000E+00
   74.   0.487500000000E+03  -0.352792190528E-09   0.000000000000E+00   0.212500000000E+03  -0.109268674454E-09   0.000000000000E+00
   75.   0.485937500000E+03  -0.702691247152E-09   0.000000000000E+00   0.214062500000E+03  -0.220625500305E-09   0.000000000000E+00
   76.   0.484375000000E+03  -0.349165728876E-09   0.000000000000E+00   0.215625000000E+03  -0.111243916998E-09   0.000000000000E+00
   77.   0.482812500000E+03  -0.695453407807E-09   0.000000000000E+00   0.217187500000E+03  -0.224590409025E-09   0.000000000000E+00
   78.   0.481250000000E+03  -0.345555540540E-09   0.000000000000E+00   0.218750000000E+03  -0.113232006822E-09   0.000000000000E+00
   79.   0.479687500000E+03  -0.688248285928E-09   0.000000000000E+00   0.220312500000E+03  -0.228581214017E-09   0.000000000000E+00
   80.   0.478125000000E+03  -0.341961754520E-09   0.000000000000E+00   0.221875000000E+03  -0.115233121694E-09   0.000000000000E+00
   81.   0.476562500000E+03  -0.681076199989E-09   0.000000000000E+00   0.223437500000E+03  -0.232598262766E-09   0.000000000000E+00
   82.   0.475000000000E+03  -0.338384547391E-09   0.000000000000E+00   0.225000000000E+03  -0.117247412944E-09   0.000000000000E+00
   83.   0.473437500000E+03  -0.673937486755E-09   0.000000000000E+00   0.226562500000E+03  -0.236641923037E-09   0.000000000000E+00
   84.   0.471875000000E+03  -0.334824083854E-09   0.000000000000E+00   0.228125000000E+03  -0.119275131218E-09   0.000000000000E+00
   85.   0.470312500000E+03  -0.666832469778E-09   0.000000000000E+00   0.229687500000E+03  -0.240712561153E-09   0.000000000000E+00
   86.   0.468750000000E+03  -0.331280514700E-09   0.000000000000E+00   0.231250000000E+03  -0.121316404509E-09   0.000000000000E+00
   87.   0.467187500000E+03  -0.659761469582E-09   0.000000000000E+00   0.232812500000E+03  -0.244810526845E-09   0.000000000000E+00
   88.   0.465625000000E+03  -0.327753987693E-09   0.000000000000E+00   0.234375000000E+03  -0.123371409137E-09   0.000000000000E+00
   89.   0.464062500000E+03  -0.652724812074E-09   0.000000000000E+00   0.235937500000E+03  -0.248936168751E-09   0.000000000000E+00
   90.   0.462500000000E+03  -0.324244706864E-09   0.000000000000E+00   0.237500000000E+03  -0.125440335118E-09   0.000000000000E+00
   91.   0.460937500000E+03  -0.645722771683E-09   0.000000000000E+00   0.239062500000E+03  -0.253089825244E-09   0.000000000000E+00
   92.   0.459375000000E+03  -0.320752766060E-09   0.000000000000E+00   0.240625000000E+03  -0.127523339301E-09   0.000000000000E+00
   93.   0.457812500000E+03  -0.638755585847E-09   0.000000000000E+00   0.242187500000E+03  -0.257271806993E-09   0.000000000000E+00
   94.   0.456250000000E+03  -0.317278303362E-09   0.000000000000E+00   0.243750000000E+03  -0.129620567335E-09   0.000000000000E+00
   95.   0.454687500000E+03  -0.631823417010E-09   0.000000000000E+00   0.245312500000E+03  -0.261482371123E-09   0.000000000000E+00
   96.   0.453125000000E+03  -0.313821328787E-09   0.000000000000E+00   0.246875000000E+03  -0.131732136631E-09   0.000000000000E+00
   97.   0.451562500000E+03  -0.624926337957E-09   0.000000000000E+00   0.248437500000E+03  -0.265721684666E-09   0.000000000000E+00
   98.   0.450000000000E+03  -0.310381856344E-09   0.000000000000E+00   0.250000000000E+03  -0.133858083398E-09   0.000000000000E+00
   99.   0.448437500000E+03  -0.618064229915E-09   0.000000000000E+00   0.251562500000E+03  -0.269989793847E-09   0.000000000000E+00
  100.   0.446875000000E+03  -0.306959784430E-09   0.000000000000E+00   0.253125000000E+03  -0.135998427070E-09   0.000000000000E+00
  101.   0.445312500000E+03  -0.611236715380E-09   0.000000000000E+00   0.254687500000E+03  -0.274286531588E-09   0.000000000000E+00
  102.   0.443750000000E+03  -0.303554873852E-09   0.000000000000E+00   0.256250000000E+03  -0.138152986981E-09   0.000000000000E+00
  103.   0.442187500000E+03  -0.604442999498E-09   0.000000000000E+00   0.257812500000E+03  -0.278611390379E-09   0.000000000000E+00
  104.   0.440625000000E+03  -0.300166545514E-09   0.000000000000E+00   0.259375000000E+03  -0.140321415566E-09   0.000000000000E+00
  105.   0.439062500000E+03  -0.597681603698E-09   0.000000000000E+00   0.260937500000E+03  -0.282963305100E-09   0.000000000000E+00
  106.   0.437500000000E+03  -0.296793887785E-09   0.000000000000E+00   0.262500000000E+03  -0.142503032737E-09   0.000000000000E+00
  107.   0.435937500000E+03  -0.590950022716E-09   0.000000000000E+00   0.264062500000E+03  -0.287340374022E-09   0.000000000000E+00
  108.   0.434375000000E+03  -0.293435325788E-09   0.000000000000E+00   0.265625000000E+03  -0.144696580182E-09   0.000000000000E+00
  109.   0.432812500000E+03  -0.584244130773E-09   0.000000000000E+00   0.267187500000E+03  -0.291739336615E-09   0.000000000000E+00
  110.   0.431250000000E+03  -0.290088289104E-09   0.000000000000E+00   0.268750000000E+03  -0.146900086009E-09   0.000000000000E+00
  111.   0.429687500000E+03  -0.577557274873E-09   0.000000000000E+00   0.270312500000E+03  -0.296154788674E-09   0.000000000000E+00
  112.   0.428125000000E+03  -0.286748693423E-09   0.000000000000E+00   0.271875000000E+03  -0.149110121175E-09   0.000000000000E+00
  113.   0.426562500000E+03  -0.570878827142E-09   0.000000000000E+00   0.273437500000E+03  -0.300577945974E-09   0.000000000000E+00
  114.   0.425000000000E+03  -0.283410035929E-09   0.000000000000E+00   0.275000000000E+03  -0.151321307012E-09   0.000000000000E+00
  115.   0.423437500000E+03  -0.564191967042E-09   0.000000000000E+00   0.276562500000E+03  -0.304994685644E-09   0.000000000000E+00
  116.   0.421875000000E+03  -0.280062017343E-09   0.000000000000E+00   0.278125000000E+03  -0.153524936082E-09   0.000000000000E+00
  117.   0.420312500000E+03  -0.557470199505E-09   0.000000000000E+00   0.279687500000E+03  -0.309382467515E-09   0.000000000000E+00
  118.   0.418750000000E+03  -0.276688419856E-09   0.000000000000E+00   0.281250000000E+03  -0.155707194273E-09   0.000000000000E+00
  119.   0.417187500000E+03  -0.550671915792E-09   0.000000000000E+00   0.282812500000E+03  -0.313705483344E-09   0.000000000000E+00
  120.   0.415625000000E+03  -0.273263873920E-09   0.000000000000E+00   0.284375000000E+03  -0.157846118689E-09   0.000000000000E+00
  121.   0.414062500000E+03  -0.543731907804E-09   0.000000000000E+00   0.285937500000E+03  -0.317906987440E-09   0.000000000000E+00
  122.   0.412500000000E+03  -0.269748640844E-09   0.000000000000E+00   0.287500000000E+03  -0.159906954775E-09   0.000000000000E+00
  123.   0.410937500000E+03  -0.536548066784E-09   0.000000000000E+00   0.289062500000E+03  -0.321897252076E-09   0.000000000000E+00
  124.   0.409375000000E+03  -0.266080409601E-09   0.000000000000E+00   0.290625000000E+03  -0.161834808566E-09   0.000000000000E+00
  125.   0.407812500000E+03  -0.528960644466E-09   0.000000000000E+00   0.292187500000E+03  -0.325534506278E-09   0.000000000000E+00
  126.   0.406250000000E+03  -0.262161813155E-09   0.000000000000E+00   0.293750000000E+03  -0.163542925996E-09   0.000000000000E+00
  127.   0.404687500000E+03  -0.520719880142E-09   0.000000000000E+00   0.295312500000E+03  -0.328594984936E-09   0.000000000000E+00
  128.   0.403125000000E+03  -0.257840630655E-09   0.000000000000E+00   0.296875000000E+03  -0.164894430656E-09   0.000000000000E+00
  129.   0.401562500000E+03  -0.511435347715E-09   0.000000000000E+00   0.298437500000E+03  -0.330725666463E-09   0.000000000000E+00
  130.   0.400000000000E+03  -0.252878987695E-09   0.000000000000E+00   0.300000000000E+03  -0.165673435451E-09   0.000000000000E+00
  131.   0.398437500000E+03  -0.500496999265E-09   0.000000000000E+00   0.301562500000E+03  -0.331369809254E-09   0.000000000000E+00
  132.   0.396875000000E+03  -0.246905030737E-09   0.000000000000E+00   0.303125000000E+03  -0.165539448272E-09   0.000000000000E+00
  133.   0.395312500000E+03  -0.486951656263E-09   0.000000000000E+00   0.304687500000E+03  -0.329649587423E-09   0.000000000000E+00
  134.   0.393750000000E+03  -0.239337850895E-09   0.000000000000E+00   0.306250000000E+03  -0.163955574078E-09   0.000000000000E+00
  135.   0.392187500000E+03  -0.469310316344E-09   0.000000000000E+00   0.307812500000E+03  -0.324181230419E-09   0.000000000000E+00
  136.   0.390625000000E+03  -0.229269740569E-09   0.000000000000E+00   0.309375000000E+03  -0.160075344968E-09   0.000000000000E+00
  137.   0.389062500000E+03  -0.445247017276E-09   0.000000000000E+00   0.310937500000E+03  -0.312783583138E-09   0.000000000000E+00
  138.   0.387500000000E+03  -0.215281998307E-09   0.000000000000E+00   0.312500000000E+03  -0.152563832200E-09   0.000000000000E+00
  139.   0.385937500000E+03  -0.411129334471E-09   0.000000000000E+00   0.314062500000E+03  -0.292019604497E-09   0.000000000000E+00
  140.   0.384375000000E+03  -0.195158561391E-09   0.000000000000E+00   0.315625000000E+03  -0.139316994460E-09   0.000000000000E+00
  141.   0.382812500000E+03  -0.361282976954E-09   0.000000000000E+00   0.317187500000E+03  -0.256471922316E-09   0.000000000000E+00
  142.   0.381250000000E+03  -0.165428354013E-09   0.000000000000E+00   0.318750000000E+03  -0.117009906533E-09   0.000000000000E+00
  143.   0.379687500000E+03  -0.286852983827E-09   0.000000000000E+00   0.320312500000E+03  -0.197610220935E-09   0.000000000000E+00
  144.   0.378125000000E+03  -0.120681505901E-09   0.000000000000E+00   0.321875000000E+03  -0.804133908326E-10   0.000000000000E+00
  145.   0.376562500000E+03  -0.173995274830E-09   0.000000000000E+00   0.323437500000E+03  -0.101979180994E-09   0.000000000000E+00
  146.   0.375000000000E+03  -0.523462790901E-10   0.000000000000E+00   0.325000000000E+03  -0.211718128648E-10   0.000000000000E+00
  147.   0.373437500000E+03  -0.115734298896E-11   0.000000000000E+00   0.326562500000E+03   0.515593550967E-10   0.000000000000E+00
  148.   0.371875000000E+03   0.527473251943E-10   0.000000000000E+00   0.328125000000E+03   0.736765316551E-10   0.000000000000E+00
  149.   0.370312500000E+03   0.265521336727E-09   0.000000000000E+00   0.329687500000E+03   0.296500096236E-09   0.000000000000E+00
  150.   0.368750000000E+03   0.216674589747E-09   0.000000000000E+00   0.331250000000E+03   0.226001105273E-09   0.000000000000E+00
  151.   0.367187500000E+03   0.678551407528E-09   0.000000000000E+00   0.332812500000E+03   0.685271133152E-09   0.000000000000E+00
  152.   0.365625000000E+03   0.471392085535E-09   0.000000000000E+00   0.334375000000E+03   0.467828873759E-09   0.000000000000E+00
  153.   0.364062500000E+03   0.132222402267E-08   0.000000000000E+00   0.335937500000E+03   0.130265820832E-08   0.000000000000E+00
  154.   0.362500000000E+03   0.881752906225E-09   0.000000000000E+00   0.337500000000E+03   0.864267998498E-09   0.000000000000E+00
  155.   0.360937500000E+03   0.233367015093E-08   0.000000000000E+00   0.339062500000E+03   0.228762350083E-08   0.000000000000E+00
  156.   0.359375000000E+03   0.154256153620E-08   0.000000000000E+00   0.340625000000E+03   0.151112673478E-08   0.000000000000E+00
  157.   0.357812500000E+03   0.394530852645E-08   0.000000000000E+00   0.342187500000E+03   0.387717632272E-08   0.000000000000E+00
  158.   0.356250000000E+03   0.264497732253E-08   0.000000000000E+00   0.343750000000E+03   0.260508900809E-08   0.000000000000E+00
  159.   0.354687500000E+03   0.680217441537E-08   0.000000000000E+00   0.345312500000E+03   0.672304790839E-08   0.000000000000E+00
  160.   0.353125000000E+03   0.530819675916E-08   0.000000000000E+00   0.346875000000E+03   0.525828489235E-08   0.000000000000E+00
  161.   0.351562500000E+03   0.118844750828E-07   0.000000000000E+00   0.348437500000E+03   0.118467706776E-07   0.000000000000E+00
  162.   0.350000000000E+03   0.224396079492E-07   0.000000000000E+00   0.350000000000E+03   0.224396079388E-07   0.000000000000E+00
  163.   0.348437500000E+03   0.118467706698E-07   0.000000000000E+00   0.351562500000E+03   0.118844750939E-07   0.000000000000E+00
  164.   0.346875000000E+03   0.525828489854E-08   0.000000000000E+00   0.353125000000E+03   0.530819676578E-08   0.000000000000E+00
  165.   0.345312500000E+03   0.672304789187E-08   0.000000000000E+00   0.354687500000E+03   0.680217443243E-08   0.000000000000E+00
  166.   0.343750000000E+03   0.260508900885E-08   0.000000000000E+00   0.356250000000E+03   0.264497733868E-08   0.000000000000E+00
  167.   0.342187500000E+03   0.387717630573E-08   0.000000000000E+00   0.357812500000E+03   0.394530854599E-08   0.000000000000E+00
  168.   0.340625000000E+03   0.151112669331E-08   0.000000000000E+00   0.359375000000E+03   0.154256154906E-08   0.000000000000E+00
  169.   0.339062500000E+03   0.228762348681E-08   0.000000000000E+00   0.360937500000E+03   0.233367016612E-08   0.000000000000E+00
  170.   0.337500000000E+03   0.864267979884E-09   0.000000000000E+00   0.362500000000E+03   0.881752922293E-09   0.000000000000E+00
  171.   0.335937500000E+03   0.130265818732E-08   0.000000000000E+00   0.364062500000E+03   0.132222403326E-08   0.000000000000E+00
  172.   0.334375000000E+03   0.467828856469E-09   0.000000000000E+00   0.365625000000E+03   0.471392081520E-09   0.000000000000E+00
  173.   0.332812500000E+03   0.685271107502E-09   0.000000000000E+00   0.367187500000E+03   0.678551424383E-09   0.000000000000E+00
  174.   0.331250000000E+03   0.226001100257E-09   0.000000000000E+00   0.368750000000E+03   0.216674603881E-09   0.000000000000E+00
  175.   0.329687500000E+03   0.296500072901E-09   0.000000000000E+00   0.370312500000E+03   0.265521362238E-09   0.000000000000E+00
  176.   0.328125000000E+03   0.736765325944E-10   0.000000000000E+00   0.371875000000E+03   0.527473575826E-10   0.000000000000E+00
  177.   0.326562500000E+03   0.515593358345E-10   0.000000000000E+00   0.373437500000E+03  -0.115731743234E-11   0.000000000000E+00
  178.   0.325000000000E+03  -0.211718184819E-10   0.000000000000E+00   0.375000000000E+03  -0.523462588955E-10   0.000000000000E+00
  179.   0.323437500000E+03  -0.101979187683E-09   0.000000000000E+00   0.376562500000E+03  -0.173995248441E-09   0.000000000000E+00
  180.   0.321875000000E+03  -0.804134058776E-10   0.000000000000E+00   0.378125000000E+03  -0.120681485905E-09   0.000000000000E+00
  181.   0.320312500000E+03  -0.197610241769E-09   0.000000000000E+00   0.379687500000E+03  -0.286852953829E-09   0.000000000000E+00
  182.   0.318750000000E+03  -0.117009904586E-09   0.000000000000E+00   0.381250000000E+03  -0.165428333135E-09   0.000000000000E+00
  183.   0.317187500000E+03  -0.256471950277E-09   0.000000000000E+00   0.382812500000E+03  -0.361282948426E-09   0.000000000000E+00
  184.   0.315625000000E+03  -0.139317009820E-09   0.000000000000E+00   0.384375000000E+03  -0.195158547213E-09   0.000000000000E+00
  185.   0.314062500000E+03  -0.292019630426E-09   0.000000000000E+00   0.385937500000E+03  -0.411129313896E-09   0.000000000000E+00
  186.   0.312500000000E+03  -0.152563833861E-09   0.000000000000E+00   0.387500000000E+03  -0.215281982965E-09   0.000000000000E+00
  187.   0.310937500000E+03  -0.312783609230E-09   0.000000000000E+00   0.389062500000E+03  -0.445246989256E-09   0.000000000000E+00
  188.   0.309375000000E+03  -0.160075357601E-09   0.000000000000E+00   0.390625000000E+03  -0.229269740762E-09   0.000000000000E+00
  189.   0.307812500000E+03  -0.324181253285E-09   0.000000000000E+00   0.392187500000E+03  -0.469310291469E-09   0.000000000000E+00
  190.   0.306250000000E+03  -0.163955579502E-09   0.000000000000E+00   0.393750000000E+03  -0.239337821238E-09   0.000000000000E+00
  191.   0.304687500000E+03  -0.329649610384E-09   0.000000000000E+00   0.395312500000E+03  -0.486951620133E-09   0.000000000000E+00
  192.   0.303125000000E+03  -0.165539470265E-09   0.000000000000E+00   0.396875000000E+03  -0.246905025483E-09   0.000000000000E+00
  193.   0.301562500000E+03  -0.331369834452E-09   0.000000000000E+00   0.398437500000E+03  -0.500496958773E-09   0.000000000000E+00
  194.   0.300000000000E+03  -0.165673452104E-09   0.000000000000E+00   0.400000000000E+03  -0.252878961981E-09   0.000000000000E+00
  195.   0.298437500000E+03  -0.330725692885E-09   0.000000000000E+00   0.401562500000E+03  -0.511435319991E-09   0.000000000000E+00
  196.   0.296875000000E+03  -0.164894459219E-09   0.000000000000E+00   0.403125000000E+03  -0.257840618040E-09   0.000000000000E+00
  197.   0.295312500000E+03  -0.328595009381E-09   0.000000000000E+00   0.404687500000E+03  -0.520719851295E-09   0.000000000000E+00
  198.   0.293750000000E+03  -0.163542944329E-09   0.000000000000E+00   0.406250000000E+03  -0.262161797515E-09   0.000000000000E+00
  199.   0.292187500000E+03  -0.325534527010E-09   0.000000000000E+00   0.407812500000E+03  -0.528960625157E-09   0.000000000000E+00
  200.   0.290625000000E+03  -0.161834827327E-09   0.000000000000E+00   0.409375000000E+03  -0.266080404112E-09   0.000000000000E+00
  201.   0.289062500000E+03  -0.321897269572E-09   0.000000000000E+00   0.410937500000E+03  -0.536548046158E-09   0.000000000000E+00
  202.   0.287500000000E+03  -0.159906995865E-09   0.000000000000E+00   0.412500000000E+03  -0.269748616309E-09   0.000000000000E+00
  203.   0.285937500000E+03  -0.317907006914E-09   0.000000000000E+00   0.414062500000E+03  -0.543731885532E-09   0.000000000000E+00
  204.   0.284375000000E+03  -0.157846141711E-09   0.000000000000E+00   0.415625000000E+03  -0.273263880080E-09   0.000000000000E+00
  205.   0.282812500000E+03  -0.313705502256E-09   0.000000000000E+00   0.417187500000E+03  -0.550671888492E-09   0.000000000000E+00
  206.   0.281250000000E+03  -0.155707205108E-09   0.000000000000E+00   0.418750000000E+03  -0.276688395494E-09   0.000000000000E+00
  207.   0.279687500000E+03  -0.309382485387E-09   0.000000000000E+00   0.420312500000E+03  -0.557470156511E-09   0.000000000000E+00
  208.   0.278125000000E+03  -0.153524949658E-09   0.000000000000E+00   0.421875000000E+03  -0.280061975607E-09   0.000000000000E+00
  209.   0.276562500000E+03  -0.304994701108E-09   0.000000000000E+00   0.423437500000E+03  -0.564191922094E-09   0.000000000000E+00
  210.   0.275000000000E+03  -0.151321313584E-09   0.000000000000E+00   0.425000000000E+03  -0.283410020871E-09   0.000000000000E+00
  211.   0.273437500000E+03  -0.300577960872E-09   0.000000000000E+00   0.426562500000E+03  -0.570878785689E-09   0.000000000000E+00
  212.   0.271875000000E+03  -0.149110129100E-09   0.000000000000E+00   0.428125000000E+03  -0.286748678739E-09   0.000000000000E+00
  213.   0.270312500000E+03  -0.296154808784E-09   0.000000000000E+00   0.429687500000E+03  -0.577557240305E-09   0.000000000000E+00
  214.   0.268750000000E+03  -0.146900094394E-09   0.000000000000E+00   0.431250000000E+03  -0.290088263764E-09   0.000000000000E+00
  215.   0.267187500000E+03  -0.291739359415E-09   0.000000000000E+00   0.432812500000E+03  -0.584244099837E-09   0.000000000000E+00
  216.   0.265625000000E+03  -0.144696614315E-09   0.000000000000E+00   0.434375000000E+03  -0.293435294695E-09   0.000000000000E+00
  217.   0.264062500000E+03  -0.287340392670E-09   0.000000000000E+00   0.435937500000E+03  -0.590949980951E-09   0.000000000000E+00
  218.   0.262500000000E+03  -0.142503039695E-09   0.000000000000E+00   0.437500000000E+03  -0.296793856882E-09   0.000000000000E+00
  219.   0.260937500000E+03  -0.282963318932E-09   0.000000000000E+00   0.439062500000E+03  -0.597681563519E-09   0.000000000000E+00
  220.   0.259375000000E+03  -0.140321427251E-09   0.000000000000E+00   0.440625000000E+03  -0.300166523494E-09   0.000000000000E+00
  221.   0.257812500000E+03  -0.278611397848E-09   0.000000000000E+00   0.442187500000E+03  -0.604442957279E-09   0.000000000000E+00
  222.   0.256250000000E+03  -0.138152993530E-09   0.000000000000E+00   0.443750000000E+03  -0.303554860402E-09   0.000000000000E+00
  223.   0.254687500000E+03  -0.274286542018E-09   0.000000000000E+00   0.445312500000E+03  -0.611236683553E-09   0.000000000000E+00
  224.   0.253125000000E+03  -0.135998428640E-09   0.000000000000E+00   0.446875000000E+03  -0.306959781710E-09   0.000000000000E+00
  225.   0.251562500000E+03  -0.269989801179E-09   0.000000000000E+00   0.448437500000E+03  -0.618064202081E-09   0.000000000000E+00
  226.   0.250000000000E+03  -0.133858095610E-09   0.000000000000E+00   0.450000000000E+03  -0.310381831856E-09   0.000000000000E+00
  227.   0.248437500000E+03  -0.265721693447E-09   0.000000000000E+00   0.451562500000E+03  -0.624926298312E-09   0.000000000000E+00
  228.   0.246875000000E+03  -0.131732140235E-09   0.000000000000E+00   0.453125000000E+03  -0.313821288346E-09   0.000000000000E+00
  229.   0.245312500000E+03  -0.261482383381E-09   0.000000000000E+00   0.454687500000E+03  -0.631823362491E-09   0.000000000000E+00
  230.   0.243750000000E+03  -0.129620579485E-09   0.000000000000E+00   0.456250000000E+03  -0.317278267968E-09   0.000000000000E+00
  231.   0.242187500000E+03  -0.257271825301E-09   0.000000000000E+00   0.457812500000E+03  -0.638755515339E-09   0.000000000000E+00
  232.   0.240625000000E+03  -0.127523350473E-09   0.000000000000E+00   0.459375000000E+03  -0.320752754400E-09   0.000000000000E+00
  233.   0.239062500000E+03  -0.253089843769E-09   0.000000000000E+00   0.460937500000E+03  -0.645722703738E-09   0.000000000000E+00
  234.   0.237500000000E+03  -0.125440344149E-09   0.000000000000E+00   0.462500000000E+03  -0.324244684363E-09   0.000000000000E+00
  235.   0.235937500000E+03  -0.248936186811E-09   0.000000000000E+00   0.464062500000E+03  -0.652724742421E-09   0.000000000000E+00
  236.   0.234375000000E+03  -0.123371414123E-09   0.000000000000E+00   0.465625000000E+03  -0.327753965098E-09   0.000000000000E+00
  237.   0.232812500000E+03  -0.244810543569E-09   0.000000000000E+00   0.467187500000E+03  -0.659761398823E-09   0.000000000000E+00
  238.   0.231250000000E+03  -0.121316413053E-09   0.000000000000E+00   0.468750000000E+03  -0.331280468754E-09   0.000000000000E+00
  239.   0.229687500000E+03  -0.240712578711E-09   0.000000000000E+00   0.470312500000E+03  -0.666832407020E-09   0.000000000000E+00
  240.   0.228125000000E+03  -0.119275142200E-09   0.000000000000E+00   0.471875000000E+03  -0.334824052815E-09   0.000000000000E+00
  241.   0.226562500000E+03  -0.236641940827E-09   0.000000000000E+00   0.473437500000E+03  -0.673937421391E-09   0.000000000000E+00
  242.   0.225000000000E+03  -0.117247440057E-09   0.000000000000E+00   0.475000000000E+03  -0.338384505752E-09   0.000000000000E+00
  243.   0.223437500000E+03  -0.232598275934E-09   0.000000000000E+00   0.476562500000E+03  -0.681076132860E-09   0.000000000000E+00
  244.   0.221875000000E+03  -0.115233123404E-09   0.000000000000E+00   0.478125000000E+03  -0.341961718022E-09   0.000000000000E+00
  245.   0.220312500000E+03  -0.228581222396E-09   0.000000000000E+00   0.479687500000E+03  -0.688248236307E-09   0.000000000000E+00
  246.   0.218750000000E+03  -0.113232011578E-09   0.000000000000E+00   0.481250000000E+03  -0.345555525091E-09   0.000000000000E+00
  247.   0.217187500000E+03  -0.224590419600E-09   0.000000000000E+00   0.482812500000E+03  -0.695453361792E-09   0.000000000000E+00
  248.   0.215625000000E+03  -0.111243914929E-09   0.000000000000E+00   0.484375000000E+03  -0.349165725690E-09   0.000000000000E+00
  249.   0.214062500000E+03  -0.220625514801E-09   0.000000000000E+00   0.485937500000E+03  -0.702691195783E-09   0.000000000000E+00
  250.   0.212500000000E+03  -0.109268675986E-09   0.000000000000E+00   0.487500000000E+03  -0.352792167304E-09   0.000000000000E+00
  251.   0.210937500000E+03  -0.216686148751E-09   0.000000000000E+00   0.489062500000E+03  -0.709961422760E-09   0.000000000000E+00
  252.   0.209375000000E+03  -0.107306117014E-09   0.000000000000E+00   0.490625000000E+03  -0.356434696062E-09   0.000000000000E+00
  253.   0.207812500000E+03  -0.212771978247E-09   0.000000000000E+00   0.492187500000E+03  -0.717263680734E-09   0.000000000000E+00
  254.   0.206250000000E+03  -0.105356046335E-09   0.000000000000E+00   0.493750000000E+03  -0.360093136722E-09   0.000000000000E+00
  255.   0.204687500000E+03  -0.208882663327E-09   0.000000000000E+00   0.495312500000E+03  -0.724597661617E-09   0.000000000000E+00
  256.   0.203125000000E+03  -0.103418308483E-09   0.000000000000E+00   0.496875000000E+03  -0.363767358562E-09   0.000000000000E+00
  257.   0.201562500000E+03  -0.205017860570E-09   0.000000000000E+00   0.498437500000E+03  -0.731963036993E-09   0.000000000000E+00
  258.   0.200000000000E+03  -0.101492733343E-09   0.000000000000E+00   0.500000000000E+03  -0.367457161075E-09   0.000000000000E+00
  259.   0.198437500000E+03  -0.201177245847E-09   0.000000000000E+00   0.501562500000E+03  -0.739359480549E-09   0.000000000000E+00
  260.   0.196875000000E+03  -0.995791611697E-10   0.000000000000E+00   0.503125000000E+03  -0.371162370765E-09   0.000000000000E+00
  261.   0.195312500000E+03  -0.197360493644E-09   0.000000000000E+00   0.504687500000E+03  -0.746786703382E-09   0.000000000000E+00
  262.   0.193750000000E+03  -0.976774283879E-10   0.000000000000E+00   0.506250000000E+03  -0.374882902106E-09   0.000000000000E+00
  263.   0.192187500000E+03  -0.193567291517E-09   0.000000000000E+00   0.507812500000E+03  -0.754244389964E-09   0.000000000000E+00
  264.   0.190625000000E+03  -0.957873807856E-10   0.000000000000E+00   0.509375000000E+03  -0.378618572692E-09   0.000000000000E+00
  265.   0.189062500000E+03  -0.189797324501E-09   0.000000000000E+00   0.510937500000E+03  -0.761732274195E-09   0.000000000000E+00
  266.   0.187500000000E+03  -0.939088628288E-10   0.000000000000E+00   0.512500000000E+03  -0.382369224294E-09   0.000000000000E+00
  267.   0.185937500000E+03  -0.186050292096E-09   0.000000000000E+00   0.514062500000E+03  -0.769250015740E-09   0.000000000000E+00
  268.   0.184375000000E+03  -0.920417177999E-10   0.000000000000E+00   0.515625000000E+03  -0.386134707021E-09   0.000000000000E+00
  269.   0.182812500000E+03  -0.182325894724E-09   0.000000000000E+00   0.517187500000E+03  -0.776797325407E-09   0.000000000000E+00
  270.   0.181250000000E+03  -0.901858151175E-10   0.000000000000E+00   0.518750000000E+03  -0.389914914459E-09   0.000000000000E+00
  271.   0.179687500000E+03  -0.178623839472E-09   0.000000000000E+00   0.520312500000E+03  -0.784373980670E-09   0.000000000000E+00
  272.   0.178125000000E+03  -0.883410032809E-10   0.000000000000E+00   0.521875000000E+03  -0.393709675369E-09   0.000000000000E+00
  273.   0.176562500000E+03  -0.174943839296E-09   0.000000000000E+00   0.523437500000E+03  -0.791979660407E-09   0.000000000000E+00
  274.   0.175000000000E+03  -0.865071283212E-10   0.000000000000E+00   0.525000000000E+03  -0.397518877692E-09   0.000000000000E+00
  275.   0.173437500000E+03  -0.171285615885E-09   0.000000000000E+00   0.526562500000E+03  -0.799614093322E-09   0.000000000000E+00
  276.   0.171875000000E+03  -0.846840655145E-10   0.000000000000E+00   0.528125000000E+03  -0.401342349125E-09   0.000000000000E+00
  277.   0.170312500000E+03  -0.167648912959E-09   0.000000000000E+00   0.529687500000E+03  -0.807277002313E-09   0.000000000000E+00
  278.   0.168750000000E+03  -0.828716800889E-10   0.000000000000E+00   0.531250000000E+03  -0.405180008518E-09   0.000000000000E+00
  279.   0.167187500000E+03  -0.164033468007E-09   0.000000000000E+00   0.532812500000E+03  -0.814968120798E-09   0.000000000000E+00
  280.   0.165625000000E+03  -0.810698441242E-10   0.000000000000E+00   0.534375000000E+03  -0.409031651540E-09   0.000000000000E+00
  281.   0.164062500000E+03  -0.160439016522E-09   0.000000000000E+00   0.535937500000E+03  -0.822687161644E-09   0.000000000000E+00
  282.   0.162500000000E+03  -0.792784336905E-10   0.000000000000E+00   0.537500000000E+03  -0.412897180494E-09   0.000000000000E+00
  283.   0.160937500000E+03  -0.156865315826E-09   0.000000000000E+00   0.539062500000E+03  -0.830433844697E-09   0.000000000000E+00
  284.   0.159375000000E+03  -0.774973283786E-10   0.000000000000E+00   0.540625000000E+03  -0.416776433939E-09   0.000000000000E+00
  285.   0.157812500000E+03  -0.153312141149E-09   0.000000000000E+00   0.542187500000E+03  -0.838207839981E-09   0.000000000000E+00
  286.   0.156250000000E+03  -0.757264134877E-10   0.000000000000E+00   0.543750000000E+03  -0.420669222899E-09   0.000000000000E+00
  287.   0.154687500000E+03  -0.149779273714E-09   0.000000000000E+00   0.545312500000E+03  -0.846008744984E-09   0.000000000000E+00
  288.   0.153125000000E+03  -0.739655823943E-10   0.000000000000E+00   0.546875000000E+03  -0.424575370437E-09   0.000000000000E+00
  289.   0.151562500000E+03  -0.146266518133E-09   0.000000000000E+00   0.548437500000E+03  -0.853836102571E-09   0.000000000000E+00
  290.   0.150000000000E+03  -0.722147459656E-10   0.000000000000E+00   0.550000000000E+03  -0.428494578956E-09   0.000000000000E+00
  291.   0.148437500000E+03  -0.142773704448E-09   0.000000000000E+00   0.551562500000E+03  -0.861689279321E-09   0.000000000000E+00
  292.   0.146875000000E+03  -0.704738279329E-10   0.000000000000E+00   0.553125000000E+03  -0.432426471521E-09   0.000000000000E+00
  293.   0.145312500000E+03  -0.139300695344E-09   0.000000000000E+00   0.554687500000E+03  -0.869567423386E-09   0.000000000000E+00
  294.   0.143750000000E+03  -0.687427700044E-10   0.000000000000E+00   0.556250000000E+03  -0.436370612894E-09   0.000000000000E+00
  295.   0.142187500000E+03  -0.135847414912E-09   0.000000000000E+00   0.557812500000E+03  -0.877469272769E-09   0.000000000000E+00
  296.   0.140625000000E+03  -0.670215567155E-10   0.000000000000E+00   0.559375000000E+03  -0.440326209163E-09   0.000000000000E+00
  297.   0.139062500000E+03  -0.132413854739E-09   0.000000000000E+00   0.560937500000E+03  -0.885392991192E-09   0.000000000000E+00
  298.   0.137500000000E+03  -0.653101816113E-10   0.000000000000E+00   0.562500000000E+03  -0.444292210458E-09   0.000000000000E+00
  299.   0.135937500000E+03  -0.129000121709E-09   0.000000000000E+00   0.564062500000E+03  -0.893335789562E-09   0.000000000000E+00
  300.   0.134375000000E+03  -0.636087524097E-10   0.000000000000E+00   0.565625000000E+03  -0.448266910094E-09   0.000000000000E+00
  301.   0.132812500000E+03  -0.125606498445E-09   0.000000000000E+00   0.567187500000E+03  -0.901293355616E-09   0.000000000000E+00
  302.   0.131250000000E+03  -0.619174701092E-10   0.000000000000E+00   0.568750000000E+03  -0.452247753593E-09   0.000000000000E+00
  303.   0.129687500000E+03  -0.122233538382E-09   0.000000000000E+00   0.570312500000E+03  -0.909259046895E-09   0.000000000000E+00
  304.   0.128125000000E+03  -0.602367036946E-10   0.000000000000E+00   0.571875000000E+03  -0.456230853107E-09   0.000000000000E+00
  305.   0.126562500000E+03  -0.118882213201E-09   0.000000000000E+00   0.573437500000E+03  -0.917222622338E-09   0.000000000000E+00
  306.   0.125000000000E+03  -0.585670937721E-10   0.000000000000E+00   0.575000000000E+03  -0.460210286722E-09   0.000000000000E+00
  307.   0.123437500000E+03  -0.115554212790E-09   0.000000000000E+00   0.576562500000E+03  -0.925168970161E-09   0.000000000000E+00
  308.   0.121875000000E+03  -0.569097747959E-10   0.000000000000E+00   0.578125000000E+03  -0.464177632697E-09   0.000000000000E+00
  309.   0.120312500000E+03  -0.112252314605E-09   0.000000000000E+00   0.579687500000E+03  -0.933075127056E-09   0.000000000000E+00
  310.   0.118750000000E+03  -0.552661103723E-10   0.000000000000E+00   0.581250000000E+03  -0.468115379758E-09   0.000000000000E+00
  311.   0.117187500000E+03  -0.108981817729E-09   0.000000000000E+00   0.582812500000E+03  -0.940914195123E-09   0.000000000000E+00
  312.   0.115625000000E+03  -0.536397201654E-10   0.000000000000E+00   0.584375000000E+03  -0.472010560594E-09   0.000000000000E+00
  313.   0.114062500000E+03  -0.105750413781E-09   0.000000000000E+00   0.585937500000E+03  -0.948638411223E-09   0.000000000000E+00
  314.   0.112500000000E+03  -0.520272601142E-10   0.000000000000E+00   0.587500000000E+03  -0.475751961519E-09   0.000000000000E+00
  315.   0.110937500000E+03  -0.102578339982E-09   0.000000000000E+00   0.589062500000E+03  -0.956253521958E-09   0.000000000000E+00
  316.   0.109375000000E+03  -0.504493554050E-10   0.000000000000E+00   0.590625000000E+03  -0.479427930100E-09   0.000000000000E+00
  317.   0.107812500000E+03  -0.994786299335E-10   0.000000000000E+00   0.592187500000E+03  -0.963577633191E-09   0.000000000000E+00
  318.   0.106250000000E+03  -0.488033693939E-10   0.000000000000E+00   0.593750000000E+03  -0.481778034418E-09   0.000000000000E+00
  319.   0.104687500000E+03  -0.965371862726E-10   0.000000000000E+00   0.595312500000E+03  -0.970947451350E-09   0.000000000000E+00
  320.   0.103125000000E+03  -0.474330332061E-10   0.000000000000E+00   0.596875000000E+03  -0.486129345545E-09   0.000000000000E+00
  321.   0.101562500000E+03  -0.932997574982E-10   0.000000000000E+00   0.598437500000E+03  -0.972596400716E-09   0.000000000000E+00
