mode f[Hz] tag=epsrel_ff_lanb_h15 target=127.38345Hz
  1.     0.00000000E+00
  2.     0.13390015E+03
  3.     0.61657153E+03
  4.     0.14756184E+04
  5.     0.24476145E+04
  6.     0.27105959E+04
  7.     0.42780033E+04
  8.     0.61290916E+04
  9.     0.62273345E+04
 10.     0.82162932E+04
 11.     0.10497016E+05
 12.     0.10525089E+05
 13.     0.12934806E+05
 14.     0.15201542E+05
 15.     0.15499323E+05
 16.     0.18165742E+05
 17.     0.19988457E+05
 18.     0.20913932E+05
 19.     0.23727635E+05
 20.     0.24801652E+05
