i  r_top  QtopRe  QtopIm  r_bot  QbotRe  QbotIm   [mm, mC]
    1.   0.600000000000E+03  -0.235537390539E-07   0.000000000000E+00   0.100000000000E+03  -0.914569280225E-08   0.000000000000E+00
    2.   0.100000000000E+03   0.909997591490E-08   0.000000000000E+00   0.600000000000E+03   0.235538239315E-07   0.000000000000E+00
    3.   0.598437500000E+03  -0.939697137175E-07   0.000000000000E+00   0.101562500000E+03   0.548195561114E-06   0.000000000000E+00
    4.   0.596875000000E+03  -0.468622350173E-07   0.000000000000E+00   0.103125000000E+03   0.294950440901E-06   0.000000000000E+00
    5.   0.595312500000E+03  -0.934792254627E-07   0.000000000000E+00   0.104687500000E+03   0.634366274230E-06   0.000000000000E+00
    6.   0.593750000000E+03  -0.466169909710E-07   0.000000000000E+00   0.106250000000E+03   0.328390762896E-06   0.000000000000E+00
    7.   0.592187500000E+03  -0.929887361235E-07   0.000000000000E+00   0.107812500000E+03   0.677745924657E-06   0.000000000000E+00
    8.   0.590625000000E+03  -0.463717455630E-07   0.000000000000E+00   0.109375000000E+03   0.346428793588E-06   0.000000000000E+00
    9.   0.589062500000E+03  -0.924982447652E-07   0.000000000000E+00   0.110937500000E+03   0.706014030829E-06   0.000000000000E+00
   10.   0.587500000000E+03  -0.461264993887E-07   0.000000000000E+00   0.112500000000E+03   0.358824179473E-06   0.000000000000E+00
   11.   0.585937500000E+03  -0.920077514800E-07   0.000000000000E+00   0.114062500000E+03   0.729191372493E-06   0.000000000000E+00
   12.   0.584375000000E+03  -0.458812522438E-07   0.000000000000E+00   0.115625000000E+03   0.370052842772E-06   0.000000000000E+00
   13.   0.582812500000E+03  -0.915172562582E-07   0.000000000000E+00   0.117187500000E+03   0.750541874072E-06   0.000000000000E+00
   14.   0.581250000000E+03  -0.456360041520E-07   0.000000000000E+00   0.118750000000E+03   0.380450618912E-06   0.000000000000E+00
   15.   0.579687500000E+03  -0.910267591151E-07   0.000000000000E+00   0.120312500000E+03   0.771113381953E-06   0.000000000000E+00
   16.   0.578125000000E+03  -0.453907550999E-07   0.000000000000E+00   0.121875000000E+03   0.390653159685E-06   0.000000000000E+00
   17.   0.576562500000E+03  -0.905362600521E-07   0.000000000000E+00   0.123437500000E+03   0.791387383951E-06   0.000000000000E+00
   18.   0.575000000000E+03  -0.451455050891E-07   0.000000000000E+00   0.125000000000E+03   0.400740296732E-06   0.000000000000E+00
   19.   0.573437500000E+03  -0.900457590716E-07   0.000000000000E+00   0.126562500000E+03   0.811529603488E-06   0.000000000000E+00
   20.   0.571875000000E+03  -0.449002541197E-07   0.000000000000E+00   0.128125000000E+03   0.410791983560E-06   0.000000000000E+00
   21.   0.570312500000E+03  -0.895552561749E-07   0.000000000000E+00   0.129687500000E+03   0.831617055808E-06   0.000000000000E+00
   22.   0.568750000000E+03  -0.446550021924E-07   0.000000000000E+00   0.131250000000E+03   0.420825877525E-06   0.000000000000E+00
   23.   0.567187500000E+03  -0.890647513634E-07   0.000000000000E+00   0.132812500000E+03   0.851679246089E-06   0.000000000000E+00
   24.   0.565625000000E+03  -0.444097493083E-07   0.000000000000E+00   0.134375000000E+03   0.430852756279E-06   0.000000000000E+00
   25.   0.564062500000E+03  -0.885742446389E-07   0.000000000000E+00   0.135937500000E+03   0.871729857243E-06   0.000000000000E+00
   26.   0.562500000000E+03  -0.441644954678E-07   0.000000000000E+00   0.137500000000E+03   0.440876131147E-06   0.000000000000E+00
   27.   0.560937500000E+03  -0.880837360027E-07   0.000000000000E+00   0.139062500000E+03   0.891774851198E-06   0.000000000000E+00
   28.   0.559375000000E+03  -0.439192406720E-07   0.000000000000E+00   0.140625000000E+03   0.450897826509E-06   0.000000000000E+00
   29.   0.557812500000E+03  -0.875932254568E-07   0.000000000000E+00   0.142187500000E+03   0.911817126773E-06   0.000000000000E+00
   30.   0.556250000000E+03  -0.436739849219E-07   0.000000000000E+00   0.143750000000E+03   0.460918646958E-06   0.000000000000E+00
   31.   0.554687500000E+03  -0.871027130030E-07   0.000000000000E+00   0.145312500000E+03   0.931858083909E-06   0.000000000000E+00
   32.   0.553125000000E+03  -0.434287282181E-07   0.000000000000E+00   0.146875000000E+03   0.470939019804E-06   0.000000000000E+00
   33.   0.551562500000E+03  -0.866121986428E-07   0.000000000000E+00   0.148437500000E+03   0.951898423746E-06   0.000000000000E+00
   34.   0.550000000000E+03  -0.431834705617E-07   0.000000000000E+00   0.150000000000E+03   0.480959165717E-06   0.000000000000E+00
   35.   0.548437500000E+03  -0.861216823783E-07   0.000000000000E+00   0.151562500000E+03   0.971938489995E-06   0.000000000000E+00
   36.   0.546875000000E+03  -0.429382119535E-07   0.000000000000E+00   0.153125000000E+03   0.490979202284E-06   0.000000000000E+00
   37.   0.545312500000E+03  -0.856311642112E-07   0.000000000000E+00   0.154687500000E+03   0.991978446670E-06   0.000000000000E+00
   38.   0.543750000000E+03  -0.426929523945E-07   0.000000000000E+00   0.156250000000E+03   0.500999189719E-06   0.000000000000E+00
   39.   0.542187500000E+03  -0.851406441430E-07   0.000000000000E+00   0.157812500000E+03   0.101201836690E-05   0.000000000000E+00
   40.   0.540625000000E+03  -0.424476918853E-07   0.000000000000E+00   0.159375000000E+03   0.511019157444E-06   0.000000000000E+00
   41.   0.539062500000E+03  -0.846501221755E-07   0.000000000000E+00   0.160937500000E+03   0.103205827986E-05   0.000000000000E+00
   42.   0.537500000000E+03  -0.422024304269E-07   0.000000000000E+00   0.162500000000E+03   0.521039118588E-06   0.000000000000E+00
   43.   0.535937500000E+03  -0.841595983101E-07   0.000000000000E+00   0.164062500000E+03   0.105209819469E-05   0.000000000000E+00
   44.   0.534375000000E+03  -0.419571680200E-07   0.000000000000E+00   0.165625000000E+03   0.531059078166E-06   0.000000000000E+00
   45.   0.532812500000E+03  -0.836690725486E-07   0.000000000000E+00   0.167187500000E+03   0.107213811226E-05   0.000000000000E+00
   46.   0.531250000000E+03  -0.417119046654E-07   0.000000000000E+00   0.168750000000E+03   0.541079037430E-06   0.000000000000E+00
   47.   0.529687500000E+03  -0.831785448925E-07   0.000000000000E+00   0.170312500000E+03   0.109217803064E-05   0.000000000000E+00
   48.   0.528125000000E+03  -0.414666403638E-07   0.000000000000E+00   0.171875000000E+03   0.551098996045E-06   0.000000000000E+00
   49.   0.526562500000E+03  -0.826880153431E-07   0.000000000000E+00   0.173437500000E+03   0.111221794719E-05   0.000000000000E+00
   50.   0.525000000000E+03  -0.412213751160E-07   0.000000000000E+00   0.175000000000E+03   0.561118953060E-06   0.000000000000E+00
   51.   0.523437500000E+03  -0.821974839019E-07   0.000000000000E+00   0.176562500000E+03   0.113225785917E-05   0.000000000000E+00
   52.   0.521875000000E+03  -0.409761089225E-07   0.000000000000E+00   0.178125000000E+03   0.571138907214E-06   0.000000000000E+00
   53.   0.520312500000E+03  -0.817069505699E-07   0.000000000000E+00   0.179687500000E+03   0.115229776357E-05   0.000000000000E+00
   54.   0.518750000000E+03  -0.407308417841E-07   0.000000000000E+00   0.181250000000E+03   0.581158856900E-06   0.000000000000E+00
   55.   0.517187500000E+03  -0.812164153488E-07   0.000000000000E+00   0.182812500000E+03   0.117233765660E-05   0.000000000000E+00
   56.   0.515625000000E+03  -0.404855737014E-07   0.000000000000E+00   0.184375000000E+03   0.591178799910E-06   0.000000000000E+00
   57.   0.514062500000E+03  -0.807258782397E-07   0.000000000000E+00   0.185937500000E+03   0.119237753284E-05   0.000000000000E+00
   58.   0.512500000000E+03  -0.402403046750E-07   0.000000000000E+00   0.187500000000E+03   0.601198732980E-06   0.000000000000E+00
   59.   0.510937500000E+03  -0.802353392436E-07   0.000000000000E+00   0.189062500000E+03   0.121241738407E-05   0.000000000000E+00
   60.   0.509375000000E+03  -0.399950347053E-07   0.000000000000E+00   0.190625000000E+03   0.611218651099E-06   0.000000000000E+00
   61.   0.507812500000E+03  -0.797447983616E-07   0.000000000000E+00   0.192187500000E+03   0.123245719748E-05   0.000000000000E+00
   62.   0.506250000000E+03  -0.397497637931E-07   0.000000000000E+00   0.193750000000E+03   0.621238546431E-06   0.000000000000E+00
   63.   0.504687500000E+03  -0.792542555949E-07   0.000000000000E+00   0.195312500000E+03   0.125249695292E-05   0.000000000000E+00
   64.   0.503125000000E+03  -0.395044919386E-07   0.000000000000E+00   0.196875000000E+03   0.631258406647E-06   0.000000000000E+00
   65.   0.501562500000E+03  -0.787637109441E-07   0.000000000000E+00   0.198437500000E+03   0.127253661860E-05   0.000000000000E+00
   66.   0.500000000000E+03  -0.392592191424E-07   0.000000000000E+00   0.200000000000E+03   0.641278212296E-06   0.000000000000E+00
   67.   0.498437500000E+03  -0.782731644103E-07   0.000000000000E+00   0.201562500000E+03   0.129257614432E-05   0.000000000000E+00
   68.   0.496875000000E+03  -0.390139454048E-07   0.000000000000E+00   0.203125000000E+03   0.651297932673E-06   0.000000000000E+00
   69.   0.495312500000E+03  -0.777826159942E-07   0.000000000000E+00   0.204687500000E+03   0.131261545085E-05   0.000000000000E+00
   70.   0.493750000000E+03  -0.387686707263E-07   0.000000000000E+00   0.206250000000E+03   0.661317519297E-06   0.000000000000E+00
   71.   0.492187500000E+03  -0.772920656963E-07   0.000000000000E+00   0.207812500000E+03   0.133265441304E-05   0.000000000000E+00
   72.   0.490625000000E+03  -0.385233951070E-07   0.000000000000E+00   0.209375000000E+03   0.671336895609E-06   0.000000000000E+00
   73.   0.489062500000E+03  -0.768015135172E-07   0.000000000000E+00   0.210937500000E+03   0.135269283330E-05   0.000000000000E+00
   74.   0.487500000000E+03  -0.382781185472E-07   0.000000000000E+00   0.212500000000E+03   0.681355940723E-06   0.000000000000E+00
   75.   0.485937500000E+03  -0.763109594573E-07   0.000000000000E+00   0.214062500000E+03   0.137273039962E-05   0.000000000000E+00
   76.   0.484375000000E+03  -0.380328410472E-07   0.000000000000E+00   0.215625000000E+03   0.691374463759E-06   0.000000000000E+00
   77.   0.482812500000E+03  -0.758204035166E-07   0.000000000000E+00   0.217187500000E+03   0.139276661934E-05   0.000000000000E+00
   78.   0.481250000000E+03  -0.377875626067E-07   0.000000000000E+00   0.218750000000E+03   0.701392163344E-06   0.000000000000E+00
   79.   0.479687500000E+03  -0.753298456948E-07   0.000000000000E+00   0.220312500000E+03   0.141280071469E-05   0.000000000000E+00
   80.   0.478125000000E+03  -0.375422832255E-07   0.000000000000E+00   0.221875000000E+03   0.711408563678E-06   0.000000000000E+00
   81.   0.476562500000E+03  -0.748392859915E-07   0.000000000000E+00   0.223437500000E+03   0.143283145778E-05   0.000000000000E+00
   82.   0.475000000000E+03  -0.372970029033E-07   0.000000000000E+00   0.225000000000E+03   0.721422913648E-06   0.000000000000E+00
   83.   0.473437500000E+03  -0.743487244050E-07   0.000000000000E+00   0.226562500000E+03   0.145285691034E-05   0.000000000000E+00
   84.   0.471875000000E+03  -0.370517216392E-07   0.000000000000E+00   0.228125000000E+03   0.731434027623E-06   0.000000000000E+00
   85.   0.470312500000E+03  -0.738581609331E-07   0.000000000000E+00   0.229687500000E+03   0.147287401301E-05   0.000000000000E+00
   86.   0.468750000000E+03  -0.368064394316E-07   0.000000000000E+00   0.231250000000E+03   0.741440034280E-06   0.000000000000E+00
   87.   0.467187500000E+03  -0.733675955719E-07   0.000000000000E+00   0.232812500000E+03   0.149287793742E-05   0.000000000000E+00
   88.   0.465625000000E+03  -0.365611562781E-07   0.000000000000E+00   0.234375000000E+03   0.751437980374E-06   0.000000000000E+00
   89.   0.464062500000E+03  -0.728770283150E-07   0.000000000000E+00   0.235937500000E+03   0.151286106429E-05   0.000000000000E+00
   90.   0.462500000000E+03  -0.363158721749E-07   0.000000000000E+00   0.237500000000E+03   0.761423205857E-06   0.000000000000E+00
   91.   0.460937500000E+03  -0.723864591525E-07   0.000000000000E+00   0.239062500000E+03   0.153281137209E-05   0.000000000000E+00
   92.   0.459375000000E+03  -0.360705871158E-07   0.000000000000E+00   0.240625000000E+03   0.771388358679E-06   0.000000000000E+00
   93.   0.457812500000E+03  -0.718958880687E-07   0.000000000000E+00   0.242187500000E+03   0.155270989744E-05   0.000000000000E+00
   94.   0.456250000000E+03  -0.358253010913E-07   0.000000000000E+00   0.243750000000E+03   0.781321842262E-06   0.000000000000E+00
   95.   0.454687500000E+03  -0.714053150390E-07   0.000000000000E+00   0.245312500000E+03   0.157252673469E-05   0.000000000000E+00
   96.   0.453125000000E+03  -0.355800140864E-07   0.000000000000E+00   0.246875000000E+03   0.791205370601E-06   0.000000000000E+00
   97.   0.451562500000E+03  -0.709147400252E-07   0.000000000000E+00   0.248437500000E+03   0.159221474046E-05   0.000000000000E+00
   98.   0.450000000000E+03  -0.353347260778E-07   0.000000000000E+00   0.250000000000E+03   0.801010122080E-06   0.000000000000E+00
   99.   0.448437500000E+03  -0.704241629673E-07   0.000000000000E+00   0.251562500000E+03   0.161169964008E-05   0.000000000000E+00
  100.   0.446875000000E+03  -0.350894370290E-07   0.000000000000E+00   0.253125000000E+03   0.810690698519E-06   0.000000000000E+00
  101.   0.445312500000E+03  -0.699335837720E-07   0.000000000000E+00   0.254687500000E+03   0.163086451306E-05   0.000000000000E+00
  102.   0.443750000000E+03  -0.348441468832E-07   0.000000000000E+00   0.256250000000E+03   0.820175660514E-06   0.000000000000E+00
  103.   0.442187500000E+03  -0.694430022935E-07   0.000000000000E+00   0.257812500000E+03   0.164952554603E-05   0.000000000000E+00
  104.   0.440625000000E+03  -0.345988555515E-07   0.000000000000E+00   0.259375000000E+03   0.829352756155E-06   0.000000000000E+00
  105.   0.439062500000E+03  -0.689524183041E-07   0.000000000000E+00   0.260937500000E+03   0.166739433772E-05   0.000000000000E+00
  106.   0.437500000000E+03  -0.343535628954E-07   0.000000000000E+00   0.262500000000E+03   0.838046008356E-06   0.000000000000E+00
  107.   0.435937500000E+03  -0.684618314485E-07   0.000000000000E+00   0.264062500000E+03   0.168401978690E-05   0.000000000000E+00
  108.   0.434375000000E+03  -0.341082686982E-07   0.000000000000E+00   0.265625000000E+03   0.845980517730E-06   0.000000000000E+00
  109.   0.432812500000E+03  -0.679712411716E-07   0.000000000000E+00   0.267187500000E+03   0.169869969730E-05   0.000000000000E+00
  110.   0.431250000000E+03  -0.338629726218E-07   0.000000000000E+00   0.268750000000E+03   0.852729235699E-06   0.000000000000E+00
  111.   0.429687500000E+03  -0.674806466062E-07   0.000000000000E+00   0.270312500000E+03   0.171034921643E-05   0.000000000000E+00
  112.   0.428125000000E+03  -0.336176741380E-07   0.000000000000E+00   0.271875000000E+03   0.857634513243E-06   0.000000000000E+00
  113.   0.426562500000E+03  -0.669900463981E-07   0.000000000000E+00   0.273437500000E+03   0.171731201541E-05   0.000000000000E+00
  114.   0.425000000000E+03  -0.333723724217E-07   0.000000000000E+00   0.275000000000E+03   0.859697414577E-06   0.000000000000E+00
  115.   0.423437500000E+03  -0.664994384312E-07   0.000000000000E+00   0.276562500000E+03   0.171710593811E-05   0.000000000000E+00
  116.   0.421875000000E+03  -0.331270661836E-07   0.000000000000E+00   0.278125000000E+03   0.857433342694E-06   0.000000000000E+00
  117.   0.420312500000E+03  -0.660088194003E-07   0.000000000000E+00   0.279687500000E+03   0.170611967092E-05   0.000000000000E+00
  118.   0.418750000000E+03  -0.328817534100E-07   0.000000000000E+00   0.281250000000E+03   0.848711807029E-06   0.000000000000E+00
  119.   0.417187500000E+03  -0.655181841416E-07   0.000000000000E+00   0.282812500000E+03   0.167934274557E-05   0.000000000000E+00
  120.   0.415625000000E+03  -0.326364309548E-07   0.000000000000E+00   0.284375000000E+03   0.830645376104E-06   0.000000000000E+00
  121.   0.414062500000E+03  -0.650275245876E-07   0.000000000000E+00   0.285937500000E+03   0.163034653151E-05   0.000000000000E+00
  122.   0.412500000000E+03  -0.323910939027E-07   0.000000000000E+00   0.287500000000E+03   0.799682709836E-06   0.000000000000E+00
  123.   0.410937500000E+03  -0.645368281351E-07   0.000000000000E+00   0.289062500000E+03   0.155193437345E-05   0.000000000000E+00
  124.   0.409375000000E+03  -0.321457345750E-07   0.000000000000E+00   0.290625000000E+03   0.752174203531E-06   0.000000000000E+00
  125.   0.407812500000E+03  -0.640460750947E-07   0.000000000000E+00   0.292187500000E+03   0.143800093972E-05   0.000000000000E+00
  126.   0.406250000000E+03  -0.319003409759E-07   0.000000000000E+00   0.293750000000E+03   0.685683446015E-06   0.000000000000E+00
  127.   0.404687500000E+03  -0.635552347079E-07   0.000000000000E+00   0.295312500000E+03   0.128676619911E-05   0.000000000000E+00
  128.   0.403125000000E+03  -0.316548943654E-07   0.000000000000E+00   0.296875000000E+03   0.600918505854E-06   0.000000000000E+00
  129.   0.401562500000E+03  -0.630642589244E-07   0.000000000000E+00   0.298437500000E+03   0.110425028499E-05   0.000000000000E+00
  130.   0.400000000000E+03  -0.314093654689E-07   0.000000000000E+00   0.300000000000E+03   0.503237330879E-06   0.000000000000E+00
  131.   0.398437500000E+03  -0.625730726837E-07   0.000000000000E+00   0.301562500000E+03   0.905278144574E-06   0.000000000000E+00
  132.   0.396875000000E+03  -0.311637085566E-07   0.000000000000E+00   0.303125000000E+03   0.402080815459E-06   0.000000000000E+00
  133.   0.395312500000E+03  -0.620815587355E-07   0.000000000000E+00   0.304687500000E+03   0.709786151126E-06   0.000000000000E+00
  134.   0.393750000000E+03  -0.309178521953E-07   0.000000000000E+00   0.306250000000E+03   0.307851770265E-06   0.000000000000E+00
  135.   0.392187500000E+03  -0.615895339306E-07   0.000000000000E+00   0.307812500000E+03   0.535844318596E-06   0.000000000000E+00
  136.   0.390625000000E+03  -0.306716848056E-07   0.000000000000E+00   0.309375000000E+03   0.228154704163E-06   0.000000000000E+00
  137.   0.389062500000E+03  -0.610967121934E-07   0.000000000000E+00   0.310937500000E+03   0.394026584854E-06   0.000000000000E+00
  138.   0.387500000000E+03  -0.304250321046E-07   0.000000000000E+00   0.312500000000E+03   0.165980338593E-06   0.000000000000E+00
  139.   0.385937500000E+03  -0.606026466928E-07   0.000000000000E+00   0.314062500000E+03   0.286357789894E-06   0.000000000000E+00
  140.   0.384375000000E+03  -0.301776218771E-07   0.000000000000E+00   0.315625000000E+03   0.120419920413E-06   0.000000000000E+00
  141.   0.382812500000E+03  -0.601066395296E-07   0.000000000000E+00   0.317187500000E+03   0.208950230438E-06   0.000000000000E+00
  142.   0.381250000000E+03  -0.299290289595E-07   0.000000000000E+00   0.318750000000E+03   0.885282886402E-07   0.000000000000E+00
  143.   0.379687500000E+03  -0.596076006972E-07   0.000000000000E+00   0.320312500000E+03   0.155466776764E-06   0.000000000000E+00
  144.   0.378125000000E+03  -0.296785893219E-07   0.000000000000E+00   0.321875000000E+03   0.669169522350E-07   0.000000000000E+00
  145.   0.376562500000E+03  -0.591038278250E-07   0.000000000000E+00   0.323437500000E+03   0.119546871677E-06   0.000000000000E+00
  146.   0.375000000000E+03  -0.294252658937E-07   0.000000000000E+00   0.325000000000E+03   0.526046961622E-07   0.000000000000E+00
  147.   0.373437500000E+03  -0.585926622085E-07   0.000000000000E+00   0.326562500000E+03   0.959132673670E-07   0.000000000000E+00
  148.   0.371875000000E+03  -0.291674390271E-07   0.000000000000E+00   0.328125000000E+03   0.432866782383E-07   0.000000000000E+00
  149.   0.370312500000E+03  -0.580699516226E-07   0.000000000000E+00   0.329687500000E+03   0.806091256184E-07   0.000000000000E+00
  150.   0.368750000000E+03  -0.289025792541E-07   0.000000000000E+00   0.331250000000E+03   0.373057503060E-07   0.000000000000E+00
  151.   0.367187500000E+03  -0.575292113253E-07   0.000000000000E+00   0.332812500000E+03   0.708386104546E-07   0.000000000000E+00
  152.   0.365625000000E+03  -0.286267361850E-07   0.000000000000E+00   0.334375000000E+03   0.335209868705E-07   0.000000000000E+00
  153.   0.364062500000E+03  -0.569603135067E-07   0.000000000000E+00   0.335937500000E+03   0.646966268850E-07   0.000000000000E+00
  154.   0.362500000000E+03  -0.283337401037E-07   0.000000000000E+00   0.337500000000E+03   0.311675335899E-07   0.000000000000E+00
  155.   0.360937500000E+03  -0.563474396874E-07   0.000000000000E+00   0.339062500000E+03   0.609140481530E-07   0.000000000000E+00
  156.   0.359375000000E+03  -0.280139545517E-07   0.000000000000E+00   0.340625000000E+03   0.297411151397E-07   0.000000000000E+00
  157.   0.357812500000E+03  -0.556658802667E-07   0.000000000000E+00   0.342187500000E+03   0.586573825245E-07   0.000000000000E+00
  158.   0.356250000000E+03  -0.276523261852E-07   0.000000000000E+00   0.343750000000E+03   0.289127255502E-07   0.000000000000E+00
  159.   0.354687500000E+03  -0.548770291585E-07   0.000000000000E+00   0.345312500000E+03   0.573841616519E-07   0.000000000000E+00
  160.   0.353125000000E+03  -0.272253355908E-07   0.000000000000E+00   0.346875000000E+03   0.284691347367E-07   0.000000000000E+00
  161.   0.351562500000E+03  -0.539205470063E-07   0.000000000000E+00   0.348437500000E+03   0.567433526883E-07   0.000000000000E+00
  162.   0.350000000000E+03  -0.266962185569E-07   0.000000000000E+00   0.350000000000E+03   0.282727314644E-07   0.000000000000E+00
  163.   0.348437500000E+03  -0.527020739421E-07   0.000000000000E+00   0.351562500000E+03   0.565086348377E-07   0.000000000000E+00
  164.   0.346875000000E+03  -0.260074883177E-07   0.000000000000E+00   0.353125000000E+03   0.282349467510E-07   0.000000000000E+00
  165.   0.345312500000E+03  -0.510739055518E-07   0.000000000000E+00   0.354687500000E+03   0.565344362423E-07   0.000000000000E+00
  166.   0.343750000000E+03  -0.250691131507E-07   0.000000000000E+00   0.356250000000E+03   0.282988752414E-07   0.000000000000E+00
  167.   0.342187500000E+03  -0.488045139082E-07   0.000000000000E+00   0.357812500000E+03   0.567272656467E-07   0.000000000000E+00
  168.   0.340625000000E+03  -0.237401028153E-07   0.000000000000E+00   0.359375000000E+03   0.284279965083E-07   0.000000000000E+00
  169.   0.339062500000E+03  -0.455300395071E-07   0.000000000000E+00   0.360937500000E+03   0.570271387673E-07   0.000000000000E+00
  170.   0.337500000000E+03  -0.217983286925E-07   0.000000000000E+00   0.362500000000E+03   0.285988898410E-07   0.000000000000E+00
  171.   0.335937500000E+03  -0.406767945105E-07   0.000000000000E+00   0.364062500000E+03   0.573955942385E-07   0.000000000000E+00
  172.   0.334375000000E+03  -0.188957340521E-07   0.000000000000E+00   0.365625000000E+03   0.287965426865E-07   0.000000000000E+00
  173.   0.332812500000E+03  -0.333338345975E-07   0.000000000000E+00   0.367187500000E+03   0.578079814794E-07   0.000000000000E+00
  174.   0.331250000000E+03  -0.144721208268E-07   0.000000000000E+00   0.368750000000E+03   0.290113351907E-07   0.000000000000E+00
  175.   0.329687500000E+03  -0.220448667681E-07   0.000000000000E+00   0.370312500000E+03   0.582485060187E-07   0.000000000000E+00
  176.   0.328125000000E+03  -0.766360941056E-08   0.000000000000E+00   0.371875000000E+03   0.292371044371E-07   0.000000000000E+00
  177.   0.326562500000E+03  -0.443325165346E-08   0.000000000000E+00   0.373437500000E+03   0.587070497999E-07   0.000000000000E+00
  178.   0.325000000000E+03   0.304910650640E-08   0.000000000000E+00   0.375000000000E+03   0.294699027975E-07   0.000000000000E+00
  179.   0.323437500000E+03   0.234172846877E-07   0.000000000000E+00   0.376562500000E+03   0.591771320330E-07   0.000000000000E+00
  180.   0.321875000000E+03   0.197044979787E-07   0.000000000000E+00   0.378125000000E+03   0.297072019254E-07   0.000000000000E+00
  181.   0.320312500000E+03   0.683994903450E-07   0.000000000000E+00   0.379687500000E+03   0.596546020926E-07   0.000000000000E+00
  182.   0.318750000000E+03   0.476173335696E-07   0.000000000000E+00   0.381250000000E+03   0.299473826258E-07   0.000000000000E+00
  183.   0.317187500000E+03   0.142471472386E-06   0.000000000000E+00   0.382812500000E+03   0.601368019228E-07   0.000000000000E+00
  184.   0.315625000000E+03   0.886634676083E-07   0.000000000000E+00   0.384375000000E+03   0.301894080112E-07   0.000000000000E+00
  185.   0.314062500000E+03   0.271723187707E-06   0.000000000000E+00   0.385937500000E+03   0.606220294174E-07   0.000000000000E+00
  186.   0.312500000000E+03   0.178620182315E-06   0.000000000000E+00   0.387500000000E+03   0.304326141270E-07   0.000000000000E+00
  187.   0.310937500000E+03   0.502288593795E-06   0.000000000000E+00   0.389062500000E+03   0.611091946808E-07   0.000000000000E+00
  188.   0.309375000000E+03   0.251303095421E-06   0.000000000000E+00   0.390625000000E+03   0.306765758408E-07   0.000000000000E+00
  189.   0.307812500000E+03   0.100610761170E-05   0.000000000000E+00   0.392187500000E+03   0.615975998618E-07   0.000000000000E+00
  190.   0.306250000000E+03   0.823675936072E-06   0.000000000000E+00   0.393750000000E+03   0.309210209518E-07   0.000000000000E+00
  191.   0.304687500000E+03   0.202591790611E-05   0.000000000000E+00   0.395312500000E+03   0.620867981526E-07   0.000000000000E+00
  192.   0.303125000000E+03   0.230002530625E-05   0.000000000000E+00   0.396875000000E+03   0.311657751844E-07   0.000000000000E+00
  193.   0.301562500000E+03   0.131430392263E-04   0.000000000000E+00   0.398437500000E+03   0.625765034900E-07   0.000000000000E+00
  194.   0.300000000000E+03  -0.110237642749E-04   0.000000000000E+00   0.400000000000E+03   0.314107269636E-07   0.000000000000E+00
  195.   0.298437500000E+03  -0.742988750892E-05   0.000000000000E+00   0.401562500000E+03   0.630665327332E-07   0.000000000000E+00
  196.   0.296875000000E+03  -0.212647630385E-05   0.000000000000E+00   0.403125000000E+03   0.316558048596E-07   0.000000000000E+00
  197.   0.295312500000E+03  -0.364353434118E-05   0.000000000000E+00   0.404687500000E+03   0.635567686380E-07   0.000000000000E+00
  198.   0.293750000000E+03  -0.144806341702E-05   0.000000000000E+00   0.406250000000E+03   0.319009631449E-07   0.000000000000E+00
  199.   0.292187500000E+03  -0.268947912556E-05   0.000000000000E+00   0.407812500000E+03   0.640471361485E-07   0.000000000000E+00
  200.   0.290625000000E+03  -0.123098968712E-05   0.000000000000E+00   0.409375000000E+03   0.321461725474E-07   0.000000000000E+00
  201.   0.289062500000E+03  -0.229716377714E-05   0.000000000000E+00   0.410937500000E+03   0.645375872190E-07   0.000000000000E+00
  202.   0.287500000000E+03  -0.108617313871E-05   0.000000000000E+00   0.412500000000E+03   0.323914143290E-07   0.000000000000E+00
  203.   0.285937500000E+03  -0.209316530557E-05   0.000000000000E+00   0.414062500000E+03   0.650280910948E-07   0.000000000000E+00
  204.   0.284375000000E+03  -0.101088638612E-05   0.000000000000E+00   0.415625000000E+03   0.326366764959E-07   0.000000000000E+00
  205.   0.282812500000E+03  -0.197043018643E-05   0.000000000000E+00   0.417187500000E+03   0.655186280899E-07   0.000000000000E+00
  206.   0.281250000000E+03  -0.961736412532E-06   0.000000000000E+00   0.418750000000E+03   0.328819513709E-07   0.000000000000E+00
  207.   0.279687500000E+03  -0.189015515210E-05   0.000000000000E+00   0.420312500000E+03   0.660091856044E-07   0.000000000000E+00
  208.   0.278125000000E+03  -0.928936804822E-06   0.000000000000E+00   0.421875000000E+03   0.331272340404E-07   0.000000000000E+00
  209.   0.276562500000E+03  -0.183365974817E-05   0.000000000000E+00   0.423437500000E+03   0.664997555741E-07   0.000000000000E+00
  210.   0.275000000000E+03  -0.904928722439E-06   0.000000000000E+00   0.425000000000E+03   0.333725213598E-07   0.000000000000E+00
  211.   0.273437500000E+03  -0.179117523159E-05   0.000000000000E+00   0.426562500000E+03   0.669903328376E-07   0.000000000000E+00
  212.   0.271875000000E+03  -0.886291197556E-06   0.000000000000E+00   0.428125000000E+03   0.336178113164E-07   0.000000000000E+00
  213.   0.270312500000E+03  -0.175716685906E-05   0.000000000000E+00   0.429687500000E+03   0.674809140923E-07   0.000000000000E+00
  214.   0.268750000000E+03  -0.870885496743E-06   0.000000000000E+00   0.431250000000E+03   0.338631026225E-07   0.000000000000E+00
  215.   0.267187500000E+03  -0.172837506028E-05   0.000000000000E+00   0.432812500000E+03   0.679714972246E-07   0.000000000000E+00
  216.   0.265625000000E+03  -0.857486793987E-06   0.000000000000E+00   0.434375000000E+03   0.341083944539E-07   0.000000000000E+00
  217.   0.264062500000E+03  -0.170282873361E-05   0.000000000000E+00   0.435937500000E+03   0.684620808821E-07   0.000000000000E+00
  218.   0.262500000000E+03  -0.845337778702E-06   0.000000000000E+00   0.437500000000E+03   0.343536862834E-07   0.000000000000E+00
  219.   0.260937500000E+03  -0.167931509593E-05   0.000000000000E+00   0.439062500000E+03   0.689526641999E-07   0.000000000000E+00
  220.   0.259375000000E+03  -0.833973690607E-06   0.000000000000E+00   0.440625000000E+03   0.345989777738E-07   0.000000000000E+00
  221.   0.257812500000E+03  -0.165708015863E-05   0.000000000000E+00   0.442187500000E+03   0.694432466243E-07   0.000000000000E+00
  222.   0.256250000000E+03  -0.823103872552E-06   0.000000000000E+00   0.443750000000E+03   0.348442687094E-07   0.000000000000E+00
  223.   0.254687500000E+03  -0.163565178181E-05   0.000000000000E+00   0.445312500000E+03   0.699338278015E-07   0.000000000000E+00
  224.   0.253125000000E+03  -0.812546152110E-06   0.000000000000E+00   0.446875000000E+03   0.350895589521E-07   0.000000000000E+00
  225.   0.251562500000E+03  -0.161473304478E-05   0.000000000000E+00   0.448437500000E+03   0.704244075051E-07   0.000000000000E+00
  226.   0.250000000000E+03  -0.802185742887E-06   0.000000000000E+00   0.450000000000E+03   0.353348484137E-07   0.000000000000E+00
  227.   0.248437500000E+03  -0.159413667753E-05   0.000000000000E+00   0.451562500000E+03   0.709149855906E-07   0.000000000000E+00
  228.   0.246875000000E+03  -0.791950192732E-06   0.000000000000E+00   0.453125000000E+03   0.355801370379E-07   0.000000000000E+00
  229.   0.245312500000E+03  -0.157374435986E-05   0.000000000000E+00   0.454687500000E+03   0.714055619653E-07   0.000000000000E+00
  230.   0.243750000000E+03  -0.781793692432E-06   0.000000000000E+00   0.456250000000E+03   0.358254247888E-07   0.000000000000E+00
  231.   0.242187500000E+03  -0.155348124997E-05   0.000000000000E+00   0.457812500000E+03   0.718961365701E-07   0.000000000000E+00
  232.   0.240625000000E+03  -0.771687255059E-06   0.000000000000E+00   0.459375000000E+03   0.360707116431E-07   0.000000000000E+00
  233.   0.239062500000E+03  -0.153329997509E-05   0.000000000000E+00   0.460937500000E+03   0.723867093672E-07   0.000000000000E+00
  234.   0.237500000000E+03  -0.761612527775E-06   0.000000000000E+00   0.462500000000E+03   0.363159975862E-07   0.000000000000E+00
  235.   0.235937500000E+03  -0.151317053690E-05   0.000000000000E+00   0.464062500000E+03   0.728772803325E-07   0.000000000000E+00
  236.   0.234375000000E+03  -0.751557887112E-06   0.000000000000E+00   0.465625000000E+03   0.365612826085E-07   0.000000000000E+00
  237.   0.232812500000E+03  -0.149307393469E-05   0.000000000000E+00   0.467187500000E+03   0.733678494505E-07   0.000000000000E+00
  238.   0.231250000000E+03  -0.741515970221E-06   0.000000000000E+00   0.468750000000E+03   0.368065667043E-07   0.000000000000E+00
  239.   0.229687500000E+03  -0.147299813196E-05   0.000000000000E+00   0.470312500000E+03   0.738584167113E-07   0.000000000000E+00
  240.   0.228125000000E+03  -0.731482112753E-06   0.000000000000E+00   0.471875000000E+03   0.370518498695E-07   0.000000000000E+00
  241.   0.226562500000E+03  -0.145293550353E-05   0.000000000000E+00   0.473437500000E+03   0.743489821083E-07   0.000000000000E+00
  242.   0.225000000000E+03  -0.721453359777E-06   0.000000000000E+00   0.475000000000E+03   0.372971321014E-07   0.000000000000E+00
  243.   0.223437500000E+03  -0.143288121870E-05   0.000000000000E+00   0.476562500000E+03   0.748395456373E-07   0.000000000000E+00
  244.   0.221875000000E+03  -0.711427839335E-06   0.000000000000E+00   0.478125000000E+03   0.375424133986E-07   0.000000000000E+00
  245.   0.220312500000E+03  -0.141283221727E-05   0.000000000000E+00   0.479687500000E+03   0.753301072954E-07   0.000000000000E+00
  246.   0.218750000000E+03  -0.701404365584E-06   0.000000000000E+00   0.481250000000E+03   0.377876937597E-07   0.000000000000E+00
  247.   0.217187500000E+03  -0.139278656072E-05   0.000000000000E+00   0.482812500000E+03   0.758206670806E-07   0.000000000000E+00
  248.   0.215625000000E+03  -0.691382187363E-06   0.000000000000E+00   0.484375000000E+03   0.380329731839E-07   0.000000000000E+00
  249.   0.214062500000E+03  -0.137274302113E-05   0.000000000000E+00   0.485937500000E+03   0.763112249916E-07   0.000000000000E+00
  250.   0.212500000000E+03  -0.681360828893E-06   0.000000000000E+00   0.487500000000E+03   0.382782516707E-07   0.000000000000E+00
  251.   0.210937500000E+03  -0.135270082077E-05   0.000000000000E+00   0.489062500000E+03   0.768017810271E-07   0.000000000000E+00
  252.   0.209375000000E+03  -0.671339988844E-06   0.000000000000E+00   0.490625000000E+03   0.385235292195E-07   0.000000000000E+00
  253.   0.207812500000E+03  -0.133265946710E-05   0.000000000000E+00   0.492187500000E+03   0.772923351861E-07   0.000000000000E+00
  254.   0.206250000000E+03  -0.661319476392E-06   0.000000000000E+00   0.493750000000E+03   0.387688058297E-07   0.000000000000E+00
  255.   0.204687500000E+03  -0.131261864823E-05   0.000000000000E+00   0.495312500000E+03   0.777828874677E-07   0.000000000000E+00
  256.   0.203125000000E+03  -0.651299170710E-06   0.000000000000E+00   0.496875000000E+03   0.390140815011E-07   0.000000000000E+00
  257.   0.201562500000E+03  -0.129257816667E-05   0.000000000000E+00   0.498437500000E+03   0.782734378710E-07   0.000000000000E+00
  258.   0.200000000000E+03  -0.641278995297E-06   0.000000000000E+00   0.500000000000E+03   0.392593562331E-07   0.000000000000E+00
  259.   0.198437500000E+03  -0.127253789740E-05   0.000000000000E+00   0.501562500000E+03   0.787639863952E-07   0.000000000000E+00
  260.   0.196875000000E+03  -0.631258901730E-06   0.000000000000E+00   0.503125000000E+03   0.395046300253E-07   0.000000000000E+00
  261.   0.195312500000E+03  -0.125249776128E-05   0.000000000000E+00   0.504687500000E+03   0.792545330393E-07   0.000000000000E+00
  262.   0.193750000000E+03  -0.621238859364E-06   0.000000000000E+00   0.506250000000E+03   0.397499028772E-07   0.000000000000E+00
  263.   0.192187500000E+03  -0.123245770823E-05   0.000000000000E+00   0.507812500000E+03   0.797450778024E-07   0.000000000000E+00
  264.   0.190625000000E+03  -0.611218848813E-06   0.000000000000E+00   0.509375000000E+03   0.399951747885E-07   0.000000000000E+00
  265.   0.189062500000E+03  -0.121241770657E-05   0.000000000000E+00   0.510937500000E+03   0.802356206836E-07   0.000000000000E+00
  266.   0.187500000000E+03  -0.601198857825E-06   0.000000000000E+00   0.512500000000E+03   0.402404457584E-07   0.000000000000E+00
  267.   0.185937500000E+03  -0.119237773629E-05   0.000000000000E+00   0.514062500000E+03   0.807261616816E-07   0.000000000000E+00
  268.   0.184375000000E+03  -0.591178878676E-06   0.000000000000E+00   0.515625000000E+03   0.404857157865E-07   0.000000000000E+00
  269.   0.182812500000E+03  -0.117233778477E-05   0.000000000000E+00   0.517187500000E+03   0.812167007954E-07   0.000000000000E+00
  270.   0.181250000000E+03  -0.581158906532E-06   0.000000000000E+00   0.518750000000E+03   0.407309848723E-07   0.000000000000E+00
  271.   0.179687500000E+03  -0.115229784414E-05   0.000000000000E+00   0.520312500000E+03   0.817072380240E-07   0.000000000000E+00
  272.   0.178125000000E+03  -0.571138938421E-06   0.000000000000E+00   0.521875000000E+03   0.409762530151E-07   0.000000000000E+00
  273.   0.176562500000E+03  -0.113225790963E-05   0.000000000000E+00   0.523437500000E+03   0.821977733659E-07   0.000000000000E+00
  274.   0.175000000000E+03  -0.561118972608E-06   0.000000000000E+00   0.525000000000E+03   0.412215202142E-07   0.000000000000E+00
  275.   0.173437500000E+03  -0.111221797857E-05   0.000000000000E+00   0.526562500000E+03   0.826883068200E-07   0.000000000000E+00
  276.   0.171875000000E+03  -0.551099008195E-06   0.000000000000E+00   0.528125000000E+03   0.414667864691E-07   0.000000000000E+00
  277.   0.170312500000E+03  -0.109217804988E-05   0.000000000000E+00   0.529687500000E+03   0.831788383848E-07   0.000000000000E+00
  278.   0.168750000000E+03  -0.541079044854E-06   0.000000000000E+00   0.531250000000E+03   0.417120517791E-07   0.000000000000E+00
  279.   0.167187500000E+03  -0.107213812369E-05   0.000000000000E+00   0.532812500000E+03   0.836693680591E-07   0.000000000000E+00
  280.   0.165625000000E+03  -0.531059082518E-06   0.000000000000E+00   0.534375000000E+03   0.419573161434E-07   0.000000000000E+00
  281.   0.164062500000E+03  -0.105209820095E-05   0.000000000000E+00   0.535937500000E+03   0.841598958413E-07   0.000000000000E+00
  282.   0.162500000000E+03  -0.521039120855E-06   0.000000000000E+00   0.537500000000E+03   0.422025795612E-07   0.000000000000E+00
  283.   0.160937500000E+03  -0.103205828249E-05   0.000000000000E+00   0.539062500000E+03   0.846504217298E-07   0.000000000000E+00
  284.   0.159375000000E+03  -0.511019158167E-06   0.000000000000E+00   0.540625000000E+03   0.424478420319E-07   0.000000000000E+00
  285.   0.157812500000E+03  -0.101201836664E-05   0.000000000000E+00   0.542187500000E+03   0.851409457232E-07   0.000000000000E+00
  286.   0.156250000000E+03  -0.500999189107E-06   0.000000000000E+00   0.543750000000E+03   0.426931035546E-07   0.000000000000E+00
  287.   0.154687500000E+03  -0.991978443652E-06   0.000000000000E+00   0.545312500000E+03   0.856314678198E-07   0.000000000000E+00
  288.   0.153125000000E+03  -0.490979200263E-06   0.000000000000E+00   0.546875000000E+03   0.429383641285E-07   0.000000000000E+00
  289.   0.151562500000E+03  -0.971938483784E-06   0.000000000000E+00   0.548437500000E+03   0.861219880179E-07   0.000000000000E+00
  290.   0.150000000000E+03  -0.480959161923E-06   0.000000000000E+00   0.550000000000E+03   0.431836237527E-07   0.000000000000E+00
  291.   0.148437500000E+03  -0.951898413253E-06   0.000000000000E+00   0.551562500000E+03   0.866125063157E-07   0.000000000000E+00
  292.   0.146875000000E+03  -0.470939013514E-06   0.000000000000E+00   0.553125000000E+03   0.434288824262E-07   0.000000000000E+00
  293.   0.145312500000E+03  -0.931858067188E-06   0.000000000000E+00   0.554687500000E+03   0.871030227115E-07   0.000000000000E+00
  294.   0.143750000000E+03  -0.460918636951E-06   0.000000000000E+00   0.556250000000E+03   0.436741401483E-07   0.000000000000E+00
  295.   0.142187500000E+03  -0.911817100645E-06   0.000000000000E+00   0.557812500000E+03   0.875935372033E-07   0.000000000000E+00
  296.   0.140625000000E+03  -0.450897810838E-06   0.000000000000E+00   0.559375000000E+03   0.439193969180E-07   0.000000000000E+00
  297.   0.139062500000E+03  -0.891774810636E-06   0.000000000000E+00   0.560937500000E+03   0.880840497892E-07   0.000000000000E+00
  298.   0.137500000000E+03  -0.440876106755E-06   0.000000000000E+00   0.562500000000E+03   0.441646527341E-07   0.000000000000E+00
  299.   0.135937500000E+03  -0.871729794387E-06   0.000000000000E+00   0.564062500000E+03   0.885745604671E-07   0.000000000000E+00
  300.   0.134375000000E+03  -0.430852718422E-06   0.000000000000E+00   0.565625000000E+03   0.444099075958E-07   0.000000000000E+00
  301.   0.132812500000E+03  -0.851679148729E-06   0.000000000000E+00   0.567187500000E+03   0.890650692347E-07   0.000000000000E+00
  302.   0.131250000000E+03  -0.420825818898E-06   0.000000000000E+00   0.568750000000E+03   0.446551615018E-07   0.000000000000E+00
  303.   0.129687500000E+03  -0.831616904971E-06   0.000000000000E+00   0.570312500000E+03   0.895555760898E-07   0.000000000000E+00
  304.   0.128125000000E+03  -0.410791892894E-06   0.000000000000E+00   0.571875000000E+03   0.449004144509E-07   0.000000000000E+00
  305.   0.126562500000E+03  -0.811529369893E-06   0.000000000000E+00   0.573437500000E+03   0.900460810297E-07   0.000000000000E+00
  306.   0.125000000000E+03  -0.400740157208E-06   0.000000000000E+00   0.575000000000E+03   0.451456664418E-07   0.000000000000E+00
  307.   0.123437500000E+03  -0.791387021894E-06   0.000000000000E+00   0.576562500000E+03   0.905365840516E-07   0.000000000000E+00
  308.   0.121875000000E+03  -0.390652944968E-06   0.000000000000E+00   0.578125000000E+03   0.453909174732E-07   0.000000000000E+00
  309.   0.120312500000E+03  -0.771112822433E-06   0.000000000000E+00   0.579687500000E+03   0.910270851526E-07   0.000000000000E+00
  310.   0.118750000000E+03  -0.380450295845E-06   0.000000000000E+00   0.581250000000E+03   0.456361675429E-07   0.000000000000E+00
  311.   0.117187500000E+03  -0.750541006804E-06   0.000000000000E+00   0.582812500000E+03   0.915175843305E-07   0.000000000000E+00
  312.   0.115625000000E+03  -0.370052350502E-06   0.000000000000E+00   0.584375000000E+03   0.458814166504E-07   0.000000000000E+00
  313.   0.114062500000E+03  -0.729190050818E-06   0.000000000000E+00   0.585937500000E+03   0.920080815824E-07   0.000000000000E+00
  314.   0.112500000000E+03  -0.358823513856E-06   0.000000000000E+00   0.587500000000E+03   0.461266647801E-07   0.000000000000E+00
  315.   0.110937500000E+03  -0.706012017205E-06   0.000000000000E+00   0.589062500000E+03   0.924985769192E-07   0.000000000000E+00
  316.   0.109375000000E+03  -0.346427848714E-06   0.000000000000E+00   0.590625000000E+03   0.463719119534E-07   0.000000000000E+00
  317.   0.107812500000E+03  -0.677743188915E-06   0.000000000000E+00   0.592187500000E+03   0.929890703262E-07   0.000000000000E+00
  318.   0.106250000000E+03  -0.328390185589E-06   0.000000000000E+00   0.593750000000E+03   0.466171579637E-07   0.000000000000E+00
  319.   0.104687500000E+03  -0.634363556868E-06   0.000000000000E+00   0.595312500000E+03   0.934795618912E-07   0.000000000000E+00
  320.   0.103125000000E+03  -0.294952781006E-06   0.000000000000E+00   0.596875000000E+03   0.468624034029E-07   0.000000000000E+00
  321.   0.101562500000E+03  -0.548197686992E-06   0.000000000000E+00   0.598437500000E+03   0.939700506770E-07   0.000000000000E+00
