i  r_top  QtopRe  QtopIm  r_bot  QbotRe  QbotIm   [mm, mC]
    1.   0.600000000000E+03  -0.373330120480E-07   0.000000000000E+00   0.100000000000E+03  -0.155035665333E-07   0.000000000000E+00
    2.   0.100000000000E+03  -0.155035665335E-07   0.000000000000E+00   0.600000000000E+03  -0.373330120484E-07   0.000000000000E+00
    3.   0.599218750000E+03  -0.187833280801E-07   0.000000000000E+00   0.100781250000E+03  -0.792043531600E-08   0.000000000000E+00
    4.   0.598437500000E+03  -0.412278968923E-08   0.000000000000E+00   0.101562500000E+03  -0.182294625262E-08   0.000000000000E+00
    5.   0.597656250000E+03  -0.341582709467E-08   0.000000000000E+00   0.102343750000E+03  -0.164534020466E-08   0.000000000000E+00
    6.   0.596875000000E+03   0.167426153561E-09   0.000000000000E+00   0.103125000000E+03  -0.476686715053E-10   0.000000000000E+00
    7.   0.596093750000E+03   0.199872009273E-08   0.000000000000E+00   0.103906250000E+03   0.622328544622E-09   0.000000000000E+00
    8.   0.595312500000E+03   0.221235443815E-08   0.000000000000E+00   0.104687500000E+03   0.831628344895E-09   0.000000000000E+00
    9.   0.594531250000E+03   0.492228873918E-08   0.000000000000E+00   0.105468750000E+03   0.190195695029E-08   0.000000000000E+00
   10.   0.593750000000E+03   0.276787381937E-08   0.000000000000E+00   0.106250000000E+03   0.109444859822E-08   0.000000000000E+00
   11.   0.592968750000E+03   0.568033025254E-08   0.000000000000E+00   0.107031250000E+03   0.228083796561E-08   0.000000000000E+00
   12.   0.592187500000E+03   0.293069805533E-08   0.000000000000E+00   0.107812500000E+03   0.119407919049E-08   0.000000000000E+00
   13.   0.591406250000E+03   0.562093633470E-08   0.000000000000E+00   0.108593750000E+03   0.231197049095E-08   0.000000000000E+00
   14.   0.590625000000E+03   0.270476308582E-08   0.000000000000E+00   0.109375000000E+03   0.112399828195E-08   0.000000000000E+00
   15.   0.589843750000E+03   0.503627572029E-08   0.000000000000E+00   0.110156250000E+03   0.210892258998E-08   0.000000000000E+00
   16.   0.589062500000E+03   0.233825741290E-08   0.000000000000E+00   0.110937500000E+03   0.987770396474E-09   0.000000000000E+00
   17.   0.588281250000E+03   0.423966888524E-08   0.000000000000E+00   0.111718750000E+03   0.180231607174E-08   0.000000000000E+00
   18.   0.587500000000E+03   0.190745497648E-08   0.000000000000E+00   0.112500000000E+03   0.817123310627E-09   0.000000000000E+00
   19.   0.586718750000E+03   0.339286882639E-08   0.000000000000E+00   0.113281250000E+03   0.146136034005E-08   0.000000000000E+00
   20.   0.585937500000E+03   0.148946212836E-08   0.000000000000E+00   0.114062500000E+03   0.645973930504E-09   0.000000000000E+00
   21.   0.585156250000E+03   0.260804328619E-08   0.000000000000E+00   0.114843750000E+03   0.113641869781E-08   0.000000000000E+00
   22.   0.584375000000E+03   0.112153673508E-08   0.000000000000E+00   0.115625000000E+03   0.491720286593E-09   0.000000000000E+00
   23.   0.583593750000E+03   0.194221625778E-08   0.000000000000E+00   0.116406250000E+03   0.855001740898E-09   0.000000000000E+00
   24.   0.582812500000E+03   0.822462134170E-09   0.000000000000E+00   0.117187500000E+03   0.364048387075E-09   0.000000000000E+00
   25.   0.582031250000E+03   0.141524141548E-08   0.000000000000E+00   0.117968750000E+03   0.628628025083E-09   0.000000000000E+00
   26.   0.581250000000E+03   0.593670570306E-09   0.000000000000E+00   0.118750000000E+03   0.264953254028E-09   0.000000000000E+00
   27.   0.580468750000E+03   0.102033744466E-08   0.000000000000E+00   0.119531250000E+03   0.456753082664E-09   0.000000000000E+00
   28.   0.579687500000E+03   0.426910914674E-09   0.000000000000E+00   0.120312500000E+03   0.191882398073E-09   0.000000000000E+00
   29.   0.578906250000E+03   0.736430100123E-09   0.000000000000E+00   0.121093750000E+03   0.331892149724E-09   0.000000000000E+00
   30.   0.578125000000E+03   0.309396296260E-09   0.000000000000E+00   0.121875000000E+03   0.139923824923E-09   0.000000000000E+00
   31.   0.577343750000E+03   0.537700944946E-09   0.000000000000E+00   0.122656250000E+03   0.243794809295E-09   0.000000000000E+00
   32.   0.576562500000E+03   0.228030192916E-09   0.000000000000E+00   0.123437500000E+03   0.103713014132E-09   0.000000000000E+00
   33.   0.575781250000E+03   0.399975169279E-09   0.000000000000E+00   0.124218750000E+03   0.182396530576E-09   0.000000000000E+00
   34.   0.575000000000E+03   0.171658333867E-09   0.000000000000E+00   0.125000000000E+03   0.785174726606E-10   0.000000000000E+00
   35.   0.574218750000E+03   0.303772233150E-09   0.000000000000E+00   0.125781250000E+03   0.139349403654E-09   0.000000000000E+00
   36.   0.573437500000E+03   0.131881772482E-09   0.000000000000E+00   0.126562500000E+03   0.606894354210E-10   0.000000000000E+00
   37.   0.572656250000E+03   0.234962226567E-09   0.000000000000E+00   0.127343750000E+03   0.108475531380E-09   0.000000000000E+00
   38.   0.571875000000E+03   0.102921040801E-09   0.000000000000E+00   0.128125000000E+03   0.476765866495E-10   0.000000000000E+00
   39.   0.571093750000E+03   0.184083288560E-09   0.000000000000E+00   0.128906250000E+03   0.855789800555E-10   0.000000000000E+00
   40.   0.570312500000E+03   0.810677885928E-10   0.000000000000E+00   0.129687500000E+03   0.378230566622E-10   0.000000000000E+00
   41.   0.569531250000E+03   0.145173601117E-09   0.000000000000E+00   0.130468750000E+03   0.679935290133E-10   0.000000000000E+00
   42.   0.568750000000E+03   0.640591633098E-10   0.000000000000E+00   0.131250000000E+03   0.301137929962E-10   0.000000000000E+00
   43.   0.567968750000E+03   0.114622427432E-09   0.000000000000E+00   0.132031250000E+03   0.541022326526E-10   0.000000000000E+00
   44.   0.567187500000E+03   0.505470821610E-10   0.000000000000E+00   0.132812500000E+03   0.239465198733E-10   0.000000000000E+00
   45.   0.566406250000E+03   0.902611806023E-10   0.000000000000E+00   0.133593750000E+03   0.429414978089E-10   0.000000000000E+00
   46.   0.565625000000E+03   0.397147663327E-10   0.000000000000E+00   0.134375000000E+03   0.189614732974E-10   0.000000000000E+00
   47.   0.564843750000E+03   0.707378360967E-10   0.000000000000E+00   0.135156250000E+03   0.339205704644E-10   0.000000000000E+00
   48.   0.564062500000E+03   0.310314826372E-10   0.000000000000E+00   0.135937500000E+03   0.149296841795E-10   0.000000000000E+00
   49.   0.563281250000E+03   0.551329725644E-10   0.000000000000E+00   0.136718750000E+03   0.266453130948E-10   0.000000000000E+00
   50.   0.562500000000E+03   0.241123880288E-10   0.000000000000E+00   0.137500000000E+03   0.116877616788E-10   0.000000000000E+00
   51.   0.561718750000E+03   0.427493544395E-10   0.000000000000E+00   0.138281250000E+03   0.208197826434E-10   0.000000000000E+00
   52.   0.560937500000E+03   0.186478144437E-10   0.000000000000E+00   0.139062500000E+03   0.910444292297E-11   0.000000000000E+00
   53.   0.560156250000E+03   0.330107896236E-10   0.000000000000E+00   0.139843750000E+03   0.161983524305E-10   0.000000000000E+00
   54.   0.559375000000E+03   0.143729010125E-10   0.000000000000E+00   0.140625000000E+03   0.706616874144E-11   0.000000000000E+00
   55.   0.558593750000E+03   0.254213213368E-10   0.000000000000E+00   0.141406250000E+03   0.125665805081E-10   0.000000000000E+00
   56.   0.557812500000E+03   0.110574099960E-10   0.000000000000E+00   0.142187500000E+03   0.547248196269E-11   0.000000000000E+00
   57.   0.557031250000E+03   0.195525642704E-10   0.000000000000E+00   0.142968750000E+03   0.973592426944E-11   0.000000000000E+00
   58.   0.556250000000E+03   0.850352964534E-11   0.000000000000E+00   0.143750000000E+03   0.423547047645E-11   0.000000000000E+00
   59.   0.555468750000E+03   0.150407508522E-10   0.000000000000E+00   0.144531250000E+03   0.754344376871E-11   0.000000000000E+00
   60.   0.554687500000E+03   0.654534995479E-11   0.000000000000E+00   0.145312500000E+03   0.328013607151E-11   0.000000000000E+00
   61.   0.553906250000E+03   0.115846280669E-10   0.000000000000E+00   0.146093750000E+03   0.585204085846E-11   0.000000000000E+00
   62.   0.553125000000E+03   0.504744556114E-11   0.000000000000E+00   0.146875000000E+03   0.254434214009E-11   0.000000000000E+00
   63.   0.552343750000E+03   0.894112288092E-11   0.000000000000E+00   0.147656250000E+03   0.454955662150E-11   0.000000000000E+00
   64.   0.551562500000E+03   0.390205434332E-11   0.000000000000E+00   0.148437500000E+03   0.197801103420E-11   0.000000000000E+00
   65.   0.550781250000E+03   0.691864275372E-11   0.000000000000E+00   0.149218750000E+03   0.354653906480E-11   0.000000000000E+00
   66.   0.550000000000E+03   0.302524682103E-11   0.000000000000E+00   0.150000000000E+03   0.154171884627E-11   0.000000000000E+00
   67.   0.549218750000E+03   0.536901662047E-11   0.000000000000E+00   0.150781250000E+03   0.277311841588E-11   0.000000000000E+00
   68.   0.548437500000E+03   0.235271332820E-11   0.000000000000E+00   0.151562500000E+03   0.120498478095E-11   0.000000000000E+00
   69.   0.547656250000E+03   0.417922295443E-11   0.000000000000E+00   0.152343750000E+03   0.217555330064E-11   0.000000000000E+00
   70.   0.546875000000E+03   0.183570464034E-11   0.000000000000E+00   0.153125000000E+03   0.944528279479E-12   0.000000000000E+00
   71.   0.546093750000E+03   0.326376659571E-11   0.000000000000E+00   0.153906250000E+03   0.171290374600E-11   0.000000000000E+00
   72.   0.545312500000E+03   0.143746044160E-11   0.000000000000E+00   0.154687500000E+03   0.742681707339E-12   0.000000000000E+00
   73.   0.544531250000E+03   0.255817714077E-11   0.000000000000E+00   0.155468750000E+03   0.135410953750E-11   0.000000000000E+00
   74.   0.543750000000E+03   0.113027080668E-11   0.000000000000E+00   0.156250000000E+03   0.586051840226E-12   0.000000000000E+00
   75.   0.542968750000E+03   0.201377735367E-11   0.000000000000E+00   0.157031250000E+03   0.107558951820E-11   0.000000000000E+00
   76.   0.542187500000E+03   0.893175596541E-12   0.000000000000E+00   0.157812500000E+03   0.464454002760E-12   0.000000000000E+00
   77.   0.541406250000E+03   0.159365012914E-11   0.000000000000E+00   0.158593750000E+03   0.859364195076E-12   0.000000000000E+00
   78.   0.540625000000E+03   0.710227207206E-12   0.000000000000E+00   0.159375000000E+03   0.370098068287E-12   0.000000000000E+00
   79.   0.539843750000E+03   0.126962414194E-11   0.000000000000E+00   0.160156250000E+03   0.691638438198E-12   0.000000000000E+00
   80.   0.539062500000E+03   0.569210845112E-12   0.000000000000E+00   0.160937500000E+03   0.296983597095E-12   0.000000000000E+00
   81.   0.538281250000E+03   0.102006315797E-11   0.000000000000E+00   0.161718750000E+03   0.561755517036E-12   0.000000000000E+00
   82.   0.537500000000E+03   0.460712558630E-12   0.000000000000E+00   0.162500000000E+03   0.240457961059E-12   0.000000000000E+00
   83.   0.536718750000E+03   0.828257253507E-12   0.000000000000E+00   0.163281250000E+03   0.461433635425E-12   0.000000000000E+00
   84.   0.535937500000E+03   0.377441208233E-12   0.000000000000E+00   0.164062500000E+03   0.196894820460E-12   0.000000000000E+00
   85.   0.535156250000E+03   0.681249737251E-12   0.000000000000E+00   0.164843750000E+03   0.384208280905E-12   0.000000000000E+00
   86.   0.534375000000E+03   0.313734615797E-12   0.000000000000E+00   0.165625000000E+03   0.163457968472E-12   0.000000000000E+00
   87.   0.533593750000E+03   0.568971775022E-12   0.000000000000E+00   0.166406250000E+03   0.325020677862E-12   0.000000000000E+00
   88.   0.532812500000E+03   0.265188713928E-12   0.000000000000E+00   0.167187500000E+03   0.137926086262E-12   0.000000000000E+00
   89.   0.532031250000E+03   0.483594089419E-12   0.000000000000E+00   0.167968750000E+03   0.279909113633E-12   0.000000000000E+00
   90.   0.531250000000E+03   0.228379293798E-12   0.000000000000E+00   0.168750000000E+03   0.118559561477E-12   0.000000000000E+00
   91.   0.530468750000E+03   0.419032628508E-12   0.000000000000E+00   0.169531250000E+03   0.245772758238E-12   0.000000000000E+00
   92.   0.529687500000E+03   0.200647417706E-12   0.000000000000E+00   0.170312500000E+03   0.103997567206E-12   0.000000000000E+00
   93.   0.528906250000E+03   0.370566175952E-12   0.000000000000E+00   0.171093750000E+03   0.220188208333E-12   0.000000000000E+00
   94.   0.528125000000E+03   0.179931286660E-12   0.000000000000E+00   0.171875000000E+03   0.931778961044E-13   0.000000000000E+00
   95.   0.527343750000E+03   0.334537113254E-12   0.000000000000E+00   0.172656250000E+03   0.201264945908E-12   0.000000000000E+00
   96.   0.526562500000E+03   0.164635400337E-12   0.000000000000E+00   0.173437500000E+03   0.852727019189E-13   0.000000000000E+00
   97.   0.525781250000E+03   0.308116927445E-12   0.000000000000E+00   0.174218750000E+03   0.187530885070E-12   0.000000000000E+00
   98.   0.525000000000E+03   0.153527063696E-12   0.000000000000E+00   0.175000000000E+03   0.796379829514E-13   0.000000000000E+00
   99.   0.524218750000E+03   0.289120736476E-12   0.000000000000E+00   0.175781250000E+03   0.177841555053E-12   0.000000000000E+00
  100.   0.523437500000E+03   0.145654273476E-12   0.000000000000E+00   0.176562500000E+03   0.757731819593E-13   0.000000000000E+00
  101.   0.522656250000E+03   0.275862849287E-12   0.000000000000E+00   0.177343750000E+03   0.171307990982E-12   0.000000000000E+00
  102.   0.521875000000E+03   0.140283152569E-12   0.000000000000E+00   0.178125000000E+03   0.732901089086E-13   0.000000000000E+00
  103.   0.521093750000E+03   0.267042748160E-12   0.000000000000E+00   0.178906250000E+03   0.167240338479E-12   0.000000000000E+00
  104.   0.520312500000E+03   0.136847630518E-12   0.000000000000E+00   0.179687500000E+03   0.718873622740E-13   0.000000000000E+00
  105.   0.519531250000E+03   0.261657612306E-12   0.000000000000E+00   0.180468750000E+03   0.165103117384E-12   0.000000000000E+00
  106.   0.518750000000E+03   0.134911077255E-12   0.000000000000E+00   0.181250000000E+03   0.713311517298E-13   0.000000000000E+00
  107.   0.517968750000E+03   0.258933567047E-12   0.000000000000E+00   0.182031250000E+03   0.164480680281E-12   0.000000000000E+00
  108.   0.517187500000E+03   0.134136215919E-12   0.000000000000E+00   0.182812500000E+03   0.714396133003E-13   0.000000000000E+00
  109.   0.516406250000E+03   0.258273049200E-12   0.000000000000E+00   0.183593750000E+03   0.165050251817E-12   0.000000000000E+00
  110.   0.515625000000E+03   0.134262990387E-12   0.000000000000E+00   0.184375000000E+03   0.720719253608E-13   0.000000000000E+00
  111.   0.514843750000E+03   0.259214561347E-12   0.000000000000E+00   0.185156250000E+03   0.166560931400E-12   0.000000000000E+00
  112.   0.514062500000E+03   0.135089917721E-12   0.000000000000E+00   0.185937500000E+03   0.731183009609E-13   0.000000000000E+00
  113.   0.513281250000E+03   0.261400929725E-12   0.000000000000E+00   0.186718750000E+03   0.168817435069E-12   0.000000000000E+00
  114.   0.512500000000E+03   0.136461244435E-12   0.000000000000E+00   0.187500000000E+03   0.744931745454E-13   0.000000000000E+00
  115.   0.511718750000E+03   0.264555995674E-12   0.000000000000E+00   0.188281250000E+03   0.171667838282E-12   0.000000000000E+00
  116.   0.510937500000E+03   0.138256803328E-12   0.000000000000E+00   0.189062500000E+03   0.761303154823E-13   0.000000000000E+00
  117.   0.510156250000E+03   0.268465445398E-12   0.000000000000E+00   0.189843750000E+03   0.174993790375E-12   0.000000000000E+00
  118.   0.509375000000E+03   0.140382601389E-12   0.000000000000E+00   0.190625000000E+03   0.779776745235E-13   0.000000000000E+00
  119.   0.508593750000E+03   0.272963316741E-12   0.000000000000E+00   0.191406250000E+03   0.178702817750E-12   0.000000000000E+00
  120.   0.507812500000E+03   0.142766424665E-12   0.000000000000E+00   0.192187500000E+03   0.799950165328E-13   0.000000000000E+00
  121.   0.507031250000E+03   0.277920708530E-12   0.000000000000E+00   0.192968750000E+03   0.182722821970E-12   0.000000000000E+00
  122.   0.506250000000E+03   0.145351621826E-12   0.000000000000E+00   0.193750000000E+03   0.821506243474E-13   0.000000000000E+00
  123.   0.505468750000E+03   0.283237630952E-12   0.000000000000E+00   0.194531250000E+03   0.186997531885E-12   0.000000000000E+00
  124.   0.504687500000E+03   0.148095049918E-12   0.000000000000E+00   0.195312500000E+03   0.844197403357E-13   0.000000000000E+00
  125.   0.503906250000E+03   0.288836065425E-12   0.000000000000E+00   0.196093750000E+03   0.191482773603E-12   0.000000000000E+00
  126.   0.503125000000E+03   0.150962200111E-12   0.000000000000E+00   0.196875000000E+03   0.867831392024E-13   0.000000000000E+00
  127.   0.502343750000E+03   0.294655108021E-12   0.000000000000E+00   0.197656250000E+03   0.196143764827E-12   0.000000000000E+00
  128.   0.501562500000E+03   0.153926021127E-12   0.000000000000E+00   0.198437500000E+03   0.892255489773E-13   0.000000000000E+00
  129.   0.500781250000E+03   0.300647058993E-12   0.000000000000E+00   0.199218750000E+03   0.200953476422E-12   0.000000000000E+00
  130.   0.500000000000E+03   0.156965959163E-12   0.000000000000E+00   0.200000000000E+03   0.917350863532E-13   0.000000000000E+00
  131.   0.499218750000E+03   0.306774415663E-12   0.000000000000E+00   0.200781250000E+03   0.205890383540E-12   0.000000000000E+00
  132.   0.498437500000E+03   0.160065465466E-12   0.000000000000E+00   0.201562500000E+03   0.943020621922E-13   0.000000000000E+00
  133.   0.497656250000E+03   0.313007866865E-12   0.000000000000E+00   0.202343750000E+03   0.210937351744E-12   0.000000000000E+00
  134.   0.496875000000E+03   0.163211494560E-12   0.000000000000E+00   0.203125000000E+03   0.969192685982E-13   0.000000000000E+00
  135.   0.496093750000E+03   0.319324089863E-12   0.000000000000E+00   0.203906250000E+03   0.216080757947E-12   0.000000000000E+00
  136.   0.495312500000E+03   0.166393745994E-12   0.000000000000E+00   0.204687500000E+03   0.995804491796E-13   0.000000000000E+00
  137.   0.494531250000E+03   0.325704400200E-12   0.000000000000E+00   0.205468750000E+03   0.221309717231E-12   0.000000000000E+00
  138.   0.493750000000E+03   0.169604084741E-12   0.000000000000E+00   0.206250000000E+03   0.102280888317E-12   0.000000000000E+00
  139.   0.492968750000E+03   0.332133928611E-12   0.000000000000E+00   0.207031250000E+03   0.226615562005E-12   0.000000000000E+00
  140.   0.492187500000E+03   0.172835806249E-12   0.000000000000E+00   0.207812500000E+03   0.105016448068E-12   0.000000000000E+00
  141.   0.491406250000E+03   0.338600449882E-12   0.000000000000E+00   0.208593750000E+03   0.231990825892E-12   0.000000000000E+00
  142.   0.490625000000E+03   0.176083421198E-12   0.000000000000E+00   0.209375000000E+03   0.107784182238E-12   0.000000000000E+00
  143.   0.489843750000E+03   0.345093787261E-12   0.000000000000E+00   0.210156250000E+03   0.237429575801E-12   0.000000000000E+00
  144.   0.489062500000E+03   0.179341770124E-12   0.000000000000E+00   0.210937500000E+03   0.110581015722E-12   0.000000000000E+00
  145.   0.488281250000E+03   0.351606134474E-12   0.000000000000E+00   0.211718750000E+03   0.242926786442E-12   0.000000000000E+00
  146.   0.487500000000E+03   0.182608254424E-12   0.000000000000E+00   0.212500000000E+03   0.113405099285E-12   0.000000000000E+00
  147.   0.486718750000E+03   0.358130103311E-12   0.000000000000E+00   0.213281250000E+03   0.248478201662E-12   0.000000000000E+00
  148.   0.485937500000E+03   0.185878891317E-12   0.000000000000E+00   0.214062500000E+03   0.116254291417E-12   0.000000000000E+00
  149.   0.485156250000E+03   0.364660206088E-12   0.000000000000E+00   0.214843750000E+03   0.254080034801E-12   0.000000000000E+00
  150.   0.484375000000E+03   0.189151630541E-12   0.000000000000E+00   0.215625000000E+03   0.119126718888E-12   0.000000000000E+00
  151.   0.483593750000E+03   0.371190878222E-12   0.000000000000E+00   0.216406250000E+03   0.259729004680E-12   0.000000000000E+00
  152.   0.482812500000E+03   0.192423165990E-12   0.000000000000E+00   0.217187500000E+03   0.122021044506E-12   0.000000000000E+00
  153.   0.482031250000E+03   0.377717578205E-12   0.000000000000E+00   0.217968750000E+03   0.265422184461E-12   0.000000000000E+00
  154.   0.481250000000E+03   0.195691733246E-12   0.000000000000E+00   0.218750000000E+03   0.124935709879E-12   0.000000000000E+00
  155.   0.480468750000E+03   0.384236276394E-12   0.000000000000E+00   0.219531250000E+03   0.271156812509E-12   0.000000000000E+00
  156.   0.479687500000E+03   0.198955557726E-12   0.000000000000E+00   0.220312500000E+03   0.127869497549E-12   0.000000000000E+00
  157.   0.478906250000E+03   0.390743105361E-12   0.000000000000E+00   0.221093750000E+03   0.276930476705E-12   0.000000000000E+00
  158.   0.478125000000E+03   0.202212595377E-12   0.000000000000E+00   0.221875000000E+03   0.130821471789E-12   0.000000000000E+00
  159.   0.477343750000E+03   0.397234559492E-12   0.000000000000E+00   0.222656250000E+03   0.282740663101E-12   0.000000000000E+00
  160.   0.476562500000E+03   0.205461230095E-12   0.000000000000E+00   0.223437500000E+03   0.133790146541E-12   0.000000000000E+00
  161.   0.475781250000E+03   0.403707627755E-12   0.000000000000E+00   0.224218750000E+03   0.288585034481E-12   0.000000000000E+00
  162.   0.475000000000E+03   0.208699953338E-12   0.000000000000E+00   0.225000000000E+03   0.136774768390E-12   0.000000000000E+00
  163.   0.474218750000E+03   0.410159220092E-12   0.000000000000E+00   0.225781250000E+03   0.294461894255E-12   0.000000000000E+00
  164.   0.473437500000E+03   0.211927434234E-12   0.000000000000E+00   0.226562500000E+03   0.139773765293E-12   0.000000000000E+00
  165.   0.472656250000E+03   0.416586531123E-12   0.000000000000E+00   0.227343750000E+03   0.300368862067E-12   0.000000000000E+00
  166.   0.471875000000E+03   0.215141856867E-12   0.000000000000E+00   0.228125000000E+03   0.142786573143E-12   0.000000000000E+00
  167.   0.471093750000E+03   0.422986419022E-12   0.000000000000E+00   0.228906250000E+03   0.306303738065E-12   0.000000000000E+00
  168.   0.470312500000E+03   0.218342474684E-12   0.000000000000E+00   0.229687500000E+03   0.145812231478E-12   0.000000000000E+00
  169.   0.469531250000E+03   0.429356327038E-12   0.000000000000E+00   0.230468750000E+03   0.312264638549E-12   0.000000000000E+00
  170.   0.468750000000E+03   0.221527603842E-12   0.000000000000E+00   0.231250000000E+03   0.148849373561E-12   0.000000000000E+00
  171.   0.467968750000E+03   0.435693640111E-12   0.000000000000E+00   0.232031250000E+03   0.318249258094E-12   0.000000000000E+00
  172.   0.467187500000E+03   0.224695349516E-12   0.000000000000E+00   0.232812500000E+03   0.151897180315E-12   0.000000000000E+00
  173.   0.466406250000E+03   0.441995766185E-12   0.000000000000E+00   0.233593750000E+03   0.324255497140E-12   0.000000000000E+00
  174.   0.465625000000E+03   0.227845529759E-12   0.000000000000E+00   0.234375000000E+03   0.154954396611E-12   0.000000000000E+00
  175.   0.464843750000E+03   0.448259971849E-12   0.000000000000E+00   0.235156250000E+03   0.330281439732E-12   0.000000000000E+00
  176.   0.464062500000E+03   0.230975861890E-12   0.000000000000E+00   0.235937500000E+03   0.158020190532E-12   0.000000000000E+00
  177.   0.463281250000E+03   0.454483476175E-12   0.000000000000E+00   0.236718750000E+03   0.336324789248E-12   0.000000000000E+00
  178.   0.462500000000E+03   0.234085358484E-12   0.000000000000E+00   0.237500000000E+03   0.161093796158E-12   0.000000000000E+00
  179.   0.461718750000E+03   0.460663862006E-12   0.000000000000E+00   0.238281250000E+03   0.342383577213E-12   0.000000000000E+00
  180.   0.460937500000E+03   0.237172925871E-12   0.000000000000E+00   0.239062500000E+03   0.164173819144E-12   0.000000000000E+00
  181.   0.460156250000E+03   0.466798317481E-12   0.000000000000E+00   0.239843750000E+03   0.348455480124E-12   0.000000000000E+00
  182.   0.459375000000E+03   0.240237145227E-12   0.000000000000E+00   0.240625000000E+03   0.167258764254E-12   0.000000000000E+00
  183.   0.458593750000E+03   0.472884234229E-12   0.000000000000E+00   0.241406250000E+03   0.354538221360E-12   0.000000000000E+00
  184.   0.457812500000E+03   0.243276329017E-12   0.000000000000E+00   0.242187500000E+03   0.170348121508E-12   0.000000000000E+00
  185.   0.457031250000E+03   0.478918738737E-12   0.000000000000E+00   0.242968750000E+03   0.360629513004E-12   0.000000000000E+00
  186.   0.456250000000E+03   0.246289090824E-12   0.000000000000E+00   0.243750000000E+03   0.173440580106E-12   0.000000000000E+00
  187.   0.455468750000E+03   0.484898950663E-12   0.000000000000E+00   0.244531250000E+03   0.366726585786E-12   0.000000000000E+00
  188.   0.454687500000E+03   0.249273989694E-12   0.000000000000E+00   0.245312500000E+03   0.176534589962E-12   0.000000000000E+00
  189.   0.453906250000E+03   0.490822021508E-12   0.000000000000E+00   0.246093750000E+03   0.372827102392E-12   0.000000000000E+00
  190.   0.453125000000E+03   0.252230836054E-12   0.000000000000E+00   0.246875000000E+03   0.179628498362E-12   0.000000000000E+00
  191.   0.452343750000E+03   0.496684884232E-12   0.000000000000E+00   0.247656250000E+03   0.378928117527E-12   0.000000000000E+00
  192.   0.451562500000E+03   0.255156092292E-12   0.000000000000E+00   0.248437500000E+03   0.182722010739E-12   0.000000000000E+00
  193.   0.450781250000E+03   0.502483892824E-12   0.000000000000E+00   0.249218750000E+03   0.385026538959E-12   0.000000000000E+00
  194.   0.450000000000E+03   0.258048943955E-12   0.000000000000E+00   0.250000000000E+03   0.185812378143E-12   0.000000000000E+00
  195.   0.449218750000E+03   0.508214896064E-12   0.000000000000E+00   0.250781250000E+03   0.391118867358E-12   0.000000000000E+00
  196.   0.448437500000E+03   0.260906591762E-12   0.000000000000E+00   0.251562500000E+03   0.188898510005E-12   0.000000000000E+00
  197.   0.447656250000E+03   0.513874024024E-12   0.000000000000E+00   0.252343750000E+03   0.397201565712E-12   0.000000000000E+00
  198.   0.446875000000E+03   0.263727740473E-12   0.000000000000E+00   0.253125000000E+03   0.191977937328E-12   0.000000000000E+00
  199.   0.446093750000E+03   0.519456263505E-12   0.000000000000E+00   0.253906250000E+03   0.403270203417E-12   0.000000000000E+00
  200.   0.445312500000E+03   0.266509330192E-12   0.000000000000E+00   0.254687500000E+03   0.195049179917E-12   0.000000000000E+00
  201.   0.444531250000E+03   0.524955785971E-12   0.000000000000E+00   0.255468750000E+03   0.409320104433E-12   0.000000000000E+00
  202.   0.443750000000E+03   0.269247700376E-12   0.000000000000E+00   0.256250000000E+03   0.198109172207E-12   0.000000000000E+00
  203.   0.442968750000E+03   0.530366462856E-12   0.000000000000E+00   0.257031250000E+03   0.415345458602E-12   0.000000000000E+00
  204.   0.442187500000E+03   0.271941048250E-12   0.000000000000E+00   0.257812500000E+03   0.201154258172E-12   0.000000000000E+00
  205.   0.441406250000E+03   0.535680421284E-12   0.000000000000E+00   0.258593750000E+03   0.421339441034E-12   0.000000000000E+00
  206.   0.440625000000E+03   0.274583800015E-12   0.000000000000E+00   0.259375000000E+03   0.204181613432E-12   0.000000000000E+00
  207.   0.439843750000E+03   0.540888049618E-12   0.000000000000E+00   0.260156250000E+03   0.427293915454E-12   0.000000000000E+00
  208.   0.439062500000E+03   0.277170514125E-12   0.000000000000E+00   0.260937500000E+03   0.207186477199E-12   0.000000000000E+00
  209.   0.438281250000E+03   0.545977732849E-12   0.000000000000E+00   0.261718750000E+03   0.433198787799E-12   0.000000000000E+00
  210.   0.437500000000E+03   0.279695756457E-12   0.000000000000E+00   0.262500000000E+03   0.210163143356E-12   0.000000000000E+00
  211.   0.436718750000E+03   0.550934802968E-12   0.000000000000E+00   0.263281250000E+03   0.439042116964E-12   0.000000000000E+00
  212.   0.435937500000E+03   0.282150708324E-12   0.000000000000E+00   0.264062500000E+03   0.213105495152E-12   0.000000000000E+00
  213.   0.435156250000E+03   0.555741673432E-12   0.000000000000E+00   0.264843750000E+03   0.444808681035E-12   0.000000000000E+00
  214.   0.434375000000E+03   0.284525727615E-12   0.000000000000E+00   0.265625000000E+03   0.216004484635E-12   0.000000000000E+00
  215.   0.433593750000E+03   0.560376085189E-12   0.000000000000E+00   0.266406250000E+03   0.450479046079E-12   0.000000000000E+00
  216.   0.432812500000E+03   0.286808519105E-12   0.000000000000E+00   0.267187500000E+03   0.218849784554E-12   0.000000000000E+00
  217.   0.432031250000E+03   0.564809521234E-12   0.000000000000E+00   0.267968750000E+03   0.456029493101E-12   0.000000000000E+00
  218.   0.431250000000E+03   0.288983168570E-12   0.000000000000E+00   0.268750000000E+03   0.221627866225E-12   0.000000000000E+00
  219.   0.430468750000E+03   0.569005566316E-12   0.000000000000E+00   0.269531250000E+03   0.461428764479E-12   0.000000000000E+00
  220.   0.429687500000E+03   0.291029544210E-12   0.000000000000E+00   0.270312500000E+03   0.224321385657E-12   0.000000000000E+00
  221.   0.428906250000E+03   0.572918533073E-12   0.000000000000E+00   0.271093750000E+03   0.466638602163E-12   0.000000000000E+00
  222.   0.428125000000E+03   0.292921427987E-12   0.000000000000E+00   0.271875000000E+03   0.226908714880E-12   0.000000000000E+00
  223.   0.427343750000E+03   0.576489226992E-12   0.000000000000E+00   0.272656250000E+03   0.471608925310E-12   0.000000000000E+00
  224.   0.426562500000E+03   0.294626295909E-12   0.000000000000E+00   0.273437500000E+03   0.229361947351E-12   0.000000000000E+00
  225.   0.425781250000E+03   0.579642380347E-12   0.000000000000E+00   0.274218750000E+03   0.476275162292E-12   0.000000000000E+00
  226.   0.425000000000E+03   0.296101049115E-12   0.000000000000E+00   0.275000000000E+03   0.231644653973E-12   0.000000000000E+00
  227.   0.424218750000E+03   0.582281005020E-12   0.000000000000E+00   0.275781250000E+03   0.480554564892E-12   0.000000000000E+00
  228.   0.423437500000E+03   0.297291378977E-12   0.000000000000E+00   0.276562500000E+03   0.233710561493E-12   0.000000000000E+00
  229.   0.422656250000E+03   0.584280116761E-12   0.000000000000E+00   0.277343750000E+03   0.484340503065E-12   0.000000000000E+00
  230.   0.421875000000E+03   0.298127715124E-12   0.000000000000E+00   0.278125000000E+03   0.235499143063E-12   0.000000000000E+00
  231.   0.421093750000E+03   0.585479018775E-12   0.000000000000E+00   0.278906250000E+03   0.487494857340E-12   0.000000000000E+00
  232.   0.420312500000E+03   0.298518594923E-12   0.000000000000E+00   0.279687500000E+03   0.236932339006E-12   0.000000000000E+00
  233.   0.419531250000E+03   0.585671462596E-12   0.000000000000E+00   0.280468750000E+03   0.489840100572E-12   0.000000000000E+00
  234.   0.418750000000E+03   0.298348641260E-12   0.000000000000E+00   0.281250000000E+03   0.237911193022E-12   0.000000000000E+00
  235.   0.417968750000E+03   0.584591835838E-12   0.000000000000E+00   0.282031250000E+03   0.491146620862E-12   0.000000000000E+00
  236.   0.417187500000E+03   0.297468257899E-12   0.000000000000E+00   0.282812500000E+03   0.238305208702E-12   0.000000000000E+00
  237.   0.416406250000E+03   0.581899659743E-12   0.000000000000E+00   0.283593750000E+03   0.491118990475E-12   0.000000000000E+00
  238.   0.415625000000E+03   0.295686565910E-12   0.000000000000E+00   0.284375000000E+03   0.237949320917E-12   0.000000000000E+00
  239.   0.414843750000E+03   0.577158928615E-12   0.000000000000E+00   0.285156250000E+03   0.489377293813E-12   0.000000000000E+00
  240.   0.414062500000E+03   0.292758510231E-12   0.000000000000E+00   0.285937500000E+03   0.236629132564E-12   0.000000000000E+00
  241.   0.413281250000E+03   0.569811302569E-12   0.000000000000E+00   0.286718750000E+03   0.485432808120E-12   0.000000000000E+00
  242.   0.412500000000E+03   0.288371036249E-12   0.000000000000E+00   0.287500000000E+03   0.234069691912E-12   0.000000000000E+00
  243.   0.411718750000E+03   0.559141082492E-12   0.000000000000E+00   0.288281250000E+03   0.478656047816E-12   0.000000000000E+00
  244.   0.410937500000E+03   0.282121639778E-12   0.000000000000E+00   0.289062500000E+03   0.229916908763E-12   0.000000000000E+00
  245.   0.410156250000E+03   0.544229286910E-12   0.000000000000E+00   0.289843750000E+03   0.468235908136E-12   0.000000000000E+00
  246.   0.409375000000E+03   0.273493321135E-12   0.000000000000E+00   0.290625000000E+03   0.223714253781E-12   0.000000000000E+00
  247.   0.408593750000E+03   0.523892029678E-12   0.000000000000E+00   0.291406250000E+03   0.453122972444E-12   0.000000000000E+00
  248.   0.407812500000E+03   0.261819531657E-12   0.000000000000E+00   0.292187500000E+03   0.214868760052E-12   0.000000000000E+00
  249.   0.407031250000E+03   0.496595335578E-12   0.000000000000E+00   0.292968750000E+03   0.431951655567E-12   0.000000000000E+00
  250.   0.406250000000E+03   0.246235241915E-12   0.000000000000E+00   0.293750000000E+03   0.202609309044E-12   0.000000000000E+00
  251.   0.405468750000E+03   0.460338356543E-12   0.000000000000E+00   0.294531250000E+03   0.402934646987E-12   0.000000000000E+00
  252.   0.404687500000E+03   0.225604548386E-12   0.000000000000E+00   0.295312500000E+03   0.185919443866E-12   0.000000000000E+00
  253.   0.403906250000E+03   0.412496210686E-12   0.000000000000E+00   0.296093750000E+03   0.363718511645E-12   0.000000000000E+00
  254.   0.403125000000E+03   0.198437854349E-12   0.000000000000E+00   0.296875000000E+03   0.163462408214E-12   0.000000000000E+00
  255.   0.402343750000E+03   0.349607550868E-12   0.000000000000E+00   0.297656250000E+03   0.311187499560E-12   0.000000000000E+00
  256.   0.401562500000E+03   0.162764043543E-12   0.000000000000E+00   0.298437500000E+03   0.133460310977E-12   0.000000000000E+00
  257.   0.400781250000E+03   0.267096829414E-12   0.000000000000E+00   0.299218750000E+03   0.241208441482E-12   0.000000000000E+00
  258.   0.400000000000E+03   0.115977909024E-12   0.000000000000E+00   0.300000000000E+03   0.935560360751E-13   0.000000000000E+00
  259.   0.399218750000E+03   0.158930484927E-12   0.000000000000E+00   0.300781250000E+03   0.148308917880E-12   0.000000000000E+00
  260.   0.398437500000E+03   0.546490379840E-13   0.000000000000E+00   0.301562500000E+03   0.406333812704E-13   0.000000000000E+00
  261.   0.397656250000E+03   0.172097515054E-13   0.000000000000E+00   0.302343750000E+03   0.252920350677E-13   0.000000000000E+00
  262.   0.396875000000E+03  -0.256935223816E-13   0.000000000000E+00   0.303125000000E+03  -0.293911752148E-13   0.000000000000E+00
  263.   0.396093750000E+03  -0.168276867900E-12   0.000000000000E+00   0.303906250000E+03  -0.137191427442E-12   0.000000000000E+00
  264.   0.395312500000E+03  -0.130795360961E-12   0.000000000000E+00   0.304687500000E+03  -0.121787857039E-12   0.000000000000E+00
  265.   0.394531250000E+03  -0.410495344383E-12   0.000000000000E+00   0.305468750000E+03  -0.351080792387E-12   0.000000000000E+00
  266.   0.393750000000E+03  -0.267884337015E-12   0.000000000000E+00   0.306250000000E+03  -0.243231419825E-12   0.000000000000E+00
  267.   0.392968750000E+03  -0.725539728186E-12   0.000000000000E+00   0.307031250000E+03  -0.631292316886E-12   0.000000000000E+00
  268.   0.392187500000E+03  -0.445831012467E-12   0.000000000000E+00   0.307812500000E+03  -0.401968632655E-12   0.000000000000E+00
  269.   0.391406250000E+03  -0.113288090011E-11   0.000000000000E+00   0.308593750000E+03  -0.996003063063E-12   0.000000000000E+00
  270.   0.390625000000E+03  -0.675235590597E-12   0.000000000000E+00   0.309375000000E+03  -0.607929466109E-12   0.000000000000E+00
  271.   0.389843750000E+03  -0.165547723956E-11   0.000000000000E+00   0.310156250000E+03  -0.146682154930E-11   0.000000000000E+00
  272.   0.389062500000E+03  -0.968443159010E-12   0.000000000000E+00   0.310937500000E+03  -0.872778976566E-12   0.000000000000E+00
  273.   0.388281250000E+03  -0.231987802706E-11   0.000000000000E+00   0.311718750000E+03  -0.206895152653E-11   0.000000000000E+00
  274.   0.387500000000E+03  -0.133961730401E-11   0.000000000000E+00   0.312500000000E+03  -0.121002042966E-11   0.000000000000E+00
  275.   0.386718750000E+03  -0.315672145008E-11   0.000000000000E+00   0.313281250000E+03  -0.283172053657E-11   0.000000000000E+00
  276.   0.385937500000E+03  -0.180515206880E-11   0.000000000000E+00   0.314062500000E+03  -0.163540472705E-11   0.000000000000E+00
  277.   0.385156250000E+03  -0.420251514354E-11   0.000000000000E+00   0.314843750000E+03  -0.379027378062E-11   0.000000000000E+00
  278.   0.384375000000E+03  -0.238502547570E-11   0.000000000000E+00   0.315625000000E+03  -0.216820121843E-11   0.000000000000E+00
  279.   0.383593750000E+03  -0.550425545117E-11   0.000000000000E+00   0.316406250000E+03  -0.498989630270E-11   0.000000000000E+00
  280.   0.382812500000E+03  -0.310605967199E-11   0.000000000000E+00   0.317187500000E+03  -0.283424345061E-11   0.000000000000E+00
  281.   0.382031250000E+03  -0.712929653530E-11   0.000000000000E+00   0.317968750000E+03  -0.649524072682E-11   0.000000000000E+00
  282.   0.381250000000E+03  -0.400854576063E-11   0.000000000000E+00   0.318750000000E+03  -0.367212623581E-11   0.000000000000E+00
  283.   0.380468750000E+03  -0.918370999294E-11   0.000000000000E+00   0.319531250000E+03  -0.840758105420E-11   0.000000000000E+00
  284.   0.379687500000E+03  -0.515804208064E-11   0.000000000000E+00   0.320312500000E+03  -0.474431986995E-11   0.000000000000E+00
  285.   0.378906250000E+03  -0.118426879111E-10   0.000000000000E+00   0.321093750000E+03  -0.108936154575E-10   0.000000000000E+00
  286.   0.378125000000E+03  -0.666411797499E-11   0.000000000000E+00   0.321875000000E+03  -0.615498811558E-11   0.000000000000E+00
  287.   0.377343750000E+03  -0.153955655117E-10   0.000000000000E+00   0.322656250000E+03  -0.142285559068E-10   0.000000000000E+00
  288.   0.376562500000E+03  -0.870688361203E-11   0.000000000000E+00   0.323437500000E+03  -0.807549398688E-11   0.000000000000E+00
  289.   0.375781250000E+03  -0.203043907135E-10   0.000000000000E+00   0.324218750000E+03  -0.188529384903E-10   0.000000000000E+00
  290.   0.375000000000E+03  -0.115693987041E-10   0.000000000000E+00   0.325000000000E+03  -0.107760603251E-10   0.000000000000E+00
  291.   0.374218750000E+03  -0.272669865851E-10   0.000000000000E+00   0.325781250000E+03  -0.254351192671E-10   0.000000000000E+00
  292.   0.373437500000E+03  -0.156687543472E-10   0.000000000000E+00   0.326562500000E+03  -0.146570155555E-10   0.000000000000E+00
  293.   0.372656250000E+03  -0.372615073080E-10   0.000000000000E+00   0.327343750000E+03  -0.349180456087E-10   0.000000000000E+00
  294.   0.371875000000E+03  -0.215697825497E-10   0.000000000000E+00   0.328125000000E+03  -0.202645581553E-10   0.000000000000E+00
  295.   0.371093750000E+03  -0.515305880074E-10   0.000000000000E+00   0.328906250000E+03  -0.485103274573E-10   0.000000000000E+00
  296.   0.370312500000E+03  -0.299551710846E-10   0.000000000000E+00   0.329687500000E+03  -0.282657774483E-10   0.000000000000E+00
  297.   0.369531250000E+03  -0.714433711129E-10   0.000000000000E+00   0.330468750000E+03  -0.675614656646E-10   0.000000000000E+00
  298.   0.368750000000E+03  -0.415157886358E-10   0.000000000000E+00   0.331250000000E+03  -0.393473539608E-10   0.000000000000E+00
  299.   0.367968750000E+03  -0.981724252143E-10   0.000000000000E+00   0.332031250000E+03  -0.932577776848E-10   0.000000000000E+00
  300.   0.367187500000E+03  -0.567349215745E-10   0.000000000000E+00   0.332812500000E+03  -0.540105390009E-10   0.000000000000E+00
  301.   0.366406250000E+03  -0.132141186855E-09   0.000000000000E+00   0.333593750000E+03  -0.126091128570E-09   0.000000000000E+00
  302.   0.365625000000E+03  -0.755486999570E-10   0.000000000000E+00   0.334375000000E+03  -0.722421194304E-10   0.000000000000E+00
  303.   0.364843750000E+03  -0.172306943162E-09   0.000000000000E+00   0.335156250000E+03  -0.165155835317E-09   0.000000000000E+00
  304.   0.364062500000E+03  -0.969683787173E-10   0.000000000000E+00   0.335937500000E+03  -0.931402111070E-10   0.000000000000E+00
  305.   0.363281250000E+03  -0.215318540729E-09   0.000000000000E+00   0.336718750000E+03  -0.207306291135E-09   0.000000000000E+00
  306.   0.362500000000E+03  -0.118625714003E-09   0.000000000000E+00   0.337500000000E+03  -0.114454926997E-09   0.000000000000E+00
  307.   0.361718750000E+03  -0.255018964199E-09   0.000000000000E+00   0.338281250000E+03  -0.246626279310E-09   0.000000000000E+00
  308.   0.360937500000E+03  -0.136697890665E-09   0.000000000000E+00   0.339062500000E+03  -0.132487999730E-09   0.000000000000E+00
  309.   0.360156250000E+03  -0.281411174496E-09   0.000000000000E+00   0.339843750000E+03  -0.273362094509E-09   0.000000000000E+00
  310.   0.359375000000E+03  -0.145156969541E-09   0.000000000000E+00   0.340625000000E+03  -0.141321948872E-09   0.000000000000E+00
  311.   0.358593750000E+03  -0.282091640282E-09   0.000000000000E+00   0.341406250000E+03  -0.275241032450E-09   0.000000000000E+00
  312.   0.357812500000E+03  -0.137031405996E-09   0.000000000000E+00   0.342187500000E+03  -0.134031474557E-09   0.000000000000E+00
  313.   0.357031250000E+03  -0.235360998356E-09   0.000000000000E+00   0.342968750000E+03  -0.230647242399E-09   0.000000000000E+00
  314.   0.356250000000E+03  -0.100658691523E-09   0.000000000000E+00   0.343750000000E+03  -0.988943916722E-10   0.000000000000E+00
  315.   0.355468750000E+03  -0.126071460870E-09   0.000000000000E+00   0.344531250000E+03  -0.124086776665E-09   0.000000000000E+00
  316.   0.354687500000E+03  -0.206225727927E-10   0.000000000000E+00   0.345312500000E+03  -0.204868712950E-10   0.000000000000E+00
  317.   0.353906250000E+03   0.124009515942E-09   0.000000000000E+00   0.346093750000E+03   0.122792775473E-09   0.000000000000E+00
  318.   0.353125000000E+03   0.100942279192E-09   0.000000000000E+00   0.346875000000E+03   0.100228890852E-09   0.000000000000E+00
  319.   0.352343750000E+03   0.511942724431E-09   0.000000000000E+00   0.347656250000E+03   0.508220452763E-09   0.000000000000E+00
  320.   0.351562500000E+03   0.548903982320E-09   0.000000000000E+00   0.348437500000E+03   0.545805824468E-09   0.000000000000E+00
  321.   0.350781250000E+03   0.140279842162E-08   0.000000000000E+00   0.349218750000E+03   0.140096468848E-08   0.000000000000E+00
  322.   0.350000000000E+03   0.391877478125E-08   0.000000000000E+00   0.350000000000E+03   0.391877478055E-08   0.000000000000E+00
  323.   0.349218750000E+03   0.140096468921E-08   0.000000000000E+00   0.350781250000E+03   0.140279842074E-08   0.000000000000E+00
  324.   0.348437500000E+03   0.545805824698E-09   0.000000000000E+00   0.351562500000E+03   0.548903981844E-09   0.000000000000E+00
  325.   0.347656250000E+03   0.508220453071E-09   0.000000000000E+00   0.352343750000E+03   0.511942723497E-09   0.000000000000E+00
  326.   0.346875000000E+03   0.100228890746E-09   0.000000000000E+00   0.353125000000E+03   0.100942278415E-09   0.000000000000E+00
  327.   0.346093750000E+03   0.122792775521E-09   0.000000000000E+00   0.353906250000E+03   0.124009515171E-09   0.000000000000E+00
  328.   0.345312500000E+03  -0.204868719699E-10   0.000000000000E+00   0.354687500000E+03  -0.206225735205E-10   0.000000000000E+00
  329.   0.344531250000E+03  -0.124086776302E-09   0.000000000000E+00   0.355468750000E+03  -0.126071461857E-09   0.000000000000E+00
  330.   0.343750000000E+03  -0.988943911443E-10   0.000000000000E+00   0.356250000000E+03  -0.100658692246E-09   0.000000000000E+00
  331.   0.342968750000E+03  -0.230647241824E-09   0.000000000000E+00   0.357031250000E+03  -0.235360999126E-09   0.000000000000E+00
  332.   0.342187500000E+03  -0.134031474308E-09   0.000000000000E+00   0.357812500000E+03  -0.137031405932E-09   0.000000000000E+00
  333.   0.341406250000E+03  -0.275241031782E-09   0.000000000000E+00   0.358593750000E+03  -0.282091641017E-09   0.000000000000E+00
  334.   0.340625000000E+03  -0.141321948268E-09   0.000000000000E+00   0.359375000000E+03  -0.145156970016E-09   0.000000000000E+00
  335.   0.339843750000E+03  -0.273362093693E-09   0.000000000000E+00   0.360156250000E+03  -0.281411175040E-09   0.000000000000E+00
  336.   0.339062500000E+03  -0.132487999701E-09   0.000000000000E+00   0.360937500000E+03  -0.136697890751E-09   0.000000000000E+00
  337.   0.338281250000E+03  -0.246626278603E-09   0.000000000000E+00   0.361718750000E+03  -0.255018964665E-09   0.000000000000E+00
  338.   0.337500000000E+03  -0.114454926828E-09   0.000000000000E+00   0.362500000000E+03  -0.118625713933E-09   0.000000000000E+00
  339.   0.336718750000E+03  -0.207306290303E-09   0.000000000000E+00   0.363281250000E+03  -0.215318541156E-09   0.000000000000E+00
  340.   0.335937500000E+03  -0.931402109167E-10   0.000000000000E+00   0.364062500000E+03  -0.969683793955E-10   0.000000000000E+00
  341.   0.335156250000E+03  -0.165155834791E-09   0.000000000000E+00   0.364843750000E+03  -0.172306943538E-09   0.000000000000E+00
  342.   0.334375000000E+03  -0.722421193576E-10   0.000000000000E+00   0.365625000000E+03  -0.755487004670E-10   0.000000000000E+00
  343.   0.333593750000E+03  -0.126091128450E-09   0.000000000000E+00   0.366406250000E+03  -0.132141187255E-09   0.000000000000E+00
  344.   0.332812500000E+03  -0.540105387357E-10   0.000000000000E+00   0.367187500000E+03  -0.567349215563E-10   0.000000000000E+00
  345.   0.332031250000E+03  -0.932577774965E-10   0.000000000000E+00   0.367968750000E+03  -0.981724253111E-10   0.000000000000E+00
  346.   0.331250000000E+03  -0.393473534580E-10   0.000000000000E+00   0.368750000000E+03  -0.415157885774E-10   0.000000000000E+00
  347.   0.330468750000E+03  -0.675614651691E-10   0.000000000000E+00   0.369531250000E+03  -0.714433712588E-10   0.000000000000E+00
  348.   0.329687500000E+03  -0.282657771421E-10   0.000000000000E+00   0.370312500000E+03  -0.299551705930E-10   0.000000000000E+00
  349.   0.328906250000E+03  -0.485103270941E-10   0.000000000000E+00   0.371093750000E+03  -0.515305882158E-10   0.000000000000E+00
  350.   0.328125000000E+03  -0.202645584009E-10   0.000000000000E+00   0.371875000000E+03  -0.215697826134E-10   0.000000000000E+00
  351.   0.327343750000E+03  -0.349180452321E-10   0.000000000000E+00   0.372656250000E+03  -0.372615077122E-10   0.000000000000E+00
  352.   0.326562500000E+03  -0.146570155322E-10   0.000000000000E+00   0.373437500000E+03  -0.156687547058E-10   0.000000000000E+00
  353.   0.325781250000E+03  -0.254351188042E-10   0.000000000000E+00   0.374218750000E+03  -0.272669869749E-10   0.000000000000E+00
  354.   0.325000000000E+03  -0.107760598345E-10   0.000000000000E+00   0.375000000000E+03  -0.115693989208E-10   0.000000000000E+00
  355.   0.324218750000E+03  -0.188529382270E-10   0.000000000000E+00   0.375781250000E+03  -0.203043910232E-10   0.000000000000E+00
  356.   0.323437500000E+03  -0.807549413109E-11   0.000000000000E+00   0.376562500000E+03  -0.870688443255E-11   0.000000000000E+00
  357.   0.322656250000E+03  -0.142285555681E-10   0.000000000000E+00   0.377343750000E+03  -0.153955656409E-10   0.000000000000E+00
  358.   0.321875000000E+03  -0.615498768457E-11   0.000000000000E+00   0.378125000000E+03  -0.666411805243E-11   0.000000000000E+00
  359.   0.321093750000E+03  -0.108936148857E-10   0.000000000000E+00   0.378906250000E+03  -0.118426877118E-10   0.000000000000E+00
  360.   0.320312500000E+03  -0.474431982771E-11   0.000000000000E+00   0.379687500000E+03  -0.515804267282E-11   0.000000000000E+00
  361.   0.319531250000E+03  -0.840758031441E-11   0.000000000000E+00   0.380468750000E+03  -0.918370983318E-11   0.000000000000E+00
  362.   0.318750000000E+03  -0.367212677493E-11   0.000000000000E+00   0.381250000000E+03  -0.400854592978E-11   0.000000000000E+00
  363.   0.317968750000E+03  -0.649524045425E-11   0.000000000000E+00   0.382031250000E+03  -0.712929603398E-11   0.000000000000E+00
  364.   0.317187500000E+03  -0.283424378119E-11   0.000000000000E+00   0.382812500000E+03  -0.310605895969E-11   0.000000000000E+00
  365.   0.316406250000E+03  -0.498989629848E-11   0.000000000000E+00   0.383593750000E+03  -0.550425493642E-11   0.000000000000E+00
  366.   0.315625000000E+03  -0.216820105088E-11   0.000000000000E+00   0.384375000000E+03  -0.238502544741E-11   0.000000000000E+00
  367.   0.314843750000E+03  -0.379027383786E-11   0.000000000000E+00   0.385156250000E+03  -0.420251477405E-11   0.000000000000E+00
  368.   0.314062500000E+03  -0.163540421611E-11   0.000000000000E+00   0.385937500000E+03  -0.180515178964E-11   0.000000000000E+00
  369.   0.313281250000E+03  -0.283172036129E-11   0.000000000000E+00   0.386718750000E+03  -0.315672103191E-11   0.000000000000E+00
  370.   0.312500000000E+03  -0.121002018727E-11   0.000000000000E+00   0.387500000000E+03  -0.133961683796E-11   0.000000000000E+00
  371.   0.311718750000E+03  -0.206895178682E-11   0.000000000000E+00   0.388281250000E+03  -0.231987768647E-11   0.000000000000E+00
  372.   0.310937500000E+03  -0.872779093209E-12   0.000000000000E+00   0.389062500000E+03  -0.968443370867E-12   0.000000000000E+00
  373.   0.310156250000E+03  -0.146682187418E-11   0.000000000000E+00   0.389843750000E+03  -0.165547740468E-11   0.000000000000E+00
  374.   0.309375000000E+03  -0.607929568878E-12   0.000000000000E+00   0.390625000000E+03  -0.675235717705E-12   0.000000000000E+00
  375.   0.308593750000E+03  -0.996003148428E-12   0.000000000000E+00   0.391406250000E+03  -0.113288092727E-11   0.000000000000E+00
  376.   0.307812500000E+03  -0.401968305336E-12   0.000000000000E+00   0.392187500000E+03  -0.445831566549E-12   0.000000000000E+00
  377.   0.307031250000E+03  -0.631292214150E-12   0.000000000000E+00   0.392968750000E+03  -0.725539816330E-12   0.000000000000E+00
  378.   0.306250000000E+03  -0.243231461740E-12   0.000000000000E+00   0.393750000000E+03  -0.267884250234E-12   0.000000000000E+00
  379.   0.305468750000E+03  -0.351080730898E-12   0.000000000000E+00   0.394531250000E+03  -0.410495874228E-12   0.000000000000E+00
  380.   0.304687500000E+03  -0.121788132396E-12   0.000000000000E+00   0.395312500000E+03  -0.130795858544E-12   0.000000000000E+00
  381.   0.303906250000E+03  -0.137191528828E-12   0.000000000000E+00   0.396093750000E+03  -0.168277358319E-12   0.000000000000E+00
  382.   0.303125000000E+03  -0.293912178030E-13   0.000000000000E+00   0.396875000000E+03  -0.256936648916E-13   0.000000000000E+00
  383.   0.302343750000E+03   0.252918211258E-13   0.000000000000E+00   0.397656250000E+03   0.172097565942E-13   0.000000000000E+00
  384.   0.301562500000E+03   0.406331545650E-13   0.000000000000E+00   0.398437500000E+03   0.546493448316E-13   0.000000000000E+00
  385.   0.300781250000E+03   0.148308508386E-12   0.000000000000E+00   0.399218750000E+03   0.158930607634E-12   0.000000000000E+00
  386.   0.300000000000E+03   0.935560988101E-13   0.000000000000E+00   0.400000000000E+03   0.115977449535E-12   0.000000000000E+00
  387.   0.299218750000E+03   0.241208080705E-12   0.000000000000E+00   0.400781250000E+03   0.267096554969E-12   0.000000000000E+00
  388.   0.298437500000E+03   0.133459617348E-12   0.000000000000E+00   0.401562500000E+03   0.162763174940E-12   0.000000000000E+00
  389.   0.297656250000E+03   0.311187378117E-12   0.000000000000E+00   0.402343750000E+03   0.349607618074E-12   0.000000000000E+00
  390.   0.296875000000E+03   0.163462313827E-12   0.000000000000E+00   0.403125000000E+03   0.198437892327E-12   0.000000000000E+00
  391.   0.296093750000E+03   0.363718437027E-12   0.000000000000E+00   0.403906250000E+03   0.412497072450E-12   0.000000000000E+00
  392.   0.295312500000E+03   0.185919626190E-12   0.000000000000E+00   0.404687500000E+03   0.225605065582E-12   0.000000000000E+00
  393.   0.294531250000E+03   0.402934751668E-12   0.000000000000E+00   0.405468750000E+03   0.460338967730E-12   0.000000000000E+00
  394.   0.293750000000E+03   0.202609280169E-12   0.000000000000E+00   0.406250000000E+03   0.246235324707E-12   0.000000000000E+00
  395.   0.292968750000E+03   0.431951666856E-12   0.000000000000E+00   0.407031250000E+03   0.496595731539E-12   0.000000000000E+00
  396.   0.292187500000E+03   0.214868856265E-12   0.000000000000E+00   0.407812500000E+03   0.261820573971E-12   0.000000000000E+00
  397.   0.291406250000E+03   0.453122845224E-12   0.000000000000E+00   0.408593750000E+03   0.523892485004E-12   0.000000000000E+00
  398.   0.290625000000E+03   0.223714456436E-12   0.000000000000E+00   0.409375000000E+03   0.273493590781E-12   0.000000000000E+00
  399.   0.289843750000E+03   0.468235969016E-12   0.000000000000E+00   0.410156250000E+03   0.544229966310E-12   0.000000000000E+00
  400.   0.289062500000E+03   0.229916794169E-12   0.000000000000E+00   0.410937500000E+03   0.282121620497E-12   0.000000000000E+00
  401.   0.288281250000E+03   0.478656045904E-12   0.000000000000E+00   0.411718750000E+03   0.559141488909E-12   0.000000000000E+00
  402.   0.287500000000E+03   0.234069505178E-12   0.000000000000E+00   0.412500000000E+03   0.288371178570E-12   0.000000000000E+00
  403.   0.286718750000E+03   0.485433005518E-12   0.000000000000E+00   0.413281250000E+03   0.569811518357E-12   0.000000000000E+00
  404.   0.285937500000E+03   0.236629005071E-12   0.000000000000E+00   0.414062500000E+03   0.292758544506E-12   0.000000000000E+00
  405.   0.285156250000E+03   0.489377913458E-12   0.000000000000E+00   0.414843750000E+03   0.577159157248E-12   0.000000000000E+00
  406.   0.284375000000E+03   0.237949446704E-12   0.000000000000E+00   0.415625000000E+03   0.295686646178E-12   0.000000000000E+00
  407.   0.283593750000E+03   0.491119597142E-12   0.000000000000E+00   0.416406250000E+03   0.581899478623E-12   0.000000000000E+00
  408.   0.282812500000E+03   0.238305543250E-12   0.000000000000E+00   0.417187500000E+03   0.297467978559E-12   0.000000000000E+00
  409.   0.282031250000E+03   0.491147350230E-12   0.000000000000E+00   0.417968750000E+03   0.584591648749E-12   0.000000000000E+00
  410.   0.281250000000E+03   0.237911467794E-12   0.000000000000E+00   0.418750000000E+03   0.298348552586E-12   0.000000000000E+00
  411.   0.280468750000E+03   0.489840901978E-12   0.000000000000E+00   0.419531250000E+03   0.585671332987E-12   0.000000000000E+00
  412.   0.279687500000E+03   0.236932961714E-12   0.000000000000E+00   0.420312500000E+03   0.298518777330E-12   0.000000000000E+00
  413.   0.278906250000E+03   0.487495930061E-12   0.000000000000E+00   0.421093750000E+03   0.585479002218E-12   0.000000000000E+00
  414.   0.278125000000E+03   0.235499537820E-12   0.000000000000E+00   0.421875000000E+03   0.298127639827E-12   0.000000000000E+00
  415.   0.277343750000E+03   0.484341633847E-12   0.000000000000E+00   0.422656250000E+03   0.584280106233E-12   0.000000000000E+00
  416.   0.276562500000E+03   0.233710712687E-12   0.000000000000E+00   0.423437500000E+03   0.297291755663E-12   0.000000000000E+00
  417.   0.275781250000E+03   0.480555874862E-12   0.000000000000E+00   0.424218750000E+03   0.582280983183E-12   0.000000000000E+00
  418.   0.275000000000E+03   0.231645273753E-12   0.000000000000E+00   0.425000000000E+03   0.296100996799E-12   0.000000000000E+00
  419.   0.274218750000E+03   0.476276333500E-12   0.000000000000E+00   0.425781250000E+03   0.579642349807E-12   0.000000000000E+00
  420.   0.273437500000E+03   0.229362825379E-12   0.000000000000E+00   0.426562500000E+03   0.294626203723E-12   0.000000000000E+00
  421.   0.272656250000E+03   0.471609956447E-12   0.000000000000E+00   0.427343750000E+03   0.576489430862E-12   0.000000000000E+00
  422.   0.271875000000E+03   0.226909265402E-12   0.000000000000E+00   0.428125000000E+03   0.292921776568E-12   0.000000000000E+00
  423.   0.271093750000E+03   0.466639848377E-12   0.000000000000E+00   0.428906250000E+03   0.572918589335E-12   0.000000000000E+00
  424.   0.270312500000E+03   0.224321910299E-12   0.000000000000E+00   0.429687500000E+03   0.291029541778E-12   0.000000000000E+00
  425.   0.269531250000E+03   0.461429998120E-12   0.000000000000E+00   0.430468750000E+03   0.569005856842E-12   0.000000000000E+00
  426.   0.268750000000E+03   0.221628080862E-12   0.000000000000E+00   0.431250000000E+03   0.288983527978E-12   0.000000000000E+00
  427.   0.267968750000E+03   0.456030291350E-12   0.000000000000E+00   0.432031250000E+03   0.564809899196E-12   0.000000000000E+00
  428.   0.267187500000E+03   0.218850327419E-12   0.000000000000E+00   0.432812500000E+03   0.286808740851E-12   0.000000000000E+00
  429.   0.266406250000E+03   0.450479972382E-12   0.000000000000E+00   0.433593750000E+03   0.560376513351E-12   0.000000000000E+00
  430.   0.265625000000E+03   0.216005308285E-12   0.000000000000E+00   0.434375000000E+03   0.284526290488E-12   0.000000000000E+00
  431.   0.264843750000E+03   0.444809673258E-12   0.000000000000E+00   0.435156250000E+03   0.555742302407E-12   0.000000000000E+00
  432.   0.264062500000E+03   0.213106039403E-12   0.000000000000E+00   0.435937500000E+03   0.282150807158E-12   0.000000000000E+00
  433.   0.263281250000E+03   0.439043085377E-12   0.000000000000E+00   0.436718750000E+03   0.550935386150E-12   0.000000000000E+00
  434.   0.262500000000E+03   0.210163782667E-12   0.000000000000E+00   0.437500000000E+03   0.279695866759E-12   0.000000000000E+00
  435.   0.261718750000E+03   0.433199632400E-12   0.000000000000E+00   0.438281250000E+03   0.545978167569E-12   0.000000000000E+00
  436.   0.260937500000E+03   0.207186614142E-12   0.000000000000E+00   0.439062500000E+03   0.277170672908E-12   0.000000000000E+00
  437.   0.260156250000E+03   0.427294646675E-12   0.000000000000E+00   0.439843750000E+03   0.540888651332E-12   0.000000000000E+00
  438.   0.259375000000E+03   0.204182029943E-12   0.000000000000E+00   0.440625000000E+03   0.274584031652E-12   0.000000000000E+00
  439.   0.258593750000E+03   0.421340159371E-12   0.000000000000E+00   0.441406250000E+03   0.535681022062E-12   0.000000000000E+00
  440.   0.257812500000E+03   0.201154614891E-12   0.000000000000E+00   0.442187500000E+03   0.271941297118E-12   0.000000000000E+00
  441.   0.257031250000E+03   0.415346055314E-12   0.000000000000E+00   0.442968750000E+03   0.530367020111E-12   0.000000000000E+00
  442.   0.256250000000E+03   0.198109181742E-12   0.000000000000E+00   0.443750000000E+03   0.269248631790E-12   0.000000000000E+00
  443.   0.255468750000E+03   0.409320807331E-12   0.000000000000E+00   0.444531250000E+03   0.524956308037E-12   0.000000000000E+00
  444.   0.254687500000E+03   0.195049653596E-12   0.000000000000E+00   0.445312500000E+03   0.266509564463E-12   0.000000000000E+00
  445.   0.253906250000E+03   0.403271033072E-12   0.000000000000E+00   0.446093750000E+03   0.519456512424E-12   0.000000000000E+00
  446.   0.253125000000E+03   0.191978416308E-12   0.000000000000E+00   0.446875000000E+03   0.263728131279E-12   0.000000000000E+00
  447.   0.252343750000E+03   0.397202127222E-12   0.000000000000E+00   0.447656250000E+03   0.513874400782E-12   0.000000000000E+00
  448.   0.251562500000E+03   0.188898869083E-12   0.000000000000E+00   0.448437500000E+03   0.260907084843E-12   0.000000000000E+00
  449.   0.250781250000E+03   0.391119486013E-12   0.000000000000E+00   0.449218750000E+03   0.508215411579E-12   0.000000000000E+00
  450.   0.250000000000E+03   0.185812718490E-12   0.000000000000E+00   0.450000000000E+03   0.258049211692E-12   0.000000000000E+00
  451.   0.249218750000E+03   0.385027218125E-12   0.000000000000E+00   0.450781250000E+03   0.502484388114E-12   0.000000000000E+00
  452.   0.248437500000E+03   0.182722384585E-12   0.000000000000E+00   0.451562500000E+03   0.255156512176E-12   0.000000000000E+00
  453.   0.247656250000E+03   0.378928989016E-12   0.000000000000E+00   0.452343750000E+03   0.496685549642E-12   0.000000000000E+00
  454.   0.246875000000E+03   0.179629152591E-12   0.000000000000E+00   0.453125000000E+03   0.252231298713E-12   0.000000000000E+00
  455.   0.246093750000E+03   0.372828005430E-12   0.000000000000E+00   0.453906250000E+03   0.490822955057E-12   0.000000000000E+00
  456.   0.245312500000E+03   0.176534641114E-12   0.000000000000E+00   0.454687500000E+03   0.249274845386E-12   0.000000000000E+00
  457.   0.244531250000E+03   0.366727535610E-12   0.000000000000E+00   0.455468750000E+03   0.484899746682E-12   0.000000000000E+00
  458.   0.243750000000E+03   0.173440893501E-12   0.000000000000E+00   0.456250000000E+03   0.246289737290E-12   0.000000000000E+00
  459.   0.242968750000E+03   0.360630353742E-12   0.000000000000E+00   0.457031250000E+03   0.478919479189E-12   0.000000000000E+00
  460.   0.242187500000E+03   0.170348657400E-12   0.000000000000E+00   0.457812500000E+03   0.243276791161E-12   0.000000000000E+00
  461.   0.241406250000E+03   0.354539388262E-12   0.000000000000E+00   0.458593750000E+03   0.472884989504E-12   0.000000000000E+00
  462.   0.240625000000E+03   0.167259455087E-12   0.000000000000E+00   0.459375000000E+03   0.240237391011E-12   0.000000000000E+00
  463.   0.239843750000E+03   0.348456779165E-12   0.000000000000E+00   0.460156250000E+03   0.466799185437E-12   0.000000000000E+00
  464.   0.239062500000E+03   0.164174388736E-12   0.000000000000E+00   0.460937500000E+03   0.237173416228E-12   0.000000000000E+00
  465.   0.238281250000E+03   0.342385043000E-12   0.000000000000E+00   0.461718750000E+03   0.460664649544E-12   0.000000000000E+00
  466.   0.237500000000E+03   0.161094590432E-12   0.000000000000E+00   0.462500000000E+03   0.234085756865E-12   0.000000000000E+00
  467.   0.236718750000E+03   0.336326269109E-12   0.000000000000E+00   0.463281250000E+03   0.454484310790E-12   0.000000000000E+00
  468.   0.235937500000E+03   0.158021010530E-12   0.000000000000E+00   0.464062500000E+03   0.230976369990E-12   0.000000000000E+00
  469.   0.235156250000E+03   0.330282822161E-12   0.000000000000E+00   0.464843750000E+03   0.448260748767E-12   0.000000000000E+00
  470.   0.234375000000E+03   0.154955253632E-12   0.000000000000E+00   0.465625000000E+03   0.227845852813E-12   0.000000000000E+00
  471.   0.233593750000E+03   0.324256667682E-12   0.000000000000E+00   0.466406250000E+03   0.441996759024E-12   0.000000000000E+00
  472.   0.232812500000E+03   0.151897523388E-12   0.000000000000E+00   0.467187500000E+03   0.224696342600E-12   0.000000000000E+00
  473.   0.232031250000E+03   0.318250254296E-12   0.000000000000E+00   0.467968750000E+03   0.435694856297E-12   0.000000000000E+00
  474.   0.231250000000E+03   0.148849765666E-12   0.000000000000E+00   0.468750000000E+03   0.221527905122E-12   0.000000000000E+00
  475.   0.230468750000E+03   0.312265846521E-12   0.000000000000E+00   0.469531250000E+03   0.429357595230E-12   0.000000000000E+00
  476.   0.229687500000E+03   0.145812882958E-12   0.000000000000E+00   0.470312500000E+03   0.218343034879E-12   0.000000000000E+00
  477.   0.228906250000E+03   0.306305147137E-12   0.000000000000E+00   0.471093750000E+03   0.422987716667E-12   0.000000000000E+00
  478.   0.228125000000E+03   0.142787254533E-12   0.000000000000E+00   0.471875000000E+03   0.215142650207E-12   0.000000000000E+00
  479.   0.227343750000E+03   0.300370187587E-12   0.000000000000E+00   0.472656250000E+03   0.416587663362E-12   0.000000000000E+00
  480.   0.226562500000E+03   0.139774307505E-12   0.000000000000E+00   0.473437500000E+03   0.211928070137E-12   0.000000000000E+00
  481.   0.225781250000E+03   0.294463103734E-12   0.000000000000E+00   0.474218750000E+03   0.410160603150E-12   0.000000000000E+00
  482.   0.225000000000E+03   0.136774543185E-12   0.000000000000E+00   0.475000000000E+03   0.208700431526E-12   0.000000000000E+00
  483.   0.224218750000E+03   0.288586320558E-12   0.000000000000E+00   0.475781250000E+03   0.403709017834E-12   0.000000000000E+00
  484.   0.223437500000E+03   0.133790689504E-12   0.000000000000E+00   0.476562500000E+03   0.205461765518E-12   0.000000000000E+00
  485.   0.222656250000E+03   0.282741954271E-12   0.000000000000E+00   0.477343750000E+03   0.397235868225E-12   0.000000000000E+00
  486.   0.221875000000E+03   0.130822174854E-12   0.000000000000E+00   0.478125000000E+03   0.202212976505E-12   0.000000000000E+00
  487.   0.221093750000E+03   0.276931783135E-12   0.000000000000E+00   0.478906250000E+03   0.390744147158E-12   0.000000000000E+00
  488.   0.220312500000E+03   0.127870179055E-12   0.000000000000E+00   0.479687500000E+03   0.198955914541E-12   0.000000000000E+00
  489.   0.219531250000E+03   0.271158135667E-12   0.000000000000E+00   0.480468750000E+03   0.384237270925E-12   0.000000000000E+00
  490.   0.218750000000E+03   0.124936351076E-12   0.000000000000E+00   0.481250000000E+03   0.195692098914E-12   0.000000000000E+00
  491.   0.217968750000E+03   0.265423466976E-12   0.000000000000E+00   0.482031250000E+03   0.377718731294E-12   0.000000000000E+00
  492.   0.217187500000E+03   0.122021599064E-12   0.000000000000E+00   0.482812500000E+03   0.192423794164E-12   0.000000000000E+00
  493.   0.216406250000E+03   0.259730196545E-12   0.000000000000E+00   0.483593750000E+03   0.371192043700E-12   0.000000000000E+00
  494.   0.215625000000E+03   0.119127191059E-12   0.000000000000E+00   0.484375000000E+03   0.189152293582E-12   0.000000000000E+00
  495.   0.214843750000E+03   0.254081154952E-12   0.000000000000E+00   0.485156250000E+03   0.364661396401E-12   0.000000000000E+00
  496.   0.214062500000E+03   0.116254970087E-12   0.000000000000E+00   0.485937500000E+03   0.185879708141E-12   0.000000000000E+00
  497.   0.213281250000E+03   0.248479334664E-12   0.000000000000E+00   0.486718750000E+03   0.358131346474E-12   0.000000000000E+00
  498.   0.212500000000E+03   0.113405797148E-12   0.000000000000E+00   0.487500000000E+03   0.182608963372E-12   0.000000000000E+00
  499.   0.211718750000E+03   0.242927911041E-12   0.000000000000E+00   0.488281250000E+03   0.351607268546E-12   0.000000000000E+00
  500.   0.210937500000E+03   0.110581781550E-12   0.000000000000E+00   0.489062500000E+03   0.179342429113E-12   0.000000000000E+00
  501.   0.210156250000E+03   0.237430731162E-12   0.000000000000E+00   0.489843750000E+03   0.345094900896E-12   0.000000000000E+00
  502.   0.209375000000E+03   0.107784717418E-12   0.000000000000E+00   0.490625000000E+03   0.176083653354E-12   0.000000000000E+00
  503.   0.208593750000E+03   0.231991963003E-12   0.000000000000E+00   0.491406250000E+03   0.338601161797E-12   0.000000000000E+00
  504.   0.207812500000E+03   0.105017079912E-12   0.000000000000E+00   0.492187500000E+03   0.172836174127E-12   0.000000000000E+00
  505.   0.207031250000E+03   0.226616672736E-12   0.000000000000E+00   0.492968750000E+03   0.332134833980E-12   0.000000000000E+00
  506.   0.206250000000E+03   0.102281358446E-12   0.000000000000E+00   0.493750000000E+03   0.169604652802E-12   0.000000000000E+00
  507.   0.205468750000E+03   0.221310932798E-12   0.000000000000E+00   0.494531250000E+03   0.325705550570E-12   0.000000000000E+00
  508.   0.204687500000E+03   0.995810526736E-13   0.000000000000E+00   0.495312500000E+03   0.166394331297E-12   0.000000000000E+00
  509.   0.203906250000E+03   0.216081918825E-12   0.000000000000E+00   0.496093750000E+03   0.319325109085E-12   0.000000000000E+00
  510.   0.203125000000E+03   0.969198591253E-13   0.000000000000E+00   0.496875000000E+03   0.163212128383E-12   0.000000000000E+00
  511.   0.202343750000E+03   0.210938511765E-12   0.000000000000E+00   0.497656250000E+03   0.313008907138E-12   0.000000000000E+00
  512.   0.201562500000E+03   0.943028005203E-13   0.000000000000E+00   0.498437500000E+03   0.160066148718E-12   0.000000000000E+00
  513.   0.200781250000E+03   0.205891517153E-12   0.000000000000E+00   0.499218750000E+03   0.306775680022E-12   0.000000000000E+00
  514.   0.200000000000E+03   0.917356653441E-13   0.000000000000E+00   0.500000000000E+03   0.156966528462E-12   0.000000000000E+00
  515.   0.199218750000E+03   0.200954657385E-12   0.000000000000E+00   0.500781250000E+03   0.300648369664E-12   0.000000000000E+00
  516.   0.198437500000E+03   0.892261723191E-13   0.000000000000E+00   0.501562500000E+03   0.153926777321E-12   0.000000000000E+00
  517.   0.197656250000E+03   0.196144978255E-12   0.000000000000E+00   0.502343750000E+03   0.294656505285E-12   0.000000000000E+00
  518.   0.196875000000E+03   0.867838650774E-13   0.000000000000E+00   0.503125000000E+03   0.150962808162E-12   0.000000000000E+00
  519.   0.196093750000E+03   0.191483950800E-12   0.000000000000E+00   0.503906250000E+03   0.288837701532E-12   0.000000000000E+00
  520.   0.195312500000E+03   0.844203262310E-13   0.000000000000E+00   0.504687500000E+03   0.148095995734E-12   0.000000000000E+00
  521.   0.194531250000E+03   0.186998678311E-12   0.000000000000E+00   0.505468750000E+03   0.283239334424E-12   0.000000000000E+00
  522.   0.193750000000E+03   0.821510371585E-13   0.000000000000E+00   0.506250000000E+03   0.145352800149E-12   0.000000000000E+00
  523.   0.192968750000E+03   0.182723981326E-12   0.000000000000E+00   0.507031250000E+03   0.277922398785E-12   0.000000000000E+00
  524.   0.192187500000E+03   0.799956235403E-13   0.000000000000E+00   0.507812500000E+03   0.142767348464E-12   0.000000000000E+00
  525.   0.191406250000E+03   0.178704008655E-12   0.000000000000E+00   0.508593750000E+03   0.272964870881E-12   0.000000000000E+00
  526.   0.190625000000E+03   0.779783050626E-13   0.000000000000E+00   0.509375000000E+03   0.140383411884E-12   0.000000000000E+00
  527.   0.189843750000E+03   0.174995087639E-12   0.000000000000E+00   0.510156250000E+03   0.268466827286E-12   0.000000000000E+00
  528.   0.189062500000E+03   0.761308988399E-13   0.000000000000E+00   0.510937500000E+03   0.138257562482E-12   0.000000000000E+00
  529.   0.188281250000E+03   0.171669159501E-12   0.000000000000E+00   0.511718750000E+03   0.264557335303E-12   0.000000000000E+00
  530.   0.187500000000E+03   0.744938206942E-13   0.000000000000E+00   0.512500000000E+03   0.136462154057E-12   0.000000000000E+00
  531.   0.186718750000E+03   0.168818730206E-12   0.000000000000E+00   0.513281250000E+03   0.261402394463E-12   0.000000000000E+00
  532.   0.185937500000E+03   0.731188742186E-13   0.000000000000E+00   0.514062500000E+03   0.135090558984E-12   0.000000000000E+00
  533.   0.185156250000E+03   0.166562138435E-12   0.000000000000E+00   0.514843750000E+03   0.259215981834E-12   0.000000000000E+00
  534.   0.184375000000E+03   0.720725033326E-13   0.000000000000E+00   0.515625000000E+03   0.134263647599E-12   0.000000000000E+00
  535.   0.183593750000E+03   0.165051447219E-12   0.000000000000E+00   0.516406250000E+03   0.258274568333E-12   0.000000000000E+00
  536.   0.182812500000E+03   0.714402664727E-13   0.000000000000E+00   0.517187500000E+03   0.134137089572E-12   0.000000000000E+00
  537.   0.182031250000E+03   0.164481850841E-12   0.000000000000E+00   0.517968750000E+03   0.258934962825E-12   0.000000000000E+00
  538.   0.181250000000E+03   0.713316951676E-13   0.000000000000E+00   0.518750000000E+03   0.134911790993E-12   0.000000000000E+00
  539.   0.180468750000E+03   0.165104199617E-12   0.000000000000E+00   0.519531250000E+03   0.261658940864E-12   0.000000000000E+00
  540.   0.179687500000E+03   0.718879304908E-13   0.000000000000E+00   0.520312500000E+03   0.136848336746E-12   0.000000000000E+00
  541.   0.178906250000E+03   0.167241438149E-12   0.000000000000E+00   0.521093750000E+03   0.267044008797E-12   0.000000000000E+00
  542.   0.178125000000E+03   0.732907437540E-13   0.000000000000E+00   0.521875000000E+03   0.140283892104E-12   0.000000000000E+00
  543.   0.177343750000E+03   0.171309131015E-12   0.000000000000E+00   0.522656250000E+03   0.275864110354E-12   0.000000000000E+00
  544.   0.176562500000E+03   0.757737782664E-13   0.000000000000E+00   0.523437500000E+03   0.145654999845E-12   0.000000000000E+00
  545.   0.175781250000E+03   0.177842750723E-12   0.000000000000E+00   0.524218750000E+03   0.289122105831E-12   0.000000000000E+00
  546.   0.175000000000E+03   0.796385283778E-13   0.000000000000E+00   0.525000000000E+03   0.153527651168E-12   0.000000000000E+00
  547.   0.174218750000E+03   0.187532124464E-12   0.000000000000E+00   0.525781250000E+03   0.308118335326E-12   0.000000000000E+00
  548.   0.173437500000E+03   0.852733483985E-13   0.000000000000E+00   0.526562500000E+03   0.164636170596E-12   0.000000000000E+00
  549.   0.172656250000E+03   0.201266117855E-12   0.000000000000E+00   0.527343750000E+03   0.334538595787E-12   0.000000000000E+00
  550.   0.171875000000E+03   0.931784889199E-13   0.000000000000E+00   0.528125000000E+03   0.179931911294E-12   0.000000000000E+00
  551.   0.171093750000E+03   0.220189309065E-12   0.000000000000E+00   0.528906250000E+03   0.370567476121E-12   0.000000000000E+00
  552.   0.170312500000E+03   0.103998137831E-12   0.000000000000E+00   0.529687500000E+03   0.200648002735E-12   0.000000000000E+00
  553.   0.169531250000E+03   0.245773832885E-12   0.000000000000E+00   0.530468750000E+03   0.419033967660E-12   0.000000000000E+00
  554.   0.168750000000E+03   0.118560078619E-12   0.000000000000E+00   0.531250000000E+03   0.228380062763E-12   0.000000000000E+00
  555.   0.167968750000E+03   0.279910196319E-12   0.000000000000E+00   0.532031250000E+03   0.483595399806E-12   0.000000000000E+00
  556.   0.167187500000E+03   0.137926621179E-12   0.000000000000E+00   0.532812500000E+03   0.265189325165E-12   0.000000000000E+00
  557.   0.166406250000E+03   0.325021749292E-12   0.000000000000E+00   0.533593750000E+03   0.568973126337E-12   0.000000000000E+00
  558.   0.165625000000E+03   0.163458525539E-12   0.000000000000E+00   0.534375000000E+03   0.313735286219E-12   0.000000000000E+00
  559.   0.164843750000E+03   0.384209354275E-12   0.000000000000E+00   0.535156250000E+03   0.681251017673E-12   0.000000000000E+00
  560.   0.164062500000E+03   0.196895396065E-12   0.000000000000E+00   0.535937500000E+03   0.377441799287E-12   0.000000000000E+00
  561.   0.163281250000E+03   0.461434700959E-12   0.000000000000E+00   0.536718750000E+03   0.828258585771E-12   0.000000000000E+00
  562.   0.162500000000E+03   0.240458473077E-12   0.000000000000E+00   0.537500000000E+03   0.460713015528E-12   0.000000000000E+00
  563.   0.161718750000E+03   0.561756544097E-12   0.000000000000E+00   0.538281250000E+03   0.102006450867E-11   0.000000000000E+00
  564.   0.160937500000E+03   0.296984123488E-12   0.000000000000E+00   0.539062500000E+03   0.569211534927E-12   0.000000000000E+00
  565.   0.160156250000E+03   0.691639447312E-12   0.000000000000E+00   0.539843750000E+03   0.126962550312E-11   0.000000000000E+00
  566.   0.159375000000E+03   0.370098590907E-12   0.000000000000E+00   0.540625000000E+03   0.710227887936E-12   0.000000000000E+00
  567.   0.158593750000E+03   0.859365213766E-12   0.000000000000E+00   0.541406250000E+03   0.159365145389E-11   0.000000000000E+00
  568.   0.157812500000E+03   0.464454580893E-12   0.000000000000E+00   0.542187500000E+03   0.893176138768E-12   0.000000000000E+00
  569.   0.157031250000E+03   0.107559053713E-11   0.000000000000E+00   0.542968750000E+03   0.201377864377E-11   0.000000000000E+00
  570.   0.156250000000E+03   0.586052345708E-12   0.000000000000E+00   0.543750000000E+03   0.113027144514E-11   0.000000000000E+00
  571.   0.155468750000E+03   0.135411054263E-11   0.000000000000E+00   0.544531250000E+03   0.255817840871E-11   0.000000000000E+00
  572.   0.154687500000E+03   0.742682182326E-12   0.000000000000E+00   0.545312500000E+03   0.143746112987E-11   0.000000000000E+00
  573.   0.153906250000E+03   0.171290472345E-11   0.000000000000E+00   0.546093750000E+03   0.326376790262E-11   0.000000000000E+00
  574.   0.153125000000E+03   0.944528770654E-12   0.000000000000E+00   0.546875000000E+03   0.183570524655E-11   0.000000000000E+00
  575.   0.152343750000E+03   0.217555426248E-11   0.000000000000E+00   0.547656250000E+03   0.417922434413E-11   0.000000000000E+00
  576.   0.151562500000E+03   0.120498528319E-11   0.000000000000E+00   0.548437500000E+03   0.235271401248E-11   0.000000000000E+00
  577.   0.150781250000E+03   0.277311941238E-11   0.000000000000E+00   0.549218750000E+03   0.536901805968E-11   0.000000000000E+00
  578.   0.150000000000E+03   0.154171939222E-11   0.000000000000E+00   0.550000000000E+03   0.302524755622E-11   0.000000000000E+00
  579.   0.149218750000E+03   0.354654004794E-11   0.000000000000E+00   0.550781250000E+03   0.691864424549E-11   0.000000000000E+00
  580.   0.148437500000E+03   0.197801152210E-11   0.000000000000E+00   0.551562500000E+03   0.390205513661E-11   0.000000000000E+00
  581.   0.147656250000E+03   0.454955757233E-11   0.000000000000E+00   0.552343750000E+03   0.894112440542E-11   0.000000000000E+00
  582.   0.146875000000E+03   0.254434263156E-11   0.000000000000E+00   0.553125000000E+03   0.504744631049E-11   0.000000000000E+00
  583.   0.146093750000E+03   0.585204177564E-11   0.000000000000E+00   0.553906250000E+03   0.115846296306E-10   0.000000000000E+00
  584.   0.145312500000E+03   0.328013650671E-11   0.000000000000E+00   0.554687500000E+03   0.654535076789E-11   0.000000000000E+00
  585.   0.144531250000E+03   0.754344464799E-11   0.000000000000E+00   0.555468750000E+03   0.150407524190E-10   0.000000000000E+00
  586.   0.143750000000E+03   0.423547091980E-11   0.000000000000E+00   0.556250000000E+03   0.850353044644E-11   0.000000000000E+00
  587.   0.142968750000E+03   0.973592513843E-11   0.000000000000E+00   0.557031250000E+03   0.195525658903E-10   0.000000000000E+00
  588.   0.142187500000E+03   0.547248238675E-11   0.000000000000E+00   0.557812500000E+03   0.110574108327E-10   0.000000000000E+00
  589.   0.141406250000E+03   0.125665813692E-10   0.000000000000E+00   0.558593750000E+03   0.254213229650E-10   0.000000000000E+00
  590.   0.140625000000E+03   0.706616915618E-11   0.000000000000E+00   0.559375000000E+03   0.143729018302E-10   0.000000000000E+00
  591.   0.139843750000E+03   0.161983532883E-10   0.000000000000E+00   0.560156250000E+03   0.330107911999E-10   0.000000000000E+00
  592.   0.139062500000E+03   0.910444336449E-11   0.000000000000E+00   0.560937500000E+03   0.186478152127E-10   0.000000000000E+00
  593.   0.138281250000E+03   0.208197834993E-10   0.000000000000E+00   0.561718750000E+03   0.427493560371E-10   0.000000000000E+00
  594.   0.137500000000E+03   0.116877621184E-10   0.000000000000E+00   0.562500000000E+03   0.241123888315E-10   0.000000000000E+00
  595.   0.136718750000E+03   0.266453139421E-10   0.000000000000E+00   0.563281250000E+03   0.551329741489E-10   0.000000000000E+00
  596.   0.135937500000E+03   0.149296846002E-10   0.000000000000E+00   0.564062500000E+03   0.310314834492E-10   0.000000000000E+00
  597.   0.135156250000E+03   0.339205713143E-10   0.000000000000E+00   0.564843750000E+03   0.707378376529E-10   0.000000000000E+00
  598.   0.134375000000E+03   0.189614737055E-10   0.000000000000E+00   0.565625000000E+03   0.397147671194E-10   0.000000000000E+00
  599.   0.133593750000E+03   0.429414986449E-10   0.000000000000E+00   0.566406250000E+03   0.902611821578E-10   0.000000000000E+00
  600.   0.132812500000E+03   0.239465202950E-10   0.000000000000E+00   0.567187500000E+03   0.505470829477E-10   0.000000000000E+00
  601.   0.132031250000E+03   0.541022334857E-10   0.000000000000E+00   0.567968750000E+03   0.114622429015E-09   0.000000000000E+00
  602.   0.131250000000E+03   0.301137934158E-10   0.000000000000E+00   0.568750000000E+03   0.640591640903E-10   0.000000000000E+00
  603.   0.130468750000E+03   0.679935298328E-10   0.000000000000E+00   0.569531250000E+03   0.145173602722E-09   0.000000000000E+00
  604.   0.129687500000E+03   0.378230570619E-10   0.000000000000E+00   0.570312500000E+03   0.810677893943E-10   0.000000000000E+00
  605.   0.128906250000E+03   0.855789808636E-10   0.000000000000E+00   0.571093750000E+03   0.184083290184E-09   0.000000000000E+00
  606.   0.128125000000E+03   0.476765870600E-10   0.000000000000E+00   0.571875000000E+03   0.102921041601E-09   0.000000000000E+00
  607.   0.127343750000E+03   0.108475532193E-09   0.000000000000E+00   0.572656250000E+03   0.234962228194E-09   0.000000000000E+00
  608.   0.126562500000E+03   0.606894358281E-10   0.000000000000E+00   0.573437500000E+03   0.131881773292E-09   0.000000000000E+00
  609.   0.125781250000E+03   0.139349404464E-09   0.000000000000E+00   0.574218750000E+03   0.303772234763E-09   0.000000000000E+00
  610.   0.125000000000E+03   0.785174730605E-10   0.000000000000E+00   0.575000000000E+03   0.171658334673E-09   0.000000000000E+00
  611.   0.124218750000E+03   0.182396531377E-09   0.000000000000E+00   0.575781250000E+03   0.399975170904E-09   0.000000000000E+00
  612.   0.123437500000E+03   0.103713014529E-09   0.000000000000E+00   0.576562500000E+03   0.228030193737E-09   0.000000000000E+00
  613.   0.122656250000E+03   0.243794810078E-09   0.000000000000E+00   0.577343750000E+03   0.537700946573E-09   0.000000000000E+00
  614.   0.121875000000E+03   0.139923825318E-09   0.000000000000E+00   0.578125000000E+03   0.309396297065E-09   0.000000000000E+00
  615.   0.121093750000E+03   0.331892150497E-09   0.000000000000E+00   0.578906250000E+03   0.736430101761E-09   0.000000000000E+00
  616.   0.120312500000E+03   0.191882398463E-09   0.000000000000E+00   0.579687500000E+03   0.426910915503E-09   0.000000000000E+00
  617.   0.119531250000E+03   0.456753083429E-09   0.000000000000E+00   0.580468750000E+03   0.102033744631E-08   0.000000000000E+00
  618.   0.118750000000E+03   0.264953254402E-09   0.000000000000E+00   0.581250000000E+03   0.593670571140E-09   0.000000000000E+00
  619.   0.117968750000E+03   0.628628025829E-09   0.000000000000E+00   0.582031250000E+03   0.141524141713E-08   0.000000000000E+00
  620.   0.117187500000E+03   0.364048387445E-09   0.000000000000E+00   0.582812500000E+03   0.822462134998E-09   0.000000000000E+00
  621.   0.116406250000E+03   0.855001741628E-09   0.000000000000E+00   0.583593750000E+03   0.194221625943E-08   0.000000000000E+00
  622.   0.115625000000E+03   0.491720286955E-09   0.000000000000E+00   0.584375000000E+03   0.112153673591E-08   0.000000000000E+00
  623.   0.114843750000E+03   0.113641869852E-08   0.000000000000E+00   0.585156250000E+03   0.260804328783E-08   0.000000000000E+00
  624.   0.114062500000E+03   0.645973930852E-09   0.000000000000E+00   0.585937500000E+03   0.148946212918E-08   0.000000000000E+00
  625.   0.113281250000E+03   0.146136034074E-08   0.000000000000E+00   0.586718750000E+03   0.339286882799E-08   0.000000000000E+00
  626.   0.112500000000E+03   0.817123310964E-09   0.000000000000E+00   0.587500000000E+03   0.190745497727E-08   0.000000000000E+00
  627.   0.111718750000E+03   0.180231607241E-08   0.000000000000E+00   0.588281250000E+03   0.423966888680E-08   0.000000000000E+00
  628.   0.110937500000E+03   0.987770396801E-09   0.000000000000E+00   0.589062500000E+03   0.233825741368E-08   0.000000000000E+00
  629.   0.110156250000E+03   0.210892259062E-08   0.000000000000E+00   0.589843750000E+03   0.503627572181E-08   0.000000000000E+00
  630.   0.109375000000E+03   0.112399828226E-08   0.000000000000E+00   0.590625000000E+03   0.270476308657E-08   0.000000000000E+00
  631.   0.108593750000E+03   0.231197049155E-08   0.000000000000E+00   0.591406250000E+03   0.562093633618E-08   0.000000000000E+00
  632.   0.107812500000E+03   0.119407919079E-08   0.000000000000E+00   0.592187500000E+03   0.293069805606E-08   0.000000000000E+00
  633.   0.107031250000E+03   0.228083796618E-08   0.000000000000E+00   0.592968750000E+03   0.568033025394E-08   0.000000000000E+00
  634.   0.106250000000E+03   0.109444859850E-08   0.000000000000E+00   0.593750000000E+03   0.276787382005E-08   0.000000000000E+00
  635.   0.105468750000E+03   0.190195695081E-08   0.000000000000E+00   0.594531250000E+03   0.492228874050E-08   0.000000000000E+00
  636.   0.104687500000E+03   0.831628345146E-09   0.000000000000E+00   0.595312500000E+03   0.221235443878E-08   0.000000000000E+00
  637.   0.103906250000E+03   0.622328545090E-09   0.000000000000E+00   0.596093750000E+03   0.199872009392E-08   0.000000000000E+00
  638.   0.103125000000E+03  -0.476686712870E-10   0.000000000000E+00   0.596875000000E+03   0.167426154122E-09   0.000000000000E+00
  639.   0.102343750000E+03  -0.164534020426E-08   0.000000000000E+00   0.597656250000E+03  -0.341582709364E-08   0.000000000000E+00
  640.   0.101562500000E+03  -0.182294625246E-08   0.000000000000E+00   0.598437500000E+03  -0.412278968880E-08   0.000000000000E+00
  641.   0.100781250000E+03  -0.792043531571E-08   0.000000000000E+00   0.599218750000E+03  -0.187833280794E-07   0.000000000000E+00
