mode f[Hz] tag=epsrel_cf_lanb_oc target=67.333Hz
  1.     0.68290014E+02
  2.     0.41270954E+03
  3.     0.11803361E+04
  4.     0.22912272E+04
  5.     0.29102133E+04
  6.     0.37141770E+04
  7.     0.54096670E+04
  8.     0.73386991E+04
  9.     0.79622888E+04
 10.     0.94656962E+04
 11.     0.11758425E+05
 12.     0.12957710E+05
 13.     0.14189742E+05
 14.     0.16736064E+05
 15.     0.17976965E+05
 16.     0.19378378E+05
 17.     0.22100359E+05
 18.     0.23001526E+05
 19.     0.24889194E+05
 20.     0.27733837E+05
