i  r_top  QtopRe  QtopIm  r_bot  QbotRe  QbotIm   [mm, mC]
    1.   0.600000000000E+03  -0.220073877188E-07   0.000000000000E+00   0.100000000000E+03   0.773954067922E-08   0.000000000000E+00
    2.   0.100000000000E+03  -0.773355354297E-08   0.000000000000E+00   0.600000000000E+03   0.219955148539E-07   0.000000000000E+00
    3.   0.599218750000E+03   0.393939524665E-07   0.000000000000E+00   0.100781250000E+03   0.226140999794E-06   0.000000000000E+00
    4.   0.598437500000E+03   0.246886576703E-07   0.000000000000E+00   0.101562500000E+03   0.121569044306E-06   0.000000000000E+00
    5.   0.597656250000E+03   0.555107017887E-07   0.000000000000E+00   0.102343750000E+03   0.254620389322E-06   0.000000000000E+00
    6.   0.596875000000E+03   0.300804760019E-07   0.000000000000E+00   0.103125000000E+03   0.131927544567E-06   0.000000000000E+00
    7.   0.596093750000E+03   0.634634591979E-07   0.000000000000E+00   0.103906250000E+03   0.271168497458E-06   0.000000000000E+00
    8.   0.595312500000E+03   0.337219101105E-07   0.000000000000E+00   0.104687500000E+03   0.139772521658E-06   0.000000000000E+00
    9.   0.594531250000E+03   0.697462414104E-07   0.000000000000E+00   0.105468750000E+03   0.285436296673E-06   0.000000000000E+00
   10.   0.593750000000E+03   0.360653191353E-07   0.000000000000E+00   0.106250000000E+03   0.145726813654E-06   0.000000000000E+00
   11.   0.592968750000E+03   0.741419987207E-07   0.000000000000E+00   0.107031250000E+03   0.296974202551E-06   0.000000000000E+00
   12.   0.592187500000E+03   0.380847065367E-07   0.000000000000E+00   0.107812500000E+03   0.151260853970E-06   0.000000000000E+00
   13.   0.591406250000E+03   0.777304194457E-07   0.000000000000E+00   0.108593750000E+03   0.307402650696E-06   0.000000000000E+00
   14.   0.590625000000E+03   0.396531076094E-07   0.000000000000E+00   0.109375000000E+03   0.156153589449E-06   0.000000000000E+00
   15.   0.589843750000E+03   0.805815342633E-07   0.000000000000E+00   0.110156250000E+03   0.316789048484E-06   0.000000000000E+00
   16.   0.589062500000E+03   0.409291548651E-07   0.000000000000E+00   0.110937500000E+03   0.160636920617E-06   0.000000000000E+00
   17.   0.588281250000E+03   0.828446464540E-07   0.000000000000E+00   0.111718750000E+03   0.325336594051E-06   0.000000000000E+00
   18.   0.587500000000E+03   0.419165822289E-07   0.000000000000E+00   0.112500000000E+03   0.164701631800E-06   0.000000000000E+00
   19.   0.586718750000E+03   0.845648287497E-07   0.000000000000E+00   0.113281250000E+03   0.333088115886E-06   0.000000000000E+00
   20.   0.585937500000E+03   0.426484682425E-07   0.000000000000E+00   0.114062500000E+03   0.168387041737E-06   0.000000000000E+00
   21.   0.585156250000E+03   0.857945048588E-07   0.000000000000E+00   0.114843750000E+03   0.340102056675E-06   0.000000000000E+00
   22.   0.584375000000E+03   0.431465835295E-07   0.000000000000E+00   0.115625000000E+03   0.171716064951E-06   0.000000000000E+00
   23.   0.583593750000E+03   0.865881236618E-07   0.000000000000E+00   0.116406250000E+03   0.346443829376E-06   0.000000000000E+00
   24.   0.582812500000E+03   0.434424070579E-07   0.000000000000E+00   0.117187500000E+03   0.174729311421E-06   0.000000000000E+00
   25.   0.582031250000E+03   0.870129391141E-07   0.000000000000E+00   0.117968750000E+03   0.352203998232E-06   0.000000000000E+00
   26.   0.581250000000E+03   0.435718157515E-07   0.000000000000E+00   0.118750000000E+03   0.177476898530E-06   0.000000000000E+00
   27.   0.580468750000E+03   0.871437691660E-07   0.000000000000E+00   0.119531250000E+03   0.357490344520E-06   0.000000000000E+00
   28.   0.579687500000E+03   0.435734879532E-07   0.000000000000E+00   0.120312500000E+03   0.180016061913E-06   0.000000000000E+00
   29.   0.578906250000E+03   0.870563211870E-07   0.000000000000E+00   0.121093750000E+03   0.362417051473E-06   0.000000000000E+00
   30.   0.578125000000E+03   0.434844270758E-07   0.000000000000E+00   0.121875000000E+03   0.182403700715E-06   0.000000000000E+00
   31.   0.577343750000E+03   0.868198384740E-07   0.000000000000E+00   0.122656250000E+03   0.367092113908E-06   0.000000000000E+00
   32.   0.576562500000E+03   0.433368857395E-07   0.000000000000E+00   0.123437500000E+03   0.184690925099E-06   0.000000000000E+00
   33.   0.575781250000E+03   0.864922383118E-07   0.000000000000E+00   0.124218750000E+03   0.371608394398E-06   0.000000000000E+00
   34.   0.575000000000E+03   0.431565976646E-07   0.000000000000E+00   0.125000000000E+03   0.186919597440E-06   0.000000000000E+00
   35.   0.574218750000E+03   0.861181201829E-07   0.000000000000E+00   0.125781250000E+03   0.376039246299E-06   0.000000000000E+00
   36.   0.573437500000E+03   0.429624954120E-07   0.000000000000E+00   0.126562500000E+03   0.189121318056E-06   0.000000000000E+00
   37.   0.572656250000E+03   0.857291644322E-07   0.000000000000E+00   0.127343750000E+03   0.380438163739E-06   0.000000000000E+00
   38.   0.571875000000E+03   0.427673769350E-07   0.000000000000E+00   0.128125000000E+03   0.191318064731E-06   0.000000000000E+00
   39.   0.571093750000E+03   0.853459423134E-07   0.000000000000E+00   0.128906250000E+03   0.384840974824E-06   0.000000000000E+00
   40.   0.570312500000E+03   0.425790434170E-07   0.000000000000E+00   0.129687500000E+03   0.193523735668E-06   0.000000000000E+00
   41.   0.569531250000E+03   0.849802839226E-07   0.000000000000E+00   0.130468750000E+03   0.389269201522E-06   0.000000000000E+00
   42.   0.568750000000E+03   0.424015346552E-07   0.000000000000E+00   0.131250000000E+03   0.195745974304E-06   0.000000000000E+00
   43.   0.567968750000E+03   0.846376341054E-07   0.000000000000E+00   0.132031250000E+03   0.393733617900E-06   0.000000000000E+00
   44.   0.567187500000E+03   0.422362558477E-07   0.000000000000E+00   0.132812500000E+03   0.197987912711E-06   0.000000000000E+00
   45.   0.566406250000E+03   0.843191030053E-07   0.000000000000E+00   0.133593750000E+03   0.398237472210E-06   0.000000000000E+00
   46.   0.565625000000E+03   0.420829066408E-07   0.000000000000E+00   0.134375000000E+03   0.200249658984E-06   0.000000000000E+00
   47.   0.564843750000E+03   0.840231060984E-07   0.000000000000E+00   0.135156250000E+03   0.402779147524E-06   0.000000000000E+00
   48.   0.564062500000E+03   0.419401954678E-07   0.000000000000E+00   0.135937500000E+03   0.202529476105E-06   0.000000000000E+00
   49.   0.563281250000E+03   0.837465943371E-07   0.000000000000E+00   0.136718750000E+03   0.407354218173E-06   0.000000000000E+00
   50.   0.562500000000E+03   0.418063572348E-07   0.000000000000E+00   0.137500000000E+03   0.204824662762E-06   0.000000000000E+00
   51.   0.561718750000E+03   0.834859238101E-07   0.000000000000E+00   0.138281250000E+03   0.411956950157E-06   0.000000000000E+00
   52.   0.560937500000E+03   0.416795062072E-07   0.000000000000E+00   0.139062500000E+03   0.207132174561E-06   0.000000000000E+00
   53.   0.560156250000E+03   0.832374308449E-07   0.000000000000E+00   0.139843750000E+03   0.416581330627E-06   0.000000000000E+00
   54.   0.559375000000E+03   0.415578586005E-07   0.000000000000E+00   0.140625000000E+03   0.209449033000E-06   0.000000000000E+00
   55.   0.558593750000E+03   0.829977789758E-07   0.000000000000E+00   0.141406250000E+03   0.421221720445E-06   0.000000000000E+00
   56.   0.557812500000E+03   0.414398570465E-07   0.000000000000E+00   0.142187500000E+03   0.211772569276E-06   0.000000000000E+00
   57.   0.557031250000E+03   0.827641376548E-07   0.000000000000E+00   0.142968750000E+03   0.425873219389E-06   0.000000000000E+00
   58.   0.556250000000E+03   0.413242247856E-07   0.000000000000E+00   0.143750000000E+03   0.214100545645E-06   0.000000000000E+00
   59.   0.555468750000E+03   0.825342434264E-07   0.000000000000E+00   0.144531250000E+03   0.430531823191E-06   0.000000000000E+00
   60.   0.554687500000E+03   0.412099725247E-07   0.000000000000E+00   0.145312500000E+03   0.216431190930E-06   0.000000000000E+00
   61.   0.553906250000E+03   0.823063845502E-07   0.000000000000E+00   0.146093750000E+03   0.435194438911E-06   0.000000000000E+00
   62.   0.553125000000E+03   0.410963760451E-07   0.000000000000E+00   0.146875000000E+03   0.218763180140E-06   0.000000000000E+00
   63.   0.552343750000E+03   0.820793407338E-07   0.000000000000E+00   0.147656250000E+03   0.439858811920E-06   0.000000000000E+00
   64.   0.551562500000E+03   0.409829381631E-07   0.000000000000E+00   0.148437500000E+03   0.221095581578E-06   0.000000000000E+00
   65.   0.550781250000E+03   0.818523012519E-07   0.000000000000E+00   0.149218750000E+03   0.444523405188E-06   0.000000000000E+00
   66.   0.550000000000E+03   0.408693447288E-07   0.000000000000E+00   0.150000000000E+03   0.223427788749E-06   0.000000000000E+00
   67.   0.549218750000E+03   0.816247775503E-07   0.000000000000E+00   0.150781250000E+03   0.449187260188E-06   0.000000000000E+00
   68.   0.548437500000E+03   0.407554210904E-07   0.000000000000E+00   0.151562500000E+03   0.225759449119E-06   0.000000000000E+00
   69.   0.547656250000E+03   0.813965206132E-07   0.000000000000E+00   0.152343750000E+03   0.453849859169E-06   0.000000000000E+00
   70.   0.546875000000E+03   0.406410928772E-07   0.000000000000E+00   0.153125000000E+03   0.228090397419E-06   0.000000000000E+00
   71.   0.546093750000E+03   0.811674488758E-07   0.000000000000E+00   0.153906250000E+03   0.458511000787E-06   0.000000000000E+00
   72.   0.545312500000E+03   0.405263530348E-07   0.000000000000E+00   0.154687500000E+03   0.230420597802E-06   0.000000000000E+00
   73.   0.544531250000E+03   0.809375892021E-07   0.000000000000E+00   0.155468750000E+03   0.463170695251E-06   0.000000000000E+00
   74.   0.543750000000E+03   0.404112356969E-07   0.000000000000E+00   0.156250000000E+03   0.232750096700E-06   0.000000000000E+00
   75.   0.542968750000E+03   0.807070312347E-07   0.000000000000E+00   0.157031250000E+03   0.467829080966E-06   0.000000000000E+00
   76.   0.542187500000E+03   0.402957966126E-07   0.000000000000E+00   0.157812500000E+03   0.235078986524E-06   0.000000000000E+00
   77.   0.541406250000E+03   0.804758940536E-07   0.000000000000E+00   0.158593750000E+03   0.472486361931E-06   0.000000000000E+00
   78.   0.540625000000E+03   0.401800993460E-07   0.000000000000E+00   0.159375000000E+03   0.237407379294E-06   0.000000000000E+00
   79.   0.539843750000E+03   0.802443033567E-07   0.000000000000E+00   0.160156250000E+03   0.477142763533E-06   0.000000000000E+00
   80.   0.539062500000E+03   0.400642062380E-07   0.000000000000E+00   0.160937500000E+03   0.239735388765E-06   0.000000000000E+00
   81.   0.538281250000E+03   0.800123771044E-07   0.000000000000E+00   0.161718750000E+03   0.481798503608E-06   0.000000000000E+00
   82.   0.537500000000E+03   0.399481730802E-07   0.000000000000E+00   0.162500000000E+03   0.242063119346E-06   0.000000000000E+00
   83.   0.536718750000E+03   0.797802175983E-07   0.000000000000E+00   0.163281250000E+03   0.486453775474E-06   0.000000000000E+00
   84.   0.535937500000E+03   0.398320465175E-07   0.000000000000E+00   0.164062500000E+03   0.244390660205E-06   0.000000000000E+00
   85.   0.535156250000E+03   0.795479081717E-07   0.000000000000E+00   0.164843750000E+03   0.491108739818E-06   0.000000000000E+00
   86.   0.534375000000E+03   0.397158633382E-07   0.000000000000E+00   0.165625000000E+03   0.246718083059E-06   0.000000000000E+00
   87.   0.533593750000E+03   0.793155129668E-07   0.000000000000E+00   0.166406250000E+03   0.495763522731E-06   0.000000000000E+00
   88.   0.532812500000E+03   0.395996509657E-07   0.000000000000E+00   0.167187500000E+03   0.249045442420E-06   0.000000000000E+00
   89.   0.532031250000E+03   0.790830785895E-07   0.000000000000E+00   0.167968750000E+03   0.500418217673E-06   0.000000000000E+00
   90.   0.531250000000E+03   0.394834286274E-07   0.000000000000E+00   0.168750000000E+03   0.251372777323E-06   0.000000000000E+00
   91.   0.530468750000E+03   0.788506367410E-07   0.000000000000E+00   0.169531250000E+03   0.505072889650E-06   0.000000000000E+00
   92.   0.529687500000E+03   0.393672088230E-07   0.000000000000E+00   0.170312500000E+03   0.253700113796E-06   0.000000000000E+00
   93.   0.528906250000E+03   0.786182071926E-07   0.000000000000E+00   0.171093750000E+03   0.509727580377E-06   0.000000000000E+00
   94.   0.528125000000E+03   0.392509988359E-07   0.000000000000E+00   0.171875000000E+03   0.256027467550E-06   0.000000000000E+00
   95.   0.527343750000E+03   0.783858006890E-07   0.000000000000E+00   0.172656250000E+03   0.514382313542E-06   0.000000000000E+00
   96.   0.526562500000E+03   0.391348021296E-07   0.000000000000E+00   0.173437500000E+03   0.258354846568E-06   0.000000000000E+00
   97.   0.525781250000E+03   0.781534215377E-07   0.000000000000E+00   0.174218750000E+03   0.519037099677E-06   0.000000000000E+00
   98.   0.525000000000E+03   0.390186195446E-07   0.000000000000E+00   0.175000000000E+03   0.260682253393E-06   0.000000000000E+00
   99.   0.524218750000E+03   0.779210697692E-07   0.000000000000E+00   0.175781250000E+03   0.523691940327E-06   0.000000000000E+00
  100.   0.523437500000E+03   0.389024502641E-07   0.000000000000E+00   0.176562500000E+03   0.263009687015E-06   0.000000000000E+00
  101.   0.522656250000E+03   0.776887428357E-07   0.000000000000E+00   0.177343750000E+03   0.528346831416E-06   0.000000000000E+00
  102.   0.521875000000E+03   0.387862925492E-07   0.000000000000E+00   0.178125000000E+03   0.265337144351E-06   0.000000000000E+00
  103.   0.521093750000E+03   0.774564368749E-07   0.000000000000E+00   0.178906250000E+03   0.533001765809E-06   0.000000000000E+00
  104.   0.520312500000E+03   0.386701442682E-07   0.000000000000E+00   0.179687500000E+03   0.267664621333E-06   0.000000000000E+00
  105.   0.519531250000E+03   0.772241475930E-07   0.000000000000E+00   0.180468750000E+03   0.537656735159E-06   0.000000000000E+00
  106.   0.518750000000E+03   0.385540032517E-07   0.000000000000E+00   0.181250000000E+03   0.269992113667E-06   0.000000000000E+00
  107.   0.517968750000E+03   0.769918708373E-07   0.000000000000E+00   0.182031250000E+03   0.542311731136E-06   0.000000000000E+00
  108.   0.517187500000E+03   0.384378675100E-07   0.000000000000E+00   0.182812500000E+03   0.272319617305E-06   0.000000000000E+00
  109.   0.516406250000E+03   0.767596029270E-07   0.000000000000E+00   0.183593750000E+03   0.546966746181E-06   0.000000000000E+00
  110.   0.515625000000E+03   0.383217353470E-07   0.000000000000E+00   0.184375000000E+03   0.274647128723E-06   0.000000000000E+00
  111.   0.514843750000E+03   0.765273408089E-07   0.000000000000E+00   0.185156250000E+03   0.551621773880E-06   0.000000000000E+00
  112.   0.514062500000E+03   0.382056054018E-07   0.000000000000E+00   0.185937500000E+03   0.276974645026E-06   0.000000000000E+00
  113.   0.513281250000E+03   0.762950820924E-07   0.000000000000E+00   0.186718750000E+03   0.556276809093E-06   0.000000000000E+00
  114.   0.512500000000E+03   0.380894766422E-07   0.000000000000E+00   0.187500000000E+03   0.279302163963E-06   0.000000000000E+00
  115.   0.511718750000E+03   0.760628250089E-07   0.000000000000E+00   0.188281250000E+03   0.560931847908E-06   0.000000000000E+00
  116.   0.510937500000E+03   0.379733483300E-07   0.000000000000E+00   0.189062500000E+03   0.281629683867E-06   0.000000000000E+00
  117.   0.510156250000E+03   0.758305683294E-07   0.000000000000E+00   0.189843750000E+03   0.565586887486E-06   0.000000000000E+00
  118.   0.509375000000E+03   0.378572199732E-07   0.000000000000E+00   0.190625000000E+03   0.283957203565E-06   0.000000000000E+00
  119.   0.508593750000E+03   0.755983112643E-07   0.000000000000E+00   0.191406250000E+03   0.570241925866E-06   0.000000000000E+00
  120.   0.507812500000E+03   0.377410912738E-07   0.000000000000E+00   0.192187500000E+03   0.286284722268E-06   0.000000000000E+00
  121.   0.507031250000E+03   0.753660533625E-07   0.000000000000E+00   0.192968750000E+03   0.574896961749E-06   0.000000000000E+00
  122.   0.506250000000E+03   0.376249620784E-07   0.000000000000E+00   0.193750000000E+03   0.288612239465E-06   0.000000000000E+00
  123.   0.505468750000E+03   0.751337944186E-07   0.000000000000E+00   0.194531250000E+03   0.579551994287E-06   0.000000000000E+00
  124.   0.504687500000E+03   0.375088323352E-07   0.000000000000E+00   0.195312500000E+03   0.290939754820E-06   0.000000000000E+00
  125.   0.503906250000E+03   0.749015343944E-07   0.000000000000E+00   0.196093750000E+03   0.584207022895E-06   0.000000000000E+00
  126.   0.503125000000E+03   0.373927020580E-07   0.000000000000E+00   0.196875000000E+03   0.293267268083E-06   0.000000000000E+00
  127.   0.502343750000E+03   0.746692733564E-07   0.000000000000E+00   0.197656250000E+03   0.588862047085E-06   0.000000000000E+00
  128.   0.501562500000E+03   0.372765712996E-07   0.000000000000E+00   0.198437500000E+03   0.295594779018E-06   0.000000000000E+00
  129.   0.500781250000E+03   0.744370114276E-07   0.000000000000E+00   0.199218750000E+03   0.593517066330E-06   0.000000000000E+00
  130.   0.500000000000E+03   0.371604401307E-07   0.000000000000E+00   0.200000000000E+03   0.297922287333E-06   0.000000000000E+00
  131.   0.499218750000E+03   0.742047487538E-07   0.000000000000E+00   0.200781250000E+03   0.598172079944E-06   0.000000000000E+00
  132.   0.498437500000E+03   0.370443086266E-07   0.000000000000E+00   0.201562500000E+03   0.300249792635E-06   0.000000000000E+00
  133.   0.497656250000E+03   0.739724854811E-07   0.000000000000E+00   0.202343750000E+03   0.602827086989E-06   0.000000000000E+00
  134.   0.496875000000E+03   0.369281768582E-07   0.000000000000E+00   0.203125000000E+03   0.302577294379E-06   0.000000000000E+00
  135.   0.496093750000E+03   0.737402217422E-07   0.000000000000E+00   0.203906250000E+03   0.607482086195E-06   0.000000000000E+00
  136.   0.495312500000E+03   0.368120448875E-07   0.000000000000E+00   0.204687500000E+03   0.304904791839E-06   0.000000000000E+00
  137.   0.494531250000E+03   0.735079576494E-07   0.000000000000E+00   0.205468750000E+03   0.612137075892E-06   0.000000000000E+00
  138.   0.493750000000E+03   0.366959127650E-07   0.000000000000E+00   0.206250000000E+03   0.307232284073E-06   0.000000000000E+00
  139.   0.492968750000E+03   0.732756932923E-07   0.000000000000E+00   0.207031250000E+03   0.616792053954E-06   0.000000000000E+00
  140.   0.492187500000E+03   0.365797805301E-07   0.000000000000E+00   0.207812500000E+03   0.309559769896E-06   0.000000000000E+00
  141.   0.491406250000E+03   0.730434287390E-07   0.000000000000E+00   0.208593750000E+03   0.621447017740E-06   0.000000000000E+00
  142.   0.490625000000E+03   0.364636482113E-07   0.000000000000E+00   0.209375000000E+03   0.311887247853E-06   0.000000000000E+00
  143.   0.489843750000E+03   0.728111640378E-07   0.000000000000E+00   0.210156250000E+03   0.626101964041E-06   0.000000000000E+00
  144.   0.489062500000E+03   0.363475158285E-07   0.000000000000E+00   0.210937500000E+03   0.314214716188E-06   0.000000000000E+00
  145.   0.488281250000E+03   0.725788992211E-07   0.000000000000E+00   0.211718750000E+03   0.630756889008E-06   0.000000000000E+00
  146.   0.487500000000E+03   0.362313833943E-07   0.000000000000E+00   0.212500000000E+03   0.316542172808E-06   0.000000000000E+00
  147.   0.486718750000E+03   0.723466343086E-07   0.000000000000E+00   0.213281250000E+03   0.635411788049E-06   0.000000000000E+00
  148.   0.485937500000E+03   0.361152509158E-07   0.000000000000E+00   0.214062500000E+03   0.318869615219E-06   0.000000000000E+00
  149.   0.485156250000E+03   0.721143693109E-07   0.000000000000E+00   0.214843750000E+03   0.640066655686E-06   0.000000000000E+00
  150.   0.484375000000E+03   0.359991183964E-07   0.000000000000E+00   0.215625000000E+03   0.321197040435E-06   0.000000000000E+00
  151.   0.483593750000E+03   0.718821042319E-07   0.000000000000E+00   0.216406250000E+03   0.644721485299E-06   0.000000000000E+00
  152.   0.482812500000E+03   0.358829858366E-07   0.000000000000E+00   0.217187500000E+03   0.323524444827E-06   0.000000000000E+00
  153.   0.482031250000E+03   0.716498390713E-07   0.000000000000E+00   0.217968750000E+03   0.649376268728E-06   0.000000000000E+00
  154.   0.481250000000E+03   0.357668532357E-07   0.000000000000E+00   0.218750000000E+03   0.325851823873E-06   0.000000000000E+00
  155.   0.480468750000E+03   0.714175738267E-07   0.000000000000E+00   0.219531250000E+03   0.654030995640E-06   0.000000000000E+00
  156.   0.479687500000E+03   0.356507205919E-07   0.000000000000E+00   0.220312500000E+03   0.328179171768E-06   0.000000000000E+00
  157.   0.478906250000E+03   0.711853084942E-07   0.000000000000E+00   0.221093750000E+03   0.658685652525E-06   0.000000000000E+00
  158.   0.478125000000E+03   0.355345879032E-07   0.000000000000E+00   0.221875000000E+03   0.330506480819E-06   0.000000000000E+00
  159.   0.477343750000E+03   0.709530430701E-07   0.000000000000E+00   0.222656250000E+03   0.663340221182E-06   0.000000000000E+00
  160.   0.476562500000E+03   0.354184551678E-07   0.000000000000E+00   0.223437500000E+03   0.332833740535E-06   0.000000000000E+00
  161.   0.475781250000E+03   0.707207775508E-07   0.000000000000E+00   0.224218750000E+03   0.667994676475E-06   0.000000000000E+00
  162.   0.475000000000E+03   0.353023223839E-07   0.000000000000E+00   0.225000000000E+03   0.335160936292E-06   0.000000000000E+00
  163.   0.474218750000E+03   0.704885119334E-07   0.000000000000E+00   0.225781250000E+03   0.672648983087E-06   0.000000000000E+00
  164.   0.473437500000E+03   0.351861895504E-07   0.000000000000E+00   0.226562500000E+03   0.337488047422E-06   0.000000000000E+00
  165.   0.472656250000E+03   0.702562462159E-07   0.000000000000E+00   0.227343750000E+03   0.677303090946E-06   0.000000000000E+00
  166.   0.471875000000E+03   0.350700566664E-07   0.000000000000E+00   0.228125000000E+03   0.339815044548E-06   0.000000000000E+00
  167.   0.471093750000E+03   0.700239803968E-07   0.000000000000E+00   0.228906250000E+03   0.681956928930E-06   0.000000000000E+00
  168.   0.470312500000E+03   0.349539237313E-07   0.000000000000E+00   0.229687500000E+03   0.342141885955E-06   0.000000000000E+00
  169.   0.469531250000E+03   0.697917144755E-07   0.000000000000E+00   0.230468750000E+03   0.686610396394E-06   0.000000000000E+00
  170.   0.468750000000E+03   0.348377907451E-07   0.000000000000E+00   0.231250000000E+03   0.344468512744E-06   0.000000000000E+00
  171.   0.467968750000E+03   0.695594484519E-07   0.000000000000E+00   0.232031250000E+03   0.691263352026E-06   0.000000000000E+00
  172.   0.467187500000E+03   0.347216577078E-07   0.000000000000E+00   0.232812500000E+03   0.346794842526E-06   0.000000000000E+00
  173.   0.466406250000E+03   0.693271823265E-07   0.000000000000E+00   0.233593750000E+03   0.695915599495E-06   0.000000000000E+00
  174.   0.465625000000E+03   0.346055246197E-07   0.000000000000E+00   0.234375000000E+03   0.349120761376E-06   0.000000000000E+00
  175.   0.464843750000E+03   0.690949161001E-07   0.000000000000E+00   0.235156250000E+03   0.700566869376E-06   0.000000000000E+00
  176.   0.464062500000E+03   0.344893914814E-07   0.000000000000E+00   0.235937500000E+03   0.351446113792E-06   0.000000000000E+00
  177.   0.463281250000E+03   0.688626497737E-07   0.000000000000E+00   0.236718750000E+03   0.705216796872E-06   0.000000000000E+00
  178.   0.462500000000E+03   0.343732582933E-07   0.000000000000E+00   0.237500000000E+03   0.353770690450E-06   0.000000000000E+00
  179.   0.461718750000E+03   0.686303833485E-07   0.000000000000E+00   0.238281250000E+03   0.709864894932E-06   0.000000000000E+00
  180.   0.460937500000E+03   0.342571250562E-07   0.000000000000E+00   0.239062500000E+03   0.356094213563E-06   0.000000000000E+00
  181.   0.460156250000E+03   0.683981168258E-07   0.000000000000E+00   0.239843750000E+03   0.714510522509E-06   0.000000000000E+00
  182.   0.459375000000E+03   0.341409917707E-07   0.000000000000E+00   0.240625000000E+03   0.358416319759E-06   0.000000000000E+00
  183.   0.458593750000E+03   0.681658502071E-07   0.000000000000E+00   0.241406250000E+03   0.719152847831E-06   0.000000000000E+00
  184.   0.457812500000E+03   0.340248584375E-07   0.000000000000E+00   0.242187500000E+03   0.360736540476E-06   0.000000000000E+00
  185.   0.457031250000E+03   0.679335834938E-07   0.000000000000E+00   0.242968750000E+03   0.723790806738E-06   0.000000000000E+00
  186.   0.456250000000E+03   0.339087250573E-07   0.000000000000E+00   0.243750000000E+03   0.363054279894E-06   0.000000000000E+00
  187.   0.455468750000E+03   0.677013166873E-07   0.000000000000E+00   0.244531250000E+03   0.728423056174E-06   0.000000000000E+00
  188.   0.454687500000E+03   0.337925916310E-07   0.000000000000E+00   0.245312500000E+03   0.365368790500E-06   0.000000000000E+00
  189.   0.453906250000E+03   0.674690497891E-07   0.000000000000E+00   0.246093750000E+03   0.733047922895E-06   0.000000000000E+00
  190.   0.453125000000E+03   0.336764581591E-07   0.000000000000E+00   0.246875000000E+03   0.367679146236E-06   0.000000000000E+00
  191.   0.452343750000E+03   0.672367828006E-07   0.000000000000E+00   0.247656250000E+03   0.737663347040E-06   0.000000000000E+00
  192.   0.451562500000E+03   0.335603246425E-07   0.000000000000E+00   0.248437500000E+03   0.369984212954E-06   0.000000000000E+00
  193.   0.450781250000E+03   0.670045157234E-07   0.000000000000E+00   0.249218750000E+03   0.742266819444E-06   0.000000000000E+00
  194.   0.450000000000E+03   0.334441910819E-07   0.000000000000E+00   0.250000000000E+03   0.372282615323E-06   0.000000000000E+00
  195.   0.449218750000E+03   0.667722485588E-07   0.000000000000E+00   0.250781250000E+03   0.746855310040E-06   0.000000000000E+00
  196.   0.448437500000E+03   0.333280574780E-07   0.000000000000E+00   0.251562500000E+03   0.374572698391E-06   0.000000000000E+00
  197.   0.447656250000E+03   0.665399813083E-07   0.000000000000E+00   0.252343750000E+03   0.751425182230E-06   0.000000000000E+00
  198.   0.446875000000E+03   0.332119238314E-07   0.000000000000E+00   0.253125000000E+03   0.376852480515E-06   0.000000000000E+00
  199.   0.446093750000E+03   0.663077139735E-07   0.000000000000E+00   0.253906250000E+03   0.755972084359E-06   0.000000000000E+00
  200.   0.445312500000E+03   0.330957901431E-07   0.000000000000E+00   0.254687500000E+03   0.379119592062E-06   0.000000000000E+00
  201.   0.444531250000E+03   0.660754465558E-07   0.000000000000E+00   0.255468750000E+03   0.760490803729E-06   0.000000000000E+00
  202.   0.443750000000E+03   0.329796564137E-07   0.000000000000E+00   0.256250000000E+03   0.381371190972E-06   0.000000000000E+00
  203.   0.442968750000E+03   0.658431790569E-07   0.000000000000E+00   0.257031250000E+03   0.764975060572E-06   0.000000000000E+00
  204.   0.442187500000E+03   0.328635226442E-07   0.000000000000E+00   0.257812500000E+03   0.383603841507E-06   0.000000000000E+00
  205.   0.441406250000E+03   0.656109114786E-07   0.000000000000E+00   0.258593750000E+03   0.769417207739E-06   0.000000000000E+00
  206.   0.440625000000E+03   0.327473888355E-07   0.000000000000E+00   0.259375000000E+03   0.385813335693E-06   0.000000000000E+00
  207.   0.439843750000E+03   0.653786438229E-07   0.000000000000E+00   0.260156250000E+03   0.773807785366E-06   0.000000000000E+00
  208.   0.439062500000E+03   0.326312549885E-07   0.000000000000E+00   0.260937500000E+03   0.387994427262E-06   0.000000000000E+00
  209.   0.438281250000E+03   0.651463760921E-07   0.000000000000E+00   0.261718750000E+03   0.778134856065E-06   0.000000000000E+00
  210.   0.437500000000E+03   0.325151211046E-07   0.000000000000E+00   0.262500000000E+03   0.390140433917E-06   0.000000000000E+00
  211.   0.436718750000E+03   0.649141082890E-07   0.000000000000E+00   0.263281250000E+03   0.782383012086E-06   0.000000000000E+00
  212.   0.435937500000E+03   0.323989871854E-07   0.000000000000E+00   0.264062500000E+03   0.392242643611E-06   0.000000000000E+00
  213.   0.435156250000E+03   0.646818404173E-07   0.000000000000E+00   0.264843750000E+03   0.786531896962E-06   0.000000000000E+00
  214.   0.434375000000E+03   0.322828532329E-07   0.000000000000E+00   0.265625000000E+03   0.394289431672E-06   0.000000000000E+00
  215.   0.433593750000E+03   0.644495724815E-07   0.000000000000E+00   0.266406250000E+03   0.790554014853E-06   0.000000000000E+00
  216.   0.432812500000E+03   0.321667192497E-07   0.000000000000E+00   0.267187500000E+03   0.396264954962E-06   0.000000000000E+00
  217.   0.432031250000E+03   0.642173044881E-07   0.000000000000E+00   0.267968750000E+03   0.794411506030E-06   0.000000000000E+00
  218.   0.431250000000E+03   0.320505852394E-07   0.000000000000E+00   0.268750000000E+03   0.398147234634E-06   0.000000000000E+00
  219.   0.430468750000E+03   0.639850364452E-07   0.000000000000E+00   0.269531250000E+03   0.798051446272E-06   0.000000000000E+00
  220.   0.429687500000E+03   0.319344512067E-07   0.000000000000E+00   0.270312500000E+03   0.399905372014E-06   0.000000000000E+00
  221.   0.428906250000E+03   0.637527683638E-07   0.000000000000E+00   0.271093750000E+03   0.801399095556E-06   0.000000000000E+00
  222.   0.428125000000E+03   0.318183171579E-07   0.000000000000E+00   0.271875000000E+03   0.401495575011E-06   0.000000000000E+00
  223.   0.427343750000E+03   0.635205002587E-07   0.000000000000E+00   0.272656250000E+03   0.804348426609E-06   0.000000000000E+00
  224.   0.426562500000E+03   0.317021831016E-07   0.000000000000E+00   0.273437500000E+03   0.402855642391E-06   0.000000000000E+00
  225.   0.425781250000E+03   0.632882321495E-07   0.000000000000E+00   0.274218750000E+03   0.806749325149E-06   0.000000000000E+00
  226.   0.425000000000E+03   0.315860490487E-07   0.000000000000E+00   0.275000000000E+03   0.403897642938E-06   0.000000000000E+00
  227.   0.424218750000E+03   0.630559640616E-07   0.000000000000E+00   0.275781250000E+03   0.808391300321E-06   0.000000000000E+00
  228.   0.423437500000E+03   0.314699150136E-07   0.000000000000E+00   0.276562500000E+03   0.404498886965E-06   0.000000000000E+00
  229.   0.422656250000E+03   0.628236960278E-07   0.000000000000E+00   0.277343750000E+03   0.808984726597E-06   0.000000000000E+00
  230.   0.421875000000E+03   0.313537810148E-07   0.000000000000E+00   0.278125000000E+03   0.404492127123E-06   0.000000000000E+00
  231.   0.421093750000E+03   0.625914280899E-07   0.000000000000E+00   0.278906250000E+03   0.808142904591E-06   0.000000000000E+00
  232.   0.420312500000E+03   0.312376470756E-07   0.000000000000E+00   0.279687500000E+03   0.403657389968E-06   0.000000000000E+00
  233.   0.419531250000E+03   0.623591603004E-07   0.000000000000E+00   0.280468750000E+03   0.805371491873E-06   0.000000000000E+00
  234.   0.418750000000E+03   0.311215132252E-07   0.000000000000E+00   0.281250000000E+03   0.401719681165E-06   0.000000000000E+00
  235.   0.417968750000E+03   0.621268927239E-07   0.000000000000E+00   0.282031250000E+03   0.800074819619E-06   0.000000000000E+00
  236.   0.417187500000E+03   0.310053794992E-07   0.000000000000E+00   0.282812500000E+03   0.398357906955E-06   0.000000000000E+00
  237.   0.416406250000E+03   0.618946254393E-07   0.000000000000E+00   0.283593750000E+03   0.791588253306E-06   0.000000000000E+00
  238.   0.415625000000E+03   0.308892459407E-07   0.000000000000E+00   0.284375000000E+03   0.393228721806E-06   0.000000000000E+00
  239.   0.414843750000E+03   0.616623585411E-07   0.000000000000E+00   0.285156250000E+03   0.779238708254E-06   0.000000000000E+00
  240.   0.414062500000E+03   0.307731126012E-07   0.000000000000E+00   0.285937500000E+03   0.386003355714E-06   0.000000000000E+00
  241.   0.413281250000E+03   0.614300921416E-07   0.000000000000E+00   0.286718750000E+03   0.762422284742E-06   0.000000000000E+00
  242.   0.412500000000E+03   0.306569795414E-07   0.000000000000E+00   0.287500000000E+03   0.376408028274E-06   0.000000000000E+00
  243.   0.411718750000E+03   0.611978263719E-07   0.000000000000E+00   0.288281250000E+03   0.740676859947E-06   0.000000000000E+00
  244.   0.410937500000E+03   0.305408468319E-07   0.000000000000E+00   0.289062500000E+03   0.364255375932E-06   0.000000000000E+00
  245.   0.410156250000E+03   0.609655613846E-07   0.000000000000E+00   0.289843750000E+03   0.713729284207E-06   0.000000000000E+00
  246.   0.409375000000E+03   0.304247145546E-07   0.000000000000E+00   0.290625000000E+03   0.349459747012E-06   0.000000000000E+00
  247.   0.408593750000E+03   0.607332973565E-07   0.000000000000E+00   0.291406250000E+03   0.681512948187E-06   0.000000000000E+00
  248.   0.407812500000E+03   0.303085828045E-07   0.000000000000E+00   0.292187500000E+03   0.332039657566E-06   0.000000000000E+00
  249.   0.407031250000E+03   0.605010344934E-07   0.000000000000E+00   0.292968750000E+03   0.644168959246E-06   0.000000000000E+00
  250.   0.406250000000E+03   0.301924516921E-07   0.000000000000E+00   0.293750000000E+03   0.312117078011E-06   0.000000000000E+00
  251.   0.405468750000E+03   0.602687730375E-07   0.000000000000E+00   0.294531250000E+03   0.602048058149E-06   0.000000000000E+00
  252.   0.404687500000E+03   0.300763213489E-07   0.000000000000E+00   0.295312500000E+03   0.289920475329E-06   0.000000000000E+00
  253.   0.403906250000E+03   0.600365132810E-07   0.000000000000E+00   0.296093750000E+03   0.555718988103E-06   0.000000000000E+00
  254.   0.403125000000E+03   0.299601919356E-07   0.000000000000E+00   0.296875000000E+03   0.265790158303E-06   0.000000000000E+00
  255.   0.402343750000E+03   0.598042555878E-07   0.000000000000E+00   0.297656250000E+03   0.505973558768E-06   0.000000000000E+00
  256.   0.401562500000E+03   0.298440636550E-07   0.000000000000E+00   0.298437500000E+03   0.240177756429E-06   0.000000000000E+00
  257.   0.400781250000E+03   0.595720004279E-07   0.000000000000E+00   0.299218750000E+03   0.453811270834E-06   0.000000000000E+00
  258.   0.400000000000E+03   0.297279367737E-07   0.000000000000E+00   0.300000000000E+03   0.213631120553E-06   0.000000000000E+00
  259.   0.399218750000E+03   0.593397484312E-07   0.000000000000E+00   0.300781250000E+03   0.400391258820E-06   0.000000000000E+00
  260.   0.398437500000E+03   0.296118116544E-07   0.000000000000E+00   0.301562500000E+03   0.186761279222E-06   0.000000000000E+00
  261.   0.397656250000E+03   0.591075004679E-07   0.000000000000E+00   0.302343750000E+03   0.346952608162E-06   0.000000000000E+00
  262.   0.396875000000E+03   0.294956888038E-07   0.000000000000E+00   0.303125000000E+03   0.160195897323E-06   0.000000000000E+00
  263.   0.396093750000E+03   0.588752577656E-07   0.000000000000E+00   0.303906250000E+03   0.294718095078E-06   0.000000000000E+00
  264.   0.395312500000E+03   0.293795689418E-07   0.000000000000E+00   0.304687500000E+03   0.134529752142E-06   0.000000000000E+00
  265.   0.394531250000E+03   0.586430220748E-07   0.000000000000E+00   0.305468750000E+03   0.244803762048E-06   0.000000000000E+00
  266.   0.393750000000E+03   0.292634530979E-07   0.000000000000E+00   0.306250000000E+03   0.110283985389E-06   0.000000000000E+00
  267.   0.392968750000E+03   0.584107958978E-07   0.000000000000E+00   0.307031250000E+03   0.198153745338E-06   0.000000000000E+00
  268.   0.392187500000E+03   0.291473427436E-07   0.000000000000E+00   0.307812500000E+03   0.878816714501E-07   0.000000000000E+00
  269.   0.391406250000E+03   0.581785827966E-07   0.000000000000E+00   0.308593750000E+03   0.155507892319E-06   0.000000000000E+00
  270.   0.390625000000E+03   0.290312399681E-07   0.000000000000E+00   0.309375000000E+03   0.676396721727E-07   0.000000000000E+00
  271.   0.389843750000E+03   0.579463877975E-07   0.000000000000E+00   0.310156250000E+03   0.117395060683E-06   0.000000000000E+00
  272.   0.389062500000E+03   0.289151477074E-07   0.000000000000E+00   0.310937500000E+03   0.497698101089E-07   0.000000000000E+00
  273.   0.388281250000E+03   0.577142179110E-07   0.000000000000E+00   0.311718750000E+03   0.841357670678E-07   0.000000000000E+00
  274.   0.387500000000E+03   0.287990700353E-07   0.000000000000E+00   0.312500000000E+03   0.343802339189E-07   0.000000000000E+00
  275.   0.386718750000E+03   0.574820827846E-07   0.000000000000E+00   0.313281250000E+03   0.558403171119E-07   0.000000000000E+00
  276.   0.385937500000E+03   0.286830125254E-07   0.000000000000E+00   0.314062500000E+03   0.214724543233E-07   0.000000000000E+00
  277.   0.385156250000E+03   0.572499955025E-07   0.000000000000E+00   0.314843750000E+03   0.324022489967E-07   0.000000000000E+00
  278.   0.384375000000E+03   0.285669826893E-07   0.000000000000E+00   0.315625000000E+03   0.109383272258E-07   0.000000000000E+00
  279.   0.383593750000E+03   0.570179735440E-07   0.000000000000E+00   0.316406250000E+03   0.135021048142E-07   0.000000000000E+00
  280.   0.382812500000E+03   0.284509904971E-07   0.000000000000E+00   0.317187500000E+03   0.256724364116E-08   0.000000000000E+00
  281.   0.382031250000E+03   0.567860399039E-07   0.000000000000E+00   0.317968750000E+03  -0.136048436124E-08   0.000000000000E+00
  282.   0.381250000000E+03   0.283350489778E-07   0.000000000000E+00   0.318750000000E+03  -0.392921262895E-08   0.000000000000E+00
  283.   0.380468750000E+03   0.565542243693E-07   0.000000000000E+00   0.319531250000E+03  -0.128023853158E-07   0.000000000000E+00
  284.   0.379687500000E+03   0.282191748964E-07   0.000000000000E+00   0.320312500000E+03  -0.887825578611E-08   0.000000000000E+00
  285.   0.378906250000E+03   0.563225649416E-07   0.000000000000E+00   0.321093750000E+03  -0.214759352883E-07   0.000000000000E+00
  286.   0.378125000000E+03   0.281033894984E-07   0.000000000000E+00   0.321875000000E+03  -0.126044904714E-07   0.000000000000E+00
  287.   0.377343750000E+03   0.560911093771E-07   0.000000000000E+00   0.322656250000E+03  -0.279959138958E-07   0.000000000000E+00
  288.   0.376562500000E+03   0.279877193070E-07   0.000000000000E+00   0.323437500000E+03  -0.153983311545E-07   0.000000000000E+00
  289.   0.375781250000E+03   0.558599168250E-07   0.000000000000E+00   0.324218750000E+03  -0.328920694538E-07   0.000000000000E+00
  290.   0.375000000000E+03   0.278721969626E-07   0.000000000000E+00   0.325000000000E+03  -0.174997325194E-07   0.000000000000E+00
  291.   0.374218750000E+03   0.556290595387E-07   0.000000000000E+00   0.325781250000E+03  -0.365905448212E-07   0.000000000000E+00
  292.   0.373437500000E+03   0.277568620939E-07   0.000000000000E+00   0.326562500000E+03  -0.190954933541E-07   0.000000000000E+00
  293.   0.372656250000E+03   0.553986246657E-07   0.000000000000E+00   0.327343750000E+03  -0.394170713827E-07   0.000000000000E+00
  294.   0.371875000000E+03   0.276417622345E-07   0.000000000000E+00   0.328125000000E+03  -0.203249567071E-07   0.000000000000E+00
  295.   0.371093750000E+03   0.551687161720E-07   0.000000000000E+00   0.328906250000E+03  -0.416117904678E-07   0.000000000000E+00
  296.   0.370312500000E+03   0.275269538272E-07   0.000000000000E+00   0.329687500000E+03  -0.212891203899E-07   0.000000000000E+00
  297.   0.369531250000E+03   0.549394570509E-07   0.000000000000E+00   0.330468750000E+03  -0.433475819134E-07   0.000000000000E+00
  298.   0.368750000000E+03   0.274125034232E-07   0.000000000000E+00   0.331250000000E+03  -0.220599207758E-07   0.000000000000E+00
  299.   0.367968750000E+03   0.547109921262E-07   0.000000000000E+00   0.332031250000E+03  -0.447472118445E-07   0.000000000000E+00
  300.   0.367187500000E+03   0.272984892780E-07   0.000000000000E+00   0.332812500000E+03  -0.226881665261E-07   0.000000000000E+00
  301.   0.366406250000E+03   0.544834920035E-07   0.000000000000E+00   0.333593750000E+03  -0.458973892958E-07   0.000000000000E+00
  302.   0.365625000000E+03   0.271850036965E-07   0.000000000000E+00   0.334375000000E+03  -0.232097090955E-07   0.000000000000E+00
  303.   0.364843750000E+03   0.542571590841E-07   0.000000000000E+00   0.335156250000E+03  -0.468594499924E-07   0.000000000000E+00
  304.   0.364062500000E+03   0.270721566880E-07   0.000000000000E+00   0.335937500000E+03  -0.236499812465E-07   0.000000000000E+00
  305.   0.363281250000E+03   0.540322370641E-07   0.000000000000E+00   0.336718750000E+03  -0.476771101157E-07   0.000000000000E+00
  306.   0.362500000000E+03   0.269600817929E-07   0.000000000000E+00   0.337500000000E+03  -0.240272226756E-07   0.000000000000E+00
  307.   0.361718750000E+03   0.538090260365E-07   0.000000000000E+00   0.338281250000E+03  -0.483819335534E-07   0.000000000000E+00
  308.   0.360937500000E+03   0.268489453385E-07   0.000000000000E+00   0.339062500000E+03  -0.243547241364E-07   0.000000000000E+00
  309.   0.360156250000E+03   0.535879062289E-07   0.000000000000E+00   0.339843750000E+03  -0.489971170896E-07   0.000000000000E+00
  310.   0.359375000000E+03   0.267389608982E-07   0.000000000000E+00   0.340625000000E+03  -0.246423676132E-07   0.000000000000E+00
  311.   0.358593750000E+03   0.533693745750E-07   0.000000000000E+00   0.341406250000E+03  -0.495400797604E-07   0.000000000000E+00
  312.   0.357812500000E+03   0.266304113824E-07   0.000000000000E+00   0.342187500000E+03  -0.248976735640E-07   0.000000000000E+00
  313.   0.357031250000E+03   0.531540997530E-07   0.000000000000E+00   0.342968750000E+03  -0.500242189800E-07   0.000000000000E+00
  314.   0.356250000000E+03   0.265236819672E-07   0.000000000000E+00   0.343750000000E+03  -0.251265078568E-07   0.000000000000E+00
  315.   0.355468750000E+03   0.529430030098E-07   0.000000000000E+00   0.344531250000E+03  -0.504600932951E-07   0.000000000000E+00
  316.   0.354687500000E+03   0.264193079810E-07   0.000000000000E+00   0.345312500000E+03  -0.253335559849E-07   0.000000000000E+00
  317.   0.353906250000E+03   0.527373739815E-07   0.000000000000E+00   0.346093750000E+03  -0.508562142410E-07   0.000000000000E+00
  318.   0.353125000000E+03   0.263180428472E-07   0.000000000000E+00   0.346875000000E+03  -0.255226395040E-07   0.000000000000E+00
  319.   0.352343750000E+03   0.525390326896E-07   0.000000000000E+00   0.347656250000E+03  -0.512195742408E-07   0.000000000000E+00
  320.   0.351562500000E+03   0.262209521724E-07   0.000000000000E+00   0.348437500000E+03  -0.256969266287E-07   0.000000000000E+00
  321.   0.350781250000E+03   0.523505507345E-07   0.000000000000E+00   0.349218750000E+03  -0.515559984526E-07   0.000000000000E+00
  322.   0.350000000000E+03   0.261295409274E-07   0.000000000000E+00   0.350000000000E+03  -0.258590728758E-07   0.000000000000E+00
  323.   0.349218750000E+03   0.521755461326E-07   0.000000000000E+00   0.350781250000E+03  -0.518703811799E-07   0.000000000000E+00
  324.   0.348437500000E+03   0.260459212269E-07   0.000000000000E+00   0.351562500000E+03  -0.260113164074E-07   0.000000000000E+00
  325.   0.347656250000E+03   0.520190668452E-07   0.000000000000E+00   0.352343750000E+03  -0.521668482924E-07   0.000000000000E+00
  326.   0.346875000000E+03   0.259730282593E-07   0.000000000000E+00   0.353125000000E+03  -0.261555448125E-07   0.000000000000E+00
  327.   0.346093750000E+03   0.518880774347E-07   0.000000000000E+00   0.353906250000E+03  -0.524488735557E-07   0.000000000000E+00
  328.   0.345312500000E+03   0.259148912420E-07   0.000000000000E+00   0.354687500000E+03  -0.262933444491E-07   0.000000000000E+00
  329.   0.344531250000E+03   0.517920611206E-07   0.000000000000E+00   0.355468750000E+03  -0.527193671576E-07   0.000000000000E+00
  330.   0.343750000000E+03   0.258769647773E-07   0.000000000000E+00   0.356250000000E+03  -0.264260394852E-07   0.000000000000E+00
  331.   0.342968750000E+03   0.517437458500E-07   0.000000000000E+00   0.357031250000E+03  -0.529807479322E-07   0.000000000000E+00
  332.   0.342187500000E+03   0.258665237939E-07   0.000000000000E+00   0.357812500000E+03  -0.265547249847E-07   0.000000000000E+00
  333.   0.341406250000E+03   0.517599585566E-07   0.000000000000E+00   0.358593750000E+03  -0.532350060763E-07   0.000000000000E+00
  334.   0.340625000000E+03   0.258931229774E-07   0.000000000000E+00   0.359375000000E+03  -0.266802964740E-07   0.000000000000E+00
  335.   0.339843750000E+03   0.518626084351E-07   0.000000000000E+00   0.360156250000E+03  -0.534837599836E-07   0.000000000000E+00
  336.   0.339062500000E+03   0.259691205014E-07   0.000000000000E+00   0.360937500000E+03  -0.268034771719E-07   0.000000000000E+00
  337.   0.338281250000E+03   0.520798012729E-07   0.000000000000E+00   0.361718750000E+03  -0.537283088138E-07   0.000000000000E+00
  338.   0.337500000000E+03   0.261102681675E-07   0.000000000000E+00   0.362500000000E+03  -0.269248433085E-07   0.000000000000E+00
  339.   0.336718750000E+03   0.524470979536E-07   0.000000000000E+00   0.363281250000E+03  -0.539696812317E-07   0.000000000000E+00
  340.   0.335937500000E+03   0.263363788638E-07   0.000000000000E+00   0.364062500000E+03  -0.270448475399E-07   0.000000000000E+00
  341.   0.335156250000E+03   0.530089582286E-07   0.000000000000E+00   0.364843750000E+03  -0.542086801698E-07   0.000000000000E+00
  342.   0.334375000000E+03   0.266721015059E-07   0.000000000000E+00   0.365625000000E+03  -0.271638402977E-07   0.000000000000E+00
  343.   0.333593750000E+03   0.538204637961E-07   0.000000000000E+00   0.366406250000E+03  -0.544459232654E-07   0.000000000000E+00
  344.   0.332812500000E+03   0.271478673999E-07   0.000000000000E+00   0.367187500000E+03  -0.272820888855E-07   0.000000000000E+00
  345.   0.332031250000E+03   0.549495008573E-07   0.000000000000E+00   0.367968750000E+03  -0.546818786650E-07   0.000000000000E+00
  346.   0.331250000000E+03   0.278011244600E-07   0.000000000000E+00   0.368750000000E+03  -0.273997941974E-07   0.000000000000E+00
  347.   0.330468750000E+03   0.564797083449E-07   0.000000000000E+00   0.369531250000E+03  -0.549168960440E-07   0.000000000000E+00
  348.   0.329687500000E+03   0.286780491508E-07   0.000000000000E+00   0.370312500000E+03  -0.275171050301E-07   0.000000000000E+00
  349.   0.328906250000E+03   0.585146723769E-07   0.000000000000E+00   0.371093750000E+03  -0.551512328833E-07   0.000000000000E+00
  350.   0.328125000000E+03   0.298360271529E-07   0.000000000000E+00   0.371875000000E+03  -0.276341300585E-07   0.000000000000E+00
  351.   0.327343750000E+03   0.611840742550E-07   0.000000000000E+00   0.372656250000E+03  -0.553850762327E-07   0.000000000000E+00
  352.   0.326562500000E+03   0.313473181827E-07   0.000000000000E+00   0.373437500000E+03  -0.277509476323E-07   0.000000000000E+00
  353.   0.325781250000E+03   0.646528177838E-07   0.000000000000E+00   0.374218750000E+03  -0.556185603334E-07   0.000000000000E+00
  354.   0.325000000000E+03   0.333045160276E-07   0.000000000000E+00   0.375000000000E+03  -0.278676136100E-07   0.000000000000E+00
  355.   0.324218750000E+03   0.691345565526E-07   0.000000000000E+00   0.375781250000E+03  -0.558517805709E-07   0.000000000000E+00
  356.   0.323437500000E+03   0.358286078752E-07   0.000000000000E+00   0.376562500000E+03  -0.279841674827E-07   0.000000000000E+00
  357.   0.322656250000E+03   0.749118149484E-07   0.000000000000E+00   0.377343750000E+03  -0.560848042750E-07   0.000000000000E+00
  358.   0.321875000000E+03   0.390810264433E-07   0.000000000000E+00   0.378125000000E+03  -0.281006370544E-07   0.000000000000E+00
  359.   0.321093750000E+03   0.823655677642E-07   0.000000000000E+00   0.378906250000E+03  -0.563176788912E-07   0.000000000000E+00
  360.   0.320312500000E+03   0.432811476288E-07   0.000000000000E+00   0.379687500000E+03  -0.282170419352E-07   0.000000000000E+00
  361.   0.319531250000E+03   0.920203073179E-07   0.000000000000E+00   0.380468750000E+03  -0.565504380196E-07   0.000000000000E+00
  362.   0.318750000000E+03   0.487338024477E-07   0.000000000000E+00   0.381250000000E+03  -0.283333960884E-07   0.000000000000E+00
  363.   0.317968750000E+03   0.104609731440E-06   0.000000000000E+00   0.382031250000E+03  -0.567831057726E-07   0.000000000000E+00
  364.   0.317187500000E+03   0.558673683100E-07   0.000000000000E+00   0.382812500000E+03  -0.284497096413E-07   0.000000000000E+00
  365.   0.316406250000E+03   0.121188695378E-06   0.000000000000E+00   0.383593750000E+03  -0.570156998407E-07   0.000000000000E+00
  366.   0.315625000000E+03   0.653073620939E-07   0.000000000000E+00   0.384375000000E+03  -0.285659901403E-07   0.000000000000E+00
  367.   0.314843750000E+03   0.143283744133E-06   0.000000000000E+00   0.385156250000E+03  -0.572482335942E-07   0.000000000000E+00
  368.   0.314062500000E+03   0.779519111908E-07   0.000000000000E+00   0.385937500000E+03  -0.286822433969E-07   0.000000000000E+00
  369.   0.313281250000E+03   0.173252645098E-06   0.000000000000E+00   0.386718750000E+03  -0.574807174845E-07   0.000000000000E+00
  370.   0.312500000000E+03   0.952632637221E-07   0.000000000000E+00   0.387500000000E+03  -0.287984740421E-07   0.000000000000E+00
  371.   0.311718750000E+03   0.214585964526E-06   0.000000000000E+00   0.388281250000E+03  -0.577131599526E-07   0.000000000000E+00
  372.   0.310937500000E+03   0.119210386056E-06   0.000000000000E+00   0.389062500000E+03  -0.289146858799E-07   0.000000000000E+00
  373.   0.310156250000E+03   0.273667029100E-06   0.000000000000E+00   0.389843750000E+03  -0.579455680025E-07   0.000000000000E+00
  374.   0.309375000000E+03   0.154460178769E-06   0.000000000000E+00   0.390625000000E+03  -0.290308821068E-07   0.000000000000E+00
  375.   0.308593750000E+03   0.359462831611E-06   0.000000000000E+00   0.391406250000E+03  -0.581779475555E-07   0.000000000000E+00
  376.   0.307812500000E+03   0.203685332546E-06   0.000000000000E+00   0.392187500000E+03  -0.291470654455E-07   0.000000000000E+00
  377.   0.307031250000E+03   0.496887365453E-06   0.000000000000E+00   0.392968750000E+03  -0.584103036665E-07   0.000000000000E+00
  378.   0.306250000000E+03   0.297101519765E-06   0.000000000000E+00   0.393750000000E+03  -0.292632382275E-07   0.000000000000E+00
  379.   0.305468750000E+03   0.712106925232E-06   0.000000000000E+00   0.394531250000E+03  -0.586426406598E-07   0.000000000000E+00
  380.   0.304687500000E+03   0.389184392518E-06   0.000000000000E+00   0.395312500000E+03  -0.293794024454E-07   0.000000000000E+00
  381.   0.303906250000E+03   0.117261471124E-05   0.000000000000E+00   0.396093750000E+03  -0.588749622199E-07   0.000000000000E+00
  382.   0.303125000000E+03   0.920156618291E-06   0.000000000000E+00   0.396875000000E+03  -0.294955597914E-07   0.000000000000E+00
  383.   0.302343750000E+03   0.195833721401E-05   0.000000000000E+00   0.397656250000E+03  -0.591072714601E-07   0.000000000000E+00
  384.   0.301562500000E+03   0.242795962417E-05   0.000000000000E+00   0.398437500000E+03  -0.296117116871E-07   0.000000000000E+00
  385.   0.300781250000E+03   0.112897277559E-04   0.000000000000E+00   0.399218750000E+03  -0.593395709815E-07   0.000000000000E+00
  386.   0.300000000000E+03  -0.887449057886E-05   0.000000000000E+00   0.400000000000E+03  -0.297278593125E-07   0.000000000000E+00
  387.   0.299218750000E+03  -0.615426216974E-05   0.000000000000E+00   0.400781250000E+03  -0.595718629287E-07   0.000000000000E+00
  388.   0.298437500000E+03  -0.144915205975E-05   0.000000000000E+00   0.401562500000E+03  -0.298440036329E-07   0.000000000000E+00
  389.   0.297656250000E+03  -0.270375242113E-05   0.000000000000E+00   0.402343750000E+03  -0.598041490446E-07   0.000000000000E+00
  390.   0.296875000000E+03  -0.985636907401E-06   0.000000000000E+00   0.403125000000E+03  -0.299601454263E-07   0.000000000000E+00
  391.   0.296093750000E+03  -0.183456248444E-05   0.000000000000E+00   0.403906250000E+03  -0.600364307241E-07   0.000000000000E+00
  392.   0.295312500000E+03  -0.791948445770E-06   0.000000000000E+00   0.404687500000E+03  -0.300762853100E-07   0.000000000000E+00
  393.   0.294531250000E+03  -0.146432011040E-05   0.000000000000E+00   0.405468750000E+03  -0.602687090663E-07   0.000000000000E+00
  394.   0.293750000000E+03  -0.669925063003E-06   0.000000000000E+00   0.406250000000E+03  -0.301924237661E-07   0.000000000000E+00
  395.   0.292968750000E+03  -0.126865479421E-05   0.000000000000E+00   0.407031250000E+03  -0.605009849233E-07   0.000000000000E+00
  396.   0.292187500000E+03  -0.597083229065E-06   0.000000000000E+00   0.407812500000E+03  -0.303085611647E-07   0.000000000000E+00
  397.   0.291406250000E+03  -0.114680611260E-05   0.000000000000E+00   0.408593750000E+03  -0.607332589450E-07   0.000000000000E+00
  398.   0.290625000000E+03  -0.549444903919E-06   0.000000000000E+00   0.409375000000E+03  -0.304246977857E-07   0.000000000000E+00
  399.   0.289843750000E+03  -0.106588378737E-05   0.000000000000E+00   0.410156250000E+03  -0.609655316191E-07   0.000000000000E+00
  400.   0.289062500000E+03  -0.516301522161E-06   0.000000000000E+00   0.410937500000E+03  -0.305408338371E-07   0.000000000000E+00
  401.   0.288281250000E+03  -0.100879153446E-05   0.000000000000E+00   0.411718750000E+03  -0.611978033056E-07   0.000000000000E+00
  402.   0.287500000000E+03  -0.492419832591E-06   0.000000000000E+00   0.412500000000E+03  -0.306569694708E-07   0.000000000000E+00
  403.   0.286718750000E+03  -0.966976332185E-06   0.000000000000E+00   0.413281250000E+03  -0.614300742659E-07   0.000000000000E+00
  404.   0.285937500000E+03  -0.474523990244E-06   0.000000000000E+00   0.414062500000E+03  -0.307731047963E-07   0.000000000000E+00
  405.   0.285156250000E+03  -0.935289085349E-06   0.000000000000E+00   0.414843750000E+03  -0.616623446873E-07   0.000000000000E+00
  406.   0.284375000000E+03  -0.460744392035E-06   0.000000000000E+00   0.415625000000E+03  -0.308892398914E-07   0.000000000000E+00
  407.   0.283593750000E+03  -0.910596955325E-06   0.000000000000E+00   0.416406250000E+03  -0.618946147016E-07   0.000000000000E+00
  408.   0.282812500000E+03  -0.449841108348E-06   0.000000000000E+00   0.417187500000E+03  -0.310053748101E-07   0.000000000000E+00
  409.   0.282031250000E+03  -0.890857175913E-06   0.000000000000E+00   0.417968750000E+03  -0.621268844007E-07   0.000000000000E+00
  410.   0.281250000000E+03  -0.441008708061E-06   0.000000000000E+00   0.418750000000E+03  -0.311215095900E-07   0.000000000000E+00
  411.   0.280468750000E+03  -0.874706364169E-06   0.000000000000E+00   0.419531250000E+03  -0.623591538480E-07   0.000000000000E+00
  412.   0.279687500000E+03  -0.433693147941E-06   0.000000000000E+00   0.420312500000E+03  -0.312376442571E-07   0.000000000000E+00
  413.   0.278906250000E+03  -0.861205799696E-06   0.000000000000E+00   0.421093750000E+03  -0.625914230870E-07   0.000000000000E+00
  414.   0.278125000000E+03  -0.427509750649E-06   0.000000000000E+00   0.421875000000E+03  -0.313537788289E-07   0.000000000000E+00
  415.   0.277343750000E+03  -0.849695952663E-06   0.000000000000E+00   0.422656250000E+03  -0.628236921480E-07   0.000000000000E+00
  416.   0.276562500000E+03  -0.422184342644E-06   0.000000000000E+00   0.423437500000E+03  -0.314699133180E-07   0.000000000000E+00
  417.   0.275781250000E+03  -0.839703908581E-06   0.000000000000E+00   0.424218750000E+03  -0.630559610520E-07   0.000000000000E+00
  418.   0.275000000000E+03  -0.417518330595E-06   0.000000000000E+00   0.425000000000E+03  -0.315860477329E-07   0.000000000000E+00
  419.   0.274218750000E+03  -0.830884140687E-06   0.000000000000E+00   0.425781250000E+03  -0.632882298142E-07   0.000000000000E+00
  420.   0.273437500000E+03  -0.413364949855E-06   0.000000000000E+00   0.426562500000E+03  -0.317021820801E-07   0.000000000000E+00
  421.   0.272656250000E+03  -0.822979263961E-06   0.000000000000E+00   0.427343750000E+03  -0.635204984458E-07   0.000000000000E+00
  422.   0.271875000000E+03  -0.409613662970E-06   0.000000000000E+00   0.428125000000E+03  -0.318183163646E-07   0.000000000000E+00
  423.   0.271093750000E+03  -0.815793779264E-06   0.000000000000E+00   0.428906250000E+03  -0.637527669557E-07   0.000000000000E+00
  424.   0.270312500000E+03  -0.406179573780E-06   0.000000000000E+00   0.429687500000E+03  -0.319344505900E-07   0.000000000000E+00
  425.   0.269531250000E+03  -0.809176368069E-06   0.000000000000E+00   0.430468750000E+03  -0.639850353507E-07   0.000000000000E+00
  426.   0.268750000000E+03  -0.402996303097E-06   0.000000000000E+00   0.431250000000E+03  -0.320505847596E-07   0.000000000000E+00
  427.   0.267968750000E+03  -0.803007941344E-06   0.000000000000E+00   0.432031250000E+03  -0.642173036367E-07   0.000000000000E+00
  428.   0.267187500000E+03  -0.400011171757E-06   0.000000000000E+00   0.432812500000E+03  -0.321667188761E-07   0.000000000000E+00
  429.   0.266406250000E+03  -0.797193561045E-06   0.000000000000E+00   0.433593750000E+03  -0.644495718186E-07   0.000000000000E+00
  430.   0.265625000000E+03  -0.397181940500E-06   0.000000000000E+00   0.434375000000E+03  -0.322828529415E-07   0.000000000000E+00
  431.   0.264843750000E+03  -0.791656939346E-06   0.000000000000E+00   0.435156250000E+03  -0.646818399003E-07   0.000000000000E+00
  432.   0.264062500000E+03  -0.394474571961E-06   0.000000000000E+00   0.435937500000E+03  -0.323989869578E-07   0.000000000000E+00
  433.   0.263281250000E+03  -0.786336615924E-06   0.000000000000E+00   0.436718750000E+03  -0.649141078852E-07   0.000000000000E+00
  434.   0.262500000000E+03  -0.391861647856E-06   0.000000000000E+00   0.437500000000E+03  -0.325151209264E-07   0.000000000000E+00
  435.   0.261718750000E+03  -0.781183197852E-06   0.000000000000E+00   0.438281250000E+03  -0.651463757760E-07   0.000000000000E+00
  436.   0.260937500000E+03  -0.389321193723E-06   0.000000000000E+00   0.439062500000E+03  -0.326312548486E-07   0.000000000000E+00
  437.   0.260156250000E+03  -0.776157257184E-06   0.000000000000E+00   0.439843750000E+03  -0.653786435748E-07   0.000000000000E+00
  438.   0.259375000000E+03  -0.386835753612E-06   0.000000000000E+00   0.440625000000E+03  -0.327473887253E-07   0.000000000000E+00
  439.   0.258593750000E+03  -0.771227635563E-06   0.000000000000E+00   0.441406250000E+03  -0.656109112832E-07   0.000000000000E+00
  440.   0.257812500000E+03  -0.384391621546E-06   0.000000000000E+00   0.442187500000E+03  -0.328635225570E-07   0.000000000000E+00
  441.   0.257031250000E+03  -0.766370013147E-06   0.000000000000E+00   0.442968750000E+03  -0.658431789024E-07   0.000000000000E+00
  442.   0.256250000000E+03  -0.381978180098E-06   0.000000000000E+00   0.443750000000E+03  -0.329796563444E-07   0.000000000000E+00
  443.   0.255468750000E+03  -0.761565669145E-06   0.000000000000E+00   0.444531250000E+03  -0.660754464330E-07   0.000000000000E+00
  444.   0.254687500000E+03  -0.379587323016E-06   0.000000000000E+00   0.445312500000E+03  -0.330957900876E-07   0.000000000000E+00
  445.   0.253906250000E+03  -0.756800401782E-06   0.000000000000E+00   0.446093750000E+03  -0.663077138753E-07   0.000000000000E+00
  446.   0.253125000000E+03  -0.377212952838E-06   0.000000000000E+00   0.446875000000E+03  -0.332119237867E-07   0.000000000000E+00
  447.   0.252343750000E+03  -0.752063595080E-06   0.000000000000E+00   0.447656250000E+03  -0.665399812293E-07   0.000000000000E+00
  448.   0.251562500000E+03  -0.374850550067E-06   0.000000000000E+00   0.448437500000E+03  -0.333280574416E-07   0.000000000000E+00
  449.   0.250781250000E+03  -0.747347426316E-06   0.000000000000E+00   0.449218750000E+03  -0.667722484946E-07   0.000000000000E+00
  450.   0.250000000000E+03  -0.372496811298E-06   0.000000000000E+00   0.450000000000E+03  -0.334441910521E-07   0.000000000000E+00
  451.   0.249218750000E+03  -0.742646207535E-06   0.000000000000E+00   0.450781250000E+03  -0.670045156708E-07   0.000000000000E+00
  452.   0.248437500000E+03  -0.370149352373E-06   0.000000000000E+00   0.451562500000E+03  -0.335603246178E-07   0.000000000000E+00
  453.   0.247656250000E+03  -0.737955851318E-06   0.000000000000E+00   0.452343750000E+03  -0.672367827571E-07   0.000000000000E+00
  454.   0.246875000000E+03  -0.367806470775E-06   0.000000000000E+00   0.453125000000E+03  -0.336764581383E-07   0.000000000000E+00
  455.   0.246093750000E+03  -0.733273447794E-06   0.000000000000E+00   0.453906250000E+03  -0.674690497525E-07   0.000000000000E+00
  456.   0.245312500000E+03  -0.365466960054E-06   0.000000000000E+00   0.454687500000E+03  -0.337925916133E-07   0.000000000000E+00
  457.   0.244531250000E+03  -0.728596937727E-06   0.000000000000E+00   0.455468750000E+03  -0.677013166562E-07   0.000000000000E+00
  458.   0.243750000000E+03  -0.363129968350E-06   0.000000000000E+00   0.456250000000E+03  -0.339087250420E-07   0.000000000000E+00
  459.   0.242968750000E+03  -0.723924865804E-06   0.000000000000E+00   0.457031250000E+03  -0.679335834670E-07   0.000000000000E+00
  460.   0.242187500000E+03  -0.360794893065E-06   0.000000000000E+00   0.457812500000E+03  -0.340248584240E-07   0.000000000000E+00
  461.   0.241406250000E+03  -0.719256198741E-06   0.000000000000E+00   0.458593750000E+03  -0.681658501837E-07   0.000000000000E+00
  462.   0.240625000000E+03  -0.358461304252E-06   0.000000000000E+00   0.459375000000E+03  -0.341409917587E-07   0.000000000000E+00
  463.   0.239843750000E+03  -0.714590194256E-06   0.000000000000E+00   0.460156250000E+03  -0.683981168051E-07   0.000000000000E+00
  464.   0.239062500000E+03  -0.356128890182E-06   0.000000000000E+00   0.460937500000E+03  -0.342571250454E-07   0.000000000000E+00
  465.   0.238281250000E+03  -0.709926308839E-06   0.000000000000E+00   0.461718750000E+03  -0.686303833299E-07   0.000000000000E+00
  466.   0.237500000000E+03  -0.353797419541E-06   0.000000000000E+00   0.462500000000E+03  -0.343732582835E-07   0.000000000000E+00
  467.   0.236718750000E+03  -0.705264134294E-06   0.000000000000E+00   0.463281250000E+03  -0.688626497568E-07   0.000000000000E+00
  468.   0.235937500000E+03  -0.351466715795E-06   0.000000000000E+00   0.464062500000E+03  -0.344893914723E-07   0.000000000000E+00
  469.   0.235156250000E+03  -0.700603355067E-06   0.000000000000E+00   0.464843750000E+03  -0.690949160846E-07   0.000000000000E+00
  470.   0.234375000000E+03  -0.349136640173E-06   0.000000000000E+00   0.465625000000E+03  -0.346055246113E-07   0.000000000000E+00
  471.   0.233593750000E+03  -0.695943720159E-06   0.000000000000E+00   0.466406250000E+03  -0.693271823121E-07   0.000000000000E+00
  472.   0.232812500000E+03  -0.346807080612E-06   0.000000000000E+00   0.467187500000E+03  -0.347216576998E-07   0.000000000000E+00
  473.   0.232031250000E+03  -0.691285024971E-06   0.000000000000E+00   0.467968750000E+03  -0.695594484383E-07   0.000000000000E+00
  474.   0.231250000000E+03  -0.344477944681E-06   0.000000000000E+00   0.468750000000E+03  -0.348377907376E-07   0.000000000000E+00
  475.   0.230468750000E+03  -0.686627099718E-06   0.000000000000E+00   0.469531250000E+03  -0.697917144626E-07   0.000000000000E+00
  476.   0.229687500000E+03  -0.342149155084E-06   0.000000000000E+00   0.470312500000E+03  -0.349539237241E-07   0.000000000000E+00
  477.   0.228906250000E+03  -0.681969802009E-06   0.000000000000E+00   0.471093750000E+03  -0.700239803846E-07   0.000000000000E+00
  478.   0.228125000000E+03  -0.339820646754E-06   0.000000000000E+00   0.471875000000E+03  -0.350700566595E-07   0.000000000000E+00
  479.   0.227343750000E+03  -0.677313011986E-06   0.000000000000E+00   0.472656250000E+03  -0.702562462042E-07   0.000000000000E+00
  480.   0.226562500000E+03  -0.337492364909E-06   0.000000000000E+00   0.473437500000E+03  -0.351861895437E-07   0.000000000000E+00
  481.   0.225781250000E+03  -0.672656628956E-06   0.000000000000E+00   0.474218750000E+03  -0.704885119222E-07   0.000000000000E+00
  482.   0.225000000000E+03  -0.335164263635E-06   0.000000000000E+00   0.475000000000E+03  -0.353023223775E-07   0.000000000000E+00
  483.   0.224218750000E+03  -0.668000568850E-06   0.000000000000E+00   0.475781250000E+03  -0.707207775399E-07   0.000000000000E+00
  484.   0.223437500000E+03  -0.332836304765E-06   0.000000000000E+00   0.476562500000E+03  -0.354184551615E-07   0.000000000000E+00
  485.   0.222656250000E+03  -0.663344762127E-06   0.000000000000E+00   0.477343750000E+03  -0.709530430596E-07   0.000000000000E+00
  486.   0.221875000000E+03  -0.330508456914E-06   0.000000000000E+00   0.478125000000E+03  -0.355345878971E-07   0.000000000000E+00
  487.   0.221093750000E+03  -0.658689151920E-06   0.000000000000E+00   0.478906250000E+03  -0.711853084840E-07   0.000000000000E+00
  488.   0.220312500000E+03  -0.328180694589E-06   0.000000000000E+00   0.479687500000E+03  -0.356507205859E-07   0.000000000000E+00
  489.   0.219531250000E+03  -0.654033692320E-06   0.000000000000E+00   0.480468750000E+03  -0.714175738168E-07   0.000000000000E+00
  490.   0.218750000000E+03  -0.325852997361E-06   0.000000000000E+00   0.481250000000E+03  -0.357668532299E-07   0.000000000000E+00
  491.   0.217968750000E+03  -0.649378346770E-06   0.000000000000E+00   0.482031250000E+03  -0.716498390617E-07   0.000000000000E+00
  492.   0.217187500000E+03  -0.323525349094E-06   0.000000000000E+00   0.482812500000E+03  -0.358829858309E-07   0.000000000000E+00
  493.   0.216406250000E+03  -0.644723086578E-06   0.000000000000E+00   0.483593750000E+03  -0.718821042225E-07   0.000000000000E+00
  494.   0.215625000000E+03  -0.321197737225E-06   0.000000000000E+00   0.484375000000E+03  -0.359991183908E-07   0.000000000000E+00
  495.   0.214843750000E+03  -0.640067889551E-06   0.000000000000E+00   0.485156250000E+03  -0.721143693018E-07   0.000000000000E+00
  496.   0.214062500000E+03  -0.318870152120E-06   0.000000000000E+00   0.485937500000E+03  -0.361152509104E-07   0.000000000000E+00
  497.   0.213281250000E+03  -0.635412738776E-06   0.000000000000E+00   0.486718750000E+03  -0.723466342997E-07   0.000000000000E+00
  498.   0.212500000000E+03  -0.316542586498E-06   0.000000000000E+00   0.487500000000E+03  -0.362313833889E-07   0.000000000000E+00
  499.   0.211718750000E+03  -0.630757621548E-06   0.000000000000E+00   0.488281250000E+03  -0.725788992123E-07   0.000000000000E+00
  500.   0.210937500000E+03  -0.314215034933E-06   0.000000000000E+00   0.489062500000E+03  -0.363475158232E-07   0.000000000000E+00
  501.   0.210156250000E+03  -0.626102528452E-06   0.000000000000E+00   0.489843750000E+03  -0.728111640292E-07   0.000000000000E+00
  502.   0.209375000000E+03  -0.311887493436E-06   0.000000000000E+00   0.490625000000E+03  -0.364636482061E-07   0.000000000000E+00
  503.   0.208593750000E+03  -0.621447452598E-06   0.000000000000E+00   0.491406250000E+03  -0.730434287306E-07   0.000000000000E+00
  504.   0.207812500000E+03  -0.309559959105E-06   0.000000000000E+00   0.492187500000E+03  -0.365797805250E-07   0.000000000000E+00
  505.   0.207031250000E+03  -0.616792388987E-06   0.000000000000E+00   0.492968750000E+03  -0.732756932842E-07   0.000000000000E+00
  506.   0.206250000000E+03  -0.307232429845E-06   0.000000000000E+00   0.493750000000E+03  -0.366959127601E-07   0.000000000000E+00
  507.   0.205468750000E+03  -0.612137334010E-06   0.000000000000E+00   0.494531250000E+03  -0.735079576413E-07   0.000000000000E+00
  508.   0.204687500000E+03  -0.304904904143E-06   0.000000000000E+00   0.495312500000E+03  -0.368120448826E-07   0.000000000000E+00
  509.   0.203906250000E+03  -0.607482285050E-06   0.000000000000E+00   0.496093750000E+03  -0.737402217343E-07   0.000000000000E+00
  510.   0.203125000000E+03  -0.302577380896E-06   0.000000000000E+00   0.496875000000E+03  -0.369281768534E-07   0.000000000000E+00
  511.   0.202343750000E+03  -0.602827240184E-06   0.000000000000E+00   0.497656250000E+03  -0.739724854734E-07   0.000000000000E+00
  512.   0.201562500000E+03  -0.300249859284E-06   0.000000000000E+00   0.498437500000E+03  -0.370443086218E-07   0.000000000000E+00
  513.   0.200781250000E+03  -0.598172197960E-06   0.000000000000E+00   0.499218750000E+03  -0.742047487462E-07   0.000000000000E+00
  514.   0.200000000000E+03  -0.297922338676E-06   0.000000000000E+00   0.500000000000E+03  -0.371604401259E-07   0.000000000000E+00
  515.   0.199218750000E+03  -0.593517157244E-06   0.000000000000E+00   0.500781250000E+03  -0.744370114200E-07   0.000000000000E+00
  516.   0.198437500000E+03  -0.295594818568E-06   0.000000000000E+00   0.501562500000E+03  -0.372765712949E-07   0.000000000000E+00
  517.   0.197656250000E+03  -0.588862117118E-06   0.000000000000E+00   0.502343750000E+03  -0.746692733488E-07   0.000000000000E+00
  518.   0.196875000000E+03  -0.293267298549E-06   0.000000000000E+00   0.503125000000E+03  -0.373927020533E-07   0.000000000000E+00
  519.   0.196093750000E+03  -0.584207076842E-06   0.000000000000E+00   0.503906250000E+03  -0.749015343868E-07   0.000000000000E+00
  520.   0.195312500000E+03  -0.290939778287E-06   0.000000000000E+00   0.504687500000E+03  -0.375088323304E-07   0.000000000000E+00
  521.   0.194531250000E+03  -0.579552035843E-06   0.000000000000E+00   0.505468750000E+03  -0.751337944108E-07   0.000000000000E+00
  522.   0.193750000000E+03  -0.288612257541E-06   0.000000000000E+00   0.506250000000E+03  -0.376249620736E-07   0.000000000000E+00
  523.   0.192968750000E+03  -0.574896993759E-06   0.000000000000E+00   0.507031250000E+03  -0.753660533546E-07   0.000000000000E+00
  524.   0.192187500000E+03  -0.286284736191E-06   0.000000000000E+00   0.507812500000E+03  -0.377410912689E-07   0.000000000000E+00
  525.   0.191406250000E+03  -0.570241950523E-06   0.000000000000E+00   0.508593750000E+03  -0.755983112562E-07   0.000000000000E+00
  526.   0.190625000000E+03  -0.283957214289E-06   0.000000000000E+00   0.509375000000E+03  -0.378572199681E-07   0.000000000000E+00
  527.   0.189843750000E+03  -0.565586906478E-06   0.000000000000E+00   0.510156250000E+03  -0.758305683208E-07   0.000000000000E+00
  528.   0.189062500000E+03  -0.281629692126E-06   0.000000000000E+00   0.510937500000E+03  -0.379733483247E-07   0.000000000000E+00
  529.   0.188281250000E+03  -0.560931862538E-06   0.000000000000E+00   0.511718750000E+03  -0.760628249997E-07   0.000000000000E+00
  530.   0.187500000000E+03  -0.279302170324E-06   0.000000000000E+00   0.512500000000E+03  -0.380894766365E-07   0.000000000000E+00
  531.   0.186718750000E+03  -0.556276820363E-06   0.000000000000E+00   0.513281250000E+03  -0.762950820823E-07   0.000000000000E+00
  532.   0.185937500000E+03  -0.276974649926E-06   0.000000000000E+00   0.514062500000E+03  -0.382056053957E-07   0.000000000000E+00
  533.   0.185156250000E+03  -0.551621782562E-06   0.000000000000E+00   0.514843750000E+03  -0.765273407977E-07   0.000000000000E+00
  534.   0.184375000000E+03  -0.274647132497E-06   0.000000000000E+00   0.515625000000E+03  -0.383217353402E-07   0.000000000000E+00
  535.   0.183593750000E+03  -0.546966752870E-06   0.000000000000E+00   0.516406250000E+03  -0.767596029143E-07   0.000000000000E+00
  536.   0.182812500000E+03  -0.272319620213E-06   0.000000000000E+00   0.517187500000E+03  -0.384378675023E-07   0.000000000000E+00
  537.   0.182031250000E+03  -0.542311736292E-06   0.000000000000E+00   0.517968750000E+03  -0.769918708226E-07   0.000000000000E+00
  538.   0.181250000000E+03  -0.269992115907E-06   0.000000000000E+00   0.518750000000E+03  -0.385540032429E-07   0.000000000000E+00
  539.   0.180468750000E+03  -0.537656739133E-06   0.000000000000E+00   0.519531250000E+03  -0.772241475757E-07   0.000000000000E+00
  540.   0.179687500000E+03  -0.267664623060E-06   0.000000000000E+00   0.520312500000E+03  -0.386701442579E-07   0.000000000000E+00
  541.   0.178906250000E+03  -0.533001768875E-06   0.000000000000E+00   0.521093750000E+03  -0.774564368540E-07   0.000000000000E+00
  542.   0.178125000000E+03  -0.265337145683E-06   0.000000000000E+00   0.521875000000E+03  -0.387862925369E-07   0.000000000000E+00
  543.   0.177343750000E+03  -0.528346833784E-06   0.000000000000E+00   0.522656250000E+03  -0.776887428102E-07   0.000000000000E+00
  544.   0.176562500000E+03  -0.263009688044E-06   0.000000000000E+00   0.523437500000E+03  -0.389024502492E-07   0.000000000000E+00
  545.   0.175781250000E+03  -0.523691942160E-06   0.000000000000E+00   0.524218750000E+03  -0.779210697378E-07   0.000000000000E+00
  546.   0.175000000000E+03  -0.260682254189E-06   0.000000000000E+00   0.525000000000E+03  -0.390186195264E-07   0.000000000000E+00
  547.   0.174218750000E+03  -0.519037101098E-06   0.000000000000E+00   0.525781250000E+03  -0.781534214985E-07   0.000000000000E+00
  548.   0.173437500000E+03  -0.258354847186E-06   0.000000000000E+00   0.526562500000E+03  -0.391348021069E-07   0.000000000000E+00
  549.   0.172656250000E+03  -0.514382314650E-06   0.000000000000E+00   0.527343750000E+03  -0.783858006397E-07   0.000000000000E+00
  550.   0.171875000000E+03  -0.256027468032E-06   0.000000000000E+00   0.528125000000E+03  -0.392509988075E-07   0.000000000000E+00
  551.   0.171093750000E+03  -0.509727581247E-06   0.000000000000E+00   0.528906250000E+03  -0.786182071301E-07   0.000000000000E+00
  552.   0.170312500000E+03  -0.253700114176E-06   0.000000000000E+00   0.529687500000E+03  -0.393672087871E-07   0.000000000000E+00
  553.   0.169531250000E+03  -0.505072890342E-06   0.000000000000E+00   0.530468750000E+03  -0.788506366613E-07   0.000000000000E+00
  554.   0.168750000000E+03  -0.251372777627E-06   0.000000000000E+00   0.531250000000E+03  -0.394834285819E-07   0.000000000000E+00
  555.   0.167968750000E+03  -0.500418218233E-06   0.000000000000E+00   0.532031250000E+03  -0.790830784876E-07   0.000000000000E+00
  556.   0.167187500000E+03  -0.249045442668E-06   0.000000000000E+00   0.532812500000E+03  -0.395996509076E-07   0.000000000000E+00
  557.   0.166406250000E+03  -0.495763523198E-06   0.000000000000E+00   0.533593750000E+03  -0.793155128361E-07   0.000000000000E+00
  558.   0.165625000000E+03  -0.246718083269E-06   0.000000000000E+00   0.534375000000E+03  -0.397158632638E-07   0.000000000000E+00
  559.   0.164843750000E+03  -0.491108740222E-06   0.000000000000E+00   0.535156250000E+03  -0.795479080036E-07   0.000000000000E+00
  560.   0.164062500000E+03  -0.244390660392E-06   0.000000000000E+00   0.535937500000E+03  -0.398320464220E-07   0.000000000000E+00
  561.   0.163281250000E+03  -0.486453775843E-06   0.000000000000E+00   0.536718750000E+03  -0.797802173817E-07   0.000000000000E+00
  562.   0.162500000000E+03  -0.242063119521E-06   0.000000000000E+00   0.537500000000E+03  -0.399481729574E-07   0.000000000000E+00
  563.   0.161718750000E+03  -0.481798503966E-06   0.000000000000E+00   0.538281250000E+03  -0.800123768251E-07   0.000000000000E+00
  564.   0.160937500000E+03  -0.239735388939E-06   0.000000000000E+00   0.539062500000E+03  -0.400642060798E-07   0.000000000000E+00
  565.   0.160156250000E+03  -0.477142763903E-06   0.000000000000E+00   0.539843750000E+03  -0.802443029961E-07   0.000000000000E+00
  566.   0.159375000000E+03  -0.237407379481E-06   0.000000000000E+00   0.540625000000E+03  -0.401800991420E-07   0.000000000000E+00
  567.   0.158593750000E+03  -0.472486362336E-06   0.000000000000E+00   0.541406250000E+03  -0.804758935882E-07   0.000000000000E+00
  568.   0.157812500000E+03  -0.235078986734E-06   0.000000000000E+00   0.542187500000E+03  -0.402957963496E-07   0.000000000000E+00
  569.   0.157031250000E+03  -0.467829081432E-06   0.000000000000E+00   0.542968750000E+03  -0.807070306339E-07   0.000000000000E+00
  570.   0.156250000000E+03  -0.232750096949E-06   0.000000000000E+00   0.543750000000E+03  -0.404112353575E-07   0.000000000000E+00
  571.   0.155468750000E+03  -0.463170695809E-06   0.000000000000E+00   0.544531250000E+03  -0.809375884262E-07   0.000000000000E+00
  572.   0.154687500000E+03  -0.230420598104E-06   0.000000000000E+00   0.545312500000E+03  -0.405263525967E-07   0.000000000000E+00
  573.   0.153906250000E+03  -0.458511001471E-06   0.000000000000E+00   0.546093750000E+03  -0.811674478734E-07   0.000000000000E+00
  574.   0.153125000000E+03  -0.228090397794E-06   0.000000000000E+00   0.546875000000E+03  -0.406410923114E-07   0.000000000000E+00
  575.   0.152343750000E+03  -0.453849860023E-06   0.000000000000E+00   0.547656250000E+03  -0.813965193175E-07   0.000000000000E+00
  576.   0.151562500000E+03  -0.225759449591E-06   0.000000000000E+00   0.548437500000E+03  -0.407554203590E-07   0.000000000000E+00
  577.   0.150781250000E+03  -0.449187261266E-06   0.000000000000E+00   0.549218750000E+03  -0.816247758738E-07   0.000000000000E+00
  578.   0.150000000000E+03  -0.223427789348E-06   0.000000000000E+00   0.550000000000E+03  -0.408693437823E-07   0.000000000000E+00
  579.   0.149218750000E+03  -0.444523406560E-06   0.000000000000E+00   0.550781250000E+03  -0.818522990799E-07   0.000000000000E+00
  580.   0.148437500000E+03  -0.221095582344E-06   0.000000000000E+00   0.551562500000E+03  -0.409829369363E-07   0.000000000000E+00
  581.   0.147656250000E+03  -0.439858813677E-06   0.000000000000E+00   0.552343750000E+03  -0.820793379157E-07   0.000000000000E+00
  582.   0.146875000000E+03  -0.218763181123E-06   0.000000000000E+00   0.553125000000E+03  -0.410963744525E-07   0.000000000000E+00
  583.   0.146093750000E+03  -0.435194441170E-06   0.000000000000E+00   0.553906250000E+03  -0.823063808878E-07   0.000000000000E+00
  584.   0.145312500000E+03  -0.216431192197E-06   0.000000000000E+00   0.554687500000E+03  -0.412099704539E-07   0.000000000000E+00
  585.   0.144531250000E+03  -0.430531826104E-06   0.000000000000E+00   0.555468750000E+03  -0.825342386608E-07   0.000000000000E+00
  586.   0.143750000000E+03  -0.214100547282E-06   0.000000000000E+00   0.556250000000E+03  -0.413242220897E-07   0.000000000000E+00
  587.   0.142968750000E+03  -0.425873223150E-06   0.000000000000E+00   0.557031250000E+03  -0.827641314490E-07   0.000000000000E+00
  588.   0.142187500000E+03  -0.211772571392E-06   0.000000000000E+00   0.557812500000E+03  -0.414398535355E-07   0.000000000000E+00
  589.   0.141406250000E+03  -0.421221725303E-06   0.000000000000E+00   0.558593750000E+03  -0.829977708968E-07   0.000000000000E+00
  590.   0.140625000000E+03  -0.209449035733E-06   0.000000000000E+00   0.559375000000E+03  -0.415578540312E-07   0.000000000000E+00
  591.   0.139843750000E+03  -0.416581336893E-06   0.000000000000E+00   0.560156250000E+03  -0.832374203433E-07   0.000000000000E+00
  592.   0.139062500000E+03  -0.207132178085E-06   0.000000000000E+00   0.560937500000E+03  -0.416795002732E-07   0.000000000000E+00
  593.   0.138281250000E+03  -0.411956958216E-06   0.000000000000E+00   0.561718750000E+03  -0.834859101992E-07   0.000000000000E+00
  594.   0.137500000000E+03  -0.204824667289E-06   0.000000000000E+00   0.562500000000E+03  -0.418063495560E-07   0.000000000000E+00
  595.   0.136718750000E+03  -0.407354228493E-06   0.000000000000E+00   0.563281250000E+03  -0.837465767720E-07   0.000000000000E+00
  596.   0.135937500000E+03  -0.202529481891E-06   0.000000000000E+00   0.564062500000E+03  -0.419401855795E-07   0.000000000000E+00
  597.   0.135156250000E+03  -0.402779160669E-06   0.000000000000E+00   0.564843750000E+03  -0.840230835501E-07   0.000000000000E+00
  598.   0.134375000000E+03  -0.200249666334E-06   0.000000000000E+00   0.565625000000E+03  -0.420828939795E-07   0.000000000000E+00
  599.   0.133593750000E+03  -0.398237488857E-06   0.000000000000E+00   0.566406250000E+03  -0.843190742229E-07   0.000000000000E+00
  600.   0.132812500000E+03  -0.197987921997E-06   0.000000000000E+00   0.567187500000E+03  -0.422362397277E-07   0.000000000000E+00
  601.   0.132031250000E+03  -0.393733638878E-06   0.000000000000E+00   0.567968750000E+03  -0.846375975465E-07   0.000000000000E+00
  602.   0.131250000000E+03  -0.195745985983E-06   0.000000000000E+00   0.568750000000E+03  -0.424015142228E-07   0.000000000000E+00
  603.   0.130468750000E+03  -0.389269227887E-06   0.000000000000E+00   0.569531250000E+03  -0.849802376174E-07   0.000000000000E+00
  604.   0.129687500000E+03  -0.193523750334E-06   0.000000000000E+00   0.570312500000E+03  -0.425790175603E-07   0.000000000000E+00
  605.   0.128906250000E+03  -0.384841007998E-06   0.000000000000E+00   0.571093750000E+03  -0.853458836068E-07   0.000000000000E+00
  606.   0.128125000000E+03  -0.191318083211E-06   0.000000000000E+00   0.571875000000E+03  -0.427673441164E-07   0.000000000000E+00
  607.   0.127343750000E+03  -0.380438205765E-06   0.000000000000E+00   0.572656250000E+03  -0.857290895270E-07   0.000000000000E+00
  608.   0.126562500000E+03  -0.189121341563E-06   0.000000000000E+00   0.573437500000E+03  -0.429624533777E-07   0.000000000000E+00
  609.   0.125781250000E+03  -0.376039300245E-06   0.000000000000E+00   0.574218750000E+03  -0.861180233923E-07   0.000000000000E+00
  610.   0.125000000000E+03  -0.186919627827E-06   0.000000000000E+00   0.575000000000E+03  -0.431565429841E-07   0.000000000000E+00
  611.   0.124218750000E+03  -0.371608464950E-06   0.000000000000E+00   0.575781250000E+03  -0.864921109418E-07   0.000000000000E+00
  612.   0.123437500000E+03  -0.184690965203E-06   0.000000000000E+00   0.576562500000E+03  -0.433368131438E-07   0.000000000000E+00
  613.   0.122656250000E+03  -0.367092208146E-06   0.000000000000E+00   0.577343750000E+03  -0.868196673266E-07   0.000000000000E+00
  614.   0.121875000000E+03  -0.182403754790E-06   0.000000000000E+00   0.578125000000E+03  -0.434843286151E-07   0.000000000000E+00
  615.   0.121093750000E+03  -0.362417179728E-06   0.000000000000E+00   0.578906250000E+03  -0.870560868332E-07   0.000000000000E+00
  616.   0.120312500000E+03  -0.180016136061E-06   0.000000000000E+00   0.579687500000E+03  -0.435733521042E-07   0.000000000000E+00
  617.   0.119531250000E+03  -0.357490521069E-06   0.000000000000E+00   0.580468750000E+03  -0.871434444101E-07   0.000000000000E+00
  618.   0.118750000000E+03  -0.177477000963E-06   0.000000000000E+00   0.581250000000E+03  -0.435716267731E-07   0.000000000000E+00
  619.   0.117968750000E+03  -0.352204241413E-06   0.000000000000E+00   0.582031250000E+03  -0.870124884097E-07   0.000000000000E+00
  620.   0.117187500000E+03  -0.174729452313E-06   0.000000000000E+00   0.582812500000E+03  -0.434421450548E-07   0.000000000000E+00
  621.   0.116406250000E+03  -0.346444160572E-06   0.000000000000E+00   0.583593750000E+03  -0.865875045457E-07   0.000000000000E+00
  622.   0.115625000000E+03  -0.171716255553E-06   0.000000000000E+00   0.584375000000E+03  -0.431462258545E-07   0.000000000000E+00
  623.   0.114843750000E+03  -0.340102497684E-06   0.000000000000E+00   0.585156250000E+03  -0.857936724259E-07   0.000000000000E+00
  624.   0.114062500000E+03  -0.168387292641E-06   0.000000000000E+00   0.585937500000E+03  -0.426479925452E-07   0.000000000000E+00
  625.   0.113281250000E+03  -0.333088684279E-06   0.000000000000E+00   0.586718750000E+03  -0.845637440852E-07   0.000000000000E+00
  626.   0.112500000000E+03  -0.164701949971E-06   0.000000000000E+00   0.587500000000E+03  -0.419159719658E-07   0.000000000000E+00
  627.   0.111718750000E+03  -0.325337296964E-06   0.000000000000E+00   0.588281250000E+03  -0.828432884928E-07   0.000000000000E+00
  628.   0.110937500000E+03  -0.160637306375E-06   0.000000000000E+00   0.589062500000E+03  -0.409284052239E-07   0.000000000000E+00
  629.   0.110156250000E+03  -0.316789873674E-06   0.000000000000E+00   0.589843750000E+03  -0.805799174789E-07   0.000000000000E+00
  630.   0.109375000000E+03  -0.156154030018E-06   0.000000000000E+00   0.590625000000E+03  -0.396522382742E-07   0.000000000000E+00
  631.   0.108593750000E+03  -0.307403559007E-06   0.000000000000E+00   0.591406250000E+03  -0.777286099679E-07   0.000000000000E+00
  632.   0.107812500000E+03  -0.151261324123E-06   0.000000000000E+00   0.592187500000E+03  -0.380837617080E-07   0.000000000000E+00
  633.   0.107031250000E+03  -0.296975103862E-06   0.000000000000E+00   0.592968750000E+03  -0.741401630306E-07   0.000000000000E+00
  634.   0.106250000000E+03  -0.145727247903E-06   0.000000000000E+00   0.593750000000E+03  -0.360644223076E-07   0.000000000000E+00
  635.   0.105468750000E+03  -0.285437055681E-06   0.000000000000E+00   0.594531250000E+03  -0.697446407600E-07   0.000000000000E+00
  636.   0.104687500000E+03  -0.139772855839E-06   0.000000000000E+00   0.595312500000E+03  -0.337211877199E-07   0.000000000000E+00
  637.   0.103906250000E+03  -0.271168763600E-06   0.000000000000E+00   0.596093750000E+03  -0.634627860695E-07   0.000000000000E+00
  638.   0.103125000000E+03  -0.131927539504E-06   0.000000000000E+00   0.596875000000E+03  -0.300804032860E-07   0.000000000000E+00
  639.   0.102343750000E+03  -0.254619772513E-06   0.000000000000E+00   0.597656250000E+03  -0.555117605750E-07   0.000000000000E+00
  640.   0.101562500000E+03  -0.121568346515E-06   0.000000000000E+00   0.598437500000E+03  -0.246899595019E-07   0.000000000000E+00
  641.   0.100781250000E+03  -0.226137940197E-06   0.000000000000E+00   0.599218750000E+03  -0.393999264945E-07   0.000000000000E+00
