i  r_top  QtopRe  QtopIm  r_bot  QbotRe  QbotIm   [mm, mC]
    1.   0.600000000000E+03  -0.251000810952E-06   0.000000000000E+00   0.100000000000E+03  -0.113812773083E-06   0.000000000000E+00
    2.   0.100000000000E+03  -0.113812773083E-06   0.000000000000E+00   0.600000000000E+03  -0.251000810952E-06   0.000000000000E+00
    3.   0.596875000000E+03  -0.273558622672E-07   0.000000000000E+00   0.103125000000E+03  -0.340308948927E-07   0.000000000000E+00
    4.   0.593750000000E+03   0.141229612916E-07   0.000000000000E+00   0.106250000000E+03  -0.603546408320E-09   0.000000000000E+00
    5.   0.590625000000E+03   0.156324074873E-07   0.000000000000E+00   0.109375000000E+03  -0.333827185746E-08   0.000000000000E+00
    6.   0.587500000000E+03   0.135721890532E-08   0.000000000000E+00   0.112500000000E+03  -0.219622092232E-08   0.000000000000E+00
    7.   0.584375000000E+03   0.102295256392E-07   0.000000000000E+00   0.115625000000E+03   0.379882799283E-09   0.000000000000E+00
    8.   0.581250000000E+03  -0.692668902255E-09   0.000000000000E+00   0.118750000000E+03  -0.144617427624E-08   0.000000000000E+00
    9.   0.578125000000E+03   0.540550293302E-08   0.000000000000E+00   0.121875000000E+03   0.737142003210E-09   0.000000000000E+00
   10.   0.575000000000E+03  -0.858012429617E-09   0.000000000000E+00   0.125000000000E+03  -0.878809860994E-09   0.000000000000E+00
   11.   0.571875000000E+03   0.281502569479E-08   0.000000000000E+00   0.128125000000E+03   0.607360782621E-09   0.000000000000E+00
   12.   0.568750000000E+03  -0.547717605229E-09   0.000000000000E+00   0.131250000000E+03  -0.455865595867E-09   0.000000000000E+00
   13.   0.565625000000E+03   0.163854409896E-08   0.000000000000E+00   0.134375000000E+03   0.499538353036E-09   0.000000000000E+00
   14.   0.562500000000E+03  -0.259151038027E-09   0.000000000000E+00   0.137500000000E+03  -0.206204972898E-09   0.000000000000E+00
   15.   0.559375000000E+03   0.112206593849E-08   0.000000000000E+00   0.140625000000E+03   0.443162459670E-09   0.000000000000E+00
   16.   0.556250000000E+03  -0.216590247152E-10   0.000000000000E+00   0.143750000000E+03  -0.402123091254E-10   0.000000000000E+00
   17.   0.553125000000E+03   0.938830324542E-09   0.000000000000E+00   0.146875000000E+03   0.440569817254E-09   0.000000000000E+00
   18.   0.550000000000E+03   0.158346656623E-09   0.000000000000E+00   0.150000000000E+03   0.735715112094E-10   0.000000000000E+00
   19.   0.546875000000E+03   0.919057857684E-09   0.000000000000E+00   0.153125000000E+03   0.476106397163E-09   0.000000000000E+00
   20.   0.543750000000E+03   0.301297467156E-09   0.000000000000E+00   0.156250000000E+03   0.161140850469E-09   0.000000000000E+00
   21.   0.540625000000E+03   0.985840246272E-09   0.000000000000E+00   0.159375000000E+03   0.539945582351E-09   0.000000000000E+00
   22.   0.537500000000E+03   0.420904101386E-09   0.000000000000E+00   0.162500000000E+03   0.235048191564E-09   0.000000000000E+00
   23.   0.534375000000E+03   0.110001771342E-08   0.000000000000E+00   0.165625000000E+03   0.624386195206E-09   0.000000000000E+00
   24.   0.531250000000E+03   0.527429037076E-09   0.000000000000E+00   0.168750000000E+03   0.302987478221E-09   0.000000000000E+00
   25.   0.528125000000E+03   0.124188333545E-08   0.000000000000E+00   0.171875000000E+03   0.724541953554E-09   0.000000000000E+00
   26.   0.525000000000E+03   0.626972609877E-09   0.000000000000E+00   0.175000000000E+03   0.369052869137E-09   0.000000000000E+00
   27.   0.521875000000E+03   0.140065183095E-08   0.000000000000E+00   0.178125000000E+03   0.837092095549E-09   0.000000000000E+00
   28.   0.518750000000E+03   0.723095105995E-09   0.000000000000E+00   0.181250000000E+03   0.435525043521E-09   0.000000000000E+00
   29.   0.515625000000E+03   0.157010615457E-08   0.000000000000E+00   0.184375000000E+03   0.959788373938E-09   0.000000000000E+00
   30.   0.512500000000E+03   0.817666375594E-09   0.000000000000E+00   0.187500000000E+03   0.503574329242E-09   0.000000000000E+00
   31.   0.509375000000E+03   0.174632912532E-08   0.000000000000E+00   0.190625000000E+03   0.109100402338E-08   0.000000000000E+00
   32.   0.506250000000E+03   0.911548133097E-09   0.000000000000E+00   0.193750000000E+03   0.573744260328E-09   0.000000000000E+00
   33.   0.503125000000E+03   0.192663210461E-08   0.000000000000E+00   0.196875000000E+03   0.122948383628E-08   0.000000000000E+00
   34.   0.500000000000E+03   0.100500043916E-08   0.000000000000E+00   0.200000000000E+03   0.646203570768E-09   0.000000000000E+00
   35.   0.496875000000E+03   0.210899754399E-08   0.000000000000E+00   0.203125000000E+03   0.137418156460E-08   0.000000000000E+00
   36.   0.493750000000E+03   0.109793681904E-08   0.000000000000E+00   0.206250000000E+03   0.720898027296E-09   0.000000000000E+00
   37.   0.490625000000E+03   0.229179309177E-08   0.000000000000E+00   0.209375000000E+03   0.152416535407E-08   0.000000000000E+00
   38.   0.487500000000E+03   0.119007577611E-08   0.000000000000E+00   0.212500000000E+03   0.797637074741E-09   0.000000000000E+00
   39.   0.484375000000E+03   0.247361865147E-08   0.000000000000E+00   0.215625000000E+03   0.167856134366E-08   0.000000000000E+00
   40.   0.481250000000E+03   0.128103111927E-08   0.000000000000E+00   0.218750000000E+03   0.876145446893E-09   0.000000000000E+00
   41.   0.478125000000E+03   0.265322405346E-08   0.000000000000E+00   0.221875000000E+03   0.183652140497E-08   0.000000000000E+00
   42.   0.475000000000E+03   0.137036536135E-08   0.000000000000E+00   0.225000000000E+03   0.956094000616E-09   0.000000000000E+00
   43.   0.471875000000E+03   0.282946395905E-08   0.000000000000E+00   0.228125000000E+03   0.199720503776E-08   0.000000000000E+00
   44.   0.468750000000E+03   0.145762150136E-08   0.000000000000E+00   0.231250000000E+03   0.103711867383E-08   0.000000000000E+00
   45.   0.465625000000E+03   0.300127303463E-08   0.000000000000E+00   0.234375000000E+03   0.215976976239E-08   0.000000000000E+00
   46.   0.462500000000E+03   0.154234216780E-08   0.000000000000E+00   0.237500000000E+03   0.111883264202E-08   0.000000000000E+00
   47.   0.459375000000E+03   0.316765223915E-08   0.000000000000E+00   0.240625000000E+03   0.232336649663E-08   0.000000000000E+00
   48.   0.456250000000E+03   0.162408182433E-08   0.000000000000E+00   0.243750000000E+03   0.120083475719E-08   0.000000000000E+00
   49.   0.453125000000E+03   0.332766134876E-08   0.000000000000E+00   0.246875000000E+03   0.248713790305E-08   0.000000000000E+00
   50.   0.450000000000E+03   0.170241545116E-08   0.000000000000E+00   0.250000000000E+03   0.128271628602E-08   0.000000000000E+00
   51.   0.446875000000E+03   0.348041534795E-08   0.000000000000E+00   0.253125000000E+03   0.265021873735E-08   0.000000000000E+00
   52.   0.443750000000E+03   0.177694651232E-08   0.000000000000E+00   0.256250000000E+03   0.136406783814E-08   0.000000000000E+00
   53.   0.440625000000E+03   0.362508416132E-08   0.000000000000E+00   0.259375000000E+03   0.281173829472E-08   0.000000000000E+00
   54.   0.437500000000E+03   0.184731704176E-08   0.000000000000E+00   0.262500000000E+03   0.144448857337E-08   0.000000000000E+00
   55.   0.434375000000E+03   0.376089791145E-08   0.000000000000E+00   0.265625000000E+03   0.297082705117E-08   0.000000000000E+00
   56.   0.431250000000E+03   0.191322479209E-08   0.000000000000E+00   0.268750000000E+03   0.152360191021E-08   0.000000000000E+00
   57.   0.428125000000E+03   0.388716505080E-08   0.000000000000E+00   0.271875000000E+03   0.312663392348E-08   0.000000000000E+00
   58.   0.425000000000E+03   0.197445616988E-08   0.000000000000E+00   0.275000000000E+03   0.160108544621E-08   0.000000000000E+00
   59.   0.421875000000E+03   0.400332450423E-08   0.000000000000E+00   0.278125000000E+03   0.327837272100E-08   0.000000000000E+00
   60.   0.418750000000E+03   0.203095812664E-08   0.000000000000E+00   0.281250000000E+03   0.167673587284E-08   0.000000000000E+00
   61.   0.415625000000E+03   0.410908150289E-08   0.000000000000E+00   0.284375000000E+03   0.342544265148E-08   0.000000000000E+00
   62.   0.412500000000E+03   0.208298777978E-08   0.000000000000E+00   0.287500000000E+03   0.175060567115E-08   0.000000000000E+00
   63.   0.409375000000E+03   0.420476921737E-08   0.000000000000E+00   0.290625000000E+03   0.356775174214E-08   0.000000000000E+00
   64.   0.406250000000E+03   0.213148270843E-08   0.000000000000E+00   0.293750000000E+03   0.182334095148E-08   0.000000000000E+00
   65.   0.403125000000E+03   0.429222524122E-08   0.000000000000E+00   0.296875000000E+03   0.370651735331E-08   0.000000000000E+00
   66.   0.400000000000E+03   0.217879397163E-08   0.000000000000E+00   0.300000000000E+03   0.189687076999E-08   0.000000000000E+00
   67.   0.396875000000E+03   0.437714131868E-08   0.000000000000E+00   0.303125000000E+03   0.384643801029E-08   0.000000000000E+00
   68.   0.393750000000E+03   0.223084835401E-08   0.000000000000E+00   0.306250000000E+03   0.197641930063E-08   0.000000000000E+00
   69.   0.390625000000E+03   0.447433743107E-08   0.000000000000E+00   0.309375000000E+03   0.400070779792E-08   0.000000000000E+00
   70.   0.387500000000E+03   0.230050609055E-08   0.000000000000E+00   0.312500000000E+03   0.207382934031E-08   0.000000000000E+00
   71.   0.384375000000E+03   0.462302035910E-08   0.000000000000E+00   0.315625000000E+03   0.420558564977E-08   0.000000000000E+00
   72.   0.381250000000E+03   0.242214659031E-08   0.000000000000E+00   0.318750000000E+03   0.222138425756E-08   0.000000000000E+00
   73.   0.378125000000E+03   0.491639499775E-08   0.000000000000E+00   0.321875000000E+03   0.454984779057E-08   0.000000000000E+00
   74.   0.375000000000E+03   0.265998838112E-08   0.000000000000E+00   0.325000000000E+03   0.248161375119E-08   0.000000000000E+00
   75.   0.371875000000E+03   0.560790909683E-08   0.000000000000E+00   0.328125000000E+03   0.527891088448E-08   0.000000000000E+00
   76.   0.368750000000E+03   0.322758447576E-08   0.000000000000E+00   0.331250000000E+03   0.306222532150E-08   0.000000000000E+00
   77.   0.365625000000E+03   0.726772112769E-08   0.000000000000E+00   0.334375000000E+03   0.695888875321E-08   0.000000000000E+00
   78.   0.362500000000E+03   0.435497166951E-08   0.000000000000E+00   0.337500000000E+03   0.420471276199E-08   0.000000000000E+00
   79.   0.359375000000E+03   0.117659588586E-07   0.000000000000E+00   0.340625000000E+03   0.114573015548E-07   0.000000000000E+00
   80.   0.356250000000E+03   0.751221258826E-08   0.000000000000E+00   0.343750000000E+03   0.737128547826E-08   0.000000000000E+00
   81.   0.353125000000E+03   0.242734135785E-07   0.000000000000E+00   0.346875000000E+03   0.240886775031E-07   0.000000000000E+00
   82.   0.350000000000E+03   0.330089906282E-07   0.000000000000E+00   0.350000000000E+03   0.330089906358E-07   0.000000000000E+00
   83.   0.346875000000E+03   0.240886774979E-07   0.000000000000E+00   0.353125000000E+03   0.242734135809E-07   0.000000000000E+00
   84.   0.343750000000E+03   0.737128547436E-08   0.000000000000E+00   0.356250000000E+03   0.751221258265E-08   0.000000000000E+00
   85.   0.340625000000E+03   0.114573015500E-07   0.000000000000E+00   0.359375000000E+03   0.117659588561E-07   0.000000000000E+00
   86.   0.337500000000E+03   0.420471276408E-08   0.000000000000E+00   0.362500000000E+03   0.435497166610E-08   0.000000000000E+00
   87.   0.334375000000E+03   0.695888875160E-08   0.000000000000E+00   0.365625000000E+03   0.726772112545E-08   0.000000000000E+00
   88.   0.331250000000E+03   0.306222532334E-08   0.000000000000E+00   0.368750000000E+03   0.322758447069E-08   0.000000000000E+00
   89.   0.328125000000E+03   0.527891088544E-08   0.000000000000E+00   0.371875000000E+03   0.560790909862E-08   0.000000000000E+00
   90.   0.325000000000E+03   0.248161375281E-08   0.000000000000E+00   0.375000000000E+03   0.265998838444E-08   0.000000000000E+00
   91.   0.321875000000E+03   0.454984779124E-08   0.000000000000E+00   0.378125000000E+03   0.491639500033E-08   0.000000000000E+00
   92.   0.318750000000E+03   0.222138426447E-08   0.000000000000E+00   0.381250000000E+03   0.242214659331E-08   0.000000000000E+00
   93.   0.315625000000E+03   0.420558565223E-08   0.000000000000E+00   0.384375000000E+03   0.462302036213E-08   0.000000000000E+00
   94.   0.312500000000E+03   0.207382934474E-08   0.000000000000E+00   0.387500000000E+03   0.230050608995E-08   0.000000000000E+00
   95.   0.309375000000E+03   0.400070779908E-08   0.000000000000E+00   0.390625000000E+03   0.447433743682E-08   0.000000000000E+00
   96.   0.306250000000E+03   0.197641929626E-08   0.000000000000E+00   0.393750000000E+03   0.223084835456E-08   0.000000000000E+00
   97.   0.303125000000E+03   0.384643800966E-08   0.000000000000E+00   0.396875000000E+03   0.437714132325E-08   0.000000000000E+00
   98.   0.300000000000E+03   0.189687076998E-08   0.000000000000E+00   0.400000000000E+03   0.217879397367E-08   0.000000000000E+00
   99.   0.296875000000E+03   0.370651735593E-08   0.000000000000E+00   0.403125000000E+03   0.429222524096E-08   0.000000000000E+00
  100.   0.293750000000E+03   0.182334095530E-08   0.000000000000E+00   0.406250000000E+03   0.213148270696E-08   0.000000000000E+00
  101.   0.290625000000E+03   0.356775174542E-08   0.000000000000E+00   0.409375000000E+03   0.420476921740E-08   0.000000000000E+00
  102.   0.287500000000E+03   0.175060567395E-08   0.000000000000E+00   0.412500000000E+03   0.208298777990E-08   0.000000000000E+00
  103.   0.284375000000E+03   0.342544265362E-08   0.000000000000E+00   0.415625000000E+03   0.410908150279E-08   0.000000000000E+00
  104.   0.281250000000E+03   0.167673587274E-08   0.000000000000E+00   0.418750000000E+03   0.203095812573E-08   0.000000000000E+00
  105.   0.278125000000E+03   0.327837272225E-08   0.000000000000E+00   0.421875000000E+03   0.400332450489E-08   0.000000000000E+00
  106.   0.275000000000E+03   0.160108544619E-08   0.000000000000E+00   0.425000000000E+03   0.197445617105E-08   0.000000000000E+00
  107.   0.271875000000E+03   0.312663392584E-08   0.000000000000E+00   0.428125000000E+03   0.388716505181E-08   0.000000000000E+00
  108.   0.268750000000E+03   0.152360191056E-08   0.000000000000E+00   0.431250000000E+03   0.191322479466E-08   0.000000000000E+00
  109.   0.265625000000E+03   0.297082705278E-08   0.000000000000E+00   0.434375000000E+03   0.376089791170E-08   0.000000000000E+00
  110.   0.262500000000E+03   0.144448857428E-08   0.000000000000E+00   0.437500000000E+03   0.184731703948E-08   0.000000000000E+00
  111.   0.259375000000E+03   0.281173829568E-08   0.000000000000E+00   0.440625000000E+03   0.362508416176E-08   0.000000000000E+00
  112.   0.256250000000E+03   0.136406783648E-08   0.000000000000E+00   0.443750000000E+03   0.177694651291E-08   0.000000000000E+00
  113.   0.253125000000E+03   0.265021873696E-08   0.000000000000E+00   0.446875000000E+03   0.348041534915E-08   0.000000000000E+00
  114.   0.250000000000E+03   0.128271628797E-08   0.000000000000E+00   0.450000000000E+03   0.170241545459E-08   0.000000000000E+00
  115.   0.246875000000E+03   0.248713790159E-08   0.000000000000E+00   0.453125000000E+03   0.332766134690E-08   0.000000000000E+00
  116.   0.243750000000E+03   0.120083475763E-08   0.000000000000E+00   0.456250000000E+03   0.162408182327E-08   0.000000000000E+00
  117.   0.240625000000E+03   0.232336649693E-08   0.000000000000E+00   0.459375000000E+03   0.316765223751E-08   0.000000000000E+00
  118.   0.237500000000E+03   0.111883264565E-08   0.000000000000E+00   0.462500000000E+03   0.154234216687E-08   0.000000000000E+00
  119.   0.234375000000E+03   0.215976976452E-08   0.000000000000E+00   0.465625000000E+03   0.300127303947E-08   0.000000000000E+00
  120.   0.231250000000E+03   0.103711867324E-08   0.000000000000E+00   0.468750000000E+03   0.145762150572E-08   0.000000000000E+00
  121.   0.228125000000E+03   0.199720503901E-08   0.000000000000E+00   0.471875000000E+03   0.282946396667E-08   0.000000000000E+00
  122.   0.225000000000E+03   0.956094000973E-09   0.000000000000E+00   0.475000000000E+03   0.137036536567E-08   0.000000000000E+00
  123.   0.221875000000E+03   0.183652140483E-08   0.000000000000E+00   0.478125000000E+03   0.265322406014E-08   0.000000000000E+00
  124.   0.218750000000E+03   0.876145447168E-09   0.000000000000E+00   0.481250000000E+03   0.128103111922E-08   0.000000000000E+00
  125.   0.215625000000E+03   0.167856134410E-08   0.000000000000E+00   0.484375000000E+03   0.247361865579E-08   0.000000000000E+00
  126.   0.212500000000E+03   0.797637075012E-09   0.000000000000E+00   0.487500000000E+03   0.119007577748E-08   0.000000000000E+00
  127.   0.209375000000E+03   0.152416535458E-08   0.000000000000E+00   0.490625000000E+03   0.229179309284E-08   0.000000000000E+00
  128.   0.206250000000E+03   0.720898028831E-09   0.000000000000E+00   0.493750000000E+03   0.109793681888E-08   0.000000000000E+00
  129.   0.203125000000E+03   0.137418156553E-08   0.000000000000E+00   0.496875000000E+03   0.210899754385E-08   0.000000000000E+00
  130.   0.200000000000E+03   0.646203571087E-09   0.000000000000E+00   0.500000000000E+03   0.100500043779E-08   0.000000000000E+00
  131.   0.196875000000E+03   0.122948383660E-08   0.000000000000E+00   0.503125000000E+03   0.192663210450E-08   0.000000000000E+00
  132.   0.193750000000E+03   0.573744259656E-09   0.000000000000E+00   0.506250000000E+03   0.911548131509E-09   0.000000000000E+00
  133.   0.190625000000E+03   0.109100402405E-08   0.000000000000E+00   0.509375000000E+03   0.174632912538E-08   0.000000000000E+00
  134.   0.187500000000E+03   0.503574330114E-09   0.000000000000E+00   0.512500000000E+03   0.817666374887E-09   0.000000000000E+00
  135.   0.184375000000E+03   0.959788374592E-09   0.000000000000E+00   0.515625000000E+03   0.157010615529E-08   0.000000000000E+00
  136.   0.181250000000E+03   0.435525044729E-09   0.000000000000E+00   0.518750000000E+03   0.723095105004E-09   0.000000000000E+00
  137.   0.178125000000E+03   0.837092095878E-09   0.000000000000E+00   0.521875000000E+03   0.140065183119E-08   0.000000000000E+00
  138.   0.175000000000E+03   0.369052869047E-09   0.000000000000E+00   0.525000000000E+03   0.626972609897E-09   0.000000000000E+00
  139.   0.171875000000E+03   0.724541953743E-09   0.000000000000E+00   0.528125000000E+03   0.124188333418E-08   0.000000000000E+00
  140.   0.168750000000E+03   0.302987478129E-09   0.000000000000E+00   0.531250000000E+03   0.527429035446E-09   0.000000000000E+00
  141.   0.165625000000E+03   0.624386195577E-09   0.000000000000E+00   0.534375000000E+03   0.110001771272E-08   0.000000000000E+00
  142.   0.162500000000E+03   0.235048192153E-09   0.000000000000E+00   0.537500000000E+03   0.420904101422E-09   0.000000000000E+00
  143.   0.159375000000E+03   0.539945582886E-09   0.000000000000E+00   0.540625000000E+03   0.985840246229E-09   0.000000000000E+00
  144.   0.156250000000E+03   0.161140850441E-09   0.000000000000E+00   0.543750000000E+03   0.301297466802E-09   0.000000000000E+00
  145.   0.153125000000E+03   0.476106397529E-09   0.000000000000E+00   0.546875000000E+03   0.919057857718E-09   0.000000000000E+00
  146.   0.150000000000E+03   0.735715115666E-10   0.000000000000E+00   0.550000000000E+03   0.158346656381E-09   0.000000000000E+00
  147.   0.146875000000E+03   0.440569817643E-09   0.000000000000E+00   0.553125000000E+03   0.938830324761E-09   0.000000000000E+00
  148.   0.143750000000E+03  -0.402123088931E-10   0.000000000000E+00   0.556250000000E+03  -0.216590243348E-10   0.000000000000E+00
  149.   0.140625000000E+03   0.443162460082E-09   0.000000000000E+00   0.559375000000E+03   0.112206593881E-08   0.000000000000E+00
  150.   0.137500000000E+03  -0.206204972762E-09   0.000000000000E+00   0.562500000000E+03  -0.259151037853E-09   0.000000000000E+00
  151.   0.134375000000E+03   0.499538353350E-09   0.000000000000E+00   0.565625000000E+03   0.163854409929E-08   0.000000000000E+00
  152.   0.131250000000E+03  -0.455865595773E-09   0.000000000000E+00   0.568750000000E+03  -0.547717604573E-09   0.000000000000E+00
  153.   0.128125000000E+03   0.607360782795E-09   0.000000000000E+00   0.571875000000E+03   0.281502569513E-08   0.000000000000E+00
  154.   0.125000000000E+03  -0.878809861017E-09   0.000000000000E+00   0.575000000000E+03  -0.858012429677E-09   0.000000000000E+00
  155.   0.121875000000E+03   0.737142003399E-09   0.000000000000E+00   0.578125000000E+03   0.540550293309E-08   0.000000000000E+00
  156.   0.118750000000E+03  -0.144617427610E-08   0.000000000000E+00   0.581250000000E+03  -0.692668902104E-09   0.000000000000E+00
  157.   0.115625000000E+03   0.379882799510E-09   0.000000000000E+00   0.584375000000E+03   0.102295256392E-07   0.000000000000E+00
  158.   0.112500000000E+03  -0.219622092223E-08   0.000000000000E+00   0.587500000000E+03   0.135721890538E-08   0.000000000000E+00
  159.   0.109375000000E+03  -0.333827185724E-08   0.000000000000E+00   0.590625000000E+03   0.156324074874E-07   0.000000000000E+00
  160.   0.106250000000E+03  -0.603546408207E-09   0.000000000000E+00   0.593750000000E+03   0.141229612916E-07   0.000000000000E+00
  161.   0.103125000000E+03  -0.340308948926E-07   0.000000000000E+00   0.596875000000E+03  -0.273558622671E-07   0.000000000000E+00
