i  r_top  QtopRe  QtopIm  r_bot  QbotRe  QbotIm   [mm, mC]
    1.   0.600000000000E+03  -0.505823061448E-07   0.000000000000E+00   0.100000000000E+03  -0.213600509879E-07   0.000000000000E+00
    2.   0.100000000000E+03  -0.213600509881E-07   0.000000000000E+00   0.600000000000E+03  -0.505823061454E-07   0.000000000000E+00
    3.   0.599218750000E+03  -0.204772403429E-07   0.000000000000E+00   0.100781250000E+03  -0.110707568627E-07   0.000000000000E+00
    4.   0.598437500000E+03  -0.740334008657E-08   0.000000000000E+00   0.101562500000E+03  -0.422676179418E-08   0.000000000000E+00
    5.   0.597656250000E+03  -0.507717541287E-08   0.000000000000E+00   0.102343750000E+03  -0.427610757252E-08   0.000000000000E+00
    6.   0.596875000000E+03  -0.157478088138E-08   0.000000000000E+00   0.103125000000E+03  -0.163156213343E-08   0.000000000000E+00
    7.   0.596093750000E+03  -0.273337776939E-09   0.000000000000E+00   0.103906250000E+03  -0.186226374578E-08   0.000000000000E+00
    8.   0.595312500000E+03   0.239752630280E-09   0.000000000000E+00   0.104687500000E+03  -0.674273836558E-09   0.000000000000E+00
    9.   0.594531250000E+03   0.115301080974E-08   0.000000000000E+00   0.105468750000E+03  -0.914807988017E-09   0.000000000000E+00
   10.   0.593750000000E+03   0.608666763360E-09   0.000000000000E+00   0.106250000000E+03  -0.366438923058E-09   0.000000000000E+00
   11.   0.592968750000E+03   0.146756652561E-08   0.000000000000E+00   0.107031250000E+03  -0.500524014349E-09   0.000000000000E+00
   12.   0.592187500000E+03   0.733789826024E-09   0.000000000000E+00   0.107812500000E+03  -0.187196847936E-09   0.000000000000E+00
   13.   0.591406250000E+03   0.143409290009E-08   0.000000000000E+00   0.108593750000E+03  -0.287982539344E-09   0.000000000000E+00
   14.   0.590625000000E+03   0.671859341895E-09   0.000000000000E+00   0.109375000000E+03  -0.112910949979E-09   0.000000000000E+00
   15.   0.589843750000E+03   0.126567803659E-08   0.000000000000E+00   0.110156250000E+03  -0.178185779869E-09   0.000000000000E+00
   16.   0.589062500000E+03   0.583490395834E-09   0.000000000000E+00   0.110937500000E+03  -0.698118654293E-10   0.000000000000E+00
   17.   0.588281250000E+03   0.107120436267E-08   0.000000000000E+00   0.111718750000E+03  -0.115988628580E-09   0.000000000000E+00
   18.   0.587500000000E+03   0.486242603903E-09   0.000000000000E+00   0.112500000000E+03  -0.468743732506E-10   0.000000000000E+00
   19.   0.586718750000E+03   0.885019414790E-09   0.000000000000E+00   0.113281250000E+03  -0.796001182602E-10   0.000000000000E+00
   20.   0.585937500000E+03   0.398686070893E-09   0.000000000000E+00   0.114062500000E+03  -0.328164254158E-10   0.000000000000E+00
   21.   0.585156250000E+03   0.721738417767E-09   0.000000000000E+00   0.114843750000E+03  -0.568626918887E-10   0.000000000000E+00
   22.   0.584375000000E+03   0.323364358601E-09   0.000000000000E+00   0.115625000000E+03  -0.239501504999E-10   0.000000000000E+00
   23.   0.583593750000E+03   0.583906880042E-09   0.000000000000E+00   0.116406250000E+03  -0.419588516340E-10   0.000000000000E+00
   24.   0.582812500000E+03   0.260756568524E-09   0.000000000000E+00   0.117187500000E+03  -0.179516815393E-10   0.000000000000E+00
   25.   0.582031250000E+03   0.470150532156E-09   0.000000000000E+00   0.117968750000E+03  -0.316851484223E-10   0.000000000000E+00
   26.   0.581250000000E+03   0.209506485932E-09   0.000000000000E+00   0.118750000000E+03  -0.137202902677E-10   0.000000000000E+00
   27.   0.580468750000E+03   0.377437650224E-09   0.000000000000E+00   0.119531250000E+03  -0.243170000046E-10   0.000000000000E+00
   28.   0.579687500000E+03   0.167969864156E-09   0.000000000000E+00   0.120312500000E+03  -0.106171059972E-10   0.000000000000E+00
   29.   0.578906250000E+03   0.302466237159E-09   0.000000000000E+00   0.121093750000E+03  -0.188575047099E-10   0.000000000000E+00
   30.   0.578125000000E+03   0.134498597229E-09   0.000000000000E+00   0.121875000000E+03  -0.827840175059E-11   0.000000000000E+00
   31.   0.577343750000E+03   0.242137355043E-09   0.000000000000E+00   0.122656250000E+03  -0.147118527180E-10   0.000000000000E+00
   32.   0.576562500000E+03   0.107627284286E-09   0.000000000000E+00   0.123437500000E+03  -0.647892847212E-11   0.000000000000E+00
   33.   0.575781250000E+03   0.193747645600E-09   0.000000000000E+00   0.124218750000E+03  -0.115050109768E-10   0.000000000000E+00
   34.   0.575000000000E+03   0.861073322180E-10   0.000000000000E+00   0.125000000000E+03  -0.507335088830E-11   0.000000000000E+00
   35.   0.574218750000E+03   0.155019450927E-09   0.000000000000E+00   0.125781250000E+03  -0.898976392476E-11   0.000000000000E+00
   36.   0.573437500000E+03   0.689026317236E-10   0.000000000000E+00   0.126562500000E+03  -0.396287142133E-11   0.000000000000E+00
   37.   0.572656250000E+03   0.124072614472E-09   0.000000000000E+00   0.127343750000E+03  -0.699580407450E-11   0.000000000000E+00
   38.   0.571875000000E+03   0.551654231197E-10   0.000000000000E+00   0.128125000000E+03  -0.307766981748E-11   0.000000000000E+00
   39.   0.571093750000E+03   0.993734827958E-10   0.000000000000E+00   0.128906250000E+03  -0.540150906219E-11   0.000000000000E+00
   40.   0.570312500000E+03   0.442081198296E-10   0.000000000000E+00   0.129687500000E+03  -0.236676207279E-11   0.000000000000E+00
   41.   0.569531250000E+03   0.796803975187E-10   0.000000000000E+00   0.130468750000E+03  -0.411741401837E-11   0.000000000000E+00
   42.   0.568750000000E+03   0.354760631951E-10   0.000000000000E+00   0.131250000000E+03  -0.179199013465E-11   0.000000000000E+00
   43.   0.567968750000E+03   0.639929186834E-10   0.000000000000E+00   0.132031250000E+03  -0.307618579731E-11   0.000000000000E+00
   44.   0.567187500000E+03   0.285234114911E-10   0.000000000000E+00   0.132812500000E+03  -0.132425524902E-11   0.000000000000E+00
   45.   0.566406250000E+03   0.515075371551E-10   0.000000000000E+00   0.133593750000E+03  -0.222625275846E-11   0.000000000000E+00
   46.   0.565625000000E+03   0.229926435708E-10   0.000000000000E+00   0.134375000000E+03  -0.941055594222E-12   0.000000000000E+00
   47.   0.564843750000E+03   0.415803103468E-10   0.000000000000E+00   0.135156250000E+03  -0.152759288689E-11   0.000000000000E+00
   48.   0.564062500000E+03   0.185975334500E-10   0.000000000000E+00   0.135937500000E+03  -0.624809056613E-12   0.000000000000E+00
   49.   0.563281250000E+03   0.336959515390E-10   0.000000000000E+00   0.136718750000E+03  -0.948841421822E-12   0.000000000000E+00
   50.   0.562500000000E+03   0.151091983796E-10   0.000000000000E+00   0.137500000000E+03  -0.361671215674E-12   0.000000000000E+00
   51.   0.561718750000E+03   0.274425607331E-10   0.000000000000E+00   0.138281250000E+03  -0.465239701714E-12   0.000000000000E+00
   52.   0.560937500000E+03   0.123447604500E-10   0.000000000000E+00   0.139062500000E+03  -0.140677725242E-12   0.000000000000E+00
   53.   0.560156250000E+03   0.224911267074E-10   0.000000000000E+00   0.139843750000E+03  -0.571399711241E-13   0.000000000000E+00
   54.   0.559375000000E+03   0.101581862077E-10   0.000000000000E+00   0.140625000000E+03   0.468911724576E-13   0.000000000000E+00
   55.   0.558593750000E+03   0.185789838015E-10   0.000000000000E+00   0.141406250000E+03   0.291109366191E-12   0.000000000000E+00
   56.   0.557812500000E+03   0.843291169075E-11   0.000000000000E+00   0.142187500000E+03   0.207991663727E-12   0.000000000000E+00
   57.   0.557031250000E+03   0.154965090855E-10   0.000000000000E+00   0.142968750000E+03   0.592010310505E-12   0.000000000000E+00
   58.   0.556250000000E+03   0.707592280638E-11   0.000000000000E+00   0.143750000000E+03   0.348185083121E-12   0.000000000000E+00
   59.   0.555468750000E+03   0.130764513126E-10   0.000000000000E+00   0.144531250000E+03   0.855567694668E-12   0.000000000000E+00
   60.   0.554687500000E+03   0.601301101325E-11   0.000000000000E+00   0.145312500000E+03   0.471924234734E-12   0.000000000000E+00
   61.   0.553906250000E+03   0.111853863565E-10   0.000000000000E+00   0.146093750000E+03   0.108979772108E-11   0.000000000000E+00
   62.   0.553125000000E+03   0.518497869665E-11   0.000000000000E+00   0.146875000000E+03   0.582777917814E-12   0.000000000000E+00
   63.   0.552343750000E+03   0.971688449389E-11   0.000000000000E+00   0.147656250000E+03   0.130112783635E-11   0.000000000000E+00
   64.   0.551562500000E+03   0.454460494250E-11   0.000000000000E+00   0.148437500000E+03   0.683607802141E-12   0.000000000000E+00
   65.   0.550781250000E+03   0.858605156147E-11   0.000000000000E+00   0.149218750000E+03   0.149471349237E-11   0.000000000000E+00
   66.   0.550000000000E+03   0.405422369846E-11   0.000000000000E+00   0.150000000000E+03   0.776709078110E-12   0.000000000000E+00
   67.   0.549218750000E+03   0.772517065826E-11   0.000000000000E+00   0.150781250000E+03   0.167469019198E-11   0.000000000000E+00
   68.   0.548437500000E+03   0.368378870337E-11   0.000000000000E+00   0.151562500000E+03   0.863922916699E-12   0.000000000000E+00
   69.   0.547656250000E+03   0.708022362275E-11   0.000000000000E+00   0.152343750000E+03   0.184437459521E-11   0.000000000000E+00
   70.   0.546875000000E+03   0.340933135996E-11   0.000000000000E+00   0.153125000000E+03   0.946725301785E-12   0.000000000000E+00
   71.   0.546093750000E+03   0.660811646940E-11   0.000000000000E+00   0.153906250000E+03   0.200642560864E-11   0.000000000000E+00
   72.   0.545312500000E+03   0.321172855413E-11   0.000000000000E+00   0.154687500000E+03   0.102629924171E-11   0.000000000000E+00
   73.   0.544531250000E+03   0.627446608039E-11   0.000000000000E+00   0.155468750000E+03   0.216297365299E-11   0.000000000000E+00
   74.   0.543750000000E+03   0.307572150042E-11   0.000000000000E+00   0.156250000000E+03   0.110359210574E-11   0.000000000000E+00
   75.   0.542968750000E+03   0.605183520694E-11   0.000000000000E+00   0.157031250000E+03   0.231572417567E-11   0.000000000000E+00
   76.   0.542187500000E+03   0.298913319119E-11   0.000000000000E+00   0.157812500000E+03   0.117936219755E-11   0.000000000000E+00
   77.   0.541406250000E+03   0.591832493163E-11   0.000000000000E+00   0.158593750000E+03   0.246604094539E-11   0.000000000000E+00
   78.   0.540625000000E+03   0.294224283510E-11   0.000000000000E+00   0.159375000000E+03   0.125421518922E-11   0.000000000000E+00
   79.   0.539843750000E+03   0.585645249825E-11   0.000000000000E+00   0.160156250000E+03   0.261501318001E-11   0.000000000000E+00
   80.   0.539062500000E+03   0.292728891014E-11   0.000000000000E+00   0.160937500000E+03   0.132863462390E-11   0.000000000000E+00
   81.   0.538281250000E+03   0.585225628991E-11   0.000000000000E+00   0.161718750000E+03   0.276350897705E-11   0.000000000000E+00
   82.   0.537500000000E+03   0.293807201035E-11   0.000000000000E+00   0.162500000000E+03   0.140300517560E-11   0.000000000000E+00
   83.   0.536718750000E+03   0.589458240980E-11   0.000000000000E+00   0.163281250000E+03   0.291221891776E-11   0.000000000000E+00
   84.   0.535937500000E+03   0.296963826863E-11   0.000000000000E+00   0.164062500000E+03   0.147763268409E-11   0.000000000000E+00
   85.   0.535156250000E+03   0.597451576927E-11   0.000000000000E+00   0.164843750000E+03   0.306169066309E-11   0.000000000000E+00
   86.   0.534375000000E+03   0.301802723049E-11   0.000000000000E+00   0.165625000000E+03   0.155275926933E-11   0.000000000000E+00
   87.   0.533593750000E+03   0.608492661010E-11   0.000000000000E+00   0.166406250000E+03   0.321235661946E-11   0.000000000000E+00
   88.   0.532812500000E+03   0.308006943815E-11   0.000000000000E+00   0.167187500000E+03   0.162857543473E-11   0.000000000000E+00
   89.   0.532031250000E+03   0.622010825556E-11   0.000000000000E+00   0.167968750000E+03   0.336455675766E-11   0.000000000000E+00
   90.   0.531250000000E+03   0.315322799924E-11   0.000000000000E+00   0.168750000000E+03   0.170523069983E-11   0.000000000000E+00
   91.   0.530468750000E+03   0.637548944057E-11   0.000000000000E+00   0.169531250000E+03   0.351855658074E-11   0.000000000000E+00
   92.   0.529687500000E+03   0.323546882508E-11   0.000000000000E+00   0.170312500000E+03   0.178284113555E-11   0.000000000000E+00
   93.   0.528906250000E+03   0.654740389028E-11   0.000000000000E+00   0.171093750000E+03   0.367456125366E-11   0.000000000000E+00
   94.   0.528125000000E+03   0.332515983311E-11   0.000000000000E+00   0.171875000000E+03   0.186149613272E-11   0.000000000000E+00
   95.   0.527343750000E+03   0.673290731090E-11   0.000000000000E+00   0.172656250000E+03   0.383272765991E-11   0.000000000000E+00
   96.   0.526562500000E+03   0.342098889963E-11   0.000000000000E+00   0.173437500000E+03   0.194126329780E-11   0.000000000000E+00
   97.   0.525781250000E+03   0.692963078042E-11   0.000000000000E+00   0.174218750000E+03   0.399317369137E-11   0.000000000000E+00
   98.   0.525000000000E+03   0.352189952535E-11   0.000000000000E+00   0.175000000000E+03   0.202219295752E-11   0.000000000000E+00
   99.   0.524218750000E+03   0.713566469341E-11   0.000000000000E+00   0.175781250000E+03   0.415598554569E-11   0.000000000000E+00
  100.   0.523437500000E+03   0.362703859396E-11   0.000000000000E+00   0.176562500000E+03   0.210432103594E-11   0.000000000000E+00
  101.   0.522656250000E+03   0.734946535966E-11   0.000000000000E+00   0.177343750000E+03   0.432122397307E-11   0.000000000000E+00
  102.   0.521875000000E+03   0.373571592659E-11   0.000000000000E+00   0.178125000000E+03   0.218767246087E-11   0.000000000000E+00
  103.   0.521093750000E+03   0.756978118048E-11   0.000000000000E+00   0.178906250000E+03   0.448892899138E-11   0.000000000000E+00
  104.   0.520312500000E+03   0.384736963052E-11   0.000000000000E+00   0.179687500000E+03   0.227226258274E-11   0.000000000000E+00
  105.   0.519531250000E+03   0.779559335716E-11   0.000000000000E+00   0.180468750000E+03   0.465912369220E-11   0.000000000000E+00
  106.   0.518750000000E+03   0.396154293765E-11   0.000000000000E+00   0.181250000000E+03   0.235809915355E-11   0.000000000000E+00
  107.   0.517968750000E+03   0.802606897898E-11   0.000000000000E+00   0.182031250000E+03   0.483181756397E-11   0.000000000000E+00
  108.   0.517187500000E+03   0.407786035203E-11   0.000000000000E+00   0.182812500000E+03   0.244518399535E-11   0.000000000000E+00
  109.   0.516406250000E+03   0.826052363698E-11   0.000000000000E+00   0.183593750000E+03   0.500700908356E-11   0.000000000000E+00
  110.   0.515625000000E+03   0.419601235997E-11   0.000000000000E+00   0.184375000000E+03   0.253351406154E-11   0.000000000000E+00
  111.   0.514843750000E+03   0.849839091215E-11   0.000000000000E+00   0.185156250000E+03   0.518468762414E-11   0.000000000000E+00
  112.   0.514062500000E+03   0.431574224837E-11   0.000000000000E+00   0.185937500000E+03   0.262308166748E-11   0.000000000000E+00
  113.   0.513281250000E+03   0.873919896746E-11   0.000000000000E+00   0.186718750000E+03   0.536483479870E-11   0.000000000000E+00
  114.   0.512500000000E+03   0.443683480465E-11   0.000000000000E+00   0.187500000000E+03   0.271387628722E-11   0.000000000000E+00
  115.   0.511718750000E+03   0.898255123788E-11   0.000000000000E+00   0.188281250000E+03   0.554742632575E-11   0.000000000000E+00
  116.   0.510937500000E+03   0.455910906115E-11   0.000000000000E+00   0.189062500000E+03   0.280588464971E-11   0.000000000000E+00
  117.   0.510156250000E+03   0.922811164745E-11   0.000000000000E+00   0.189843750000E+03   0.573243239684E-11   0.000000000000E+00
  118.   0.509375000000E+03   0.468241011145E-11   0.000000000000E+00   0.190625000000E+03   0.289908983112E-11   0.000000000000E+00
  119.   0.508593750000E+03   0.947559201671E-11   0.000000000000E+00   0.191406250000E+03   0.591981925584E-11   0.000000000000E+00
  120.   0.507812500000E+03   0.480660416546E-11   0.000000000000E+00   0.192187500000E+03   0.299347473011E-11   0.000000000000E+00
  121.   0.507031250000E+03   0.972474262008E-11   0.000000000000E+00   0.192968750000E+03   0.610954933104E-11   0.000000000000E+00
  122.   0.506250000000E+03   0.493157548547E-11   0.000000000000E+00   0.193750000000E+03   0.308901982549E-11   0.000000000000E+00
  123.   0.505468750000E+03   0.997534467381E-11   0.000000000000E+00   0.194531250000E+03   0.630158201190E-11   0.000000000000E+00
  124.   0.504687500000E+03   0.505722108341E-11   0.000000000000E+00   0.195312500000E+03   0.318570390782E-11   0.000000000000E+00
  125.   0.503906250000E+03   0.102272038131E-10   0.000000000000E+00   0.196093750000E+03   0.649587426870E-11   0.000000000000E+00
  126.   0.503125000000E+03   0.518344944768E-11   0.000000000000E+00   0.196875000000E+03   0.328350476831E-11   0.000000000000E+00
  127.   0.502343750000E+03   0.104801456914E-10   0.000000000000E+00   0.197656250000E+03   0.669238046884E-11   0.000000000000E+00
  128.   0.501562500000E+03   0.531017769962E-11   0.000000000000E+00   0.198437500000E+03   0.338239934777E-11   0.000000000000E+00
  129.   0.500781250000E+03   0.107340114595E-10   0.000000000000E+00   0.199218750000E+03   0.689105319398E-11   0.000000000000E+00
  130.   0.500000000000E+03   0.543733016696E-11   0.000000000000E+00   0.200000000000E+03   0.348236359996E-11   0.000000000000E+00
  131.   0.499218750000E+03   0.109886554174E-10   0.000000000000E+00   0.200781250000E+03   0.709184308654E-11   0.000000000000E+00
  132.   0.498437500000E+03   0.556483664720E-11   0.000000000000E+00   0.201562500000E+03   0.358337229677E-11   0.000000000000E+00
  133.   0.497656250000E+03   0.112439415098E-10   0.000000000000E+00   0.202343750000E+03   0.729469944082E-11   0.000000000000E+00
  134.   0.496875000000E+03   0.569263189235E-11   0.000000000000E+00   0.203125000000E+03   0.368539951013E-11   0.000000000000E+00
  135.   0.496093750000E+03   0.114997427705E-10   0.000000000000E+00   0.203906250000E+03   0.749957007313E-11   0.000000000000E+00
  136.   0.495312500000E+03   0.582065347667E-11   0.000000000000E+00   0.204687500000E+03   0.378841938638E-11   0.000000000000E+00
  137.   0.494531250000E+03   0.117559385480E-10   0.000000000000E+00   0.205468750000E+03   0.770640140841E-11   0.000000000000E+00
  138.   0.493750000000E+03   0.594884291957E-11   0.000000000000E+00   0.206250000000E+03   0.389240437746E-11   0.000000000000E+00
  139.   0.492968750000E+03   0.120124137349E-10   0.000000000000E+00   0.207031250000E+03   0.791513888870E-11   0.000000000000E+00
  140.   0.492187500000E+03   0.607714434318E-11   0.000000000000E+00   0.207812500000E+03   0.399732735769E-11   0.000000000000E+00
  141.   0.491406250000E+03   0.122690579282E-10   0.000000000000E+00   0.208593750000E+03   0.812572659522E-11   0.000000000000E+00
  142.   0.490625000000E+03   0.620550321394E-11   0.000000000000E+00   0.209375000000E+03   0.410315964109E-11   0.000000000000E+00
  143.   0.489843750000E+03   0.125257639283E-10   0.000000000000E+00   0.210156250000E+03   0.833810771363E-11   0.000000000000E+00
  144.   0.489062500000E+03   0.633386648185E-11   0.000000000000E+00   0.210937500000E+03   0.420987313645E-11   0.000000000000E+00
  145.   0.488281250000E+03   0.127824284943E-10   0.000000000000E+00   0.211718750000E+03   0.855222489357E-11   0.000000000000E+00
  146.   0.487500000000E+03   0.646218323472E-11   0.000000000000E+00   0.212500000000E+03   0.431743883529E-11   0.000000000000E+00
  147.   0.486718750000E+03   0.130389498874E-10   0.000000000000E+00   0.213281250000E+03   0.876801911738E-11   0.000000000000E+00
  148.   0.485937500000E+03   0.659040389429E-11   0.000000000000E+00   0.214062500000E+03   0.442582660151E-11   0.000000000000E+00
  149.   0.485156250000E+03   0.132952293014E-10   0.000000000000E+00   0.214843750000E+03   0.898543095349E-11   0.000000000000E+00
  150.   0.484375000000E+03   0.671847984608E-11   0.000000000000E+00   0.215625000000E+03   0.453500721684E-11   0.000000000000E+00
  151.   0.483593750000E+03   0.135511691186E-10   0.000000000000E+00   0.216406250000E+03   0.920439984136E-11   0.000000000000E+00
  152.   0.482812500000E+03   0.684636141519E-11   0.000000000000E+00   0.217187500000E+03   0.464494981621E-11   0.000000000000E+00
  153.   0.482031250000E+03   0.138066744647E-10   0.000000000000E+00   0.217968750000E+03   0.942486493242E-11   0.000000000000E+00
  154.   0.481250000000E+03   0.697400219947E-11   0.000000000000E+00   0.218750000000E+03   0.475562385533E-11   0.000000000000E+00
  155.   0.480468750000E+03   0.140616503435E-10   0.000000000000E+00   0.219531250000E+03   0.964676430438E-11   0.000000000000E+00
  156.   0.479687500000E+03   0.710135477667E-11   0.000000000000E+00   0.220312500000E+03   0.486699828965E-11   0.000000000000E+00
  157.   0.478906250000E+03   0.143160042921E-10   0.000000000000E+00   0.221093750000E+03   0.987003542716E-11   0.000000000000E+00
  158.   0.478125000000E+03   0.722837373155E-11   0.000000000000E+00   0.221875000000E+03   0.497904155650E-11   0.000000000000E+00
  159.   0.477343750000E+03   0.145696446796E-10   0.000000000000E+00   0.222656250000E+03   0.100946149537E-10   0.000000000000E+00
  160.   0.476562500000E+03   0.735501324066E-11   0.000000000000E+00   0.223437500000E+03   0.509172177764E-11   0.000000000000E+00
  161.   0.475781250000E+03   0.148224812158E-10   0.000000000000E+00   0.224218750000E+03   0.103204385899E-10   0.000000000000E+00
  162.   0.475000000000E+03   0.748122796456E-11   0.000000000000E+00   0.225000000000E+03   0.520500603889E-11   0.000000000000E+00
  163.   0.474218750000E+03   0.150744241287E-10   0.000000000000E+00   0.225781250000E+03   0.105474422214E-10   0.000000000000E+00
  164.   0.473437500000E+03   0.760697453199E-11   0.000000000000E+00   0.226562500000E+03   0.531886507400E-11   0.000000000000E+00
  165.   0.472656250000E+03   0.153253854268E-10   0.000000000000E+00   0.227343750000E+03   0.107755608668E-10   0.000000000000E+00
  166.   0.471875000000E+03   0.773220806096E-11   0.000000000000E+00   0.228125000000E+03   0.543326346710E-11   0.000000000000E+00
  167.   0.471093750000E+03   0.155752775774E-10   0.000000000000E+00   0.228906250000E+03   0.110047289009E-10   0.000000000000E+00
  168.   0.470312500000E+03   0.785688596510E-11   0.000000000000E+00   0.229687500000E+03   0.554816911312E-11   0.000000000000E+00
  169.   0.469531250000E+03   0.158240150625E-10   0.000000000000E+00   0.230468750000E+03   0.112348802625E-10   0.000000000000E+00
  170.   0.468750000000E+03   0.798096492594E-11   0.000000000000E+00   0.231250000000E+03   0.566354841491E-11   0.000000000000E+00
  171.   0.467968750000E+03   0.160715125980E-10   0.000000000000E+00   0.232031250000E+03   0.114659488859E-10   0.000000000000E+00
  172.   0.467187500000E+03   0.810440350494E-11   0.000000000000E+00   0.232812500000E+03   0.577936908214E-11   0.000000000000E+00
  173.   0.466406250000E+03   0.163176867715E-10   0.000000000000E+00   0.233593750000E+03   0.116978686665E-10   0.000000000000E+00
  174.   0.465625000000E+03   0.822715973256E-11   0.000000000000E+00   0.234375000000E+03   0.589559740530E-11   0.000000000000E+00
  175.   0.464843750000E+03   0.165624554134E-10   0.000000000000E+00   0.235156250000E+03   0.119305728396E-10   0.000000000000E+00
  176.   0.464062500000E+03   0.834919303989E-11   0.000000000000E+00   0.235937500000E+03   0.601220053618E-11   0.000000000000E+00
  177.   0.463281250000E+03   0.168057383931E-10   0.000000000000E+00   0.236718750000E+03   0.121639949570E-10   0.000000000000E+00
  178.   0.462500000000E+03   0.847046393012E-11   0.000000000000E+00   0.237500000000E+03   0.612914497934E-11   0.000000000000E+00
  179.   0.461718750000E+03   0.170474573425E-10   0.000000000000E+00   0.238281250000E+03   0.123980690829E-10   0.000000000000E+00
  180.   0.460937500000E+03   0.859093339711E-11   0.000000000000E+00   0.239062500000E+03   0.624639806792E-11   0.000000000000E+00
  181.   0.460156250000E+03   0.172875353640E-10   0.000000000000E+00   0.239843750000E+03   0.126327300138E-10   0.000000000000E+00
  182.   0.459375000000E+03   0.871056348038E-11   0.000000000000E+00   0.240625000000E+03   0.636392739866E-11   0.000000000000E+00
  183.   0.458593750000E+03   0.175258989483E-10   0.000000000000E+00   0.241406250000E+03   0.128679129115E-10   0.000000000000E+00
  184.   0.457812500000E+03   0.882931881543E-11   0.000000000000E+00   0.242187500000E+03   0.648170089792E-11   0.000000000000E+00
  185.   0.457031250000E+03   0.177624778543E-10   0.000000000000E+00   0.242968750000E+03   0.131035544334E-10   0.000000000000E+00
  186.   0.456250000000E+03   0.894716520300E-11   0.000000000000E+00   0.243750000000E+03   0.659968735643E-11   0.000000000000E+00
  187.   0.455468750000E+03   0.179972052030E-10   0.000000000000E+00   0.244531250000E+03   0.133395932910E-10   0.000000000000E+00
  188.   0.454687500000E+03   0.906406893487E-11   0.000000000000E+00   0.245312500000E+03   0.671785621071E-11   0.000000000000E+00
  189.   0.453906250000E+03   0.182300181975E-10   0.000000000000E+00   0.246093750000E+03   0.135759702653E-10   0.000000000000E+00
  190.   0.453125000000E+03   0.918000171846E-11   0.000000000000E+00   0.246875000000E+03   0.683617940182E-11   0.000000000000E+00
  191.   0.452343750000E+03   0.184608602941E-10   0.000000000000E+00   0.247656250000E+03   0.138126294663E-10   0.000000000000E+00
  192.   0.451562500000E+03   0.929493561443E-11   0.000000000000E+00   0.248437500000E+03   0.695462877848E-11   0.000000000000E+00
  193.   0.450781250000E+03   0.186896810029E-10   0.000000000000E+00   0.249218750000E+03   0.140495193438E-10   0.000000000000E+00
  194.   0.450000000000E+03   0.940884716082E-11   0.000000000000E+00   0.250000000000E+03   0.707318070326E-11   0.000000000000E+00
  195.   0.449218750000E+03   0.189164380760E-10   0.000000000000E+00   0.250781250000E+03   0.142865936737E-10   0.000000000000E+00
  196.   0.448437500000E+03   0.952171765566E-11   0.000000000000E+00   0.251562500000E+03   0.719181346479E-11   0.000000000000E+00
  197.   0.447656250000E+03   0.191410992509E-10   0.000000000000E+00   0.252343750000E+03   0.145238135728E-10   0.000000000000E+00
  198.   0.446875000000E+03   0.963353383990E-11   0.000000000000E+00   0.253125000000E+03   0.731050892596E-11   0.000000000000E+00
  199.   0.446093750000E+03   0.193636444375E-10   0.000000000000E+00   0.253906250000E+03   0.147611484625E-10   0.000000000000E+00
  200.   0.445312500000E+03   0.974428884035E-11   0.000000000000E+00   0.254687500000E+03   0.742925563991E-11   0.000000000000E+00
  201.   0.444531250000E+03   0.195840694566E-10   0.000000000000E+00   0.255468750000E+03   0.149985795841E-10   0.000000000000E+00
  202.   0.443750000000E+03   0.985398483865E-11   0.000000000000E+00   0.256250000000E+03   0.754804574914E-11   0.000000000000E+00
  203.   0.442968750000E+03   0.198023890323E-10   0.000000000000E+00   0.257031250000E+03   0.152361028602E-10   0.000000000000E+00
  204.   0.442187500000E+03   0.996263634433E-11   0.000000000000E+00   0.257812500000E+03   0.766688231318E-11   0.000000000000E+00
  205.   0.441406250000E+03   0.200186415432E-10   0.000000000000E+00   0.258593750000E+03   0.154737324536E-10   0.000000000000E+00
  206.   0.440625000000E+03   0.100702653938E-10   0.000000000000E+00   0.259375000000E+03   0.778577827639E-11   0.000000000000E+00
  207.   0.439843750000E+03   0.202328938021E-10   0.000000000000E+00   0.260156250000E+03   0.157115056472E-10   0.000000000000E+00
  208.   0.439062500000E+03   0.101769158177E-10   0.000000000000E+00   0.260937500000E+03   0.790475746706E-11   0.000000000000E+00
  209.   0.438281250000E+03   0.204452505338E-10   0.000000000000E+00   0.261718750000E+03   0.159494891343E-10   0.000000000000E+00
  210.   0.437500000000E+03   0.102826501055E-10   0.000000000000E+00   0.262500000000E+03   0.802386186888E-11   0.000000000000E+00
  211.   0.436718750000E+03   0.206558607688E-10   0.000000000000E+00   0.263281250000E+03   0.161877868877E-10   0.000000000000E+00
  212.   0.435937500000E+03   0.103875548258E-10   0.000000000000E+00   0.264062500000E+03   0.814315397098E-11   0.000000000000E+00
  213.   0.435156250000E+03   0.208649308537E-10   0.000000000000E+00   0.264843750000E+03   0.164265484147E-10   0.000000000000E+00
  214.   0.434375000000E+03   0.104917496565E-10   0.000000000000E+00   0.265625000000E+03   0.826272134722E-11   0.000000000000E+00
  215.   0.433593750000E+03   0.210727379552E-10   0.000000000000E+00   0.266406250000E+03   0.166659828938E-10   0.000000000000E+00
  216.   0.432812500000E+03   0.105953925998E-10   0.000000000000E+00   0.267187500000E+03   0.838268401780E-11   0.000000000000E+00
  217.   0.432031250000E+03   0.212796480624E-10   0.000000000000E+00   0.267968750000E+03   0.169063732987E-10   0.000000000000E+00
  218.   0.431250000000E+03   0.106986909773E-10   0.000000000000E+00   0.268750000000E+03   0.850320582367E-11   0.000000000000E+00
  219.   0.430468750000E+03   0.214861368133E-10   0.000000000000E+00   0.269531250000E+03   0.171480948521E-10   0.000000000000E+00
  220.   0.429687500000E+03   0.108019124940E-10   0.000000000000E+00   0.270312500000E+03   0.862449975411E-11   0.000000000000E+00
  221.   0.428906250000E+03   0.216928169888E-10   0.000000000000E+00   0.271093750000E+03   0.173916402942E-10   0.000000000000E+00
  222.   0.428125000000E+03   0.109054027453E-10   0.000000000000E+00   0.271875000000E+03   0.874684322448E-11   0.000000000000E+00
  223.   0.427343750000E+03   0.219004741500E-10   0.000000000000E+00   0.272656250000E+03   0.176376484158E-10   0.000000000000E+00
  224.   0.426562500000E+03   0.110096013493E-10   0.000000000000E+00   0.273437500000E+03   0.887059788107E-11   0.000000000000E+00
  225.   0.425781250000E+03   0.221101077505E-10   0.000000000000E+00   0.274218750000E+03   0.178869424740E-10   0.000000000000E+00
  226.   0.425000000000E+03   0.111150690244E-10   0.000000000000E+00   0.275000000000E+03   0.899622752563E-11   0.000000000000E+00
  227.   0.424218750000E+03   0.223229868102E-10   0.000000000000E+00   0.275781250000E+03   0.181405768761E-10   0.000000000000E+00
  228.   0.423437500000E+03   0.112225129595E-10   0.000000000000E+00   0.276562500000E+03   0.912432199945E-11   0.000000000000E+00
  229.   0.422656250000E+03   0.225407146741E-10   0.000000000000E+00   0.277343750000E+03   0.183998986288E-10   0.000000000000E+00
  230.   0.421875000000E+03   0.113328297140E-10   0.000000000000E+00   0.278125000000E+03   0.925563680191E-11   0.000000000000E+00
  231.   0.421093750000E+03   0.227653131480E-10   0.000000000000E+00   0.278906250000E+03   0.186666191824E-10   0.000000000000E+00
  232.   0.420312500000E+03   0.114471450595E-10   0.000000000000E+00   0.279687500000E+03   0.939112892685E-11   0.000000000000E+00
  233.   0.419531250000E+03   0.229993278822E-10   0.000000000000E+00   0.280468750000E+03   0.189429092544E-10   0.000000000000E+00
  234.   0.418750000000E+03   0.115668776153E-10   0.000000000000E+00   0.281250000000E+03   0.953201086145E-11   0.000000000000E+00
  235.   0.417968750000E+03   0.232459587366E-10   0.000000000000E+00   0.282031250000E+03   0.192315157490E-10   0.000000000000E+00
  236.   0.417187500000E+03   0.116938095415E-10   0.000000000000E+00   0.282812500000E+03   0.967981762051E-11   0.000000000000E+00
  237.   0.416406250000E+03   0.235092213633E-10   0.000000000000E+00   0.283593750000E+03   0.195359104696E-10   0.000000000000E+00
  238.   0.415625000000E+03   0.118301742134E-10   0.000000000000E+00   0.284375000000E+03   0.983648653900E-11   0.000000000000E+00
  239.   0.414843750000E+03   0.237941541078E-10   0.000000000000E+00   0.285156250000E+03   0.198604737951E-10   0.000000000000E+00
  240.   0.414062500000E+03   0.119787758630E-10   0.000000000000E+00   0.285937500000E+03   0.100044601481E-10   0.000000000000E+00
  241.   0.413281250000E+03   0.241070705606E-10   0.000000000000E+00   0.286718750000E+03   0.202107290533E-10   0.000000000000E+00
  242.   0.412500000000E+03   0.121431232406E-10   0.000000000000E+00   0.287500000000E+03   0.101868179012E-10   0.000000000000E+00
  243.   0.411718750000E+03   0.244558795834E-10   0.000000000000E+00   0.288281250000E+03   0.205936328011E-10   0.000000000000E+00
  244.   0.410937500000E+03   0.123276159081E-10   0.000000000000E+00   0.289062500000E+03   0.103874376169E-10   0.000000000000E+00
  245.   0.410156250000E+03   0.248504835106E-10   0.000000000000E+00   0.289843750000E+03   0.210179416465E-10   0.000000000000E+00
  246.   0.409375000000E+03   0.125377567082E-10   0.000000000000E+00   0.290625000000E+03   0.106111986234E-10   0.000000000000E+00
  247.   0.408593750000E+03   0.253032756886E-10   0.000000000000E+00   0.291406250000E+03   0.214946731472E-10   0.000000000000E+00
  248.   0.407812500000E+03   0.127804352208E-10   0.000000000000E+00   0.292187500000E+03   0.108642372734E-10   0.000000000000E+00
  249.   0.407031250000E+03   0.258297636490E-10   0.000000000000E+00   0.292968750000E+03   0.220376820510E-10   0.000000000000E+00
  250.   0.406250000000E+03   0.130642694221E-10   0.000000000000E+00   0.293750000000E+03   0.111542710731E-10   0.000000000000E+00
  251.   0.405468750000E+03   0.264493463725E-10   0.000000000000E+00   0.294531250000E+03   0.226643878581E-10   0.000000000000E+00
  252.   0.404687500000E+03   0.134000384944E-10   0.000000000000E+00   0.295312500000E+03   0.114910028485E-10   0.000000000000E+00
  253.   0.403906250000E+03   0.271862861503E-10   0.000000000000E+00   0.296093750000E+03   0.233966832602E-10   0.000000000000E+00
  254.   0.403125000000E+03   0.138012252573E-10   0.000000000000E+00   0.296875000000E+03   0.118866206263E-10   0.000000000000E+00
  255.   0.402343750000E+03   0.280709245192E-10   0.000000000000E+00   0.297656250000E+03   0.242620786230E-10   0.000000000000E+00
  256.   0.401562500000E+03   0.142846880003E-10   0.000000000000E+00   0.298437500000E+03   0.123564439137E-10   0.000000000000E+00
  257.   0.400781250000E+03   0.291411992337E-10   0.000000000000E+00   0.299218750000E+03   0.252951351691E-10   0.000000000000E+00
  258.   0.400000000000E+03   0.148715027390E-10   0.000000000000E+00   0.300000000000E+03   0.129197142493E-10   0.000000000000E+00
  259.   0.399218750000E+03   0.304445430293E-10   0.000000000000E+00   0.300781250000E+03   0.265392669912E-10   0.000000000000E+00
  260.   0.398437500000E+03   0.155880230202E-10   0.000000000000E+00   0.301562500000E+03   0.136006018116E-10   0.000000000000E+00
  261.   0.397656250000E+03   0.320402549982E-10   0.000000000000E+00   0.302343750000E+03   0.280490044967E-10   0.000000000000E+00
  262.   0.396875000000E+03   0.164671952449E-10   0.000000000000E+00   0.303125000000E+03   0.144294643081E-10   0.000000000000E+00
  263.   0.396093750000E+03   0.340024658364E-10   0.000000000000E+00   0.303906250000E+03   0.298928313399E-10   0.000000000000E+00
  264.   0.395312500000E+03   0.175501992807E-10   0.000000000000E+00   0.304687500000E+03   0.154444246122E-10   0.000000000000E+00
  265.   0.394531250000E+03   0.364238412370E-10   0.000000000000E+00   0.305468750000E+03   0.321567485011E-10   0.000000000000E+00
  266.   0.393750000000E+03   0.188885152333E-10   0.000000000000E+00   0.306250000000E+03   0.166933575677E-10   0.000000000000E+00
  267.   0.392968750000E+03   0.394202137280E-10   0.000000000000E+00   0.307031250000E+03   0.349487503934E-10   0.000000000000E+00
  268.   0.392187500000E+03   0.205464921547E-10   0.000000000000E+00   0.307812500000E+03   0.182363781717E-10   0.000000000000E+00
  269.   0.391406250000E+03   0.431363684707E-10   0.000000000000E+00   0.308593750000E+03   0.384044415459E-10   0.000000000000E+00
  270.   0.390625000000E+03   0.226045601367E-10   0.000000000000E+00   0.309375000000E+03   0.201489694249E-10   0.000000000000E+00
  271.   0.389843750000E+03   0.477532782082E-10   0.000000000000E+00   0.310156250000E+03   0.426940889526E-10   0.000000000000E+00
  272.   0.389062500000E+03   0.251632545813E-10   0.000000000000E+00   0.310937500000E+03   0.225259084647E-10   0.000000000000E+00
  273.   0.388281250000E+03   0.534971454080E-10   0.000000000000E+00   0.311718750000E+03   0.480314776682E-10   0.000000000000E+00
  274.   0.387500000000E+03   0.283482340098E-10   0.000000000000E+00   0.312500000000E+03   0.254861929958E-10   0.000000000000E+00
  275.   0.386718750000E+03   0.606507049934E-10   0.000000000000E+00   0.313281250000E+03   0.546850307795E-10   0.000000000000E+00
  276.   0.385937500000E+03   0.323165611300E-10   0.000000000000E+00   0.314062500000E+03   0.291792336169E-10   0.000000000000E+00
  277.   0.385156250000E+03   0.695673556682E-10   0.000000000000E+00   0.314843750000E+03   0.629917697629E-10   0.000000000000E+00
  278.   0.384375000000E+03   0.372645539884E-10   0.000000000000E+00   0.315625000000E+03   0.337926278781E-10   0.000000000000E+00
  279.   0.383593750000E+03   0.806888307876E-10   0.000000000000E+00   0.316406250000E+03   0.733748536088E-10   0.000000000000E+00
  280.   0.382812500000E+03   0.434376038966E-10   0.000000000000E+00   0.317187500000E+03   0.395619121395E-10   0.000000000000E+00
  281.   0.382031250000E+03   0.945672998992E-10   0.000000000000E+00   0.317968750000E+03   0.863656098572E-10   0.000000000000E+00
  282.   0.381250000000E+03   0.511424518991E-10   0.000000000000E+00   0.318750000000E+03   0.467828352276E-10   0.000000000000E+00
  283.   0.380468750000E+03   0.111893028437E-09   0.000000000000E+00   0.319531250000E+03   0.102631227924E-09   0.000000000000E+00
  284.   0.379687500000E+03   0.607625615682E-10   0.000000000000E+00   0.320312500000E+03   0.558267838459E-10   0.000000000000E+00
  285.   0.378906250000E+03   0.133529010830E-09   0.000000000000E+00   0.321093750000E+03   0.123009582372E-09   0.000000000000E+00
  286.   0.378125000000E+03   0.727773669048E-10   0.000000000000E+00   0.321875000000E+03   0.671601520133E-10   0.000000000000E+00
  287.   0.377343750000E+03   0.160554396798E-09   0.000000000000E+00   0.322656250000E+03   0.148553086768E-09   0.000000000000E+00
  288.   0.376562500000E+03   0.877864265655E-10   0.000000000000E+00   0.323437500000E+03   0.813688041923E-10   0.000000000000E+00
  289.   0.375781250000E+03   0.194319037297E-09   0.000000000000E+00   0.324218750000E+03   0.180584004589E-09   0.000000000000E+00
  290.   0.375000000000E+03   0.106539785295E-09   0.000000000000E+00   0.325000000000E+03   0.991889046831E-10   0.000000000000E+00
  291.   0.374218750000E+03   0.236512217480E-09   0.000000000000E+00   0.325781250000E+03   0.220764420778E-09   0.000000000000E+00
  292.   0.373437500000E+03   0.129976300783E-09   0.000000000000E+00   0.326562500000E+03   0.121546005208E-09   0.000000000000E+00
  293.   0.372656250000E+03   0.289249702845E-09   0.000000000000E+00   0.327343750000E+03   0.271185176137E-09   0.000000000000E+00
  294.   0.371875000000E+03   0.159272328853E-09   0.000000000000E+00   0.328125000000E+03   0.149604869063E-09   0.000000000000E+00
  295.   0.371093750000E+03   0.355184816992E-09   0.000000000000E+00   0.328906250000E+03   0.334479720106E-09   0.000000000000E+00
  296.   0.370312500000E+03   0.195904116960E-09   0.000000000000E+00   0.329687500000E+03   0.184833497527E-09   0.000000000000E+00
  297.   0.369531250000E+03   0.437652040750E-09   0.000000000000E+00   0.330468750000E+03   0.413971648462E-09   0.000000000000E+00
  298.   0.368750000000E+03   0.241729322435E-09   0.000000000000E+00   0.331250000000E+03   0.229086939451E-09   0.000000000000E+00
  299.   0.367968750000E+03   0.540855637782E-09   0.000000000000E+00   0.332031250000E+03   0.513868817350E-09   0.000000000000E+00
  300.   0.367187500000E+03   0.299094660046E-09   0.000000000000E+00   0.332812500000E+03   0.284718128722E-09   0.000000000000E+00
  301.   0.366406250000E+03   0.670125720493E-09   0.000000000000E+00   0.333593750000E+03   0.639526826109E-09   0.000000000000E+00
  302.   0.365625000000E+03   0.370988818778E-09   0.000000000000E+00   0.334375000000E+03   0.354734882902E-09   0.000000000000E+00
  303.   0.364843750000E+03   0.832272688769E-09   0.000000000000E+00   0.335156250000E+03   0.797813604261E-09   0.000000000000E+00
  304.   0.364062500000E+03   0.461246231281E-09   0.000000000000E+00   0.335937500000E+03   0.443009702911E-09   0.000000000000E+00
  305.   0.363281250000E+03   0.103612315328E-08   0.000000000000E+00   0.336718750000E+03   0.997658193914E-09   0.000000000000E+00
  306.   0.362500000000E+03   0.574931653712E-09   0.000000000000E+00   0.337500000000E+03   0.554669925795E-09   0.000000000000E+00
  307.   0.361718750000E+03   0.129330064556E-08   0.000000000000E+00   0.338281250000E+03   0.125085057488E-08   0.000000000000E+00
  308.   0.360937500000E+03   0.718713130166E-09   0.000000000000E+00   0.339062500000E+03   0.696485049421E-09   0.000000000000E+00
  309.   0.360156250000E+03   0.161969252083E-08   0.000000000000E+00   0.339843750000E+03   0.157352878834E-08   0.000000000000E+00
  310.   0.359375000000E+03   0.902548394761E-09   0.000000000000E+00   0.340625000000E+03   0.878549351639E-09   0.000000000000E+00
  311.   0.358593750000E+03   0.203755467716E-08   0.000000000000E+00   0.341406250000E+03   0.198832805178E-08   0.000000000000E+00
  312.   0.357812500000E+03   0.113958347466E-08   0.000000000000E+00   0.342187500000E+03   0.111423678978E-08   0.000000000000E+00
  313.   0.357031250000E+03   0.258098509311E-08   0.000000000000E+00   0.342968750000E+03   0.252988519905E-08   0.000000000000E+00
  314.   0.356250000000E+03   0.145725464663E-08   0.000000000000E+00   0.343750000000E+03   0.143124860924E-08   0.000000000000E+00
  315.   0.355468750000E+03   0.330586854461E-08   0.000000000000E+00   0.344531250000E+03   0.325489328551E-08   0.000000000000E+00
  316.   0.354687500000E+03   0.189552880289E-08   0.000000000000E+00   0.345312500000E+03   0.186994495901E-08   0.000000000000E+00
  317.   0.353906250000E+03   0.431202938287E-08   0.000000000000E+00   0.346093750000E+03   0.426449481106E-08   0.000000000000E+00
  318.   0.353125000000E+03   0.254178728717E-08   0.000000000000E+00   0.346875000000E+03   0.251912234556E-08   0.000000000000E+00
  319.   0.352343750000E+03   0.590749417984E-08   0.000000000000E+00   0.347656250000E+03   0.586824659650E-08   0.000000000000E+00
  320.   0.351562500000E+03   0.395478977300E-08   0.000000000000E+00   0.348437500000E+03   0.393555194737E-08   0.000000000000E+00
  321.   0.350781250000E+03   0.857795267203E-08   0.000000000000E+00   0.349218750000E+03   0.856180491891E-08   0.000000000000E+00
  322.   0.350000000000E+03   0.127190361083E-07   0.000000000000E+00   0.350000000000E+03   0.127190361079E-07   0.000000000000E+00
  323.   0.349218750000E+03   0.856180491933E-08   0.000000000000E+00   0.350781250000E+03   0.857795267091E-08   0.000000000000E+00
  324.   0.348437500000E+03   0.393555194754E-08   0.000000000000E+00   0.351562500000E+03   0.395478977255E-08   0.000000000000E+00
  325.   0.347656250000E+03   0.586824659662E-08   0.000000000000E+00   0.352343750000E+03   0.590749417865E-08   0.000000000000E+00
  326.   0.346875000000E+03   0.251912234632E-08   0.000000000000E+00   0.353125000000E+03   0.254178728683E-08   0.000000000000E+00
  327.   0.346093750000E+03   0.426449481151E-08   0.000000000000E+00   0.353906250000E+03   0.431202938196E-08   0.000000000000E+00
  328.   0.345312500000E+03   0.186994496051E-08   0.000000000000E+00   0.354687500000E+03   0.189552880175E-08   0.000000000000E+00
  329.   0.344531250000E+03   0.325489328627E-08   0.000000000000E+00   0.355468750000E+03   0.330586854410E-08   0.000000000000E+00
  330.   0.343750000000E+03   0.143124861057E-08   0.000000000000E+00   0.356250000000E+03   0.145725464601E-08   0.000000000000E+00
  331.   0.342968750000E+03   0.252988519944E-08   0.000000000000E+00   0.357031250000E+03   0.258098509248E-08   0.000000000000E+00
  332.   0.342187500000E+03   0.111423678937E-08   0.000000000000E+00   0.357812500000E+03   0.113958347443E-08   0.000000000000E+00
  333.   0.341406250000E+03   0.198832805193E-08   0.000000000000E+00   0.358593750000E+03   0.203755467662E-08   0.000000000000E+00
  334.   0.340625000000E+03   0.878549351334E-09   0.000000000000E+00   0.359375000000E+03   0.902548394272E-09   0.000000000000E+00
  335.   0.339843750000E+03   0.157352878885E-08   0.000000000000E+00   0.360156250000E+03   0.161969252097E-08   0.000000000000E+00
  336.   0.339062500000E+03   0.696485049733E-09   0.000000000000E+00   0.360937500000E+03   0.718713128972E-09   0.000000000000E+00
  337.   0.338281250000E+03   0.125085057536E-08   0.000000000000E+00   0.361718750000E+03   0.129330064564E-08   0.000000000000E+00
  338.   0.337500000000E+03   0.554669925734E-09   0.000000000000E+00   0.362500000000E+03   0.574931653248E-09   0.000000000000E+00
  339.   0.336718750000E+03   0.997658194569E-09   0.000000000000E+00   0.363281250000E+03   0.103612315310E-08   0.000000000000E+00
  340.   0.335937500000E+03   0.443009703649E-09   0.000000000000E+00   0.364062500000E+03   0.461246230387E-09   0.000000000000E+00
  341.   0.335156250000E+03   0.797813605376E-09   0.000000000000E+00   0.364843750000E+03   0.832272688625E-09   0.000000000000E+00
  342.   0.334375000000E+03   0.354734882312E-09   0.000000000000E+00   0.365625000000E+03   0.370988820161E-09   0.000000000000E+00
  343.   0.333593750000E+03   0.639526827286E-09   0.000000000000E+00   0.366406250000E+03   0.670125720660E-09   0.000000000000E+00
  344.   0.332812500000E+03   0.284718128852E-09   0.000000000000E+00   0.367187500000E+03   0.299094659919E-09   0.000000000000E+00
  345.   0.332031250000E+03   0.513868818151E-09   0.000000000000E+00   0.367968750000E+03   0.540855637778E-09   0.000000000000E+00
  346.   0.331250000000E+03   0.229086941626E-09   0.000000000000E+00   0.368750000000E+03   0.241729321873E-09   0.000000000000E+00
  347.   0.330468750000E+03   0.413971649196E-09   0.000000000000E+00   0.369531250000E+03   0.437652040625E-09   0.000000000000E+00
  348.   0.329687500000E+03   0.184833498756E-09   0.000000000000E+00   0.370312500000E+03   0.195904116214E-09   0.000000000000E+00
  349.   0.328906250000E+03   0.334479721061E-09   0.000000000000E+00   0.371093750000E+03   0.355184816951E-09   0.000000000000E+00
  350.   0.328125000000E+03   0.149604870100E-09   0.000000000000E+00   0.371875000000E+03   0.159272328826E-09   0.000000000000E+00
  351.   0.327343750000E+03   0.271185176543E-09   0.000000000000E+00   0.372656250000E+03   0.289249703089E-09   0.000000000000E+00
  352.   0.326562500000E+03   0.121546006547E-09   0.000000000000E+00   0.373437500000E+03   0.129976300558E-09   0.000000000000E+00
  353.   0.325781250000E+03   0.220764420992E-09   0.000000000000E+00   0.374218750000E+03   0.236512217576E-09   0.000000000000E+00
  354.   0.325000000000E+03   0.991889048884E-10   0.000000000000E+00   0.375000000000E+03   0.106539784973E-09   0.000000000000E+00
  355.   0.324218750000E+03   0.180584005256E-09   0.000000000000E+00   0.375781250000E+03   0.194319037407E-09   0.000000000000E+00
  356.   0.323437500000E+03   0.813688043396E-10   0.000000000000E+00   0.376562500000E+03   0.877864261381E-10   0.000000000000E+00
  357.   0.322656250000E+03   0.148553087803E-09   0.000000000000E+00   0.377343750000E+03   0.160554396419E-09   0.000000000000E+00
  358.   0.321875000000E+03   0.671601528331E-10   0.000000000000E+00   0.378125000000E+03   0.727773668194E-10   0.000000000000E+00
  359.   0.321093750000E+03   0.123009583396E-09   0.000000000000E+00   0.378906250000E+03   0.133529010153E-09   0.000000000000E+00
  360.   0.320312500000E+03   0.558267833650E-10   0.000000000000E+00   0.379687500000E+03   0.607625618002E-10   0.000000000000E+00
  361.   0.319531250000E+03   0.102631228613E-09   0.000000000000E+00   0.380468750000E+03   0.111893028273E-09   0.000000000000E+00
  362.   0.318750000000E+03   0.467828373446E-10   0.000000000000E+00   0.381250000000E+03   0.511424523447E-10   0.000000000000E+00
  363.   0.317968750000E+03   0.863656109845E-10   0.000000000000E+00   0.382031250000E+03   0.945673000852E-10   0.000000000000E+00
  364.   0.317187500000E+03   0.395619116935E-10   0.000000000000E+00   0.382812500000E+03   0.434376039168E-10   0.000000000000E+00
  365.   0.316406250000E+03   0.733748544244E-10   0.000000000000E+00   0.383593750000E+03   0.806888309418E-10   0.000000000000E+00
  366.   0.315625000000E+03   0.337926277288E-10   0.000000000000E+00   0.384375000000E+03   0.372645544365E-10   0.000000000000E+00
  367.   0.314843750000E+03   0.629917707698E-10   0.000000000000E+00   0.385156250000E+03   0.695673559124E-10   0.000000000000E+00
  368.   0.314062500000E+03   0.291792353582E-10   0.000000000000E+00   0.385937500000E+03   0.323165613636E-10   0.000000000000E+00
  369.   0.313281250000E+03   0.546850322003E-10   0.000000000000E+00   0.386718750000E+03   0.606507055631E-10   0.000000000000E+00
  370.   0.312500000000E+03   0.254861932657E-10   0.000000000000E+00   0.387500000000E+03   0.283482341022E-10   0.000000000000E+00
  371.   0.311718750000E+03   0.480314790645E-10   0.000000000000E+00   0.388281250000E+03   0.534971461168E-10   0.000000000000E+00
  372.   0.310937500000E+03   0.225259084794E-10   0.000000000000E+00   0.389062500000E+03   0.251632557060E-10   0.000000000000E+00
  373.   0.310156250000E+03   0.426940901836E-10   0.000000000000E+00   0.389843750000E+03   0.477532784190E-10   0.000000000000E+00
  374.   0.309375000000E+03   0.201489697218E-10   0.000000000000E+00   0.390625000000E+03   0.226045609741E-10   0.000000000000E+00
  375.   0.308593750000E+03   0.384044428924E-10   0.000000000000E+00   0.391406250000E+03   0.431363679564E-10   0.000000000000E+00
  376.   0.307812500000E+03   0.182363794027E-10   0.000000000000E+00   0.392187500000E+03   0.205464921183E-10   0.000000000000E+00
  377.   0.307031250000E+03   0.349487521751E-10   0.000000000000E+00   0.392968750000E+03   0.394202130269E-10   0.000000000000E+00
  378.   0.306250000000E+03   0.166933593737E-10   0.000000000000E+00   0.393750000000E+03   0.188885156573E-10   0.000000000000E+00
  379.   0.305468750000E+03   0.321567502051E-10   0.000000000000E+00   0.394531250000E+03   0.364238409420E-10   0.000000000000E+00
  380.   0.304687500000E+03   0.154444254882E-10   0.000000000000E+00   0.395312500000E+03   0.175501989882E-10   0.000000000000E+00
  381.   0.303906250000E+03   0.298928329489E-10   0.000000000000E+00   0.396093750000E+03   0.340024660399E-10   0.000000000000E+00
  382.   0.303125000000E+03   0.144294651623E-10   0.000000000000E+00   0.396875000000E+03   0.164671951141E-10   0.000000000000E+00
  383.   0.302343750000E+03   0.280490060631E-10   0.000000000000E+00   0.397656250000E+03   0.320402555476E-10   0.000000000000E+00
  384.   0.301562500000E+03   0.136006017077E-10   0.000000000000E+00   0.398437500000E+03   0.155880233092E-10   0.000000000000E+00
  385.   0.300781250000E+03   0.265392680754E-10   0.000000000000E+00   0.399218750000E+03   0.304445435987E-10   0.000000000000E+00
  386.   0.300000000000E+03   0.129197142554E-10   0.000000000000E+00   0.400000000000E+03   0.148715026870E-10   0.000000000000E+00
  387.   0.299218750000E+03   0.252951363037E-10   0.000000000000E+00   0.400781250000E+03   0.291412000939E-10   0.000000000000E+00
  388.   0.298437500000E+03   0.123564441968E-10   0.000000000000E+00   0.401562500000E+03   0.142846876146E-10   0.000000000000E+00
  389.   0.297656250000E+03   0.242620801916E-10   0.000000000000E+00   0.402343750000E+03   0.280709254353E-10   0.000000000000E+00
  390.   0.296875000000E+03   0.118866212711E-10   0.000000000000E+00   0.403125000000E+03   0.138012252705E-10   0.000000000000E+00
  391.   0.296093750000E+03   0.233966853196E-10   0.000000000000E+00   0.403906250000E+03   0.271862868307E-10   0.000000000000E+00
  392.   0.295312500000E+03   0.114910031512E-10   0.000000000000E+00   0.404687500000E+03   0.134000391815E-10   0.000000000000E+00
  393.   0.294531250000E+03   0.226643893459E-10   0.000000000000E+00   0.405468750000E+03   0.264493466487E-10   0.000000000000E+00
  394.   0.293750000000E+03   0.111542725480E-10   0.000000000000E+00   0.406250000000E+03   0.130642693453E-10   0.000000000000E+00
  395.   0.292968750000E+03   0.220376828687E-10   0.000000000000E+00   0.407031250000E+03   0.258297637314E-10   0.000000000000E+00
  396.   0.292187500000E+03   0.108642370951E-10   0.000000000000E+00   0.407812500000E+03   0.127804347211E-10   0.000000000000E+00
  397.   0.291406250000E+03   0.214946738062E-10   0.000000000000E+00   0.408593750000E+03   0.253032757783E-10   0.000000000000E+00
  398.   0.290625000000E+03   0.106111991847E-10   0.000000000000E+00   0.409375000000E+03   0.125377568133E-10   0.000000000000E+00
  399.   0.289843750000E+03   0.210179425627E-10   0.000000000000E+00   0.410156250000E+03   0.248504838014E-10   0.000000000000E+00
  400.   0.289062500000E+03   0.103874387628E-10   0.000000000000E+00   0.410937500000E+03   0.123276154700E-10   0.000000000000E+00
  401.   0.288281250000E+03   0.205936334079E-10   0.000000000000E+00   0.411718750000E+03   0.244558802107E-10   0.000000000000E+00
  402.   0.287500000000E+03   0.101868184520E-10   0.000000000000E+00   0.412500000000E+03   0.121431231628E-10   0.000000000000E+00
  403.   0.286718750000E+03   0.202107295408E-10   0.000000000000E+00   0.413281250000E+03   0.241070715095E-10   0.000000000000E+00
  404.   0.285937500000E+03   0.100044604981E-10   0.000000000000E+00   0.414062500000E+03   0.119787752415E-10   0.000000000000E+00
  405.   0.285156250000E+03   0.198604745073E-10   0.000000000000E+00   0.414843750000E+03   0.237941550949E-10   0.000000000000E+00
  406.   0.284375000000E+03   0.983648687045E-11   0.000000000000E+00   0.415625000000E+03   0.118301746467E-10   0.000000000000E+00
  407.   0.283593750000E+03   0.195359111514E-10   0.000000000000E+00   0.416406250000E+03   0.235092225486E-10   0.000000000000E+00
  408.   0.282812500000E+03   0.967981879976E-11   0.000000000000E+00   0.417187500000E+03   0.116938101079E-10   0.000000000000E+00
  409.   0.282031250000E+03   0.192315165885E-10   0.000000000000E+00   0.417968750000E+03   0.232459599112E-10   0.000000000000E+00
  410.   0.281250000000E+03   0.953201144285E-11   0.000000000000E+00   0.418750000000E+03   0.115668790868E-10   0.000000000000E+00
  411.   0.280468750000E+03   0.189429099992E-10   0.000000000000E+00   0.419531250000E+03   0.229993291950E-10   0.000000000000E+00
  412.   0.279687500000E+03   0.939112849925E-11   0.000000000000E+00   0.420312500000E+03   0.114471459677E-10   0.000000000000E+00
  413.   0.278906250000E+03   0.186666203078E-10   0.000000000000E+00   0.421093750000E+03   0.227653139590E-10   0.000000000000E+00
  414.   0.278125000000E+03   0.925563730718E-11   0.000000000000E+00   0.421875000000E+03   0.113328304888E-10   0.000000000000E+00
  415.   0.277343750000E+03   0.183999001054E-10   0.000000000000E+00   0.422656250000E+03   0.225407152157E-10   0.000000000000E+00
  416.   0.276562500000E+03   0.912432316921E-11   0.000000000000E+00   0.423437500000E+03   0.112225139582E-10   0.000000000000E+00
  417.   0.275781250000E+03   0.181405785007E-10   0.000000000000E+00   0.424218750000E+03   0.223229874737E-10   0.000000000000E+00
  418.   0.275000000000E+03   0.899622808103E-11   0.000000000000E+00   0.425000000000E+03   0.111150702687E-10   0.000000000000E+00
  419.   0.274218750000E+03   0.178869434535E-10   0.000000000000E+00   0.425781250000E+03   0.221101086898E-10   0.000000000000E+00
  420.   0.273437500000E+03   0.887059900659E-11   0.000000000000E+00   0.426562500000E+03   0.110096020992E-10   0.000000000000E+00
  421.   0.272656250000E+03   0.176376492854E-10   0.000000000000E+00   0.427343750000E+03   0.219004749086E-10   0.000000000000E+00
  422.   0.271875000000E+03   0.874684374709E-11   0.000000000000E+00   0.428125000000E+03   0.109054028133E-10   0.000000000000E+00
  423.   0.271093750000E+03   0.173916414723E-10   0.000000000000E+00   0.428906250000E+03   0.216928179746E-10   0.000000000000E+00
  424.   0.270312500000E+03   0.862450039215E-11   0.000000000000E+00   0.429687500000E+03   0.108019130568E-10   0.000000000000E+00
  425.   0.269531250000E+03   0.171480962406E-10   0.000000000000E+00   0.430468750000E+03   0.214861379305E-10   0.000000000000E+00
  426.   0.268750000000E+03   0.850320668182E-11   0.000000000000E+00   0.431250000000E+03   0.106986912830E-10   0.000000000000E+00
  427.   0.267968750000E+03   0.169063746133E-10   0.000000000000E+00   0.432031250000E+03   0.212796494586E-10   0.000000000000E+00
  428.   0.267187500000E+03   0.838268504831E-11   0.000000000000E+00   0.432812500000E+03   0.105953931255E-10   0.000000000000E+00
  429.   0.266406250000E+03   0.166659842886E-10   0.000000000000E+00   0.433593750000E+03   0.210727392686E-10   0.000000000000E+00
  430.   0.265625000000E+03   0.826272196925E-11   0.000000000000E+00   0.434375000000E+03   0.104917506609E-10   0.000000000000E+00
  431.   0.264843750000E+03   0.164265496844E-10   0.000000000000E+00   0.435156250000E+03   0.208649317408E-10   0.000000000000E+00
  432.   0.264062500000E+03   0.814315477580E-11   0.000000000000E+00   0.435937500000E+03   0.103875556914E-10   0.000000000000E+00
  433.   0.263281250000E+03   0.161877883821E-10   0.000000000000E+00   0.436718750000E+03   0.206558618010E-10   0.000000000000E+00
  434.   0.262500000000E+03   0.802386250536E-11   0.000000000000E+00   0.437500000000E+03   0.102826508914E-10   0.000000000000E+00
  435.   0.261718750000E+03   0.159494908894E-10   0.000000000000E+00   0.438281250000E+03   0.204452515173E-10   0.000000000000E+00
  436.   0.260937500000E+03   0.790475877267E-11   0.000000000000E+00   0.439062500000E+03   0.101769169218E-10   0.000000000000E+00
  437.   0.260156250000E+03   0.157115073576E-10   0.000000000000E+00   0.439843750000E+03   0.202328951159E-10   0.000000000000E+00
  438.   0.259375000000E+03   0.778577916853E-11   0.000000000000E+00   0.440625000000E+03   0.100702656195E-10   0.000000000000E+00
  439.   0.258593750000E+03   0.154737339393E-10   0.000000000000E+00   0.441406250000E+03   0.200186428472E-10   0.000000000000E+00
  440.   0.257812500000E+03   0.766688321170E-11   0.000000000000E+00   0.442187500000E+03   0.996263619190E-11   0.000000000000E+00
  441.   0.257031250000E+03   0.152361040715E-10   0.000000000000E+00   0.442968750000E+03   0.198023908100E-10   0.000000000000E+00
  442.   0.256250000000E+03   0.754804662948E-11   0.000000000000E+00   0.443750000000E+03   0.985398645549E-11   0.000000000000E+00
  443.   0.255468750000E+03   0.149985806983E-10   0.000000000000E+00   0.444531250000E+03   0.195840709345E-10   0.000000000000E+00
  444.   0.254687500000E+03   0.742925613566E-11   0.000000000000E+00   0.445312500000E+03   0.974428932493E-11   0.000000000000E+00
  445.   0.253906250000E+03   0.147611495849E-10   0.000000000000E+00   0.446093750000E+03   0.193636453224E-10   0.000000000000E+00
  446.   0.253125000000E+03   0.731050985679E-11   0.000000000000E+00   0.446875000000E+03   0.963353407898E-11   0.000000000000E+00
  447.   0.252343750000E+03   0.145238148943E-10   0.000000000000E+00   0.447656250000E+03   0.191410999935E-10   0.000000000000E+00
  448.   0.251562500000E+03   0.719181458782E-11   0.000000000000E+00   0.448437500000E+03   0.952171789436E-11   0.000000000000E+00
  449.   0.250781250000E+03   0.142865952186E-10   0.000000000000E+00   0.449218750000E+03   0.189164390525E-10   0.000000000000E+00
  450.   0.250000000000E+03   0.707318162546E-11   0.000000000000E+00   0.450000000000E+03   0.940884709916E-11   0.000000000000E+00
  451.   0.249218750000E+03   0.140495208026E-10   0.000000000000E+00   0.450781250000E+03   0.186896819498E-10   0.000000000000E+00
  452.   0.248437500000E+03   0.695462994681E-11   0.000000000000E+00   0.451562500000E+03   0.929493622532E-11   0.000000000000E+00
  453.   0.247656250000E+03   0.138126310228E-10   0.000000000000E+00   0.452343750000E+03   0.184608611635E-10   0.000000000000E+00
  454.   0.246875000000E+03   0.683618035106E-11   0.000000000000E+00   0.453125000000E+03   0.918000254331E-11   0.000000000000E+00
  455.   0.246093750000E+03   0.135759719180E-10   0.000000000000E+00   0.453906250000E+03   0.182300190090E-10   0.000000000000E+00
  456.   0.245312500000E+03   0.671785686266E-11   0.000000000000E+00   0.454687500000E+03   0.906406975517E-11   0.000000000000E+00
  457.   0.244531250000E+03   0.133395951333E-10   0.000000000000E+00   0.455468750000E+03   0.179972058287E-10   0.000000000000E+00
  458.   0.243750000000E+03   0.659968835548E-11   0.000000000000E+00   0.456250000000E+03   0.894716530254E-11   0.000000000000E+00
  459.   0.242968750000E+03   0.131035561793E-10   0.000000000000E+00   0.457031250000E+03   0.177624787309E-10   0.000000000000E+00
  460.   0.242187500000E+03   0.648170233252E-11   0.000000000000E+00   0.457812500000E+03   0.882931952282E-11   0.000000000000E+00
  461.   0.241406250000E+03   0.128679143214E-10   0.000000000000E+00   0.458593750000E+03   0.175258998332E-10   0.000000000000E+00
  462.   0.240625000000E+03   0.636392875990E-11   0.000000000000E+00   0.459375000000E+03   0.871056417285E-11   0.000000000000E+00
  463.   0.239843750000E+03   0.126327313290E-10   0.000000000000E+00   0.460156250000E+03   0.172875361366E-10   0.000000000000E+00
  464.   0.239062500000E+03   0.624639845325E-11   0.000000000000E+00   0.460937500000E+03   0.859093382450E-11   0.000000000000E+00
  465.   0.238281250000E+03   0.123980707388E-10   0.000000000000E+00   0.461718750000E+03   0.170474583435E-10   0.000000000000E+00
  466.   0.237500000000E+03   0.612914562137E-11   0.000000000000E+00   0.462500000000E+03   0.847046440933E-11   0.000000000000E+00
  467.   0.236718750000E+03   0.121639965242E-10   0.000000000000E+00   0.463281250000E+03   0.168057397585E-10   0.000000000000E+00
  468.   0.235937500000E+03   0.601220135184E-11   0.000000000000E+00   0.464062500000E+03   0.834919342071E-11   0.000000000000E+00
  469.   0.235156250000E+03   0.119305745160E-10   0.000000000000E+00   0.464843750000E+03   0.165624565696E-10   0.000000000000E+00
  470.   0.234375000000E+03   0.589559820688E-11   0.000000000000E+00   0.465625000000E+03   0.822716077595E-11   0.000000000000E+00
  471.   0.233593750000E+03   0.116978704271E-10   0.000000000000E+00   0.466406250000E+03   0.163176874651E-10   0.000000000000E+00
  472.   0.232812500000E+03   0.577936982460E-11   0.000000000000E+00   0.467187500000E+03   0.810440427868E-11   0.000000000000E+00
  473.   0.232031250000E+03   0.114659506109E-10   0.000000000000E+00   0.467968750000E+03   0.160715134402E-10   0.000000000000E+00
  474.   0.231250000000E+03   0.566354925470E-11   0.000000000000E+00   0.468750000000E+03   0.798096502032E-11   0.000000000000E+00
  475.   0.230468750000E+03   0.112348819085E-10   0.000000000000E+00   0.469531250000E+03   0.158240158741E-10   0.000000000000E+00
  476.   0.229687500000E+03   0.554816959414E-11   0.000000000000E+00   0.470312500000E+03   0.785688600786E-11   0.000000000000E+00
  477.   0.228906250000E+03   0.110047304202E-10   0.000000000000E+00   0.471093750000E+03   0.155752786150E-10   0.000000000000E+00
  478.   0.228125000000E+03   0.543326437357E-11   0.000000000000E+00   0.471875000000E+03   0.773220866984E-11   0.000000000000E+00
  479.   0.227343750000E+03   0.107755623542E-10   0.000000000000E+00   0.472656250000E+03   0.153253866151E-10   0.000000000000E+00
  480.   0.226562500000E+03   0.531886641518E-11   0.000000000000E+00   0.473437500000E+03   0.760697466325E-11   0.000000000000E+00
  481.   0.225781250000E+03   0.105474435261E-10   0.000000000000E+00   0.474218750000E+03   0.150744254931E-10   0.000000000000E+00
  482.   0.225000000000E+03   0.520500860159E-11   0.000000000000E+00   0.475000000000E+03   0.748122866846E-11   0.000000000000E+00
  483.   0.224218750000E+03   0.103204396485E-10   0.000000000000E+00   0.475781250000E+03   0.148224826385E-10   0.000000000000E+00
  484.   0.223437500000E+03   0.509172266233E-11   0.000000000000E+00   0.476562500000E+03   0.735501398227E-11   0.000000000000E+00
  485.   0.222656250000E+03   0.100946161015E-10   0.000000000000E+00   0.477343750000E+03   0.145696461950E-10   0.000000000000E+00
  486.   0.221875000000E+03   0.497904225883E-11   0.000000000000E+00   0.478125000000E+03   0.722837424698E-11   0.000000000000E+00
  487.   0.221093750000E+03   0.987003679575E-11   0.000000000000E+00   0.478906250000E+03   0.143160057923E-10   0.000000000000E+00
  488.   0.220312500000E+03   0.486699889068E-11   0.000000000000E+00   0.479687500000E+03   0.710135566289E-11   0.000000000000E+00
  489.   0.219531250000E+03   0.964676585666E-11   0.000000000000E+00   0.480468750000E+03   0.140616519934E-10   0.000000000000E+00
  490.   0.218750000000E+03   0.475562453912E-11   0.000000000000E+00   0.481250000000E+03   0.697400306848E-11   0.000000000000E+00
  491.   0.217968750000E+03   0.942486650285E-11   0.000000000000E+00   0.482031250000E+03   0.138066759296E-10   0.000000000000E+00
  492.   0.217187500000E+03   0.464495055960E-11   0.000000000000E+00   0.482812500000E+03   0.684636208792E-11   0.000000000000E+00
  493.   0.216406250000E+03   0.920440131423E-11   0.000000000000E+00   0.483593750000E+03   0.135511709655E-10   0.000000000000E+00
  494.   0.215625000000E+03   0.453500785735E-11   0.000000000000E+00   0.484375000000E+03   0.671848050675E-11   0.000000000000E+00
  495.   0.214843750000E+03   0.898543235730E-11   0.000000000000E+00   0.485156250000E+03   0.132952310095E-10   0.000000000000E+00
  496.   0.214062500000E+03   0.442582749688E-11   0.000000000000E+00   0.485937500000E+03   0.659040495574E-11   0.000000000000E+00
  497.   0.213281250000E+03   0.876802064837E-11   0.000000000000E+00   0.486718750000E+03   0.130389515916E-10   0.000000000000E+00
  498.   0.212500000000E+03   0.431743970233E-11   0.000000000000E+00   0.487500000000E+03   0.646218449970E-11   0.000000000000E+00
  499.   0.211718750000E+03   0.855222652617E-11   0.000000000000E+00   0.488281250000E+03   0.127824302404E-10   0.000000000000E+00
  500.   0.210937500000E+03   0.420987396543E-11   0.000000000000E+00   0.489062500000E+03   0.633386748588E-11   0.000000000000E+00
  501.   0.210156250000E+03   0.833810941119E-11   0.000000000000E+00   0.489843750000E+03   0.125257657812E-10   0.000000000000E+00
  502.   0.209375000000E+03   0.410316022792E-11   0.000000000000E+00   0.490625000000E+03   0.620550366912E-11   0.000000000000E+00
  503.   0.208593750000E+03   0.812572796854E-11   0.000000000000E+00   0.491406250000E+03   0.122690593160E-10   0.000000000000E+00
  504.   0.207812500000E+03   0.399732804713E-11   0.000000000000E+00   0.492187500000E+03   0.607714440729E-11   0.000000000000E+00
  505.   0.207031250000E+03   0.791514010538E-11   0.000000000000E+00   0.492968750000E+03   0.120124148673E-10   0.000000000000E+00
  506.   0.206250000000E+03   0.389240495535E-11   0.000000000000E+00   0.493750000000E+03   0.594884332190E-11   0.000000000000E+00
  507.   0.205468750000E+03   0.770640258835E-11   0.000000000000E+00   0.494531250000E+03   0.117559396131E-10   0.000000000000E+00
  508.   0.204687500000E+03   0.378841962881E-11   0.000000000000E+00   0.495312500000E+03   0.582065376326E-11   0.000000000000E+00
  509.   0.203906250000E+03   0.749957119558E-11   0.000000000000E+00   0.496093750000E+03   0.114997438452E-10   0.000000000000E+00
  510.   0.203125000000E+03   0.368539998946E-11   0.000000000000E+00   0.496875000000E+03   0.569263212288E-11   0.000000000000E+00
  511.   0.202343750000E+03   0.729470062355E-11   0.000000000000E+00   0.497656250000E+03   0.112439425502E-10   0.000000000000E+00
  512.   0.201562500000E+03   0.358337270605E-11   0.000000000000E+00   0.498437500000E+03   0.556483742450E-11   0.000000000000E+00
  513.   0.200781250000E+03   0.709184419607E-11   0.000000000000E+00   0.499218750000E+03   0.109886565006E-10   0.000000000000E+00
  514.   0.200000000000E+03   0.348236410490E-11   0.000000000000E+00   0.500000000000E+03   0.543733114765E-11   0.000000000000E+00
  515.   0.199218750000E+03   0.689105428717E-11   0.000000000000E+00   0.500781250000E+03   0.107340130398E-10   0.000000000000E+00
  516.   0.198437500000E+03   0.338239998957E-11   0.000000000000E+00   0.501562500000E+03   0.531017863178E-11   0.000000000000E+00
  517.   0.197656250000E+03   0.669238159395E-11   0.000000000000E+00   0.502343750000E+03   0.104801472920E-10   0.000000000000E+00
  518.   0.196875000000E+03   0.328350550275E-11   0.000000000000E+00   0.503125000000E+03   0.518345027914E-11   0.000000000000E+00
  519.   0.196093750000E+03   0.649587548205E-11   0.000000000000E+00   0.503906250000E+03   0.102272055721E-10   0.000000000000E+00
  520.   0.195312500000E+03   0.318570452722E-11   0.000000000000E+00   0.504687500000E+03   0.505722204150E-11   0.000000000000E+00
  521.   0.194531250000E+03   0.630158311816E-11   0.000000000000E+00   0.505468750000E+03   0.997534643164E-11   0.000000000000E+00
  522.   0.193750000000E+03   0.308902046383E-11   0.000000000000E+00   0.506250000000E+03   0.493157608280E-11   0.000000000000E+00
  523.   0.192968750000E+03   0.610955017385E-11   0.000000000000E+00   0.507031250000E+03   0.972474428370E-11   0.000000000000E+00
  524.   0.192187500000E+03   0.299347548345E-11   0.000000000000E+00   0.507812500000E+03   0.480660512111E-11   0.000000000000E+00
  525.   0.191406250000E+03   0.591982013566E-11   0.000000000000E+00   0.508593750000E+03   0.947559360681E-11   0.000000000000E+00
  526.   0.190625000000E+03   0.289909037967E-11   0.000000000000E+00   0.509375000000E+03   0.468241091974E-11   0.000000000000E+00
  527.   0.189843750000E+03   0.573243336152E-11   0.000000000000E+00   0.510156250000E+03   0.922811316130E-11   0.000000000000E+00
  528.   0.189062500000E+03   0.280588490839E-11   0.000000000000E+00   0.510937500000E+03   0.455910997339E-11   0.000000000000E+00
  529.   0.188281250000E+03   0.554742729356E-11   0.000000000000E+00   0.511718750000E+03   0.898255269075E-11   0.000000000000E+00
  530.   0.187500000000E+03   0.271387685586E-11   0.000000000000E+00   0.512500000000E+03   0.443683558481E-11   0.000000000000E+00
  531.   0.186718750000E+03   0.536483589915E-11   0.000000000000E+00   0.513281250000E+03   0.873920049233E-11   0.000000000000E+00
  532.   0.185937500000E+03   0.262308221937E-11   0.000000000000E+00   0.514062500000E+03   0.431574289917E-11   0.000000000000E+00
  533.   0.185156250000E+03   0.518468869255E-11   0.000000000000E+00   0.514843750000E+03   0.849839245477E-11   0.000000000000E+00
  534.   0.184375000000E+03   0.253351463388E-11   0.000000000000E+00   0.515625000000E+03   0.419601315451E-11   0.000000000000E+00
  535.   0.183593750000E+03   0.500701016160E-11   0.000000000000E+00   0.516406250000E+03   0.826052515465E-11   0.000000000000E+00
  536.   0.182812500000E+03   0.244518452609E-11   0.000000000000E+00   0.517187500000E+03   0.407786103548E-11   0.000000000000E+00
  537.   0.182031250000E+03   0.483181857596E-11   0.000000000000E+00   0.517968750000E+03   0.802607051602E-11   0.000000000000E+00
  538.   0.181250000000E+03   0.235809962063E-11   0.000000000000E+00   0.518750000000E+03   0.396154348499E-11   0.000000000000E+00
  539.   0.180468750000E+03   0.465912460845E-11   0.000000000000E+00   0.519531250000E+03   0.779559486350E-11   0.000000000000E+00
  540.   0.179687500000E+03   0.227226302007E-11   0.000000000000E+00   0.520312500000E+03   0.384737050959E-11   0.000000000000E+00
  541.   0.178906250000E+03   0.448892992978E-11   0.000000000000E+00   0.521093750000E+03   0.756978275344E-11   0.000000000000E+00
  542.   0.178125000000E+03   0.218767294069E-11   0.000000000000E+00   0.521875000000E+03   0.373571657997E-11   0.000000000000E+00
  543.   0.177343750000E+03   0.432122493709E-11   0.000000000000E+00   0.522656250000E+03   0.734946692899E-11   0.000000000000E+00
  544.   0.176562500000E+03   0.210432149349E-11   0.000000000000E+00   0.523437500000E+03   0.362703948064E-11   0.000000000000E+00
  545.   0.175781250000E+03   0.415598651713E-11   0.000000000000E+00   0.524218750000E+03   0.713566620368E-11   0.000000000000E+00
  546.   0.175000000000E+03   0.202219338762E-11   0.000000000000E+00   0.525000000000E+03   0.352190032368E-11   0.000000000000E+00
  547.   0.174218750000E+03   0.399317466657E-11   0.000000000000E+00   0.525781250000E+03   0.692963239934E-11   0.000000000000E+00
  548.   0.173437500000E+03   0.194126385088E-11   0.000000000000E+00   0.526562500000E+03   0.342098974630E-11   0.000000000000E+00
  549.   0.172656250000E+03   0.383272856458E-11   0.000000000000E+00   0.527343750000E+03   0.673290895041E-11   0.000000000000E+00
  550.   0.171875000000E+03   0.186149660279E-11   0.000000000000E+00   0.528125000000E+03   0.332516073281E-11   0.000000000000E+00
  551.   0.171093750000E+03   0.367456210790E-11   0.000000000000E+00   0.528906250000E+03   0.654740563025E-11   0.000000000000E+00
  552.   0.170312500000E+03   0.178284165761E-11   0.000000000000E+00   0.529687500000E+03   0.323546958603E-11   0.000000000000E+00
  553.   0.169531250000E+03   0.351855742816E-11   0.000000000000E+00   0.530468750000E+03   0.637549111183E-11   0.000000000000E+00
  554.   0.168750000000E+03   0.170523119702E-11   0.000000000000E+00   0.531250000000E+03   0.315322882616E-11   0.000000000000E+00
  555.   0.167968750000E+03   0.336455768481E-11   0.000000000000E+00   0.532031250000E+03   0.622010984949E-11   0.000000000000E+00
  556.   0.167187500000E+03   0.162857593683E-11   0.000000000000E+00   0.532812500000E+03   0.308007028189E-11   0.000000000000E+00
  557.   0.166406250000E+03   0.321235753489E-11   0.000000000000E+00   0.533593750000E+03   0.608492812903E-11   0.000000000000E+00
  558.   0.165625000000E+03   0.155275964110E-11   0.000000000000E+00   0.534375000000E+03   0.301802787652E-11   0.000000000000E+00
  559.   0.164843750000E+03   0.306169159406E-11   0.000000000000E+00   0.535156250000E+03   0.597451733647E-11   0.000000000000E+00
  560.   0.164062500000E+03   0.147763318557E-11   0.000000000000E+00   0.535937500000E+03   0.296963921404E-11   0.000000000000E+00
  561.   0.163281250000E+03   0.291221992128E-11   0.000000000000E+00   0.536718750000E+03   0.589458391152E-11   0.000000000000E+00
  562.   0.162500000000E+03   0.140300571654E-11   0.000000000000E+00   0.537500000000E+03   0.293807248298E-11   0.000000000000E+00
  563.   0.161718750000E+03   0.276350994670E-11   0.000000000000E+00   0.538281250000E+03   0.585225777151E-11   0.000000000000E+00
  564.   0.160937500000E+03   0.132863501611E-11   0.000000000000E+00   0.539062500000E+03   0.292728961445E-11   0.000000000000E+00
  565.   0.160156250000E+03   0.261501407656E-11   0.000000000000E+00   0.539843750000E+03   0.585645399934E-11   0.000000000000E+00
  566.   0.159375000000E+03   0.125421555985E-11   0.000000000000E+00   0.540625000000E+03   0.294224357832E-11   0.000000000000E+00
  567.   0.158593750000E+03   0.246604181384E-11   0.000000000000E+00   0.541406250000E+03   0.591832644971E-11   0.000000000000E+00
  568.   0.157812500000E+03   0.117936260221E-11   0.000000000000E+00   0.542187500000E+03   0.298913396858E-11   0.000000000000E+00
  569.   0.157031250000E+03   0.231572495105E-11   0.000000000000E+00   0.542968750000E+03   0.605183680281E-11   0.000000000000E+00
  570.   0.156250000000E+03   0.110359249547E-11   0.000000000000E+00   0.543750000000E+03   0.307572239891E-11   0.000000000000E+00
  571.   0.155468750000E+03   0.216297443943E-11   0.000000000000E+00   0.544531250000E+03   0.627446762125E-11   0.000000000000E+00
  572.   0.154687500000E+03   0.102629961087E-11   0.000000000000E+00   0.545312500000E+03   0.321172937530E-11   0.000000000000E+00
  573.   0.153906250000E+03   0.200642642623E-11   0.000000000000E+00   0.546093750000E+03   0.660811801553E-11   0.000000000000E+00
  574.   0.153125000000E+03   0.946725689061E-12   0.000000000000E+00   0.546875000000E+03   0.340933213745E-11   0.000000000000E+00
  575.   0.152343750000E+03   0.184437539417E-11   0.000000000000E+00   0.547656250000E+03   0.708022521668E-11   0.000000000000E+00
  576.   0.151562500000E+03   0.863923413024E-12   0.000000000000E+00   0.548437500000E+03   0.368378958539E-11   0.000000000000E+00
  577.   0.150781250000E+03   0.167469100746E-11   0.000000000000E+00   0.549218750000E+03   0.772517222729E-11   0.000000000000E+00
  578.   0.150000000000E+03   0.776709479362E-12   0.000000000000E+00   0.550000000000E+03   0.405422444277E-11   0.000000000000E+00
  579.   0.149218750000E+03   0.149471428261E-11   0.000000000000E+00   0.550781250000E+03   0.858605318899E-11   0.000000000000E+00
  580.   0.148437500000E+03   0.683608123722E-12   0.000000000000E+00   0.551562500000E+03   0.454460570633E-11   0.000000000000E+00
  581.   0.147656250000E+03   0.130112857777E-11   0.000000000000E+00   0.552343750000E+03   0.971688609154E-11   0.000000000000E+00
  582.   0.146875000000E+03   0.582778309498E-12   0.000000000000E+00   0.553125000000E+03   0.518497937523E-11   0.000000000000E+00
  583.   0.146093750000E+03   0.108979845194E-11   0.000000000000E+00   0.553906250000E+03   0.111853879636E-10   0.000000000000E+00
  584.   0.145312500000E+03   0.471924669576E-12   0.000000000000E+00   0.554687500000E+03   0.601301181247E-11   0.000000000000E+00
  585.   0.144531250000E+03   0.855568440646E-12   0.000000000000E+00   0.555468750000E+03   0.130764529672E-10   0.000000000000E+00
  586.   0.143750000000E+03   0.348185501524E-12   0.000000000000E+00   0.556250000000E+03   0.707592368042E-11   0.000000000000E+00
  587.   0.142968750000E+03   0.592011042434E-12   0.000000000000E+00   0.557031250000E+03   0.154965107007E-10   0.000000000000E+00
  588.   0.142187500000E+03   0.207992043623E-12   0.000000000000E+00   0.557812500000E+03   0.843291259223E-11   0.000000000000E+00
  589.   0.141406250000E+03   0.291110073047E-12   0.000000000000E+00   0.558593750000E+03   0.185789853982E-10   0.000000000000E+00
  590.   0.140625000000E+03   0.468915313349E-13   0.000000000000E+00   0.559375000000E+03   0.101581870383E-10   0.000000000000E+00
  591.   0.139843750000E+03  -0.571392849547E-13   0.000000000000E+00   0.560156250000E+03   0.224911283157E-10   0.000000000000E+00
  592.   0.139062500000E+03  -0.140677360573E-12   0.000000000000E+00   0.560937500000E+03   0.123447612813E-10   0.000000000000E+00
  593.   0.138281250000E+03  -0.465239030096E-12   0.000000000000E+00   0.561718750000E+03   0.274425623757E-10   0.000000000000E+00
  594.   0.137500000000E+03  -0.361670874207E-12   0.000000000000E+00   0.562500000000E+03   0.151091992286E-10   0.000000000000E+00
  595.   0.136718750000E+03  -0.948840749906E-12   0.000000000000E+00   0.563281250000E+03   0.336959531241E-10   0.000000000000E+00
  596.   0.135937500000E+03  -0.624808746201E-12   0.000000000000E+00   0.564062500000E+03   0.185975342737E-10   0.000000000000E+00
  597.   0.135156250000E+03  -0.152759220686E-11   0.000000000000E+00   0.564843750000E+03   0.415803119990E-10   0.000000000000E+00
  598.   0.134375000000E+03  -0.941055271959E-12   0.000000000000E+00   0.565625000000E+03   0.229926443369E-10   0.000000000000E+00
  599.   0.133593750000E+03  -0.222625208174E-11   0.000000000000E+00   0.566406250000E+03   0.515075387899E-10   0.000000000000E+00
  600.   0.132812500000E+03  -0.132425491661E-11   0.000000000000E+00   0.567187500000E+03   0.285234123397E-10   0.000000000000E+00
  601.   0.132031250000E+03  -0.307618509606E-11   0.000000000000E+00   0.567968750000E+03   0.639929203077E-10   0.000000000000E+00
  602.   0.131250000000E+03  -0.179198985308E-11   0.000000000000E+00   0.568750000000E+03   0.354760640483E-10   0.000000000000E+00
  603.   0.130468750000E+03  -0.411741332417E-11   0.000000000000E+00   0.569531250000E+03   0.796803991554E-10   0.000000000000E+00
  604.   0.129687500000E+03  -0.236676174523E-11   0.000000000000E+00   0.570312500000E+03   0.442081206809E-10   0.000000000000E+00
  605.   0.128906250000E+03  -0.540150838684E-11   0.000000000000E+00   0.571093750000E+03   0.993734845077E-10   0.000000000000E+00
  606.   0.128125000000E+03  -0.307766949043E-11   0.000000000000E+00   0.571875000000E+03   0.551654239733E-10   0.000000000000E+00
  607.   0.127343750000E+03  -0.699580339800E-11   0.000000000000E+00   0.572656250000E+03   0.124072616172E-09   0.000000000000E+00
  608.   0.126562500000E+03  -0.396287109959E-11   0.000000000000E+00   0.573437500000E+03   0.689026325703E-10   0.000000000000E+00
  609.   0.125781250000E+03  -0.898976326800E-11   0.000000000000E+00   0.574218750000E+03   0.155019452617E-09   0.000000000000E+00
  610.   0.125000000000E+03  -0.507335056319E-11   0.000000000000E+00   0.575000000000E+03   0.861073330832E-10   0.000000000000E+00
  611.   0.124218750000E+03  -0.115050103360E-10   0.000000000000E+00   0.575781250000E+03   0.193747647309E-09   0.000000000000E+00
  612.   0.123437500000E+03  -0.647892815020E-11   0.000000000000E+00   0.576562500000E+03   0.107627285182E-09   0.000000000000E+00
  613.   0.122656250000E+03  -0.147118520911E-10   0.000000000000E+00   0.577343750000E+03   0.242137356763E-09   0.000000000000E+00
  614.   0.121875000000E+03  -0.827840144775E-11   0.000000000000E+00   0.578125000000E+03   0.134498598095E-09   0.000000000000E+00
  615.   0.121093750000E+03  -0.188575040853E-10   0.000000000000E+00   0.578906250000E+03   0.302466238903E-09   0.000000000000E+00
  616.   0.120312500000E+03  -0.106171056909E-10   0.000000000000E+00   0.579687500000E+03   0.167969865036E-09   0.000000000000E+00
  617.   0.119531250000E+03  -0.243169993855E-10   0.000000000000E+00   0.580468750000E+03   0.377437651967E-09   0.000000000000E+00
  618.   0.118750000000E+03  -0.137202899727E-10   0.000000000000E+00   0.581250000000E+03   0.209506486796E-09   0.000000000000E+00
  619.   0.117968750000E+03  -0.316851478107E-10   0.000000000000E+00   0.582031250000E+03   0.470150533892E-09   0.000000000000E+00
  620.   0.117187500000E+03  -0.179516812358E-10   0.000000000000E+00   0.582812500000E+03   0.260756569403E-09   0.000000000000E+00
  621.   0.116406250000E+03  -0.419588510375E-10   0.000000000000E+00   0.583593750000E+03   0.583906881787E-09   0.000000000000E+00
  622.   0.115625000000E+03  -0.239501501950E-10   0.000000000000E+00   0.584375000000E+03   0.323364359484E-09   0.000000000000E+00
  623.   0.114843750000E+03  -0.568626913005E-10   0.000000000000E+00   0.585156250000E+03   0.721738419516E-09   0.000000000000E+00
  624.   0.114062500000E+03  -0.328164251263E-10   0.000000000000E+00   0.585937500000E+03   0.398686071779E-09   0.000000000000E+00
  625.   0.113281250000E+03  -0.796001176811E-10   0.000000000000E+00   0.586718750000E+03   0.885019416531E-09   0.000000000000E+00
  626.   0.112500000000E+03  -0.468743729725E-10   0.000000000000E+00   0.587500000000E+03   0.486242604764E-09   0.000000000000E+00
  627.   0.111718750000E+03  -0.115988628019E-09   0.000000000000E+00   0.588281250000E+03   0.107120436440E-08   0.000000000000E+00
  628.   0.110937500000E+03  -0.698118651556E-10   0.000000000000E+00   0.589062500000E+03   0.583490396692E-09   0.000000000000E+00
  629.   0.110156250000E+03  -0.178185779320E-09   0.000000000000E+00   0.589843750000E+03   0.126567803833E-08   0.000000000000E+00
  630.   0.109375000000E+03  -0.112910949708E-09   0.000000000000E+00   0.590625000000E+03   0.671859342753E-09   0.000000000000E+00
  631.   0.108593750000E+03  -0.287982538806E-09   0.000000000000E+00   0.591406250000E+03   0.143409290179E-08   0.000000000000E+00
  632.   0.107812500000E+03  -0.187196847673E-09   0.000000000000E+00   0.592187500000E+03   0.733789826865E-09   0.000000000000E+00
  633.   0.107031250000E+03  -0.500524013831E-09   0.000000000000E+00   0.592968750000E+03   0.146756652729E-08   0.000000000000E+00
  634.   0.106250000000E+03  -0.366438922807E-09   0.000000000000E+00   0.593750000000E+03   0.608666764182E-09   0.000000000000E+00
  635.   0.105468750000E+03  -0.914807987526E-09   0.000000000000E+00   0.594531250000E+03   0.115301081136E-08   0.000000000000E+00
  636.   0.104687500000E+03  -0.674273836323E-09   0.000000000000E+00   0.595312500000E+03   0.239752631068E-09   0.000000000000E+00
  637.   0.103906250000E+03  -0.186226374533E-08   0.000000000000E+00   0.596093750000E+03  -0.273337775448E-09   0.000000000000E+00
  638.   0.103125000000E+03  -0.163156213323E-08   0.000000000000E+00   0.596875000000E+03  -0.157478088068E-08   0.000000000000E+00
  639.   0.102343750000E+03  -0.427610757216E-08   0.000000000000E+00   0.597656250000E+03  -0.507717541163E-08   0.000000000000E+00
  640.   0.101562500000E+03  -0.422676179405E-08   0.000000000000E+00   0.598437500000E+03  -0.740334008611E-08   0.000000000000E+00
  641.   0.100781250000E+03  -0.110707568624E-07   0.000000000000E+00   0.599218750000E+03  -0.204772403421E-07   0.000000000000E+00
