mode f[Hz] tag=zp4_oc_h15 target=128.26320Hz
  1.     0.00000000E+00
  2.     0.13218273E+03
  3.     0.60178812E+03
  4.     0.14155891E+04
  5.     0.23991613E+04
  6.     0.26060458E+04
  7.     0.40971160E+04
  8.     0.58846715E+04
  9.     0.61485568E+04
 10.     0.78842833E+04
 11.     0.10096390E+05
 12.     0.10366944E+05
 13.     0.12446818E+05
 14.     0.14945522E+05
 15.     0.14955108E+05
 16.     0.17530181E+05
 17.     0.19653941E+05
 18.     0.20218954E+05
 19.     0.22958503E+05
 20.     0.24379346E+05
