i  r_top  QtopRe  QtopIm  r_bot  QbotRe  QbotIm   [mm, mC]
    1.   0.600000000000E+03  -0.152345955557E-06   0.000000000000E+00   0.100000000000E+03   0.312616141904E-12   0.000000000000E+00
    2.   0.100000000000E+03   0.312615943917E-12   0.000000000000E+00   0.600000000000E+03  -0.152345955558E-06   0.000000000000E+00
    3.   0.598437500000E+03  -0.311188758961E-07   0.000000000000E+00   0.101562500000E+03   0.113940022986E-11   0.000000000000E+00
    4.   0.596875000000E+03   0.740865895620E-08   0.000000000000E+00   0.103125000000E+03   0.493662398126E-12   0.000000000000E+00
    5.   0.595312500000E+03   0.246886685298E-07   0.000000000000E+00   0.104687500000E+03   0.993095767532E-12   0.000000000000E+00
    6.   0.593750000000E+03   0.163979044269E-07   0.000000000000E+00   0.106250000000E+03   0.474128457542E-12   0.000000000000E+00
    7.   0.592187500000E+03   0.301989219425E-07   0.000000000000E+00   0.107812500000E+03   0.103659563821E-11   0.000000000000E+00
    8.   0.590625000000E+03   0.156768115436E-07   0.000000000000E+00   0.109375000000E+03   0.530694320640E-12   0.000000000000E+00
    9.   0.589062500000E+03   0.255542419518E-07   0.000000000000E+00   0.110937500000E+03   0.113908021316E-11   0.000000000000E+00
   10.   0.587500000000E+03   0.103030642702E-07   0.000000000000E+00   0.112500000000E+03   0.581011293394E-12   0.000000000000E+00
   11.   0.585937500000E+03   0.162313319989E-07   0.000000000000E+00   0.114062500000E+03   0.121898742425E-11   0.000000000000E+00
   12.   0.584375000000E+03   0.610617054796E-08   0.000000000000E+00   0.115625000000E+03   0.612807538335E-12   0.000000000000E+00
   13.   0.582812500000E+03   0.916593534080E-08   0.000000000000E+00   0.117187500000E+03   0.126742286709E-11   0.000000000000E+00
   14.   0.581250000000E+03   0.315039173942E-08   0.000000000000E+00   0.118750000000E+03   0.630600651688E-12   0.000000000000E+00
   15.   0.579687500000E+03   0.479632746458E-08   0.000000000000E+00   0.120312500000E+03   0.129750349898E-11   0.000000000000E+00
   16.   0.578125000000E+03   0.164803913193E-08   0.000000000000E+00   0.121875000000E+03   0.643021236482E-12   0.000000000000E+00
   17.   0.576562500000E+03   0.257764291270E-08   0.000000000000E+00   0.123437500000E+03   0.132141350894E-11   0.000000000000E+00
   18.   0.575000000000E+03   0.915413859898E-09   0.000000000000E+00   0.125000000000E+03   0.654417235311E-12   0.000000000000E+00
   19.   0.573437500000E+03   0.148287249910E-08   0.000000000000E+00   0.126562500000E+03   0.134446818087E-11   0.000000000000E+00
   20.   0.571875000000E+03   0.554888981464E-09   0.000000000000E+00   0.128125000000E+03   0.666009263672E-12   0.000000000000E+00
   21.   0.570312500000E+03   0.905929204336E-09   0.000000000000E+00   0.129687500000E+03   0.136776087360E-11   0.000000000000E+00
   22.   0.568750000000E+03   0.346338271522E-09   0.000000000000E+00   0.131250000000E+03   0.677722491394E-12   0.000000000000E+00
   23.   0.567187500000E+03   0.562245725354E-09   0.000000000000E+00   0.132812500000E+03   0.139101595390E-11   0.000000000000E+00
   24.   0.565625000000E+03   0.214773002898E-09   0.000000000000E+00   0.134375000000E+03   0.689312158460E-12   0.000000000000E+00
   25.   0.564062500000E+03   0.344696158068E-09   0.000000000000E+00   0.135937500000E+03   0.141390286650E-11   0.000000000000E+00
   26.   0.562500000000E+03   0.130037889082E-09   0.000000000000E+00   0.137500000000E+03   0.700660275353E-12   0.000000000000E+00
   27.   0.560937500000E+03   0.207129464371E-09   0.000000000000E+00   0.139062500000E+03   0.143629591261E-11   0.000000000000E+00
   28.   0.559375000000E+03   0.773193246996E-10   0.000000000000E+00   0.140625000000E+03   0.711748047382E-12   0.000000000000E+00
   29.   0.557812500000E+03   0.122785836607E-09   0.000000000000E+00   0.142187500000E+03   0.145819307184E-11   0.000000000000E+00
   30.   0.556250000000E+03   0.456449913339E-10   0.000000000000E+00   0.143750000000E+03   0.722594396932E-12   0.000000000000E+00
   31.   0.554687500000E+03   0.725218427736E-10   0.000000000000E+00   0.145312500000E+03   0.147962296355E-11   0.000000000000E+00
   32.   0.553125000000E+03   0.270388405562E-10   0.000000000000E+00   0.146875000000E+03   0.733213855383E-12   0.000000000000E+00
   33.   0.551562500000E+03   0.429971901175E-10   0.000000000000E+00   0.148437500000E+03   0.150060519216E-11   0.000000000000E+00
   34.   0.550000000000E+03   0.161501427163E-10   0.000000000000E+00   0.150000000000E+03   0.743607748279E-12   0.000000000000E+00
   35.   0.548437500000E+03   0.256550105349E-10   0.000000000000E+00   0.151562500000E+03   0.152114758012E-11   0.000000000000E+00
   36.   0.546875000000E+03   0.973283141993E-11   0.000000000000E+00   0.153125000000E+03   0.753784364409E-12   0.000000000000E+00
   37.   0.545312500000E+03   0.153934633219E-10   0.000000000000E+00   0.154687500000E+03   0.154125147665E-11   0.000000000000E+00
   38.   0.543750000000E+03   0.591521179358E-11   0.000000000000E+00   0.156250000000E+03   0.763741397101E-12   0.000000000000E+00
   39.   0.542187500000E+03   0.927796581326E-11   0.000000000000E+00   0.157812500000E+03   0.156091332853E-11   0.000000000000E+00
   40.   0.540625000000E+03   0.363282763631E-11   0.000000000000E+00   0.159375000000E+03   0.773476789441E-12   0.000000000000E+00
   41.   0.539062500000E+03   0.562331175880E-11   0.000000000000E+00   0.160937500000E+03   0.158013008245E-11   0.000000000000E+00
   42.   0.537500000000E+03   0.226903399800E-11   0.000000000000E+00   0.162500000000E+03   0.782988258374E-12   0.000000000000E+00
   43.   0.535937500000E+03   0.344333618949E-11   0.000000000000E+00   0.164062500000E+03   0.159889928362E-11   0.000000000000E+00
   44.   0.534375000000E+03   0.145777527579E-11   0.000000000000E+00   0.165625000000E+03   0.792275673643E-12   0.000000000000E+00
   45.   0.532812500000E+03   0.214935442930E-11   0.000000000000E+00   0.167187500000E+03   0.161721652527E-11   0.000000000000E+00
   46.   0.531250000000E+03   0.978344563991E-12   0.000000000000E+00   0.168750000000E+03   0.801337180821E-12   0.000000000000E+00
   47.   0.529687500000E+03   0.138649575065E-11   0.000000000000E+00   0.170312500000E+03   0.163507813344E-11   0.000000000000E+00
   48.   0.528125000000E+03   0.697400783076E-12   0.000000000000E+00   0.171875000000E+03   0.810170578830E-12   0.000000000000E+00
   49.   0.526562500000E+03   0.940958514681E-12   0.000000000000E+00   0.173437500000E+03   0.165247950957E-11   0.000000000000E+00
   50.   0.525000000000E+03   0.534823789786E-12   0.000000000000E+00   0.175000000000E+03   0.818772735084E-12   0.000000000000E+00
   51.   0.523437500000E+03   0.684629991918E-12   0.000000000000E+00   0.176562500000E+03   0.166941484494E-11   0.000000000000E+00
   52.   0.521875000000E+03   0.442788916378E-12   0.000000000000E+00   0.178125000000E+03   0.827141470472E-12   0.000000000000E+00
   53.   0.520312500000E+03   0.541135039502E-12   0.000000000000E+00   0.179687500000E+03   0.168588202516E-11   0.000000000000E+00
   54.   0.518750000000E+03   0.392853399239E-12   0.000000000000E+00   0.181250000000E+03   0.835278508468E-12   0.000000000000E+00
   55.   0.517187500000E+03   0.465047122183E-12   0.000000000000E+00   0.182812500000E+03   0.170187638997E-11   0.000000000000E+00
   56.   0.515625000000E+03   0.368108393190E-12   0.000000000000E+00   0.184375000000E+03   0.843177838896E-12   0.000000000000E+00
   57.   0.514062500000E+03   0.429337115852E-12   0.000000000000E+00   0.185937500000E+03   0.171739359847E-11   0.000000000000E+00
   58.   0.512500000000E+03   0.358483669433E-12   0.000000000000E+00   0.187500000000E+03   0.850839968679E-12   0.000000000000E+00
   59.   0.510937500000E+03   0.417894522992E-12   0.000000000000E+00   0.189062500000E+03   0.173242772891E-11   0.000000000000E+00
   60.   0.509375000000E+03   0.357970380186E-12   0.000000000000E+00   0.190625000000E+03   0.858258933633E-12   0.000000000000E+00
   61.   0.507812500000E+03   0.421098313571E-12   0.000000000000E+00   0.192187500000E+03   0.174697504201E-11   0.000000000000E+00
   62.   0.506250000000E+03   0.362975331945E-12   0.000000000000E+00   0.193750000000E+03   0.865437589927E-12   0.000000000000E+00
   63.   0.504687500000E+03   0.433195202166E-12   0.000000000000E+00   0.195312500000E+03   0.176103306880E-11   0.000000000000E+00
   64.   0.503125000000E+03   0.371350284793E-12   0.000000000000E+00   0.196875000000E+03   0.872374352848E-12   0.000000000000E+00
   65.   0.501562500000E+03   0.450740141616E-12   0.000000000000E+00   0.198437500000E+03   0.177459509089E-11   0.000000000000E+00
   66.   0.500000000000E+03   0.381805924207E-12   0.000000000000E+00   0.200000000000E+03   0.879060057547E-12   0.000000000000E+00
   67.   0.498437500000E+03   0.471667547660E-12   0.000000000000E+00   0.201562500000E+03   0.178765457891E-11   0.000000000000E+00
   68.   0.496875000000E+03   0.393568733876E-12   0.000000000000E+00   0.203125000000E+03   0.885499096880E-12   0.000000000000E+00
   69.   0.495312500000E+03   0.494734510886E-12   0.000000000000E+00   0.204687500000E+03   0.180021106218E-11   0.000000000000E+00
   70.   0.493750000000E+03   0.406172835700E-12   0.000000000000E+00   0.206250000000E+03   0.891684433594E-12   0.000000000000E+00
   71.   0.492187500000E+03   0.519187868814E-12   0.000000000000E+00   0.207812500000E+03   0.181225696220E-11   0.000000000000E+00
   72.   0.490625000000E+03   0.419333666128E-12   0.000000000000E+00   0.209375000000E+03   0.897620280207E-12   0.000000000000E+00
   73.   0.489062500000E+03   0.544567657355E-12   0.000000000000E+00   0.210937500000E+03   0.182378953547E-11   0.000000000000E+00
   74.   0.487500000000E+03   0.432877461413E-12   0.000000000000E+00   0.212500000000E+03   0.903296403821E-12   0.000000000000E+00
   75.   0.485937500000E+03   0.570588647085E-12   0.000000000000E+00   0.214062500000E+03   0.183480219262E-11   0.000000000000E+00
   76.   0.484375000000E+03   0.446693412534E-12   0.000000000000E+00   0.215625000000E+03   0.908715268950E-12   0.000000000000E+00
   77.   0.482812500000E+03   0.597069084929E-12   0.000000000000E+00   0.217187500000E+03   0.184529208628E-11   0.000000000000E+00
   78.   0.481250000000E+03   0.460712902667E-12   0.000000000000E+00   0.218750000000E+03   0.913875268556E-12   0.000000000000E+00
   79.   0.479687500000E+03   0.623890625349E-12   0.000000000000E+00   0.220312500000E+03   0.185525290628E-11   0.000000000000E+00
   80.   0.478125000000E+03   0.474888057816E-12   0.000000000000E+00   0.221875000000E+03   0.918771094301E-12   0.000000000000E+00
   81.   0.476562500000E+03   0.650970358247E-12   0.000000000000E+00   0.223437500000E+03   0.186468183332E-11   0.000000000000E+00
   82.   0.475000000000E+03   0.489182835013E-12   0.000000000000E+00   0.225000000000E+03   0.923402980332E-12   0.000000000000E+00
   83.   0.473437500000E+03   0.678247334095E-12   0.000000000000E+00   0.226562500000E+03   0.187357161827E-11   0.000000000000E+00
   84.   0.471875000000E+03   0.503575860674E-12   0.000000000000E+00   0.228125000000E+03   0.927770449007E-12   0.000000000000E+00
   85.   0.470312500000E+03   0.705676589341E-12   0.000000000000E+00   0.229687500000E+03   0.188191862043E-11   0.000000000000E+00
   86.   0.468750000000E+03   0.518042564848E-12   0.000000000000E+00   0.231250000000E+03   0.931863996611E-12   0.000000000000E+00
   87.   0.467187500000E+03   0.733216364679E-12   0.000000000000E+00   0.232812500000E+03   0.188971542962E-11   0.000000000000E+00
   88.   0.465625000000E+03   0.532566223378E-12   0.000000000000E+00   0.234375000000E+03   0.935688183098E-12   0.000000000000E+00
   89.   0.464062500000E+03   0.760833305750E-12   0.000000000000E+00   0.235937500000E+03   0.189695892528E-11   0.000000000000E+00
   90.   0.462500000000E+03   0.547133190868E-12   0.000000000000E+00   0.237500000000E+03   0.939234491898E-12   0.000000000000E+00
   91.   0.460937500000E+03   0.788493375582E-12   0.000000000000E+00   0.239062500000E+03   0.190364163838E-11   0.000000000000E+00
   92.   0.459375000000E+03   0.561724014412E-12   0.000000000000E+00   0.240625000000E+03   0.942503835469E-12   0.000000000000E+00
   93.   0.457812500000E+03   0.816162904998E-12   0.000000000000E+00   0.242187500000E+03   0.190975539281E-11   0.000000000000E+00
   94.   0.456250000000E+03   0.576323482026E-12   0.000000000000E+00   0.243750000000E+03   0.945487825286E-12   0.000000000000E+00
   95.   0.454687500000E+03   0.843807341725E-12   0.000000000000E+00   0.245312500000E+03   0.191528937042E-11   0.000000000000E+00
   96.   0.453125000000E+03   0.590916108593E-12   0.000000000000E+00   0.246875000000E+03   0.948184744263E-12   0.000000000000E+00
   97.   0.451562500000E+03   0.871386861847E-12   0.000000000000E+00   0.248437500000E+03   0.192022679903E-11   0.000000000000E+00
   98.   0.450000000000E+03   0.605478335686E-12   0.000000000000E+00   0.250000000000E+03   0.950582313630E-12   0.000000000000E+00
   99.   0.448437500000E+03   0.898852355241E-12   0.000000000000E+00   0.251562500000E+03   0.192454579523E-11   0.000000000000E+00
  100.   0.446875000000E+03   0.619983925749E-12   0.000000000000E+00   0.253125000000E+03   0.952666307561E-12   0.000000000000E+00
  101.   0.445312500000E+03   0.926141655432E-12   0.000000000000E+00   0.254687500000E+03   0.192821364091E-11   0.000000000000E+00
  102.   0.443750000000E+03   0.634398997726E-12   0.000000000000E+00   0.256250000000E+03   0.954418988235E-12   0.000000000000E+00
  103.   0.442187500000E+03   0.953168316216E-12   0.000000000000E+00   0.257812500000E+03   0.193117599782E-11   0.000000000000E+00
  104.   0.440625000000E+03   0.648672469146E-12   0.000000000000E+00   0.259375000000E+03   0.955807498575E-12   0.000000000000E+00
  105.   0.439062500000E+03   0.979801904260E-12   0.000000000000E+00   0.260937500000E+03   0.193334222534E-11   0.000000000000E+00
  106.   0.437500000000E+03   0.662726595037E-12   0.000000000000E+00   0.262500000000E+03   0.956771778477E-12   0.000000000000E+00
  107.   0.435937500000E+03   0.100584621217E-11   0.000000000000E+00   0.264062500000E+03   0.193456818708E-11   0.000000000000E+00
  108.   0.434375000000E+03   0.676442513310E-12   0.000000000000E+00   0.265625000000E+03   0.957225093822E-12   0.000000000000E+00
  109.   0.432812500000E+03   0.103098769308E-11   0.000000000000E+00   0.267187500000E+03   0.193461396477E-11   0.000000000000E+00
  110.   0.431250000000E+03   0.689628967872E-12   0.000000000000E+00   0.268750000000E+03   0.957019716972E-12   0.000000000000E+00
  111.   0.429687500000E+03   0.105472395998E-11   0.000000000000E+00   0.270312500000E+03   0.193307913265E-11   0.000000000000E+00
  112.   0.428125000000E+03   0.701977726429E-12   0.000000000000E+00   0.271875000000E+03   0.955905405022E-12   0.000000000000E+00
  113.   0.426562500000E+03   0.107622965693E-11   0.000000000000E+00   0.273437500000E+03   0.192928764210E-11   0.000000000000E+00
  114.   0.425000000000E+03   0.712972392594E-12   0.000000000000E+00   0.275000000000E+03   0.953454786206E-12   0.000000000000E+00
  115.   0.423437500000E+03   0.109414134890E-11   0.000000000000E+00   0.276562500000E+03   0.192210461030E-11   0.000000000000E+00
  116.   0.421875000000E+03   0.721768131111E-12   0.000000000000E+00   0.278125000000E+03   0.948959177096E-12   0.000000000000E+00
  117.   0.420312500000E+03   0.110620085623E-11   0.000000000000E+00   0.279687500000E+03   0.190962805499E-11   0.000000000000E+00
  118.   0.418750000000E+03   0.726960250431E-12   0.000000000000E+00   0.281250000000E+03   0.941232113443E-12   0.000000000000E+00
  119.   0.417187500000E+03   0.110866745307E-11   0.000000000000E+00   0.282812500000E+03   0.188866173495E-11   0.000000000000E+00
  120.   0.415625000000E+03   0.726215582010E-12   0.000000000000E+00   0.284375000000E+03   0.928269650005E-12   0.000000000000E+00
  121.   0.414062500000E+03   0.109536611619E-11   0.000000000000E+00   0.285937500000E+03   0.185386844329E-11   0.000000000000E+00
  122.   0.412500000000E+03   0.715704600267E-12   0.000000000000E+00   0.287500000000E+03   0.906744276658E-12   0.000000000000E+00
  123.   0.410937500000E+03   0.105614313850E-11   0.000000000000E+00   0.289062500000E+03   0.179638440629E-11   0.000000000000E+00
  124.   0.409375000000E+03   0.689133262403E-12   0.000000000000E+00   0.290625000000E+03   0.871141443421E-12   0.000000000000E+00
  125.   0.407812500000E+03   0.974243593255E-12   0.000000000000E+00   0.292187500000E+03   0.170143029401E-11   0.000000000000E+00
  126.   0.406250000000E+03   0.636096626848E-12   0.000000000000E+00   0.293750000000E+03   0.812252609472E-12   0.000000000000E+00
  127.   0.404687500000E+03   0.821614037868E-12   0.000000000000E+00   0.295312500000E+03   0.154404954549E-11   0.000000000000E+00
  128.   0.403125000000E+03   0.539039310395E-12   0.000000000000E+00   0.296875000000E+03   0.714410304708E-12   0.000000000000E+00
  129.   0.401562500000E+03   0.550273293576E-12   0.000000000000E+00   0.298437500000E+03   0.128120258322E-11   0.000000000000E+00
  130.   0.400000000000E+03   0.367608926481E-12   0.000000000000E+00   0.300000000000E+03   0.550309353065E-12   0.000000000000E+00
  131.   0.398437500000E+03   0.770026825680E-13   0.000000000000E+00   0.301562500000E+03   0.837642972670E-12   0.000000000000E+00
  132.   0.396875000000E+03   0.688011700226E-13   0.000000000000E+00   0.303125000000E+03   0.271892391519E-12   0.000000000000E+00
  133.   0.395312500000E+03  -0.740480749614E-12   0.000000000000E+00   0.304687500000E+03   0.835653383069E-13   0.000000000000E+00
  134.   0.393750000000E+03  -0.447220134169E-12   0.000000000000E+00   0.306250000000E+03  -0.203079784113E-12   0.000000000000E+00
  135.   0.392187500000E+03  -0.213379591687E-11   0.000000000000E+00   0.307812500000E+03  -0.119462707132E-11   0.000000000000E+00
  136.   0.390625000000E+03  -0.132306328785E-11   0.000000000000E+00   0.309375000000E+03  -0.100669701512E-11   0.000000000000E+00
  137.   0.389062500000E+03  -0.444935871442E-11   0.000000000000E+00   0.310937500000E+03  -0.332076622137E-11   0.000000000000E+00
  138.   0.387500000000E+03  -0.276122396851E-11   0.000000000000E+00   0.312500000000E+03  -0.232948612719E-11   0.000000000000E+00
  139.   0.385937500000E+03  -0.817162753157E-11   0.000000000000E+00   0.314062500000E+03  -0.675469124867E-11   0.000000000000E+00
  140.   0.384375000000E+03  -0.503466172113E-11   0.000000000000E+00   0.315625000000E+03  -0.443252329268E-11   0.000000000000E+00
  141.   0.382812500000E+03  -0.139974419970E-10   0.000000000000E+00   0.317187500000E+03  -0.121658133650E-10   0.000000000000E+00
  142.   0.381250000000E+03  -0.854186207559E-11   0.000000000000E+00   0.318750000000E+03  -0.770042095826E-11   0.000000000000E+00
  143.   0.379687500000E+03  -0.233006540448E-10   0.000000000000E+00   0.320312500000E+03  -0.208692237488E-10   0.000000000000E+00
  144.   0.378125000000E+03  -0.142214333639E-10   0.000000000000E+00   0.321875000000E+03  -0.130295449004E-10   0.000000000000E+00
  145.   0.376562500000E+03  -0.394256059370E-10   0.000000000000E+00   0.323437500000E+03  -0.360534873428E-10   0.000000000000E+00
  146.   0.375000000000E+03  -0.245070652181E-10   0.000000000000E+00   0.325000000000E+03  -0.227360252631E-10   0.000000000000E+00
  147.   0.373437500000E+03  -0.710046431297E-10   0.000000000000E+00   0.326562500000E+03  -0.659682555220E-10   0.000000000000E+00
  148.   0.371875000000E+03  -0.458001463517E-10   0.000000000000E+00   0.328125000000E+03  -0.429502690009E-10   0.000000000000E+00
  149.   0.370312500000E+03  -0.134055740738E-09   0.000000000000E+00   0.329687500000E+03  -0.126124730022E-09   0.000000000000E+00
  150.   0.368750000000E+03  -0.886470642494E-10   0.000000000000E+00   0.331250000000E+03  -0.839251631347E-10   0.000000000000E+00
  151.   0.367187500000E+03  -0.251925742429E-09   0.000000000000E+00   0.332812500000E+03  -0.239572563927E-09   0.000000000000E+00
  152.   0.365625000000E+03  -0.164982233677E-09   0.000000000000E+00   0.334375000000E+03  -0.157693223616E-09   0.000000000000E+00
  153.   0.364062500000E+03  -0.420269541837E-09   0.000000000000E+00   0.335937500000E+03  -0.403500083668E-09   0.000000000000E+00
  154.   0.362500000000E+03  -0.263563873503E-09   0.000000000000E+00   0.337500000000E+03  -0.254113842977E-09   0.000000000000E+00
  155.   0.360937500000E+03  -0.601509189006E-09   0.000000000000E+00   0.339062500000E+03  -0.582942557735E-09   0.000000000000E+00
  156.   0.359375000000E+03  -0.332911128526E-09   0.000000000000E+00   0.340625000000E+03  -0.324333716366E-09   0.000000000000E+00
  157.   0.357812500000E+03  -0.567619037374E-09   0.000000000000E+00   0.342187500000E+03  -0.554610613299E-09   0.000000000000E+00
  158.   0.356250000000E+03  -0.324804968611E-09   0.000000000000E+00   0.343750000000E+03  -0.318051876257E-09   0.000000000000E+00
  159.   0.354687500000E+03  -0.206827121619E-09   0.000000000000E+00   0.345312500000E+03  -0.205407311326E-09   0.000000000000E+00
  160.   0.353125000000E+03   0.385458198915E-09   0.000000000000E+00   0.346875000000E+03   0.379647530851E-09   0.000000000000E+00
  161.   0.351562500000E+03   0.130652675266E-08   0.000000000000E+00   0.348437500000E+03   0.130571814657E-08   0.000000000000E+00
  162.   0.350000000000E+03   0.692716514962E-08   0.000000000000E+00   0.350000000000E+03   0.692716514690E-08   0.000000000000E+00
  163.   0.348437500000E+03   0.130571815109E-08   0.000000000000E+00   0.351562500000E+03   0.130652674975E-08   0.000000000000E+00
  164.   0.346875000000E+03   0.379647534223E-09   0.000000000000E+00   0.353125000000E+03   0.385458196727E-09   0.000000000000E+00
  165.   0.345312500000E+03  -0.205407305093E-09   0.000000000000E+00   0.354687500000E+03  -0.206827123908E-09   0.000000000000E+00
  166.   0.343750000000E+03  -0.318051875164E-09   0.000000000000E+00   0.356250000000E+03  -0.324804971390E-09   0.000000000000E+00
  167.   0.342187500000E+03  -0.554610608625E-09   0.000000000000E+00   0.357812500000E+03  -0.567619041470E-09   0.000000000000E+00
  168.   0.340625000000E+03  -0.324333714795E-09   0.000000000000E+00   0.359375000000E+03  -0.332911128532E-09   0.000000000000E+00
  169.   0.339062500000E+03  -0.582942554083E-09   0.000000000000E+00   0.360937500000E+03  -0.601509190896E-09   0.000000000000E+00
  170.   0.337500000000E+03  -0.254113841649E-09   0.000000000000E+00   0.362500000000E+03  -0.263563874502E-09   0.000000000000E+00
  171.   0.335937500000E+03  -0.403500081934E-09   0.000000000000E+00   0.364062500000E+03  -0.420269543156E-09   0.000000000000E+00
  172.   0.334375000000E+03  -0.157693224897E-09   0.000000000000E+00   0.365625000000E+03  -0.164982232004E-09   0.000000000000E+00
  173.   0.332812500000E+03  -0.239572562085E-09   0.000000000000E+00   0.367187500000E+03  -0.251925743165E-09   0.000000000000E+00
  174.   0.331250000000E+03  -0.839251618763E-10   0.000000000000E+00   0.368750000000E+03  -0.886470641064E-10   0.000000000000E+00
  175.   0.329687500000E+03  -0.126124728215E-09   0.000000000000E+00   0.370312500000E+03  -0.134055742321E-09   0.000000000000E+00
  176.   0.328125000000E+03  -0.429502672851E-10   0.000000000000E+00   0.371875000000E+03  -0.458001503311E-10   0.000000000000E+00
  177.   0.326562500000E+03  -0.659682538444E-10   0.000000000000E+00   0.373437500000E+03  -0.710046439419E-10   0.000000000000E+00
  178.   0.325000000000E+03  -0.227360236861E-10   0.000000000000E+00   0.375000000000E+03  -0.245070675206E-10   0.000000000000E+00
  179.   0.323437500000E+03  -0.360534838295E-10   0.000000000000E+00   0.376562500000E+03  -0.394256072853E-10   0.000000000000E+00
  180.   0.321875000000E+03  -0.130295404406E-10   0.000000000000E+00   0.378125000000E+03  -0.142214333780E-10   0.000000000000E+00
  181.   0.320312500000E+03  -0.208692179934E-10   0.000000000000E+00   0.379687500000E+03  -0.233006535982E-10   0.000000000000E+00
  182.   0.318750000000E+03  -0.770041718520E-11   0.000000000000E+00   0.381250000000E+03  -0.854186095757E-11   0.000000000000E+00
  183.   0.317187500000E+03  -0.121658072134E-10   0.000000000000E+00   0.382812500000E+03  -0.139974412260E-10   0.000000000000E+00
  184.   0.315625000000E+03  -0.443252255739E-11   0.000000000000E+00   0.384375000000E+03  -0.503466155046E-11   0.000000000000E+00
  185.   0.314062500000E+03  -0.675468515390E-11   0.000000000000E+00   0.385937500000E+03  -0.817162652755E-11   0.000000000000E+00
  186.   0.312500000000E+03  -0.232948116647E-11   0.000000000000E+00   0.387500000000E+03  -0.276122441917E-11   0.000000000000E+00
  187.   0.310937500000E+03  -0.332076007620E-11   0.000000000000E+00   0.389062500000E+03  -0.444935672772E-11   0.000000000000E+00
  188.   0.309375000000E+03  -0.100669408453E-11   0.000000000000E+00   0.390625000000E+03  -0.132306246327E-11   0.000000000000E+00
  189.   0.307812500000E+03  -0.119462084131E-11   0.000000000000E+00   0.392187500000E+03  -0.213379498069E-11   0.000000000000E+00
  190.   0.306250000000E+03  -0.203076569987E-12   0.000000000000E+00   0.393750000000E+03  -0.447220369531E-12   0.000000000000E+00
  191.   0.304687500000E+03   0.835699242756E-13   0.000000000000E+00   0.395312500000E+03  -0.740479891517E-12   0.000000000000E+00
  192.   0.303125000000E+03   0.271893787734E-12   0.000000000000E+00   0.396875000000E+03   0.688036657853E-13   0.000000000000E+00
  193.   0.301562500000E+03   0.837646941602E-12   0.000000000000E+00   0.398437500000E+03   0.770024755346E-13   0.000000000000E+00
  194.   0.300000000000E+03   0.550313159870E-12   0.000000000000E+00   0.400000000000E+03   0.367608403488E-12   0.000000000000E+00
  195.   0.298437500000E+03   0.128120670946E-11   0.000000000000E+00   0.401562500000E+03   0.550272772346E-12   0.000000000000E+00
  196.   0.296875000000E+03   0.714413911275E-12   0.000000000000E+00   0.403125000000E+03   0.539038350528E-12   0.000000000000E+00
  197.   0.295312500000E+03   0.154405236005E-11   0.000000000000E+00   0.404687500000E+03   0.821614194059E-12   0.000000000000E+00
  198.   0.293750000000E+03   0.812254258638E-12   0.000000000000E+00   0.406250000000E+03   0.636095397111E-12   0.000000000000E+00
  199.   0.292187500000E+03   0.170143385700E-11   0.000000000000E+00   0.407812500000E+03   0.974244151099E-12   0.000000000000E+00
  200.   0.290625000000E+03   0.871144444783E-12   0.000000000000E+00   0.409375000000E+03   0.689133484420E-12   0.000000000000E+00
  201.   0.289062500000E+03   0.179638798614E-11   0.000000000000E+00   0.410937500000E+03   0.105614427102E-11   0.000000000000E+00
  202.   0.287500000000E+03   0.906746252071E-12   0.000000000000E+00   0.412500000000E+03   0.715704575217E-12   0.000000000000E+00
  203.   0.285937500000E+03   0.185387453867E-11   0.000000000000E+00   0.414062500000E+03   0.109536715376E-11   0.000000000000E+00
  204.   0.284375000000E+03   0.928272544132E-12   0.000000000000E+00   0.415625000000E+03   0.726217591799E-12   0.000000000000E+00
  205.   0.282812500000E+03   0.188866833194E-11   0.000000000000E+00   0.417187500000E+03   0.110866934774E-11   0.000000000000E+00
  206.   0.281250000000E+03   0.941237090013E-12   0.000000000000E+00   0.418750000000E+03   0.726960981202E-12   0.000000000000E+00
  207.   0.279687500000E+03   0.190963539519E-11   0.000000000000E+00   0.420312500000E+03   0.110620354686E-11   0.000000000000E+00
  208.   0.278125000000E+03   0.948965643928E-12   0.000000000000E+00   0.421875000000E+03   0.721770409317E-12   0.000000000000E+00
  209.   0.276562500000E+03   0.192211247500E-11   0.000000000000E+00   0.423437500000E+03   0.109414383048E-11   0.000000000000E+00
  210.   0.275000000000E+03   0.953456641361E-12   0.000000000000E+00   0.425000000000E+03   0.712974015590E-12   0.000000000000E+00
  211.   0.273437500000E+03   0.192929402288E-11   0.000000000000E+00   0.426562500000E+03   0.107623217258E-11   0.000000000000E+00
  212.   0.271875000000E+03   0.955908643937E-12   0.000000000000E+00   0.428125000000E+03   0.701977886137E-12   0.000000000000E+00
  213.   0.270312500000E+03   0.193308458381E-11   0.000000000000E+00   0.429687500000E+03   0.105472748283E-11   0.000000000000E+00
  214.   0.268750000000E+03   0.957023509470E-12   0.000000000000E+00   0.431250000000E+03   0.689630747158E-12   0.000000000000E+00
  215.   0.267187500000E+03   0.193462058885E-11   0.000000000000E+00   0.432812500000E+03   0.103099126872E-11   0.000000000000E+00
  216.   0.265625000000E+03   0.957230737093E-12   0.000000000000E+00   0.434375000000E+03   0.676443933318E-12   0.000000000000E+00
  217.   0.264062500000E+03   0.193457359888E-11   0.000000000000E+00   0.435937500000E+03   0.100584931467E-11   0.000000000000E+00
  218.   0.262500000000E+03   0.956774008298E-12   0.000000000000E+00   0.437500000000E+03   0.662728142001E-12   0.000000000000E+00
  219.   0.260937500000E+03   0.193334704414E-11   0.000000000000E+00   0.439062500000E+03   0.979805980487E-12   0.000000000000E+00
  220.   0.259375000000E+03   0.955808740556E-12   0.000000000000E+00   0.440625000000E+03   0.648674235398E-12   0.000000000000E+00
  221.   0.257812500000E+03   0.193118054594E-11   0.000000000000E+00   0.442187500000E+03   0.953171916675E-12   0.000000000000E+00
  222.   0.256250000000E+03   0.954421711751E-12   0.000000000000E+00   0.443750000000E+03   0.634400270085E-12   0.000000000000E+00
  223.   0.254687500000E+03   0.192821718921E-11   0.000000000000E+00   0.445312500000E+03   0.926145759121E-12   0.000000000000E+00
  224.   0.253125000000E+03   0.952668900918E-12   0.000000000000E+00   0.446875000000E+03   0.619985829310E-12   0.000000000000E+00
  225.   0.251562500000E+03   0.192454946786E-11   0.000000000000E+00   0.448437500000E+03   0.898856486631E-12   0.000000000000E+00
  226.   0.250000000000E+03   0.950583129461E-12   0.000000000000E+00   0.450000000000E+03   0.605480271421E-12   0.000000000000E+00
  227.   0.248437500000E+03   0.192023027234E-11   0.000000000000E+00   0.451562500000E+03   0.871390962426E-12   0.000000000000E+00
  228.   0.246875000000E+03   0.948186713363E-12   0.000000000000E+00   0.453125000000E+03   0.590918700292E-12   0.000000000000E+00
  229.   0.245312500000E+03   0.191529350667E-11   0.000000000000E+00   0.454687500000E+03   0.843811901926E-12   0.000000000000E+00
  230.   0.243750000000E+03   0.945491812376E-12   0.000000000000E+00   0.456250000000E+03   0.576326973599E-12   0.000000000000E+00
  231.   0.242187500000E+03   0.190976064722E-11   0.000000000000E+00   0.457812500000E+03   0.816167098910E-12   0.000000000000E+00
  232.   0.240625000000E+03   0.942505850818E-12   0.000000000000E+00   0.459375000000E+03   0.561725782256E-12   0.000000000000E+00
  233.   0.239062500000E+03   0.190364676799E-11   0.000000000000E+00   0.460937500000E+03   0.788497235564E-12   0.000000000000E+00
  234.   0.237500000000E+03   0.939236501166E-12   0.000000000000E+00   0.462500000000E+03   0.547134509076E-12   0.000000000000E+00
  235.   0.235937500000E+03   0.189696374159E-11   0.000000000000E+00   0.464062500000E+03   0.760837463729E-12   0.000000000000E+00
  236.   0.234375000000E+03   0.935687377702E-12   0.000000000000E+00   0.465625000000E+03   0.532569296579E-12   0.000000000000E+00
  237.   0.232812500000E+03   0.188971917676E-11   0.000000000000E+00   0.467187500000E+03   0.733220886061E-12   0.000000000000E+00
  238.   0.231250000000E+03   0.931862985485E-12   0.000000000000E+00   0.468750000000E+03   0.518043797248E-12   0.000000000000E+00
  239.   0.229687500000E+03   0.188192038464E-11   0.000000000000E+00   0.470312500000E+03   0.705680773419E-12   0.000000000000E+00
  240.   0.228125000000E+03   0.927770791288E-12   0.000000000000E+00   0.471875000000E+03   0.503577613847E-12   0.000000000000E+00
  241.   0.226562500000E+03   0.187357350583E-11   0.000000000000E+00   0.473437500000E+03   0.678252701981E-12   0.000000000000E+00
  242.   0.225000000000E+03   0.923405556913E-12   0.000000000000E+00   0.475000000000E+03   0.489185300693E-12   0.000000000000E+00
  243.   0.223437500000E+03   0.186468384094E-11   0.000000000000E+00   0.476562500000E+03   0.650975870102E-12   0.000000000000E+00
  244.   0.221875000000E+03   0.918773943865E-12   0.000000000000E+00   0.478125000000E+03   0.474890146361E-12   0.000000000000E+00
  245.   0.220312500000E+03   0.185525655988E-11   0.000000000000E+00   0.479687500000E+03   0.623896624725E-12   0.000000000000E+00
  246.   0.218750000000E+03   0.913876601898E-12   0.000000000000E+00   0.481250000000E+03   0.460716302949E-12   0.000000000000E+00
  247.   0.217187500000E+03   0.184529361698E-11   0.000000000000E+00   0.482812500000E+03   0.597075396383E-12   0.000000000000E+00
  248.   0.215625000000E+03   0.908716589408E-12   0.000000000000E+00   0.484375000000E+03   0.446697108926E-12   0.000000000000E+00
  249.   0.214062500000E+03   0.183480424281E-11   0.000000000000E+00   0.485937500000E+03   0.570593920050E-12   0.000000000000E+00
  250.   0.212500000000E+03   0.903297836458E-12   0.000000000000E+00   0.487500000000E+03   0.432879580485E-12   0.000000000000E+00
  251.   0.210937500000E+03   0.182379103959E-11   0.000000000000E+00   0.489062500000E+03   0.544572713930E-12   0.000000000000E+00
  252.   0.209375000000E+03   0.897618643772E-12   0.000000000000E+00   0.490625000000E+03   0.419335937923E-12   0.000000000000E+00
  253.   0.207812500000E+03   0.181225887718E-11   0.000000000000E+00   0.492187500000E+03   0.519192531148E-12   0.000000000000E+00
  254.   0.206250000000E+03   0.891686626112E-12   0.000000000000E+00   0.493750000000E+03   0.406174961276E-12   0.000000000000E+00
  255.   0.204687500000E+03   0.180021230083E-11   0.000000000000E+00   0.495312500000E+03   0.494739241141E-12   0.000000000000E+00
  256.   0.203125000000E+03   0.885495842209E-12   0.000000000000E+00   0.496875000000E+03   0.393571099573E-12   0.000000000000E+00
  257.   0.201562500000E+03   0.178765638208E-11   0.000000000000E+00   0.498437500000E+03   0.471672134475E-12   0.000000000000E+00
  258.   0.200000000000E+03   0.879060813166E-12   0.000000000000E+00   0.500000000000E+03   0.381808028277E-12   0.000000000000E+00
  259.   0.198437500000E+03   0.177459626014E-11   0.000000000000E+00   0.501562500000E+03   0.450744693147E-12   0.000000000000E+00
  260.   0.196875000000E+03   0.872374200574E-12   0.000000000000E+00   0.503125000000E+03   0.371352370321E-12   0.000000000000E+00
  261.   0.195312500000E+03   0.176103482557E-11   0.000000000000E+00   0.504687500000E+03   0.433199526481E-12   0.000000000000E+00
  262.   0.193750000000E+03   0.865441517553E-12   0.000000000000E+00   0.506250000000E+03   0.362977952520E-12   0.000000000000E+00
  263.   0.192187500000E+03   0.174697810478E-11   0.000000000000E+00   0.507812500000E+03   0.421102913754E-12   0.000000000000E+00
  264.   0.190625000000E+03   0.858263370266E-12   0.000000000000E+00   0.509375000000E+03   0.357972900599E-12   0.000000000000E+00
  265.   0.189062500000E+03   0.173243088624E-11   0.000000000000E+00   0.510937500000E+03   0.417899293534E-12   0.000000000000E+00
  266.   0.187500000000E+03   0.850841043478E-12   0.000000000000E+00   0.512500000000E+03   0.358486254498E-12   0.000000000000E+00
  267.   0.185937500000E+03   0.171739552567E-11   0.000000000000E+00   0.514062500000E+03   0.429341875912E-12   0.000000000000E+00
  268.   0.184375000000E+03   0.843179191157E-12   0.000000000000E+00   0.515625000000E+03   0.368110874917E-12   0.000000000000E+00
  269.   0.182812500000E+03   0.170187848172E-11   0.000000000000E+00   0.517187500000E+03   0.465051493084E-12   0.000000000000E+00
  270.   0.181250000000E+03   0.835279894353E-12   0.000000000000E+00   0.518750000000E+03   0.392855744475E-12   0.000000000000E+00
  271.   0.179687500000E+03   0.168588433891E-11   0.000000000000E+00   0.520312500000E+03   0.541139655884E-12   0.000000000000E+00
  272.   0.178125000000E+03   0.827144283601E-12   0.000000000000E+00   0.521875000000E+03   0.442791423979E-12   0.000000000000E+00
  273.   0.176562500000E+03   0.166941674440E-11   0.000000000000E+00   0.523437500000E+03   0.684634625612E-12   0.000000000000E+00
  274.   0.175000000000E+03   0.818772863807E-12   0.000000000000E+00   0.525000000000E+03   0.534826517311E-12   0.000000000000E+00
  275.   0.173437500000E+03   0.165248029170E-11   0.000000000000E+00   0.526562500000E+03   0.940963351610E-12   0.000000000000E+00
  276.   0.171875000000E+03   0.810170744948E-12   0.000000000000E+00   0.528125000000E+03   0.697403309961E-12   0.000000000000E+00
  277.   0.170312500000E+03   0.163507851127E-11   0.000000000000E+00   0.529687500000E+03   0.138650049880E-11   0.000000000000E+00
  278.   0.168750000000E+03   0.801337854471E-12   0.000000000000E+00   0.531250000000E+03   0.978346695655E-12   0.000000000000E+00
  279.   0.167187500000E+03   0.161721684707E-11   0.000000000000E+00   0.532812500000E+03   0.214935918312E-11   0.000000000000E+00
  280.   0.165625000000E+03   0.792275280130E-12   0.000000000000E+00   0.534375000000E+03   0.145777727385E-11   0.000000000000E+00
  281.   0.164062500000E+03   0.159890018634E-11   0.000000000000E+00   0.535937500000E+03   0.344334105506E-11   0.000000000000E+00
  282.   0.162500000000E+03   0.782989591330E-12   0.000000000000E+00   0.537500000000E+03   0.226903622713E-11   0.000000000000E+00
  283.   0.160937500000E+03   0.158013136302E-11   0.000000000000E+00   0.539062500000E+03   0.562331659933E-11   0.000000000000E+00
  284.   0.159375000000E+03   0.773478998225E-12   0.000000000000E+00   0.540625000000E+03   0.363283020605E-11   0.000000000000E+00
  285.   0.157812500000E+03   0.156091376844E-11   0.000000000000E+00   0.542187500000E+03   0.927797083606E-11   0.000000000000E+00
  286.   0.156250000000E+03   0.763742605810E-12   0.000000000000E+00   0.543750000000E+03   0.591521415612E-11   0.000000000000E+00
  287.   0.154687500000E+03   0.154125132154E-11   0.000000000000E+00   0.545312500000E+03   0.153934684958E-10   0.000000000000E+00
  288.   0.153125000000E+03   0.753785413903E-12   0.000000000000E+00   0.546875000000E+03   0.973283391769E-11   0.000000000000E+00
  289.   0.151562500000E+03   0.152114792009E-11   0.000000000000E+00   0.548437500000E+03   0.256550156345E-10   0.000000000000E+00
  290.   0.150000000000E+03   0.743608124180E-12   0.000000000000E+00   0.550000000000E+03   0.161501452094E-10   0.000000000000E+00
  291.   0.148437500000E+03   0.150060564263E-11   0.000000000000E+00   0.551562500000E+03   0.429971950883E-10   0.000000000000E+00
  292.   0.146875000000E+03   0.733212858948E-12   0.000000000000E+00   0.553125000000E+03   0.270388431549E-10   0.000000000000E+00
  293.   0.145312500000E+03   0.147962398608E-11   0.000000000000E+00   0.554687500000E+03   0.725218477638E-10   0.000000000000E+00
  294.   0.143750000000E+03   0.722595145560E-12   0.000000000000E+00   0.556250000000E+03   0.456449937436E-10   0.000000000000E+00
  295.   0.142187500000E+03   0.145819473845E-11   0.000000000000E+00   0.557812500000E+03   0.122785841573E-09   0.000000000000E+00
  296.   0.140625000000E+03   0.711750125375E-12   0.000000000000E+00   0.559375000000E+03   0.773193273268E-10   0.000000000000E+00
  297.   0.139062500000E+03   0.143629786648E-11   0.000000000000E+00   0.560937500000E+03   0.207129469531E-09   0.000000000000E+00
  298.   0.137500000000E+03   0.700660204821E-12   0.000000000000E+00   0.562500000000E+03   0.130037891667E-09   0.000000000000E+00
  299.   0.135937500000E+03   0.141390345433E-11   0.000000000000E+00   0.564062500000E+03   0.344696163288E-09   0.000000000000E+00
  300.   0.134375000000E+03   0.689310454467E-12   0.000000000000E+00   0.565625000000E+03   0.214773005562E-09   0.000000000000E+00
  301.   0.132812500000E+03   0.139101510461E-11   0.000000000000E+00   0.567187500000E+03   0.562245730697E-09   0.000000000000E+00
  302.   0.131250000000E+03   0.677719659131E-12   0.000000000000E+00   0.568750000000E+03   0.346338274170E-09   0.000000000000E+00
  303.   0.129687500000E+03   0.136775934735E-11   0.000000000000E+00   0.570312500000E+03   0.905929209780E-09   0.000000000000E+00
  304.   0.128125000000E+03   0.666007708070E-12   0.000000000000E+00   0.571875000000E+03   0.554888984263E-09   0.000000000000E+00
  305.   0.126562500000E+03   0.134446634006E-11   0.000000000000E+00   0.573437500000E+03   0.148287250458E-08   0.000000000000E+00
  306.   0.125000000000E+03   0.654415783744E-12   0.000000000000E+00   0.575000000000E+03   0.915413862660E-09   0.000000000000E+00
  307.   0.123437500000E+03   0.132141280427E-11   0.000000000000E+00   0.576562500000E+03   0.257764291825E-08   0.000000000000E+00
  308.   0.121875000000E+03   0.643022210071E-12   0.000000000000E+00   0.578125000000E+03   0.164803913473E-08   0.000000000000E+00
  309.   0.120312500000E+03   0.129750380419E-11   0.000000000000E+00   0.579687500000E+03   0.479632747014E-08   0.000000000000E+00
  310.   0.118750000000E+03   0.630600984321E-12   0.000000000000E+00   0.581250000000E+03   0.315039174219E-08   0.000000000000E+00
  311.   0.117187500000E+03   0.126742380982E-11   0.000000000000E+00   0.582812500000E+03   0.916593534636E-08   0.000000000000E+00
  312.   0.115625000000E+03   0.612807904763E-12   0.000000000000E+00   0.584375000000E+03   0.610617055074E-08   0.000000000000E+00
  313.   0.114062500000E+03   0.121898832602E-11   0.000000000000E+00   0.585937500000E+03   0.162313320044E-07   0.000000000000E+00
  314.   0.112500000000E+03   0.581011786000E-12   0.000000000000E+00   0.587500000000E+03   0.103030642728E-07   0.000000000000E+00
  315.   0.110937500000E+03   0.113908152306E-11   0.000000000000E+00   0.589062500000E+03   0.255542419570E-07   0.000000000000E+00
  316.   0.109375000000E+03   0.530694911802E-12   0.000000000000E+00   0.590625000000E+03   0.156768115461E-07   0.000000000000E+00
  317.   0.107812500000E+03   0.103659615557E-11   0.000000000000E+00   0.592187500000E+03   0.301989219473E-07   0.000000000000E+00
  318.   0.106250000000E+03   0.474130199418E-12   0.000000000000E+00   0.593750000000E+03   0.163979044292E-07   0.000000000000E+00
  319.   0.104687500000E+03   0.993095831351E-12   0.000000000000E+00   0.595312500000E+03   0.246886685342E-07   0.000000000000E+00
  320.   0.103125000000E+03   0.493662374803E-12   0.000000000000E+00   0.596875000000E+03   0.740865895819E-08   0.000000000000E+00
  321.   0.101562500000E+03   0.113939960758E-11   0.000000000000E+00   0.598437500000E+03  -0.311188758927E-07   0.000000000000E+00
