i  r_top  QtopRe  QtopIm  r_bot  QbotRe  QbotIm   [mm, mC]
    1.   0.600000000000E+03  -0.654544283948E-07   0.000000000000E+00   0.100000000000E+03  -0.272265443417E-07   0.000000000000E+00
    2.   0.100000000000E+03  -0.272265443419E-07   0.000000000000E+00   0.600000000000E+03  -0.654544283955E-07   0.000000000000E+00
    3.   0.599218750000E+03  -0.329310686183E-07   0.000000000000E+00   0.100781250000E+03  -0.139087593440E-07   0.000000000000E+00
    4.   0.598437500000E+03  -0.723563065483E-08   0.000000000000E+00   0.101562500000E+03  -0.320433578210E-08   0.000000000000E+00
    5.   0.597656250000E+03  -0.601070744034E-08   0.000000000000E+00   0.102343750000E+03  -0.289850201323E-08   0.000000000000E+00
    6.   0.596875000000E+03   0.277942057274E-09   0.000000000000E+00   0.103125000000E+03  -0.902605949899E-10   0.000000000000E+00
    7.   0.596093750000E+03   0.347429040479E-08   0.000000000000E+00   0.103906250000E+03   0.108025832983E-08   0.000000000000E+00
    8.   0.595312500000E+03   0.386379927928E-08   0.000000000000E+00   0.104687500000E+03   0.145408712078E-08   0.000000000000E+00
    9.   0.594531250000E+03   0.860194500741E-08   0.000000000000E+00   0.105468750000E+03   0.332814617098E-08   0.000000000000E+00
   10.   0.593750000000E+03   0.483961304257E-08   0.000000000000E+00   0.106250000000E+03   0.191636285946E-08   0.000000000000E+00
   11.   0.592968750000E+03   0.993596250421E-08   0.000000000000E+00   0.107031250000E+03   0.399554585206E-08   0.000000000000E+00
   12.   0.592187500000E+03   0.512819684721E-08   0.000000000000E+00   0.107812500000E+03   0.209262570957E-08   0.000000000000E+00
   13.   0.591406250000E+03   0.983785183531E-08   0.000000000000E+00   0.108593750000E+03   0.405275087252E-08   0.000000000000E+00
   14.   0.590625000000E+03   0.473506626818E-08   0.000000000000E+00   0.109375000000E+03   0.197082299286E-08   0.000000000000E+00
   15.   0.589843750000E+03   0.881834303012E-08   0.000000000000E+00   0.110156250000E+03   0.369854186654E-08   0.000000000000E+00
   16.   0.589062500000E+03   0.409506379578E-08   0.000000000000E+00   0.110937500000E+03   0.173269715911E-08   0.000000000000E+00
   17.   0.588281250000E+03   0.742619086099E-08   0.000000000000E+00   0.111718750000E+03   0.316204742694E-08   0.000000000000E+00
   18.   0.587500000000E+03   0.334170576354E-08   0.000000000000E+00   0.112500000000E+03   0.143386641407E-08   0.000000000000E+00
   19.   0.586718750000E+03   0.594481622897E-08   0.000000000000E+00   0.113281250000E+03   0.256471839108E-08   0.000000000000E+00
   20.   0.585937500000E+03   0.261020134607E-08   0.000000000000E+00   0.114062500000E+03   0.113389623250E-08   0.000000000000E+00
   21.   0.585156250000E+03   0.457098942392E-08   0.000000000000E+00   0.114843750000E+03   0.199503615160E-08   0.000000000000E+00
   22.   0.584375000000E+03   0.196597047978E-08   0.000000000000E+00   0.115625000000E+03   0.863377183973E-09   0.000000000000E+00
   23.   0.583593750000E+03   0.340492345680E-08   0.000000000000E+00   0.116406250000E+03   0.150140786991E-08   0.000000000000E+00
   24.   0.582812500000E+03   0.144208229609E-08   0.000000000000E+00   0.117187500000E+03   0.639376349668E-09   0.000000000000E+00
   25.   0.582031250000E+03   0.248169276375E-08   0.000000000000E+00   0.117968750000E+03   0.110417419756E-08   0.000000000000E+00
   26.   0.581250000000E+03   0.104117821250E-08   0.000000000000E+00   0.118750000000E+03   0.465453326238E-09   0.000000000000E+00
   27.   0.580468750000E+03   0.178964213000E-08   0.000000000000E+00   0.119531250000E+03   0.802480748666E-09   0.000000000000E+00
   28.   0.579687500000E+03   0.748896483209E-09   0.000000000000E+00   0.120312500000E+03   0.337171627651E-09   0.000000000000E+00
   29.   0.578906250000E+03   0.129199875374E-08   0.000000000000E+00   0.121093750000E+03   0.583261170794E-09   0.000000000000E+00
   30.   0.578125000000E+03   0.542890463892E-09   0.000000000000E+00   0.121875000000E+03   0.245937388194E-09   0.000000000000E+00
   31.   0.577343750000E+03   0.943610717601E-09   0.000000000000E+00   0.122656250000E+03   0.428565906597E-09   0.000000000000E+00
   32.   0.576562500000E+03   0.400241533207E-09   0.000000000000E+00   0.123437500000E+03   0.182349327403E-09   0.000000000000E+00
   33.   0.575781250000E+03   0.702157369428E-09   0.000000000000E+00   0.124218750000E+03   0.320749551044E-09   0.000000000000E+00
   34.   0.575000000000E+03   0.301414742480E-09   0.000000000000E+00   0.125000000000E+03   0.138106414638E-09   0.000000000000E+00
   35.   0.574218750000E+03   0.533513319025E-09   0.000000000000E+00   0.125781250000E+03   0.245165508926E-09   0.000000000000E+00
   36.   0.573437500000E+03   0.231692320268E-09   0.000000000000E+00   0.126562500000E+03   0.106806321050E-09   0.000000000000E+00
   37.   0.572656250000E+03   0.412913483427E-09   0.000000000000E+00   0.127343750000E+03   0.190968472828E-09   0.000000000000E+00
   38.   0.571875000000E+03   0.180941893659E-09   0.000000000000E+00   0.128125000000E+03   0.839671019238E-10   0.000000000000E+00
   39.   0.571093750000E+03   0.323766961568E-09   0.000000000000E+00   0.128906250000E+03   0.150788970431E-09   0.000000000000E+00
   40.   0.570312500000E+03   0.142659358096E-09   0.000000000000E+00   0.129687500000E+03   0.666796833465E-10   0.000000000000E+00
   41.   0.569531250000E+03   0.255615886663E-09   0.000000000000E+00   0.130468750000E+03   0.119942232599E-09   0.000000000000E+00
   42.   0.568750000000E+03   0.112874427172E-09   0.000000000000E+00   0.131250000000E+03   0.531600809653E-10   0.000000000000E+00
   43.   0.567968750000E+03   0.202124501368E-09   0.000000000000E+00   0.132031250000E+03   0.955861398398E-10   0.000000000000E+00
   44.   0.567187500000E+03   0.892212261706E-10   0.000000000000E+00   0.132812500000E+03   0.423494614118E-10   0.000000000000E+00
   45.   0.566406250000E+03   0.159486958047E-09   0.000000000000E+00   0.133593750000E+03   0.760266155818E-10   0.000000000000E+00
   46.   0.565625000000E+03   0.702662772485E-10   0.000000000000E+00   0.134375000000E+03   0.336152921028E-10   0.000000000000E+00
   47.   0.564843750000E+03   0.125330706736E-09   0.000000000000E+00   0.135156250000E+03   0.602251297491E-10   0.000000000000E+00
   48.   0.564062500000E+03   0.550783998520E-10   0.000000000000E+00   0.135937500000E+03   0.265551149585E-10   0.000000000000E+00
   49.   0.563281250000E+03   0.980429852280E-10   0.000000000000E+00   0.136718750000E+03   0.474890865706E-10   0.000000000000E+00
   50.   0.562500000000E+03   0.429827449110E-10   0.000000000000E+00   0.137500000000E+03   0.208819096582E-10   0.000000000000E+00
   51.   0.561718750000E+03   0.764014312984E-10   0.000000000000E+00   0.138281250000E+03   0.372987628398E-10   0.000000000000E+00
   52.   0.560937500000E+03   0.334365738257E-10   0.000000000000E+00   0.139062500000E+03   0.163652366020E-10   0.000000000000E+00
   53.   0.560156250000E+03   0.593963349838E-10   0.000000000000E+00   0.139843750000E+03   0.292230259768E-10   0.000000000000E+00
   54.   0.559375000000E+03   0.259758330056E-10   0.000000000000E+00   0.140625000000E+03   0.128058164106E-10   0.000000000000E+00
   55.   0.558593750000E+03   0.461587949832E-10   0.000000000000E+00   0.141406250000E+03   0.228855893380E-10   0.000000000000E+00
   56.   0.557812500000E+03   0.201971815153E-10   0.000000000000E+00   0.142187500000E+03   0.100273905476E-10   0.000000000000E+00
   57.   0.557031250000E+03   0.359383411310E-10   0.000000000000E+00   0.142968750000E+03   0.179556414309E-10   0.000000000000E+00
   58.   0.556250000000E+03   0.157540812333E-10   0.000000000000E+00   0.143750000000E+03   0.787571169336E-11   0.000000000000E+00
   59.   0.555468750000E+03   0.280976775285E-10   0.000000000000E+00   0.144531250000E+03   0.141472822732E-10   0.000000000000E+00
   60.   0.554687500000E+03   0.123558568007E-10   0.000000000000E+00   0.145312500000E+03   0.621917999260E-11   0.000000000000E+00
   61.   0.553906250000E+03   0.221089770230E-10   0.000000000000E+00   0.146093750000E+03   0.112199311715E-10   0.000000000000E+00
   62.   0.553125000000E+03   0.976521351972E-11   0.000000000000E+00   0.146875000000E+03   0.494875094091E-11   0.000000000000E+00
   63.   0.552343750000E+03   0.175462962431E-10   0.000000000000E+00   0.147656250000E+03   0.897674673760E-11   0.000000000000E+00
   64.   0.551562500000E+03   0.779330263939E-11   0.000000000000E+00   0.148437500000E+03   0.397653093038E-11   0.000000000000E+00
   65.   0.550781250000E+03   0.140738567498E-10   0.000000000000E+00   0.149218750000E+03   0.726071865958E-11   0.000000000000E+00
   66.   0.550000000000E+03   0.629302108325E-11   0.000000000000E+00   0.150000000000E+03   0.323331636832E-11   0.000000000000E+00
   67.   0.549218750000E+03   0.114319436297E-10   0.000000000000E+00   0.150781250000E+03   0.594919308839E-11   0.000000000000E+00
   68.   0.548437500000E+03   0.515163775274E-11   0.000000000000E+00   0.151562500000E+03   0.266559558118E-11   0.000000000000E+00
   69.   0.547656250000E+03   0.942242512251E-11   0.000000000000E+00   0.152343750000E+03   0.494781857015E-11   0.000000000000E+00
   70.   0.546875000000E+03   0.428368676752E-11   0.000000000000E+00   0.153125000000E+03   0.223249382665E-11   0.000000000000E+00
   71.   0.546093750000E+03   0.789540365321E-11   0.000000000000E+00   0.153906250000E+03   0.418471141290E-11   0.000000000000E+00
   72.   0.545312500000E+03   0.362471142878E-11   0.000000000000E+00   0.154687500000E+03   0.190298794330E-11   0.000000000000E+00
   73.   0.544531250000E+03   0.673782839675E-11   0.000000000000E+00   0.155468750000E+03   0.360532987574E-11   0.000000000000E+00
   74.   0.543750000000E+03   0.312611754755E-11   0.000000000000E+00   0.156250000000E+03   0.165355793888E-11   0.000000000000E+00
   75.   0.542968750000E+03   0.586432922026E-11   0.000000000000E+00   0.157031250000E+03   0.316826188082E-11   0.000000000000E+00
   76.   0.542187500000E+03   0.275114198452E-11   0.000000000000E+00   0.157812500000E+03   0.146631747388E-11   0.000000000000E+00
   77.   0.541406250000E+03   0.521014904950E-11   0.000000000000E+00   0.158593750000E+03   0.284192976852E-11   0.000000000000E+00
   78.   0.540625000000E+03   0.247180746049E-11   0.000000000000E+00   0.159375000000E+03   0.132758370862E-11   0.000000000000E+00
   79.   0.539843750000E+03   0.472586084945E-11   0.000000000000E+00   0.160156250000E+03   0.260210187782E-11   0.000000000000E+00
   80.   0.539062500000E+03   0.226667986767E-11   0.000000000000E+00   0.160937500000E+03   0.122681578076E-11   0.000000000000E+00
   81.   0.538281250000E+03   0.437349260708E-11   0.000000000000E+00   0.161718750000E+03   0.243005613768E-11   0.000000000000E+00
   82.   0.537500000000E+03   0.211923415109E-11   0.000000000000E+00   0.162500000000E+03   0.115583910958E-11   0.000000000000E+00
   83.   0.536718750000E+03   0.412370675748E-11   0.000000000000E+00   0.163281250000E+03   0.231123958597E-11   0.000000000000E+00
   84.   0.535937500000E+03   0.201666687899E-11   0.000000000000E+00   0.164062500000E+03   0.110828003823E-11   0.000000000000E+00
   85.   0.535156250000E+03   0.395374452725E-11   0.000000000000E+00   0.164843750000E+03   0.223428904087E-11   0.000000000000E+00
   86.   0.534375000000E+03   0.194902905143E-11   0.000000000000E+00   0.165625000000E+03   0.107915257979E-11   0.000000000000E+00
   87.   0.533593750000E+03   0.384590888689E-11   0.000000000000E+00   0.166406250000E+03   0.219030878208E-11   0.000000000000E+00
   88.   0.532812500000E+03   0.190857639067E-11   0.000000000000E+00   0.167187500000E+03   0.106454936066E-11   0.000000000000E+00
   89.   0.532031250000E+03   0.378642734886E-11   0.000000000000E+00   0.167968750000E+03   0.217232813631E-11   0.000000000000E+00
   90.   0.531250000000E+03   0.188928319038E-11   0.000000000000E+00   0.168750000000E+03   0.106140858467E-11   0.000000000000E+00
   91.   0.530468750000E+03   0.376458641946E-11   0.000000000000E+00   0.169531250000E+03   0.217488723491E-11   0.000000000000E+00
   92.   0.529687500000E+03   0.188646352298E-11   0.000000000000E+00   0.170312500000E+03   0.106733305451E-11   0.000000000000E+00
   93.   0.528906250000E+03   0.377206117600E-11   0.000000000000E+00   0.171093750000E+03   0.219371473375E-11   0.000000000000E+00
   94.   0.528125000000E+03   0.189647902215E-11   0.000000000000E+00   0.171875000000E+03   0.108044921826E-11   0.000000000000E+00
   95.   0.527343750000E+03   0.380239121732E-11   0.000000000000E+00   0.172656250000E+03   0.222547415964E-11   0.000000000000E+00
   96.   0.526562500000E+03   0.191650815875E-11   0.000000000000E+00   0.173437500000E+03   0.109929477693E-11   0.000000000000E+00
   97.   0.525781250000E+03   0.385056858721E-11   0.000000000000E+00   0.174218750000E+03   0.226756304588E-11   0.000000000000E+00
   98.   0.525000000000E+03   0.194436547342E-11   0.000000000000E+00   0.175000000000E+03   0.112273016432E-11   0.000000000000E+00
   99.   0.524218750000E+03   0.391271405494E-11   0.000000000000E+00   0.175781250000E+03   0.231795367328E-11   0.000000000000E+00
  100.   0.523437500000E+03   0.197835781520E-11   0.000000000000E+00   0.176562500000E+03   0.114986733932E-11   0.000000000000E+00
  101.   0.522656250000E+03   0.398582342332E-11   0.000000000000E+00   0.177343750000E+03   0.237506622362E-11   0.000000000000E+00
  102.   0.521875000000E+03   0.201717368258E-11   0.000000000000E+00   0.178125000000E+03   0.118001496170E-11   0.000000000000E+00
  103.   0.521093750000E+03   0.406756816591E-11   0.000000000000E+00   0.178906250000E+03   0.243766997941E-11   0.000000000000E+00
  104.   0.520312500000E+03   0.205979723594E-11   0.000000000000E+00   0.179687500000E+03   0.121263403123E-11   0.000000000000E+00
  105.   0.519531250000E+03   0.415614150664E-11   0.000000000000E+00   0.180468750000E+03   0.250480487892E-11   0.000000000000E+00
  106.   0.518750000000E+03   0.210543788222E-11   0.000000000000E+00   0.181250000000E+03   0.124730386135E-11   0.000000000000E+00
  107.   0.517968750000E+03   0.425013794043E-11   0.000000000000E+00   0.182031250000E+03   0.257572065438E-11   0.000000000000E+00
  108.   0.517187500000E+03   0.215348074990E-11   0.000000000000E+00   0.182812500000E+03   0.128369519706E-11   0.000000000000E+00
  109.   0.516406250000E+03   0.434846175925E-11   0.000000000000E+00   0.183593750000E+03   0.264982956486E-11   0.000000000000E+00
  110.   0.515625000000E+03   0.220344530099E-11   0.000000000000E+00   0.184375000000E+03   0.132154989176E-11   0.000000000000E+00
  111.   0.514843750000E+03   0.445025554352E-11   0.000000000000E+00   0.185156250000E+03   0.272666964866E-11   0.000000000000E+00
  112.   0.514062500000E+03   0.225495480268E-11   0.000000000000E+00   0.185937500000E+03   0.136066412168E-11   0.000000000000E+00
  113.   0.513281250000E+03   0.455484523075E-11   0.000000000000E+00   0.186718750000E+03   0.280587664309E-11   0.000000000000E+00
  114.   0.512500000000E+03   0.230771223304E-11   0.000000000000E+00   0.187500000000E+03   0.140087806529E-11   0.000000000000E+00
  115.   0.511718750000E+03   0.466169912917E-11   0.000000000000E+00   0.188281250000E+03   0.288716152154E-11   0.000000000000E+00
  116.   0.510937500000E+03   0.236148322205E-11   0.000000000000E+00   0.189062500000E+03   0.144206306379E-11   0.000000000000E+00
  117.   0.510156250000E+03   0.477039454686E-11   0.000000000000E+00   0.189843750000E+03   0.297029339730E-11   0.000000000000E+00
  118.   0.509375000000E+03   0.241607994750E-11   0.000000000000E+00   0.190625000000E+03   0.148411640606E-11   0.000000000000E+00
  119.   0.508593750000E+03   0.488059334775E-11   0.000000000000E+00   0.191406250000E+03   0.305508731853E-11   0.000000000000E+00
  120.   0.507812500000E+03   0.247135213652E-11   0.000000000000E+00   0.192187500000E+03   0.152695604065E-11   0.000000000000E+00
  121.   0.507031250000E+03   0.499202275128E-11   0.000000000000E+00   0.192968750000E+03   0.314139310371E-11   0.000000000000E+00
  122.   0.506250000000E+03   0.252717706472E-11   0.000000000000E+00   0.193750000000E+03   0.157051494655E-11   0.000000000000E+00
  123.   0.505468750000E+03   0.510446108015E-11   0.000000000000E+00   0.194531250000E+03   0.322908827508E-11   0.000000000000E+00
  124.   0.504687500000E+03   0.258345582023E-11   0.000000000000E+00   0.195312500000E+03   0.161473690719E-11   0.000000000000E+00
  125.   0.503906250000E+03   0.521772548663E-11   0.000000000000E+00   0.196093750000E+03   0.331807119250E-11   0.000000000000E+00
  126.   0.503125000000E+03   0.264010527380E-11   0.000000000000E+00   0.196875000000E+03   0.165957668451E-11   0.000000000000E+00
  127.   0.502343750000E+03   0.533166337447E-11   0.000000000000E+00   0.197656250000E+03   0.340825639944E-11   0.000000000000E+00
  128.   0.501562500000E+03   0.269705577353E-11   0.000000000000E+00   0.198437500000E+03   0.170499503912E-11   0.000000000000E+00
  129.   0.500781250000E+03   0.544614593611E-11   0.000000000000E+00   0.199218750000E+03   0.349957119416E-11   0.000000000000E+00
  130.   0.500000000000E+03   0.275424809472E-11   0.000000000000E+00   0.200000000000E+03   0.175095829673E-11   0.000000000000E+00
  131.   0.499218750000E+03   0.556106246394E-11   0.000000000000E+00   0.200781250000E+03   0.359195280634E-11   0.000000000000E+00
  132.   0.498437500000E+03   0.281163099966E-11   0.000000000000E+00   0.201562500000E+03   0.179743739688E-11   0.000000000000E+00
  133.   0.497656250000E+03   0.567631643086E-11   0.000000000000E+00   0.202343750000E+03   0.368534560107E-11   0.000000000000E+00
  134.   0.496875000000E+03   0.286915970331E-11   0.000000000000E+00   0.203125000000E+03   0.184440630060E-11   0.000000000000E+00
  135.   0.496093750000E+03   0.579182262790E-11   0.000000000000E+00   0.203906250000E+03   0.377969990924E-11   0.000000000000E+00
  136.   0.495312500000E+03   0.292679377615E-11   0.000000000000E+00   0.204687500000E+03   0.189184139905E-11   0.000000000000E+00
  137.   0.494531250000E+03   0.590750474303E-11   0.000000000000E+00   0.205468750000E+03   0.387497034066E-11   0.000000000000E+00
  138.   0.493750000000E+03   0.298449680468E-11   0.000000000000E+00   0.206250000000E+03   0.193972093239E-11   0.000000000000E+00
  139.   0.492968750000E+03   0.602329270860E-11   0.000000000000E+00   0.207031250000E+03   0.397111505587E-11   0.000000000000E+00
  140.   0.492187500000E+03   0.304223584655E-11   0.000000000000E+00   0.207812500000E+03   0.198802483453E-11   0.000000000000E+00
  141.   0.491406250000E+03   0.613912171427E-11   0.000000000000E+00   0.208593750000E+03   0.406809427955E-11   0.000000000000E+00
  142.   0.490625000000E+03   0.309997915755E-11   0.000000000000E+00   0.209375000000E+03   0.203673395989E-11   0.000000000000E+00
  143.   0.489843750000E+03   0.625493094136E-11   0.000000000000E+00   0.210156250000E+03   0.416587052804E-11   0.000000000000E+00
  144.   0.489062500000E+03   0.315769812071E-11   0.000000000000E+00   0.210937500000E+03   0.208582965040E-11   0.000000000000E+00
  145.   0.488281250000E+03   0.637066401993E-11   0.000000000000E+00   0.211718750000E+03   0.426440748346E-11   0.000000000000E+00
  146.   0.487500000000E+03   0.321536414525E-11   0.000000000000E+00   0.212500000000E+03   0.213529495317E-11   0.000000000000E+00
  147.   0.486718750000E+03   0.648626579358E-11   0.000000000000E+00   0.213281250000E+03   0.436366996903E-11   0.000000000000E+00
  148.   0.485937500000E+03   0.327295150300E-11   0.000000000000E+00   0.214062500000E+03   0.218511191611E-11   0.000000000000E+00
  149.   0.485156250000E+03   0.660168446797E-11   0.000000000000E+00   0.214843750000E+03   0.446362341254E-11   0.000000000000E+00
  150.   0.484375000000E+03   0.333043410769E-11   0.000000000000E+00   0.215625000000E+03   0.223526355515E-11   0.000000000000E+00
  151.   0.483593750000E+03   0.671686919330E-11   0.000000000000E+00   0.216406250000E+03   0.456423368711E-11   0.000000000000E+00
  152.   0.482812500000E+03   0.338778734964E-11   0.000000000000E+00   0.217187500000E+03   0.228573298737E-11   0.000000000000E+00
  153.   0.482031250000E+03   0.683177066044E-11   0.000000000000E+00   0.217968750000E+03   0.466546731480E-11   0.000000000000E+00
  154.   0.481250000000E+03   0.344498679438E-11   0.000000000000E+00   0.218750000000E+03   0.233650380452E-11   0.000000000000E+00
  155.   0.480468750000E+03   0.694634083771E-11   0.000000000000E+00   0.219531250000E+03   0.476729083571E-11   0.000000000000E+00
  156.   0.479687500000E+03   0.350200914891E-11   0.000000000000E+00   0.220312500000E+03   0.238755946769E-11   0.000000000000E+00
  157.   0.478906250000E+03   0.706053294815E-11   0.000000000000E+00   0.221093750000E+03   0.486967073886E-11   0.000000000000E+00
  158.   0.478125000000E+03   0.355883041378E-11   0.000000000000E+00   0.221875000000E+03   0.243888258467E-11   0.000000000000E+00
  159.   0.477343750000E+03   0.717430092108E-11   0.000000000000E+00   0.222656250000E+03   0.497257381131E-11   0.000000000000E+00
  160.   0.476562500000E+03   0.361542831895E-11   0.000000000000E+00   0.223437500000E+03   0.249045746568E-11   0.000000000000E+00
  161.   0.475781250000E+03   0.728759924036E-11   0.000000000000E+00   0.224218750000E+03   0.507596615420E-11   0.000000000000E+00
  162.   0.475000000000E+03   0.367178090541E-11   0.000000000000E+00   0.225000000000E+03   0.254226656218E-11   0.000000000000E+00
  163.   0.474218750000E+03   0.740038324165E-11   0.000000000000E+00   0.225781250000E+03   0.517981467657E-11   0.000000000000E+00
  164.   0.473437500000E+03   0.372786512034E-11   0.000000000000E+00   0.226562500000E+03   0.259429410332E-11   0.000000000000E+00
  165.   0.472656250000E+03   0.751260955659E-11   0.000000000000E+00   0.227343750000E+03   0.528408528119E-11   0.000000000000E+00
  166.   0.471875000000E+03   0.378365977844E-11   0.000000000000E+00   0.228125000000E+03   0.264652268847E-11   0.000000000000E+00
  167.   0.471093750000E+03   0.762423421828E-11   0.000000000000E+00   0.228906250000E+03   0.538874426171E-11   0.000000000000E+00
  168.   0.470312500000E+03   0.383914344549E-11   0.000000000000E+00   0.229687500000E+03   0.269893501674E-11   0.000000000000E+00
  169.   0.469531250000E+03   0.773521454523E-11   0.000000000000E+00   0.230468750000E+03   0.549375785843E-11   0.000000000000E+00
  170.   0.468750000000E+03   0.389429498764E-11   0.000000000000E+00   0.231250000000E+03   0.275151536718E-11   0.000000000000E+00
  171.   0.467968750000E+03   0.784550814692E-11   0.000000000000E+00   0.232031250000E+03   0.559909202868E-11   0.000000000000E+00
  172.   0.467187500000E+03   0.394909309519E-11   0.000000000000E+00   0.232812500000E+03   0.280424578524E-11   0.000000000000E+00
  173.   0.466406250000E+03   0.795507311768E-11   0.000000000000E+00   0.233593750000E+03   0.570471151904E-11   0.000000000000E+00
  174.   0.465625000000E+03   0.400351693042E-11   0.000000000000E+00   0.234375000000E+03   0.285710911356E-11   0.000000000000E+00
  175.   0.464843750000E+03   0.806386823688E-11   0.000000000000E+00   0.235156250000E+03   0.581058221042E-11   0.000000000000E+00
  176.   0.464062500000E+03   0.405754601885E-11   0.000000000000E+00   0.235937500000E+03   0.291008768317E-11   0.000000000000E+00
  177.   0.463281250000E+03   0.817185229370E-11   0.000000000000E+00   0.236718750000E+03   0.591666951862E-11   0.000000000000E+00
  178.   0.462500000000E+03   0.411116019427E-11   0.000000000000E+00   0.237500000000E+03   0.296316514400E-11   0.000000000000E+00
  179.   0.461718750000E+03   0.827898446778E-11   0.000000000000E+00   0.238281250000E+03   0.602293798917E-11   0.000000000000E+00
  180.   0.460937500000E+03   0.416433896217E-11   0.000000000000E+00   0.239062500000E+03   0.301632247214E-11   0.000000000000E+00
  181.   0.460156250000E+03   0.838522481095E-11   0.000000000000E+00   0.239843750000E+03   0.612935253232E-11   0.000000000000E+00
  182.   0.459375000000E+03   0.421706266242E-11   0.000000000000E+00   0.240625000000E+03   0.306954397565E-11   0.000000000000E+00
  183.   0.458593750000E+03   0.849053357267E-11   0.000000000000E+00   0.241406250000E+03   0.623587775067E-11   0.000000000000E+00
  184.   0.457812500000E+03   0.426931154951E-11   0.000000000000E+00   0.242187500000E+03   0.312281035852E-11   0.000000000000E+00
  185.   0.457031250000E+03   0.859487105817E-11   0.000000000000E+00   0.242968750000E+03   0.634247759424E-11   0.000000000000E+00
  186.   0.456250000000E+03   0.432106598194E-11   0.000000000000E+00   0.243750000000E+03   0.317610454679E-11   0.000000000000E+00
  187.   0.455468750000E+03   0.869819836169E-11   0.000000000000E+00   0.244531250000E+03   0.644911554802E-11   0.000000000000E+00
  188.   0.454687500000E+03   0.437230644536E-11   0.000000000000E+00   0.245312500000E+03   0.322940793013E-11   0.000000000000E+00
  189.   0.453906250000E+03   0.880047675089E-11   0.000000000000E+00   0.246093750000E+03   0.655575596024E-11   0.000000000000E+00
  190.   0.453125000000E+03   0.442301385912E-11   0.000000000000E+00   0.246875000000E+03   0.328270216277E-11   0.000000000000E+00
  191.   0.452343750000E+03   0.890166817021E-11   0.000000000000E+00   0.247656250000E+03   0.666236200217E-11   0.000000000000E+00
  192.   0.451562500000E+03   0.447316923879E-11   0.000000000000E+00   0.248437500000E+03   0.333596953695E-11   0.000000000000E+00
  193.   0.450781250000E+03   0.900173335082E-11   0.000000000000E+00   0.249218750000E+03   0.676889600650E-11   0.000000000000E+00
  194.   0.450000000000E+03   0.452275274204E-11   0.000000000000E+00   0.250000000000E+03   0.338919079328E-11   0.000000000000E+00
  195.   0.449218750000E+03   0.910063391483E-11   0.000000000000E+00   0.250781250000E+03   0.687532094911E-11   0.000000000000E+00
  196.   0.448437500000E+03   0.457174515671E-11   0.000000000000E+00   0.251562500000E+03   0.344234819708E-11   0.000000000000E+00
  197.   0.447656250000E+03   0.919833195700E-11   0.000000000000E+00   0.252343750000E+03   0.698159811003E-11   0.000000000000E+00
  198.   0.446875000000E+03   0.462012877093E-11   0.000000000000E+00   0.253125000000E+03   0.349542063236E-11   0.000000000000E+00
  199.   0.446093750000E+03   0.929478887812E-11   0.000000000000E+00   0.253906250000E+03   0.708768902111E-11   0.000000000000E+00
  200.   0.445312500000E+03   0.466788358577E-11   0.000000000000E+00   0.254687500000E+03   0.354839008621E-11   0.000000000000E+00
  201.   0.444531250000E+03   0.938996592434E-11   0.000000000000E+00   0.255468750000E+03   0.719355452028E-11   0.000000000000E+00
  202.   0.443750000000E+03   0.471498868910E-11   0.000000000000E+00   0.256250000000E+03   0.360123681966E-11   0.000000000000E+00
  203.   0.442968750000E+03   0.948382389444E-11   0.000000000000E+00   0.257031250000E+03   0.729915339842E-11   0.000000000000E+00
  204.   0.442187500000E+03   0.476142658574E-11   0.000000000000E+00   0.257812500000E+03   0.365393922573E-11   0.000000000000E+00
  205.   0.441406250000E+03   0.957632233382E-11   0.000000000000E+00   0.258593750000E+03   0.740444455126E-11   0.000000000000E+00
  206.   0.440625000000E+03   0.480717645729E-11   0.000000000000E+00   0.259375000000E+03   0.370647783968E-11   0.000000000000E+00
  207.   0.439843750000E+03   0.966742019216E-11   0.000000000000E+00   0.260156250000E+03   0.750938486733E-11   0.000000000000E+00
  208.   0.439062500000E+03   0.485221674337E-11   0.000000000000E+00   0.260937500000E+03   0.375882944991E-11   0.000000000000E+00
  209.   0.438281250000E+03   0.975707433877E-11   0.000000000000E+00   0.261718750000E+03   0.761392900741E-11   0.000000000000E+00
  210.   0.437500000000E+03   0.489652533179E-11   0.000000000000E+00   0.262500000000E+03   0.381097113739E-11   0.000000000000E+00
  211.   0.436718750000E+03   0.984523919024E-11   0.000000000000E+00   0.263281250000E+03   0.771802991778E-11   0.000000000000E+00
  212.   0.435937500000E+03   0.494007933071E-11   0.000000000000E+00   0.264062500000E+03   0.386287851614E-11   0.000000000000E+00
  213.   0.435156250000E+03   0.993186699432E-11   0.000000000000E+00   0.264843750000E+03   0.782163688644E-11   0.000000000000E+00
  214.   0.434375000000E+03   0.498285350925E-11   0.000000000000E+00   0.265625000000E+03   0.391452653446E-11   0.000000000000E+00
  215.   0.433593750000E+03   0.100169045999E-10   0.000000000000E+00   0.266406250000E+03   0.792469512753E-11   0.000000000000E+00
  216.   0.432812500000E+03   0.502482134677E-11   0.000000000000E+00   0.267187500000E+03   0.396588595378E-11   0.000000000000E+00
  217.   0.432031250000E+03   0.101002940860E-10   0.000000000000E+00   0.267968750000E+03   0.802714546057E-11   0.000000000000E+00
  218.   0.431250000000E+03   0.506595061384E-11   0.000000000000E+00   0.268750000000E+03   0.401692552056E-11   0.000000000000E+00
  219.   0.430468750000E+03   0.101819697500E-10   0.000000000000E+00   0.269531250000E+03   0.812892133681E-11   0.000000000000E+00
  220.   0.429687500000E+03   0.510620766073E-11   0.000000000000E+00   0.270312500000E+03   0.406761103071E-11   0.000000000000E+00
  221.   0.428906250000E+03   0.102618579773E-10   0.000000000000E+00   0.271093750000E+03   0.822994886246E-11   0.000000000000E+00
  222.   0.428125000000E+03   0.514555290490E-11   0.000000000000E+00   0.271875000000E+03   0.411790294407E-11   0.000000000000E+00
  223.   0.427343750000E+03   0.103398706866E-10   0.000000000000E+00   0.272656250000E+03   0.833014192549E-11   0.000000000000E+00
  224.   0.426562500000E+03   0.518393856798E-11   0.000000000000E+00   0.273437500000E+03   0.416775459886E-11   0.000000000000E+00
  225.   0.425781250000E+03   0.104159050143E-10   0.000000000000E+00   0.274218750000E+03   0.842940049345E-11   0.000000000000E+00
  226.   0.425000000000E+03   0.522130936061E-11   0.000000000000E+00   0.275000000000E+03   0.421711266568E-11   0.000000000000E+00
  227.   0.424218750000E+03   0.104898367434E-10   0.000000000000E+00   0.275781250000E+03   0.852760605993E-11   0.000000000000E+00
  228.   0.423437500000E+03   0.525759658857E-11   0.000000000000E+00   0.276562500000E+03   0.426591287569E-11   0.000000000000E+00
  229.   0.422656250000E+03   0.105615141672E-10   0.000000000000E+00   0.277343750000E+03   0.862461575193E-11   0.000000000000E+00
  230.   0.421875000000E+03   0.529271586926E-11   0.000000000000E+00   0.278125000000E+03   0.431407535187E-11   0.000000000000E+00
  231.   0.421093750000E+03   0.106307495149E-10   0.000000000000E+00   0.278906250000E+03   0.872025495520E-11   0.000000000000E+00
  232.   0.420312500000E+03   0.532656458453E-11   0.000000000000E+00   0.279687500000E+03   0.436150595112E-11   0.000000000000E+00
  233.   0.419531250000E+03   0.106973108271E-10   0.000000000000E+00   0.280468750000E+03   0.881431130300E-11   0.000000000000E+00
  234.   0.418750000000E+03   0.535901495968E-11   0.000000000000E+00   0.281250000000E+03   0.440808719775E-11   0.000000000000E+00
  235.   0.417968750000E+03   0.107609072082E-10   0.000000000000E+00   0.282031250000E+03   0.890651900035E-11   0.000000000000E+00
  236.   0.417187500000E+03   0.538990405802E-11   0.000000000000E+00   0.282812500000E+03   0.445367035176E-11   0.000000000000E+00
  237.   0.416406250000E+03   0.108211735698E-10   0.000000000000E+00   0.283593750000E+03   0.899654649788E-11   0.000000000000E+00
  238.   0.415625000000E+03   0.541902791885E-11   0.000000000000E+00   0.284375000000E+03   0.449807268719E-11   0.000000000000E+00
  239.   0.414843750000E+03   0.108776490605E-10   0.000000000000E+00   0.285156250000E+03   0.908397760748E-11   0.000000000000E+00
  240.   0.414062500000E+03   0.544612987737E-11   0.000000000000E+00   0.285937500000E+03   0.454106189857E-11   0.000000000000E+00
  241.   0.413281250000E+03   0.109297508794E-10   0.000000000000E+00   0.286718750000E+03   0.916828784616E-11   0.000000000000E+00
  242.   0.412500000000E+03   0.547088535469E-11   0.000000000000E+00   0.287500000000E+03   0.458234470390E-11   0.000000000000E+00
  243.   0.411718750000E+03   0.109767406916E-10   0.000000000000E+00   0.288281250000E+03   0.924881121900E-11   0.000000000000E+00
  244.   0.410937500000E+03   0.549287979357E-11   0.000000000000E+00   0.289062500000E+03   0.462154889687E-11   0.000000000000E+00
  245.   0.410156250000E+03   0.110176756298E-10   0.000000000000E+00   0.289843750000E+03   0.932470113293E-11   0.000000000000E+00
  246.   0.409375000000E+03   0.551158551850E-11   0.000000000000E+00   0.290625000000E+03   0.465820074462E-11   0.000000000000E+00
  247.   0.408593750000E+03   0.110513494254E-10   0.000000000000E+00   0.291406250000E+03   0.939487201817E-11   0.000000000000E+00
  248.   0.407812500000E+03   0.552632522603E-11   0.000000000000E+00   0.292187500000E+03   0.469168921290E-11   0.000000000000E+00
  249.   0.407031250000E+03   0.110762056664E-10   0.000000000000E+00   0.292968750000E+03   0.945792153357E-11   0.000000000000E+00
  250.   0.406250000000E+03   0.553622007633E-11   0.000000000000E+00   0.293750000000E+03   0.472122374940E-11   0.000000000000E+00
  251.   0.405468750000E+03   0.110902223004E-10   0.000000000000E+00   0.294531250000E+03   0.951202730829E-11   0.000000000000E+00
  252.   0.404687500000E+03   0.554012770062E-11   0.000000000000E+00   0.295312500000E+03   0.474577265486E-11   0.000000000000E+00
  253.   0.403906250000E+03   0.110907530653E-10   0.000000000000E+00   0.296093750000E+03   0.955479914858E-11   0.000000000000E+00
  254.   0.403125000000E+03   0.553654386818E-11   0.000000000000E+00   0.296875000000E+03   0.476397695785E-11   0.000000000000E+00
  255.   0.402343750000E+03   0.110743155863E-10   0.000000000000E+00   0.297656250000E+03   0.958308476940E-11   0.000000000000E+00
  256.   0.401562500000E+03   0.552348993660E-11   0.000000000000E+00   0.298437500000E+03   0.477404441465E-11   0.000000000000E+00
  257.   0.400781250000E+03   0.110363151281E-10   0.000000000000E+00   0.299218750000E+03   0.959271564134E-11   0.000000000000E+00
  258.   0.400000000000E+03   0.549835021059E-11   0.000000000000E+00   0.300000000000E+03   0.477359906511E-11   0.000000000000E+00
  259.   0.399218750000E+03   0.109706975494E-10   0.000000000000E+00   0.300781250000E+03   0.957818325807E-11   0.000000000000E+00
  260.   0.398437500000E+03   0.545768428855E-11   0.000000000000E+00   0.301562500000E+03   0.475950633202E-11   0.000000000000E+00
  261.   0.397656250000E+03   0.108695443681E-10   0.000000000000E+00   0.302343750000E+03   0.953225497883E-11   0.000000000000E+00
  262.   0.396875000000E+03   0.539701266771E-11   0.000000000000E+00   0.303125000000E+03   0.472766551637E-11   0.000000000000E+00
  263.   0.396093750000E+03   0.107226264499E-10   0.000000000000E+00   0.303906250000E+03   0.944554519152E-11   0.000000000000E+00
  264.   0.395312500000E+03   0.531057834683E-11   0.000000000000E+00   0.304687500000E+03   0.467278659063E-11   0.000000000000E+00
  265.   0.394531250000E+03   0.105169590904E-10   0.000000000000E+00   0.305468750000E+03   0.930607910837E-11   0.000000000000E+00
  266.   0.393750000000E+03   0.519114729705E-11   0.000000000000E+00   0.306250000000E+03   0.458817920968E-11   0.000000000000E+00
  267.   0.392968750000E+03   0.102364312313E-10   0.000000000000E+00   0.307031250000E+03   0.909890493663E-11   0.000000000000E+00
  268.   0.392187500000E+03   0.502983783716E-11   0.000000000000E+00   0.307812500000E+03   0.446557802593E-11   0.000000000000E+00
  269.   0.391406250000E+03   0.986155460025E-11   0.000000000000E+00   0.308593750000E+03   0.880580957137E-11   0.000000000000E+00
  270.   0.390625000000E+03   0.481604333747E-11   0.000000000000E+00   0.309375000000E+03   0.429503518916E-11   0.000000000000E+00
  271.   0.389843750000E+03   0.936935331954E-11   0.000000000000E+00   0.310156250000E+03   0.840514854996E-11   0.000000000000E+00
  272.   0.389062500000E+03   0.453740929960E-11   0.000000000000E+00   0.310937500000E+03   0.406486731564E-11   0.000000000000E+00
  273.   0.388281250000E+03   0.873326308946E-11   0.000000000000E+00   0.311718750000E+03   0.787168358970E-11   0.000000000000E+00
  274.   0.387500000000E+03   0.417976559407E-11   0.000000000000E+00   0.312500000000E+03   0.376155483334E-11   0.000000000000E+00
  275.   0.386718750000E+03   0.792263023067E-11   0.000000000000E+00   0.313281250000E+03   0.717605199044E-11   0.000000000000E+00
  276.   0.385937500000E+03   0.372670903029E-11   0.000000000000E+00   0.314062500000E+03   0.336932907211E-11   0.000000000000E+00
  277.   0.385156250000E+03   0.690093209735E-11   0.000000000000E+00   0.314843750000E+03   0.628307320901E-11   0.000000000000E+00
  278.   0.384375000000E+03   0.315825621777E-11   0.000000000000E+00   0.315625000000E+03   0.286890248320E-11   0.000000000000E+00
  279.   0.383593750000E+03   0.562115911509E-11   0.000000000000E+00   0.316406250000E+03   0.514742834310E-11   0.000000000000E+00
  280.   0.382812500000E+03   0.244757662974E-11   0.000000000000E+00   0.317187500000E+03   0.223442486059E-11   0.000000000000E+00
  281.   0.382031250000E+03   0.401594373139E-11   0.000000000000E+00   0.317968750000E+03   0.370442989131E-11   0.000000000000E+00
  282.   0.381250000000E+03   0.155437356411E-11   0.000000000000E+00   0.318750000000E+03   0.142728453091E-11   0.000000000000E+00
  283.   0.380468750000E+03   0.197920181659E-11   0.000000000000E+00   0.319531250000E+03   0.185276980184E-11   0.000000000000E+00
  284.   0.379687500000E+03   0.413083334671E-12   0.000000000000E+00   0.320312500000E+03   0.384993689995E-12   0.000000000000E+00
  285.   0.378906250000E+03  -0.664270593873E-12   0.000000000000E+00   0.321093750000E+03  -0.574284298129E-12   0.000000000000E+00
  286.   0.378125000000E+03  -0.108587002094E-11   0.000000000000E+00   0.321875000000E+03  -0.996627390610E-12   0.000000000000E+00
  287.   0.377343750000E+03  -0.420382056613E-11   0.000000000000E+00   0.322656250000E+03  -0.385197761186E-11   0.000000000000E+00
  288.   0.376562500000E+03  -0.312260269869E-11   0.000000000000E+00   0.323437500000E+03  -0.288895889386E-11   0.000000000000E+00
  289.   0.375781250000E+03  -0.910150705603E-11   0.000000000000E+00   0.324218750000E+03  -0.842087999665E-11   0.000000000000E+00
  290.   0.375000000000E+03  -0.598017852323E-11   0.000000000000E+00   0.325000000000E+03  -0.556224114738E-11   0.000000000000E+00
  291.   0.374218750000E+03  -0.160551629804E-10   0.000000000000E+00   0.325781250000E+03  -0.149493805641E-10   0.000000000000E+00
  292.   0.373437500000E+03  -0.100756939768E-10   0.000000000000E+00   0.326562500000E+03  -0.941681725247E-11   0.000000000000E+00
  293.   0.372656250000E+03  -0.260429513111E-10   0.000000000000E+00   0.327343750000E+03  -0.243804592588E-10   0.000000000000E+00
  294.   0.371875000000E+03  -0.159739868036E-10   0.000000000000E+00   0.328125000000E+03  -0.149989034016E-10   0.000000000000E+00
  295.   0.371093750000E+03  -0.403075147268E-10   0.000000000000E+00   0.328906250000E+03  -0.379227564832E-10   0.000000000000E+00
  296.   0.370312500000E+03  -0.243577449246E-10   0.000000000000E+00   0.329687500000E+03  -0.229756024508E-10   0.000000000000E+00
  297.   0.369531250000E+03  -0.602179974291E-10   0.000000000000E+00   0.330468750000E+03  -0.569258005362E-10   0.000000000000E+00
  298.   0.368750000000E+03  -0.359178382064E-10   0.000000000000E+00   0.331250000000E+03  -0.340336084746E-10   0.000000000000E+00
  299.   0.367968750000E+03  -0.869469657723E-10   0.000000000000E+00   0.332031250000E+03  -0.825759304516E-10   0.000000000000E+00
  300.   0.367187500000E+03  -0.511375498919E-10   0.000000000000E+00   0.332812500000E+03  -0.486741825753E-10   0.000000000000E+00
  301.   0.366406250000E+03  -0.120917841724E-09   0.000000000000E+00   0.333593750000E+03  -0.115365021965E-09   0.000000000000E+00
  302.   0.365625000000E+03  -0.699529989136E-10   0.000000000000E+00   0.334375000000E+03  -0.668841089245E-10   0.000000000000E+00
  303.   0.364843750000E+03  -0.161087885028E-09   0.000000000000E+00   0.335156250000E+03  -0.154387391943E-09   0.000000000000E+00
  304.   0.364062500000E+03  -0.913754238232E-10   0.000000000000E+00   0.335937500000E+03  -0.877615043798E-10   0.000000000000E+00
  305.   0.363281250000E+03  -0.204105901278E-09   0.000000000000E+00   0.336718750000E+03  -0.196497418026E-09   0.000000000000E+00
  306.   0.362500000000E+03  -0.113036554273E-09   0.000000000000E+00   0.337500000000E+03  -0.109056468660E-09   0.000000000000E+00
  307.   0.361718750000E+03  -0.243814816650E-09   0.000000000000E+00   0.338281250000E+03  -0.235778852588E-09   0.000000000000E+00
  308.   0.360937500000E+03  -0.131113544988E-09   0.000000000000E+00   0.339062500000E+03  -0.127070717035E-09   0.000000000000E+00
  309.   0.360156250000E+03  -0.270217522012E-09   0.000000000000E+00   0.339843750000E+03  -0.262477945333E-09   0.000000000000E+00
  310.   0.359375000000E+03  -0.139578416266E-09   0.000000000000E+00   0.340625000000E+03  -0.135886740491E-09   0.000000000000E+00
  311.   0.358593750000E+03  -0.270910409437E-09   0.000000000000E+00   0.341406250000E+03  -0.264321939412E-09   0.000000000000E+00
  312.   0.357812500000E+03  -0.131459586818E-09   0.000000000000E+00   0.342187500000E+03  -0.128579213770E-09   0.000000000000E+00
  313.   0.357031250000E+03  -0.224194040373E-09   0.000000000000E+00   0.342968750000E+03  -0.219694932717E-09   0.000000000000E+00
  314.   0.356250000000E+03  -0.950945112241E-10   0.000000000000E+00   0.343750000000E+03  -0.934259259316E-10   0.000000000000E+00
  315.   0.355468750000E+03  -0.114920568058E-09   0.000000000000E+00   0.344531250000E+03  -0.113102942393E-09   0.000000000000E+00
  316.   0.354687500000E+03  -0.150669113683E-10   0.000000000000E+00   0.345312500000E+03  -0.150030402178E-10   0.000000000000E+00
  317.   0.353906250000E+03   0.135142585909E-09   0.000000000000E+00   0.346093750000E+03   0.133806456229E-09   0.000000000000E+00
  318.   0.353125000000E+03   0.106488549636E-09   0.000000000000E+00   0.346875000000E+03   0.105727254694E-09   0.000000000000E+00
  319.   0.352343750000E+03   0.523056181822E-09   0.000000000000E+00   0.347656250000E+03   0.519262250169E-09   0.000000000000E+00
  320.   0.351562500000E+03   0.554439960758E-09   0.000000000000E+00   0.348437500000E+03   0.551317841561E-09   0.000000000000E+00
  321.   0.350781250000E+03   0.141389041441E-08   0.000000000000E+00   0.349218750000E+03   0.141203278866E-08   0.000000000000E+00
  322.   0.350000000000E+03   0.392429942737E-08   0.000000000000E+00   0.350000000000E+03   0.392429942695E-08   0.000000000000E+00
  323.   0.349218750000E+03   0.141203279111E-08   0.000000000000E+00   0.350781250000E+03   0.141389041211E-08   0.000000000000E+00
  324.   0.348437500000E+03   0.551317843635E-09   0.000000000000E+00   0.351562500000E+03   0.554439960015E-09   0.000000000000E+00
  325.   0.347656250000E+03   0.519262252615E-09   0.000000000000E+00   0.352343750000E+03   0.523056180161E-09   0.000000000000E+00
  326.   0.346875000000E+03   0.105727256068E-09   0.000000000000E+00   0.353125000000E+03   0.106488549169E-09   0.000000000000E+00
  327.   0.346093750000E+03   0.133806458365E-09   0.000000000000E+00   0.353906250000E+03   0.135142584766E-09   0.000000000000E+00
  328.   0.345312500000E+03  -0.150030383705E-10   0.000000000000E+00   0.354687500000E+03  -0.150669128250E-10   0.000000000000E+00
  329.   0.344531250000E+03  -0.113102940782E-09   0.000000000000E+00   0.355468750000E+03  -0.114920569268E-09   0.000000000000E+00
  330.   0.343750000000E+03  -0.934259254250E-10   0.000000000000E+00   0.356250000000E+03  -0.950945108458E-10   0.000000000000E+00
  331.   0.342968750000E+03  -0.219694931850E-09   0.000000000000E+00   0.357031250000E+03  -0.224194041107E-09   0.000000000000E+00
  332.   0.342187500000E+03  -0.128579213047E-09   0.000000000000E+00   0.357812500000E+03  -0.131459587026E-09   0.000000000000E+00
  333.   0.341406250000E+03  -0.264321939014E-09   0.000000000000E+00   0.358593750000E+03  -0.270910410065E-09   0.000000000000E+00
  334.   0.340625000000E+03  -0.135886739633E-09   0.000000000000E+00   0.359375000000E+03  -0.139578417583E-09   0.000000000000E+00
  335.   0.339843750000E+03  -0.262477944502E-09   0.000000000000E+00   0.360156250000E+03  -0.270217522565E-09   0.000000000000E+00
  336.   0.339062500000E+03  -0.127070716030E-09   0.000000000000E+00   0.360937500000E+03  -0.131113544941E-09   0.000000000000E+00
  337.   0.338281250000E+03  -0.235778851616E-09   0.000000000000E+00   0.361718750000E+03  -0.243814817156E-09   0.000000000000E+00
  338.   0.337500000000E+03  -0.109056468669E-09   0.000000000000E+00   0.362500000000E+03  -0.113036554598E-09   0.000000000000E+00
  339.   0.336718750000E+03  -0.196497416576E-09   0.000000000000E+00   0.363281250000E+03  -0.204105901494E-09   0.000000000000E+00
  340.   0.335937500000E+03  -0.877615032653E-10   0.000000000000E+00   0.364062500000E+03  -0.913754238267E-10   0.000000000000E+00
  341.   0.335156250000E+03  -0.154387390406E-09   0.000000000000E+00   0.364843750000E+03  -0.161087885251E-09   0.000000000000E+00
  342.   0.334375000000E+03  -0.668841079094E-10   0.000000000000E+00   0.365625000000E+03  -0.699529988665E-10   0.000000000000E+00
  343.   0.333593750000E+03  -0.115365020536E-09   0.000000000000E+00   0.366406250000E+03  -0.120917842032E-09   0.000000000000E+00
  344.   0.332812500000E+03  -0.486741798668E-10   0.000000000000E+00   0.367187500000E+03  -0.511375502023E-10   0.000000000000E+00
  345.   0.332031250000E+03  -0.825759288245E-10   0.000000000000E+00   0.367968750000E+03  -0.869469660295E-10   0.000000000000E+00
  346.   0.331250000000E+03  -0.340336074588E-10   0.000000000000E+00   0.368750000000E+03  -0.359178382680E-10   0.000000000000E+00
  347.   0.330468750000E+03  -0.569257993065E-10   0.000000000000E+00   0.369531250000E+03  -0.602179980538E-10   0.000000000000E+00
  348.   0.329687500000E+03  -0.229756025983E-10   0.000000000000E+00   0.370312500000E+03  -0.243577454958E-10   0.000000000000E+00
  349.   0.328906250000E+03  -0.379227552882E-10   0.000000000000E+00   0.371093750000E+03  -0.403075150733E-10   0.000000000000E+00
  350.   0.328125000000E+03  -0.149989032042E-10   0.000000000000E+00   0.371875000000E+03  -0.159739867846E-10   0.000000000000E+00
  351.   0.327343750000E+03  -0.243804580687E-10   0.000000000000E+00   0.372656250000E+03  -0.260429522140E-10   0.000000000000E+00
  352.   0.326562500000E+03  -0.941681755948E-11   0.000000000000E+00   0.373437500000E+03  -0.100756951210E-10   0.000000000000E+00
  353.   0.325781250000E+03  -0.149493797598E-10   0.000000000000E+00   0.374218750000E+03  -0.160551636227E-10   0.000000000000E+00
  354.   0.325000000000E+03  -0.556224052362E-11   0.000000000000E+00   0.375000000000E+03  -0.598017876475E-11   0.000000000000E+00
  355.   0.324218750000E+03  -0.842087966232E-11   0.000000000000E+00   0.375781250000E+03  -0.910150733726E-11   0.000000000000E+00
  356.   0.323437500000E+03  -0.288895903711E-11   0.000000000000E+00   0.376562500000E+03  -0.312260253950E-11   0.000000000000E+00
  357.   0.322656250000E+03  -0.385197707962E-11   0.000000000000E+00   0.377343750000E+03  -0.420382119037E-11   0.000000000000E+00
  358.   0.321875000000E+03  -0.996626927187E-12   0.000000000000E+00   0.378125000000E+03  -0.108587024506E-11   0.000000000000E+00
  359.   0.321093750000E+03  -0.574283578641E-12   0.000000000000E+00   0.378906250000E+03  -0.664271135723E-12   0.000000000000E+00
  360.   0.320312500000E+03   0.384993730914E-12   0.000000000000E+00   0.379687500000E+03   0.413082959223E-12   0.000000000000E+00
  361.   0.319531250000E+03   0.185277062011E-11   0.000000000000E+00   0.380468750000E+03   0.197920199637E-11   0.000000000000E+00
  362.   0.318750000000E+03   0.142728376234E-11   0.000000000000E+00   0.381250000000E+03   0.155437298364E-11   0.000000000000E+00
  363.   0.317968750000E+03   0.370443044535E-11   0.000000000000E+00   0.382031250000E+03   0.401594487593E-11   0.000000000000E+00
  364.   0.317187500000E+03   0.223442477907E-11   0.000000000000E+00   0.382812500000E+03   0.244757738859E-11   0.000000000000E+00
  365.   0.316406250000E+03   0.514742895459E-11   0.000000000000E+00   0.383593750000E+03   0.562115960708E-11   0.000000000000E+00
  366.   0.315625000000E+03   0.286890216339E-11   0.000000000000E+00   0.384375000000E+03   0.315825576266E-11   0.000000000000E+00
  367.   0.314843750000E+03   0.628307390651E-11   0.000000000000E+00   0.385156250000E+03   0.690093174044E-11   0.000000000000E+00
  368.   0.314062500000E+03   0.336932826978E-11   0.000000000000E+00   0.385937500000E+03   0.372670873697E-11   0.000000000000E+00
  369.   0.313281250000E+03   0.717605269022E-11   0.000000000000E+00   0.386718750000E+03   0.792262953501E-11   0.000000000000E+00
  370.   0.312500000000E+03   0.376155496269E-11   0.000000000000E+00   0.387500000000E+03   0.417976604033E-11   0.000000000000E+00
  371.   0.311718750000E+03   0.787168403290E-11   0.000000000000E+00   0.388281250000E+03   0.873326303967E-11   0.000000000000E+00
  372.   0.310937500000E+03   0.406486791609E-11   0.000000000000E+00   0.389062500000E+03   0.453741037567E-11   0.000000000000E+00
  373.   0.310156250000E+03   0.840514918657E-11   0.000000000000E+00   0.389843750000E+03   0.936935298192E-11   0.000000000000E+00
  374.   0.309375000000E+03   0.429503477856E-11   0.000000000000E+00   0.390625000000E+03   0.481604350153E-11   0.000000000000E+00
  375.   0.308593750000E+03   0.880580975485E-11   0.000000000000E+00   0.391406250000E+03   0.986155440761E-11   0.000000000000E+00
  376.   0.307812500000E+03   0.446557816124E-11   0.000000000000E+00   0.392187500000E+03   0.502983776209E-11   0.000000000000E+00
  377.   0.307031250000E+03   0.909890518453E-11   0.000000000000E+00   0.392968750000E+03   0.102364317549E-10   0.000000000000E+00
  378.   0.306250000000E+03   0.458817954847E-11   0.000000000000E+00   0.393750000000E+03   0.519114715475E-11   0.000000000000E+00
  379.   0.305468750000E+03   0.930607949818E-11   0.000000000000E+00   0.394531250000E+03   0.105169590478E-10   0.000000000000E+00
  380.   0.304687500000E+03   0.467278713853E-11   0.000000000000E+00   0.395312500000E+03   0.531057799720E-11   0.000000000000E+00
  381.   0.303906250000E+03   0.944554602873E-11   0.000000000000E+00   0.396093750000E+03   0.107226257933E-10   0.000000000000E+00
  382.   0.303125000000E+03   0.472766541788E-11   0.000000000000E+00   0.396875000000E+03   0.539701180460E-11   0.000000000000E+00
  383.   0.302343750000E+03   0.953225601901E-11   0.000000000000E+00   0.397656250000E+03   0.108695437156E-10   0.000000000000E+00
  384.   0.301562500000E+03   0.475950654904E-11   0.000000000000E+00   0.398437500000E+03   0.545768486621E-11   0.000000000000E+00
  385.   0.300781250000E+03   0.957818416255E-11   0.000000000000E+00   0.399218750000E+03   0.109706967179E-10   0.000000000000E+00
  386.   0.300000000000E+03   0.477359979816E-11   0.000000000000E+00   0.400000000000E+03   0.549834924621E-11   0.000000000000E+00
  387.   0.299218750000E+03   0.959271686721E-11   0.000000000000E+00   0.400781250000E+03   0.110363143199E-10   0.000000000000E+00
  388.   0.298437500000E+03   0.477404538551E-11   0.000000000000E+00   0.401562500000E+03   0.552348888870E-11   0.000000000000E+00
  389.   0.297656250000E+03   0.958308654024E-11   0.000000000000E+00   0.402343750000E+03   0.110743156041E-10   0.000000000000E+00
  390.   0.296875000000E+03   0.476397864408E-11   0.000000000000E+00   0.403125000000E+03   0.553654372513E-11   0.000000000000E+00
  391.   0.296093750000E+03   0.955480082162E-11   0.000000000000E+00   0.403906250000E+03   0.110907534549E-10   0.000000000000E+00
  392.   0.295312500000E+03   0.474577298209E-11   0.000000000000E+00   0.404687500000E+03   0.554012685222E-11   0.000000000000E+00
  393.   0.294531250000E+03   0.951202933225E-11   0.000000000000E+00   0.405468750000E+03   0.110902227538E-10   0.000000000000E+00
  394.   0.293750000000E+03   0.472122520121E-11   0.000000000000E+00   0.406250000000E+03   0.553622078415E-11   0.000000000000E+00
  395.   0.292968750000E+03   0.945792399281E-11   0.000000000000E+00   0.407031250000E+03   0.110762060146E-10   0.000000000000E+00
  396.   0.292187500000E+03   0.469168976857E-11   0.000000000000E+00   0.407812500000E+03   0.552632583849E-11   0.000000000000E+00
  397.   0.291406250000E+03   0.939487433442E-11   0.000000000000E+00   0.408593750000E+03   0.110513500527E-10   0.000000000000E+00
  398.   0.290625000000E+03   0.465820235473E-11   0.000000000000E+00   0.409375000000E+03   0.551158655032E-11   0.000000000000E+00
  399.   0.289843750000E+03   0.932470392519E-11   0.000000000000E+00   0.410156250000E+03   0.110176766429E-10   0.000000000000E+00
  400.   0.289062500000E+03   0.462155083118E-11   0.000000000000E+00   0.410937500000E+03   0.549287995092E-11   0.000000000000E+00
  401.   0.288281250000E+03   0.924881371347E-11   0.000000000000E+00   0.411718750000E+03   0.109767416186E-10   0.000000000000E+00
  402.   0.287500000000E+03   0.458234586272E-11   0.000000000000E+00   0.412500000000E+03   0.547088433340E-11   0.000000000000E+00
  403.   0.286718750000E+03   0.916829039287E-11   0.000000000000E+00   0.413281250000E+03   0.109297519683E-10   0.000000000000E+00
  404.   0.285937500000E+03   0.454106281220E-11   0.000000000000E+00   0.414062500000E+03   0.544612983002E-11   0.000000000000E+00
  405.   0.285156250000E+03   0.908398010869E-11   0.000000000000E+00   0.414843750000E+03   0.108776497576E-10   0.000000000000E+00
  406.   0.284375000000E+03   0.449807383341E-11   0.000000000000E+00   0.415625000000E+03   0.541902797003E-11   0.000000000000E+00
  407.   0.283593750000E+03   0.899654861692E-11   0.000000000000E+00   0.416406250000E+03   0.108211744247E-10   0.000000000000E+00
  408.   0.282812500000E+03   0.445367164583E-11   0.000000000000E+00   0.417187500000E+03   0.538990371135E-11   0.000000000000E+00
  409.   0.282031250000E+03   0.890652099713E-11   0.000000000000E+00   0.417968750000E+03   0.107609083813E-10   0.000000000000E+00
  410.   0.281250000000E+03   0.440808756952E-11   0.000000000000E+00   0.418750000000E+03   0.535901535025E-11   0.000000000000E+00
  411.   0.280468750000E+03   0.881431331877E-11   0.000000000000E+00   0.419531250000E+03   0.106973116193E-10   0.000000000000E+00
  412.   0.279687500000E+03   0.436150689731E-11   0.000000000000E+00   0.420312500000E+03   0.532656546521E-11   0.000000000000E+00
  413.   0.278906250000E+03   0.872025679628E-11   0.000000000000E+00   0.421093750000E+03   0.106307499126E-10   0.000000000000E+00
  414.   0.278125000000E+03   0.431407605704E-11   0.000000000000E+00   0.421875000000E+03   0.529271597271E-11   0.000000000000E+00
  415.   0.277343750000E+03   0.862461675972E-11   0.000000000000E+00   0.422656250000E+03   0.105615145023E-10   0.000000000000E+00
  416.   0.276562500000E+03   0.426591254845E-11   0.000000000000E+00   0.423437500000E+03   0.525759648720E-11   0.000000000000E+00
  417.   0.275781250000E+03   0.852760736500E-11   0.000000000000E+00   0.424218750000E+03   0.104898372507E-10   0.000000000000E+00
  418.   0.275000000000E+03   0.421711342936E-11   0.000000000000E+00   0.425000000000E+03   0.522131019752E-11   0.000000000000E+00
  419.   0.274218750000E+03   0.842940190130E-11   0.000000000000E+00   0.425781250000E+03   0.104159054187E-10   0.000000000000E+00
  420.   0.273437500000E+03   0.416775533727E-11   0.000000000000E+00   0.426562500000E+03   0.518393929695E-11   0.000000000000E+00
  421.   0.272656250000E+03   0.833014338436E-11   0.000000000000E+00   0.427343750000E+03   0.103398714495E-10   0.000000000000E+00
  422.   0.271875000000E+03   0.411790424840E-11   0.000000000000E+00   0.428125000000E+03   0.514555305152E-11   0.000000000000E+00
  423.   0.271093750000E+03   0.822995057507E-11   0.000000000000E+00   0.428906250000E+03   0.102618587132E-10   0.000000000000E+00
  424.   0.270312500000E+03   0.406761222617E-11   0.000000000000E+00   0.429687500000E+03   0.510620789707E-11   0.000000000000E+00
  425.   0.269531250000E+03   0.812892349101E-11   0.000000000000E+00   0.430468750000E+03   0.101819705486E-10   0.000000000000E+00
  426.   0.268750000000E+03   0.401692668746E-11   0.000000000000E+00   0.431250000000E+03   0.506595109766E-11   0.000000000000E+00
  427.   0.267968750000E+03   0.802714743522E-11   0.000000000000E+00   0.432031250000E+03   0.101002946142E-10   0.000000000000E+00
  428.   0.267187500000E+03   0.396588697803E-11   0.000000000000E+00   0.432812500000E+03   0.502482189026E-11   0.000000000000E+00
  429.   0.266406250000E+03   0.792469706202E-11   0.000000000000E+00   0.433593750000E+03   0.100169050042E-10   0.000000000000E+00
  430.   0.265625000000E+03   0.391452735411E-11   0.000000000000E+00   0.434375000000E+03   0.498285395912E-11   0.000000000000E+00
  431.   0.264843750000E+03   0.782163863964E-11   0.000000000000E+00   0.435156250000E+03   0.993186713868E-11   0.000000000000E+00
  432.   0.264062500000E+03   0.386287989186E-11   0.000000000000E+00   0.435937500000E+03   0.494007993577E-11   0.000000000000E+00
  433.   0.263281250000E+03   0.771803206904E-11   0.000000000000E+00   0.436718750000E+03   0.984524018344E-11   0.000000000000E+00
  434.   0.262500000000E+03   0.381097203661E-11   0.000000000000E+00   0.437500000000E+03   0.489652571893E-11   0.000000000000E+00
  435.   0.261718750000E+03   0.761393121339E-11   0.000000000000E+00   0.438281250000E+03   0.975707566932E-11   0.000000000000E+00
  436.   0.260937500000E+03   0.375883017403E-11   0.000000000000E+00   0.439062500000E+03   0.485221775968E-11   0.000000000000E+00
  437.   0.260156250000E+03   0.750938690632E-11   0.000000000000E+00   0.439843750000E+03   0.966742195537E-11   0.000000000000E+00
  438.   0.259375000000E+03   0.370647879759E-11   0.000000000000E+00   0.440625000000E+03   0.480717746923E-11   0.000000000000E+00
  439.   0.258593750000E+03   0.740444665394E-11   0.000000000000E+00   0.441406250000E+03   0.957632435871E-11   0.000000000000E+00
  440.   0.257812500000E+03   0.365394064061E-11   0.000000000000E+00   0.442187500000E+03   0.476142801175E-11   0.000000000000E+00
  441.   0.257031250000E+03   0.729915529951E-11   0.000000000000E+00   0.442968750000E+03   0.948382568462E-11   0.000000000000E+00
  442.   0.256250000000E+03   0.360123816100E-11   0.000000000000E+00   0.443750000000E+03   0.471499020149E-11   0.000000000000E+00
  443.   0.255468750000E+03   0.719355624250E-11   0.000000000000E+00   0.444531250000E+03   0.938996794024E-11   0.000000000000E+00
  444.   0.254687500000E+03   0.354839122112E-11   0.000000000000E+00   0.445312500000E+03   0.466788436118E-11   0.000000000000E+00
  445.   0.253906250000E+03   0.708769081204E-11   0.000000000000E+00   0.446093750000E+03   0.929479077684E-11   0.000000000000E+00
  446.   0.253125000000E+03   0.349542171028E-11   0.000000000000E+00   0.446875000000E+03   0.462012964915E-11   0.000000000000E+00
  447.   0.252343750000E+03   0.698159940179E-11   0.000000000000E+00   0.447656250000E+03   0.919833397062E-11   0.000000000000E+00
  448.   0.251562500000E+03   0.344234859026E-11   0.000000000000E+00   0.448437500000E+03   0.457174638855E-11   0.000000000000E+00
  449.   0.250781250000E+03   0.687532206834E-11   0.000000000000E+00   0.449218750000E+03   0.910063565437E-11   0.000000000000E+00
  450.   0.250000000000E+03   0.338919185715E-11   0.000000000000E+00   0.450000000000E+03   0.452275332649E-11   0.000000000000E+00
  451.   0.249218750000E+03   0.676889724548E-11   0.000000000000E+00   0.450781250000E+03   0.900173467155E-11   0.000000000000E+00
  452.   0.248437500000E+03   0.333597018333E-11   0.000000000000E+00   0.451562500000E+03   0.447316966593E-11   0.000000000000E+00
  453.   0.247656250000E+03   0.666236321346E-11   0.000000000000E+00   0.452343750000E+03   0.890166954972E-11   0.000000000000E+00
  454.   0.246875000000E+03   0.328270297439E-11   0.000000000000E+00   0.453125000000E+03   0.442301470164E-11   0.000000000000E+00
  455.   0.246093750000E+03   0.655575749061E-11   0.000000000000E+00   0.453906250000E+03   0.880047862422E-11   0.000000000000E+00
  456.   0.245312500000E+03   0.322940844554E-11   0.000000000000E+00   0.454687500000E+03   0.437230778640E-11   0.000000000000E+00
  457.   0.244531250000E+03   0.644911701213E-11   0.000000000000E+00   0.455468750000E+03   0.869819992423E-11   0.000000000000E+00
  458.   0.243750000000E+03   0.317610479676E-11   0.000000000000E+00   0.456250000000E+03   0.432106634368E-11   0.000000000000E+00
  459.   0.242968750000E+03   0.634247891384E-11   0.000000000000E+00   0.457031250000E+03   0.859487261217E-11   0.000000000000E+00
  460.   0.242187500000E+03   0.312281113116E-11   0.000000000000E+00   0.457812500000E+03   0.426931264855E-11   0.000000000000E+00
  461.   0.241406250000E+03   0.623587931615E-11   0.000000000000E+00   0.458593750000E+03   0.849053485166E-11   0.000000000000E+00
  462.   0.240625000000E+03   0.306954469080E-11   0.000000000000E+00   0.459375000000E+03   0.421706330154E-11   0.000000000000E+00
  463.   0.239843750000E+03   0.612935444460E-11   0.000000000000E+00   0.460156250000E+03   0.838522602380E-11   0.000000000000E+00
  464.   0.239062500000E+03   0.301632389316E-11   0.000000000000E+00   0.460937500000E+03   0.416433977473E-11   0.000000000000E+00
  465.   0.238281250000E+03   0.602294006878E-11   0.000000000000E+00   0.461718750000E+03   0.827898570474E-11   0.000000000000E+00
  466.   0.237500000000E+03   0.296316573522E-11   0.000000000000E+00   0.462500000000E+03   0.411116061396E-11   0.000000000000E+00
  467.   0.236718750000E+03   0.591667153858E-11   0.000000000000E+00   0.463281250000E+03   0.817185360678E-11   0.000000000000E+00
  468.   0.235937500000E+03   0.291008841736E-11   0.000000000000E+00   0.464062500000E+03   0.405754697891E-11   0.000000000000E+00
  469.   0.235156250000E+03   0.581058427071E-11   0.000000000000E+00   0.464843750000E+03   0.806386981683E-11   0.000000000000E+00
  470.   0.234375000000E+03   0.285710988410E-11   0.000000000000E+00   0.465625000000E+03   0.400351778181E-11   0.000000000000E+00
  471.   0.233593750000E+03   0.570471324527E-11   0.000000000000E+00   0.466406250000E+03   0.795507518452E-11   0.000000000000E+00
  472.   0.232812500000E+03   0.280424670142E-11   0.000000000000E+00   0.467187500000E+03   0.394909401066E-11   0.000000000000E+00
  473.   0.232031250000E+03   0.559909352274E-11   0.000000000000E+00   0.467968750000E+03   0.784551003079E-11   0.000000000000E+00
  474.   0.231250000000E+03   0.275151632892E-11   0.000000000000E+00   0.468750000000E+03   0.389429566758E-11   0.000000000000E+00
  475.   0.230468750000E+03   0.549375982671E-11   0.000000000000E+00   0.469531250000E+03   0.773521640413E-11   0.000000000000E+00
  476.   0.229687500000E+03   0.269893668273E-11   0.000000000000E+00   0.470312500000E+03   0.383914438458E-11   0.000000000000E+00
  477.   0.228906250000E+03   0.538874644453E-11   0.000000000000E+00   0.471093750000E+03   0.762423596078E-11   0.000000000000E+00
  478.   0.228125000000E+03   0.264652378552E-11   0.000000000000E+00   0.471875000000E+03   0.378366088672E-11   0.000000000000E+00
  479.   0.227343750000E+03   0.528408743799E-11   0.000000000000E+00   0.472656250000E+03   0.751261116136E-11   0.000000000000E+00
  480.   0.226562500000E+03   0.259429536715E-11   0.000000000000E+00   0.473437500000E+03   0.372786572504E-11   0.000000000000E+00
  481.   0.225781250000E+03   0.517981664079E-11   0.000000000000E+00   0.474218750000E+03   0.740038487257E-11   0.000000000000E+00
  482.   0.225000000000E+03   0.254226710048E-11   0.000000000000E+00   0.475000000000E+03   0.367178107990E-11   0.000000000000E+00
  483.   0.224218750000E+03   0.507596840934E-11   0.000000000000E+00   0.475781250000E+03   0.728760068145E-11   0.000000000000E+00
  484.   0.223437500000E+03   0.249045874863E-11   0.000000000000E+00   0.476562500000E+03   0.361542888039E-11   0.000000000000E+00
  485.   0.222656250000E+03   0.497257604657E-11   0.000000000000E+00   0.477343750000E+03   0.717430231677E-11   0.000000000000E+00
  486.   0.221875000000E+03   0.243888365493E-11   0.000000000000E+00   0.478125000000E+03   0.355883137831E-11   0.000000000000E+00
  487.   0.221093750000E+03   0.486967289861E-11   0.000000000000E+00   0.478906250000E+03   0.706053452161E-11   0.000000000000E+00
  488.   0.220312500000E+03   0.238756031656E-11   0.000000000000E+00   0.479687500000E+03   0.350200977213E-11   0.000000000000E+00
  489.   0.219531250000E+03   0.476729298848E-11   0.000000000000E+00   0.480468750000E+03   0.694634252541E-11   0.000000000000E+00
  490.   0.218750000000E+03   0.233650489567E-11   0.000000000000E+00   0.481250000000E+03   0.344498792210E-11   0.000000000000E+00
  491.   0.217968750000E+03   0.466546948965E-11   0.000000000000E+00   0.482031250000E+03   0.683177238331E-11   0.000000000000E+00
  492.   0.217187500000E+03   0.228573411701E-11   0.000000000000E+00   0.482812500000E+03   0.338778857748E-11   0.000000000000E+00
  493.   0.216406250000E+03   0.456423565809E-11   0.000000000000E+00   0.483593750000E+03   0.671687114461E-11   0.000000000000E+00
  494.   0.215625000000E+03   0.223526419439E-11   0.000000000000E+00   0.484375000000E+03   0.333043515750E-11   0.000000000000E+00
  495.   0.214843750000E+03   0.446362512634E-11   0.000000000000E+00   0.485156250000E+03   0.660168679839E-11   0.000000000000E+00
  496.   0.214062500000E+03   0.218511269138E-11   0.000000000000E+00   0.485937500000E+03   0.327295265076E-11   0.000000000000E+00
  497.   0.213281250000E+03   0.436367181991E-11   0.000000000000E+00   0.486718750000E+03   0.648626817203E-11   0.000000000000E+00
  498.   0.212500000000E+03   0.213529612789E-11   0.000000000000E+00   0.487500000000E+03   0.321536577558E-11   0.000000000000E+00
  499.   0.211718750000E+03   0.426440935424E-11   0.000000000000E+00   0.488281250000E+03   0.637066618813E-11   0.000000000000E+00
  500.   0.210937500000E+03   0.208583087051E-11   0.000000000000E+00   0.489062500000E+03   0.315769918026E-11   0.000000000000E+00
  501.   0.210156250000E+03   0.416587242114E-11   0.000000000000E+00   0.489843750000E+03   0.625493314073E-11   0.000000000000E+00
  502.   0.209375000000E+03   0.203673484387E-11   0.000000000000E+00   0.490625000000E+03   0.309998038381E-11   0.000000000000E+00
  503.   0.208593750000E+03   0.406809624757E-11   0.000000000000E+00   0.491406250000E+03   0.613912360928E-11   0.000000000000E+00
  504.   0.207812500000E+03   0.198802553566E-11   0.000000000000E+00   0.492187500000E+03   0.304223676771E-11   0.000000000000E+00
  505.   0.207031250000E+03   0.397111701976E-11   0.000000000000E+00   0.492968750000E+03   0.602329483625E-11   0.000000000000E+00
  506.   0.206250000000E+03   0.193972162937E-11   0.000000000000E+00   0.493750000000E+03   0.298449837407E-11   0.000000000000E+00
  507.   0.205468750000E+03   0.387497236494E-11   0.000000000000E+00   0.494531250000E+03   0.590750704860E-11   0.000000000000E+00
  508.   0.204687500000E+03   0.189184233102E-11   0.000000000000E+00   0.495312500000E+03   0.292679492702E-11   0.000000000000E+00
  509.   0.203906250000E+03   0.377970188682E-11   0.000000000000E+00   0.496093750000E+03   0.579182480774E-11   0.000000000000E+00
  510.   0.203125000000E+03   0.184440741404E-11   0.000000000000E+00   0.496875000000E+03   0.286916060220E-11   0.000000000000E+00
  511.   0.202343750000E+03   0.368534760886E-11   0.000000000000E+00   0.497656250000E+03   0.567631837590E-11   0.000000000000E+00
  512.   0.201562500000E+03   0.179743846938E-11   0.000000000000E+00   0.498437500000E+03   0.281163259462E-11   0.000000000000E+00
  513.   0.200781250000E+03   0.359195474052E-11   0.000000000000E+00   0.499218750000E+03   0.556106450693E-11   0.000000000000E+00
  514.   0.200000000000E+03   0.175095927886E-11   0.000000000000E+00   0.500000000000E+03   0.275424926701E-11   0.000000000000E+00
  515.   0.199218750000E+03   0.349957311422E-11   0.000000000000E+00   0.500781250000E+03   0.544614822099E-11   0.000000000000E+00
  516.   0.198437500000E+03   0.170499604291E-11   0.000000000000E+00   0.501562500000E+03   0.269705687748E-11   0.000000000000E+00
  517.   0.197656250000E+03   0.340825828425E-11   0.000000000000E+00   0.502343750000E+03   0.533166571401E-11   0.000000000000E+00
  518.   0.196875000000E+03   0.165957785356E-11   0.000000000000E+00   0.503125000000E+03   0.264010644320E-11   0.000000000000E+00
  519.   0.196093750000E+03   0.331807334984E-11   0.000000000000E+00   0.503906250000E+03   0.521772796327E-11   0.000000000000E+00
  520.   0.195312500000E+03   0.161473818792E-11   0.000000000000E+00   0.504687500000E+03   0.258345715797E-11   0.000000000000E+00
  521.   0.194531250000E+03   0.322909080133E-11   0.000000000000E+00   0.505468750000E+03   0.510446379679E-11   0.000000000000E+00
  522.   0.193750000000E+03   0.157051628634E-11   0.000000000000E+00   0.506250000000E+03   0.252717849694E-11   0.000000000000E+00
  523.   0.192968750000E+03   0.314139561139E-11   0.000000000000E+00   0.507031250000E+03   0.499202541864E-11   0.000000000000E+00
  524.   0.192187500000E+03   0.152695737900E-11   0.000000000000E+00   0.507812500000E+03   0.247135338574E-11   0.000000000000E+00
  525.   0.191406250000E+03   0.305508947608E-11   0.000000000000E+00   0.508593750000E+03   0.488059587049E-11   0.000000000000E+00
  526.   0.190625000000E+03   0.148411757926E-11   0.000000000000E+00   0.509375000000E+03   0.241608140599E-11   0.000000000000E+00
  527.   0.189843750000E+03   0.297029553086E-11   0.000000000000E+00   0.510156250000E+03   0.477039718690E-11   0.000000000000E+00
  528.   0.189062500000E+03   0.144206409198E-11   0.000000000000E+00   0.510937500000E+03   0.236148456267E-11   0.000000000000E+00
  529.   0.188281250000E+03   0.288716360704E-11   0.000000000000E+00   0.511718750000E+03   0.466170177507E-11   0.000000000000E+00
  530.   0.187500000000E+03   0.140087932704E-11   0.000000000000E+00   0.512500000000E+03   0.230771376541E-11   0.000000000000E+00
  531.   0.186718750000E+03   0.280587891135E-11   0.000000000000E+00   0.513281250000E+03   0.455484798481E-11   0.000000000000E+00
  532.   0.185937500000E+03   0.136066548522E-11   0.000000000000E+00   0.514062500000E+03   0.225495601335E-11   0.000000000000E+00
  533.   0.185156250000E+03   0.272667182375E-11   0.000000000000E+00   0.514843750000E+03   0.445025815042E-11   0.000000000000E+00
  534.   0.184375000000E+03   0.132155098895E-11   0.000000000000E+00   0.515625000000E+03   0.220344654064E-11   0.000000000000E+00
  535.   0.183593750000E+03   0.264983161108E-11   0.000000000000E+00   0.516406250000E+03   0.434846442135E-11   0.000000000000E+00
  536.   0.182812500000E+03   0.128369635819E-11   0.000000000000E+00   0.517187500000E+03   0.215348198973E-11   0.000000000000E+00
  537.   0.182031250000E+03   0.257572271795E-11   0.000000000000E+00   0.517968750000E+03   0.425014054103E-11   0.000000000000E+00
  538.   0.181250000000E+03   0.124730491470E-11   0.000000000000E+00   0.518750000000E+03   0.210543911462E-11   0.000000000000E+00
  539.   0.180468750000E+03   0.250480683408E-11   0.000000000000E+00   0.519531250000E+03   0.415614389008E-11   0.000000000000E+00
  540.   0.179687500000E+03   0.121263496633E-11   0.000000000000E+00   0.520312500000E+03   0.205979850021E-11   0.000000000000E+00
  541.   0.178906250000E+03   0.243767190620E-11   0.000000000000E+00   0.521093750000E+03   0.406757070978E-11   0.000000000000E+00
  542.   0.178125000000E+03   0.118001582522E-11   0.000000000000E+00   0.521875000000E+03   0.201717515370E-11   0.000000000000E+00
  543.   0.177343750000E+03   0.237506815130E-11   0.000000000000E+00   0.522656250000E+03   0.398582600636E-11   0.000000000000E+00
  544.   0.176562500000E+03   0.114986819223E-11   0.000000000000E+00   0.523437500000E+03   0.197835889474E-11   0.000000000000E+00
  545.   0.175781250000E+03   0.231795560936E-11   0.000000000000E+00   0.524218750000E+03   0.391271662696E-11   0.000000000000E+00
  546.   0.175000000000E+03   0.112273110314E-11   0.000000000000E+00   0.525000000000E+03   0.194436662609E-11   0.000000000000E+00
  547.   0.174218750000E+03   0.226756502901E-11   0.000000000000E+00   0.525781250000E+03   0.385057116172E-11   0.000000000000E+00
  548.   0.173437500000E+03   0.109929586906E-11   0.000000000000E+00   0.526562500000E+03   0.191650966850E-11   0.000000000000E+00
  549.   0.172656250000E+03   0.222547608923E-11   0.000000000000E+00   0.527343750000E+03   0.380239385448E-11   0.000000000000E+00
  550.   0.171875000000E+03   0.108045024873E-11   0.000000000000E+00   0.528125000000E+03   0.189648025312E-11   0.000000000000E+00
  551.   0.171093750000E+03   0.219371665883E-11   0.000000000000E+00   0.528906250000E+03   0.377206372325E-11   0.000000000000E+00
  552.   0.170312500000E+03   0.106733393694E-11   0.000000000000E+00   0.529687500000E+03   0.188646458504E-11   0.000000000000E+00
  553.   0.169531250000E+03   0.217488918639E-11   0.000000000000E+00   0.530468750000E+03   0.376458895392E-11   0.000000000000E+00
  554.   0.168750000000E+03   0.106140955008E-11   0.000000000000E+00   0.531250000000E+03   0.188928446307E-11   0.000000000000E+00
  555.   0.167968750000E+03   0.217233010809E-11   0.000000000000E+00   0.532031250000E+03   0.378642971221E-11   0.000000000000E+00
  556.   0.167187500000E+03   0.106455036776E-11   0.000000000000E+00   0.532812500000E+03   0.190857751811E-11   0.000000000000E+00
  557.   0.166406250000E+03   0.219031078237E-11   0.000000000000E+00   0.533593750000E+03   0.384591129620E-11   0.000000000000E+00
  558.   0.165625000000E+03   0.107915359209E-11   0.000000000000E+00   0.534375000000E+03   0.194903004588E-11   0.000000000000E+00
  559.   0.164843750000E+03   0.223429106919E-11   0.000000000000E+00   0.535156250000E+03   0.395374703427E-11   0.000000000000E+00
  560.   0.164062500000E+03   0.110828098169E-11   0.000000000000E+00   0.535937500000E+03   0.201666818438E-11   0.000000000000E+00
  561.   0.163281250000E+03   0.231124153271E-11   0.000000000000E+00   0.536718750000E+03   0.412370900215E-11   0.000000000000E+00
  562.   0.162500000000E+03   0.115584008392E-11   0.000000000000E+00   0.537500000000E+03   0.211923503498E-11   0.000000000000E+00
  563.   0.161718750000E+03   0.243005800960E-11   0.000000000000E+00   0.538281250000E+03   0.437349480648E-11   0.000000000000E+00
  564.   0.160937500000E+03   0.122681680346E-11   0.000000000000E+00   0.539062500000E+03   0.226668096943E-11   0.000000000000E+00
  565.   0.160156250000E+03   0.260210374602E-11   0.000000000000E+00   0.539843750000E+03   0.472586333183E-11   0.000000000000E+00
  566.   0.159375000000E+03   0.132758465537E-11   0.000000000000E+00   0.540625000000E+03   0.247180868220E-11   0.000000000000E+00
  567.   0.158593750000E+03   0.284193158885E-11   0.000000000000E+00   0.541406250000E+03   0.521015147697E-11   0.000000000000E+00
  568.   0.157812500000E+03   0.146631836406E-11   0.000000000000E+00   0.542187500000E+03   0.275114316001E-11   0.000000000000E+00
  569.   0.157031250000E+03   0.316826358580E-11   0.000000000000E+00   0.542968750000E+03   0.586433155284E-11   0.000000000000E+00
  570.   0.156250000000E+03   0.165355878339E-11   0.000000000000E+00   0.543750000000E+03   0.312611865930E-11   0.000000000000E+00
  571.   0.155468750000E+03   0.360533151708E-11   0.000000000000E+00   0.544531250000E+03   0.673783066431E-11   0.000000000000E+00
  572.   0.154687500000E+03   0.190298865141E-11   0.000000000000E+00   0.545312500000E+03   0.362471261723E-11   0.000000000000E+00
  573.   0.153906250000E+03   0.418471303606E-11   0.000000000000E+00   0.546093750000E+03   0.789540595044E-11   0.000000000000E+00
  574.   0.153125000000E+03   0.223249470336E-11   0.000000000000E+00   0.546875000000E+03   0.428368784286E-11   0.000000000000E+00
  575.   0.152343750000E+03   0.494782025978E-11   0.000000000000E+00   0.547656250000E+03   0.942242743297E-11   0.000000000000E+00
  576.   0.151562500000E+03   0.266559649492E-11   0.000000000000E+00   0.548437500000E+03   0.515163899941E-11   0.000000000000E+00
  577.   0.150781250000E+03   0.594919482050E-11   0.000000000000E+00   0.549218750000E+03   0.114319460563E-10   0.000000000000E+00
  578.   0.150000000000E+03   0.323331721960E-11   0.000000000000E+00   0.550000000000E+03   0.629302229387E-11   0.000000000000E+00
  579.   0.149218750000E+03   0.726072033629E-11   0.000000000000E+00   0.550781250000E+03   0.140738592347E-10   0.000000000000E+00
  580.   0.148437500000E+03   0.397653183601E-11   0.000000000000E+00   0.551562500000E+03   0.779330387989E-11   0.000000000000E+00
  581.   0.147656250000E+03   0.897674842541E-11   0.000000000000E+00   0.552343750000E+03   0.175462987053E-10   0.000000000000E+00
  582.   0.146875000000E+03   0.494875182798E-11   0.000000000000E+00   0.553125000000E+03   0.976521475440E-11   0.000000000000E+00
  583.   0.146093750000E+03   0.112199328506E-10   0.000000000000E+00   0.553906250000E+03   0.221089796335E-10   0.000000000000E+00
  584.   0.145312500000E+03   0.621918082376E-11   0.000000000000E+00   0.554687500000E+03   0.123558580852E-10   0.000000000000E+00
  585.   0.144531250000E+03   0.141472839270E-10   0.000000000000E+00   0.555468750000E+03   0.280976801990E-10   0.000000000000E+00
  586.   0.143750000000E+03   0.787571252552E-11   0.000000000000E+00   0.556250000000E+03   0.157540825932E-10   0.000000000000E+00
  587.   0.142968750000E+03   0.179556430585E-10   0.000000000000E+00   0.557031250000E+03   0.359383438863E-10   0.000000000000E+00
  588.   0.142187500000E+03   0.100273913384E-10   0.000000000000E+00   0.557812500000E+03   0.201971829126E-10   0.000000000000E+00
  589.   0.141406250000E+03   0.228855909283E-10   0.000000000000E+00   0.558593750000E+03   0.461587977602E-10   0.000000000000E+00
  590.   0.140625000000E+03   0.128058172236E-10   0.000000000000E+00   0.559375000000E+03   0.259758343719E-10   0.000000000000E+00
  591.   0.139843750000E+03   0.292230275706E-10   0.000000000000E+00   0.560156250000E+03   0.593963377775E-10   0.000000000000E+00
  592.   0.139062500000E+03   0.163652374024E-10   0.000000000000E+00   0.560937500000E+03   0.334365752128E-10   0.000000000000E+00
  593.   0.138281250000E+03   0.372987643959E-10   0.000000000000E+00   0.561718750000E+03   0.764014340145E-10   0.000000000000E+00
  594.   0.137500000000E+03   0.208819104091E-10   0.000000000000E+00   0.562500000000E+03   0.429827463412E-10   0.000000000000E+00
  595.   0.136718750000E+03   0.474890880797E-10   0.000000000000E+00   0.563281250000E+03   0.980429879398E-10   0.000000000000E+00
  596.   0.135937500000E+03   0.265551157071E-10   0.000000000000E+00   0.564062500000E+03   0.550784012046E-10   0.000000000000E+00
  597.   0.135156250000E+03   0.602251312501E-10   0.000000000000E+00   0.564843750000E+03   0.125330709388E-09   0.000000000000E+00
  598.   0.134375000000E+03   0.336152928208E-10   0.000000000000E+00   0.565625000000E+03   0.702662785790E-10   0.000000000000E+00
  599.   0.133593750000E+03   0.760266170570E-10   0.000000000000E+00   0.566406250000E+03   0.159486960697E-09   0.000000000000E+00
  600.   0.132812500000E+03   0.423494621294E-10   0.000000000000E+00   0.567187500000E+03   0.892212275018E-10   0.000000000000E+00
  601.   0.132031250000E+03   0.955861413042E-10   0.000000000000E+00   0.567968750000E+03   0.202124504003E-09   0.000000000000E+00
  602.   0.131250000000E+03   0.531600816486E-10   0.000000000000E+00   0.568750000000E+03   0.112874428427E-09   0.000000000000E+00
  603.   0.130468750000E+03   0.119942234045E-09   0.000000000000E+00   0.569531250000E+03   0.255615889381E-09   0.000000000000E+00
  604.   0.129687500000E+03   0.666796840549E-10   0.000000000000E+00   0.570312500000E+03   0.142659359518E-09   0.000000000000E+00
  605.   0.128906250000E+03   0.150788971836E-09   0.000000000000E+00   0.571093750000E+03   0.323766964325E-09   0.000000000000E+00
  606.   0.128125000000E+03   0.839671026323E-10   0.000000000000E+00   0.571875000000E+03   0.180941895059E-09   0.000000000000E+00
  607.   0.127343750000E+03   0.190968474214E-09   0.000000000000E+00   0.572656250000E+03   0.412913486200E-09   0.000000000000E+00
  608.   0.126562500000E+03   0.106806321733E-09   0.000000000000E+00   0.573437500000E+03   0.231692321659E-09   0.000000000000E+00
  609.   0.125781250000E+03   0.245165510299E-09   0.000000000000E+00   0.574218750000E+03   0.533513321817E-09   0.000000000000E+00
  610.   0.125000000000E+03   0.138106415305E-09   0.000000000000E+00   0.575000000000E+03   0.301414743878E-09   0.000000000000E+00
  611.   0.124218750000E+03   0.320749552408E-09   0.000000000000E+00   0.575781250000E+03   0.702157372248E-09   0.000000000000E+00
  612.   0.123437500000E+03   0.182349328074E-09   0.000000000000E+00   0.576562500000E+03   0.400241534669E-09   0.000000000000E+00
  613.   0.122656250000E+03   0.428565907939E-09   0.000000000000E+00   0.577343750000E+03   0.943610720428E-09   0.000000000000E+00
  614.   0.121875000000E+03   0.245937388866E-09   0.000000000000E+00   0.578125000000E+03   0.542890465305E-09   0.000000000000E+00
  615.   0.121093750000E+03   0.583261172123E-09   0.000000000000E+00   0.578906250000E+03   0.129199875658E-08   0.000000000000E+00
  616.   0.120312500000E+03   0.337171628312E-09   0.000000000000E+00   0.579687500000E+03   0.748896484593E-09   0.000000000000E+00
  617.   0.119531250000E+03   0.802480749982E-09   0.000000000000E+00   0.580468750000E+03   0.178964213284E-08   0.000000000000E+00
  618.   0.118750000000E+03   0.465453326890E-09   0.000000000000E+00   0.581250000000E+03   0.104117821392E-08   0.000000000000E+00
  619.   0.117968750000E+03   0.110417419886E-08   0.000000000000E+00   0.582031250000E+03   0.248169276658E-08   0.000000000000E+00
  620.   0.117187500000E+03   0.639376350309E-09   0.000000000000E+00   0.582812500000E+03   0.144208229751E-08   0.000000000000E+00
  621.   0.116406250000E+03   0.150140787117E-08   0.000000000000E+00   0.583593750000E+03   0.340492345965E-08   0.000000000000E+00
  622.   0.115625000000E+03   0.863377184598E-09   0.000000000000E+00   0.584375000000E+03   0.196597048120E-08   0.000000000000E+00
  623.   0.114843750000E+03   0.199503615283E-08   0.000000000000E+00   0.585156250000E+03   0.457098942674E-08   0.000000000000E+00
  624.   0.114062500000E+03   0.113389623311E-08   0.000000000000E+00   0.585937500000E+03   0.261020134747E-08   0.000000000000E+00
  625.   0.113281250000E+03   0.256471839227E-08   0.000000000000E+00   0.586718750000E+03   0.594481623172E-08   0.000000000000E+00
  626.   0.112500000000E+03   0.143386641466E-08   0.000000000000E+00   0.587500000000E+03   0.334170576490E-08   0.000000000000E+00
  627.   0.111718750000E+03   0.316204742809E-08   0.000000000000E+00   0.588281250000E+03   0.742619086368E-08   0.000000000000E+00
  628.   0.110937500000E+03   0.173269715968E-08   0.000000000000E+00   0.589062500000E+03   0.409506379710E-08   0.000000000000E+00
  629.   0.110156250000E+03   0.369854186765E-08   0.000000000000E+00   0.589843750000E+03   0.881834303274E-08   0.000000000000E+00
  630.   0.109375000000E+03   0.197082299340E-08   0.000000000000E+00   0.590625000000E+03   0.473506626946E-08   0.000000000000E+00
  631.   0.108593750000E+03   0.405275087357E-08   0.000000000000E+00   0.591406250000E+03   0.983785183784E-08   0.000000000000E+00
  632.   0.107812500000E+03   0.209262571007E-08   0.000000000000E+00   0.592187500000E+03   0.512819684845E-08   0.000000000000E+00
  633.   0.107031250000E+03   0.399554585304E-08   0.000000000000E+00   0.592968750000E+03   0.993596250659E-08   0.000000000000E+00
  634.   0.106250000000E+03   0.191636285993E-08   0.000000000000E+00   0.593750000000E+03   0.483961304373E-08   0.000000000000E+00
  635.   0.105468750000E+03   0.332814617190E-08   0.000000000000E+00   0.594531250000E+03   0.860194500966E-08   0.000000000000E+00
  636.   0.104687500000E+03   0.145408712122E-08   0.000000000000E+00   0.595312500000E+03   0.386379928037E-08   0.000000000000E+00
  637.   0.103906250000E+03   0.108025833064E-08   0.000000000000E+00   0.596093750000E+03   0.347429040683E-08   0.000000000000E+00
  638.   0.103125000000E+03  -0.902605946099E-10   0.000000000000E+00   0.596875000000E+03   0.277942058232E-09   0.000000000000E+00
  639.   0.102343750000E+03  -0.289850201254E-08   0.000000000000E+00   0.597656250000E+03  -0.601070743858E-08   0.000000000000E+00
  640.   0.101562500000E+03  -0.320433578181E-08   0.000000000000E+00   0.598437500000E+03  -0.723563065409E-08   0.000000000000E+00
  641.   0.100781250000E+03  -0.139087593435E-07   0.000000000000E+00   0.599218750000E+03  -0.329310686170E-07   0.000000000000E+00
