i  r_top  QtopRe  QtopIm  r_bot  QbotRe  QbotIm   [mm, mC]
    1.   0.600000000000E+03  -0.187783543931E-06   0.000000000000E+00   0.100000000000E+03  -0.803171906468E-07   0.000000000000E+00
    2.   0.100000000000E+03  -0.803171906468E-07   0.000000000000E+00   0.600000000000E+03  -0.187783543931E-06   0.000000000000E+00
    3.   0.596875000000E+03  -0.627685449101E-08   0.000000000000E+00   0.103125000000E+03  -0.396347965045E-08   0.000000000000E+00
    4.   0.593750000000E+03   0.521198790907E-07   0.000000000000E+00   0.106250000000E+03   0.213376215247E-07   0.000000000000E+00
    5.   0.590625000000E+03   0.614389411823E-07   0.000000000000E+00   0.109375000000E+03   0.256153897972E-07   0.000000000000E+00
    6.   0.587500000000E+03   0.250012401710E-07   0.000000000000E+00   0.112500000000E+03   0.109473913592E-07   0.000000000000E+00
    7.   0.584375000000E+03   0.271940440831E-07   0.000000000000E+00   0.115625000000E+03   0.119700425457E-07   0.000000000000E+00
    8.   0.581250000000E+03   0.685882319200E-08   0.000000000000E+00   0.118750000000E+03   0.312693629243E-08   0.000000000000E+00
    9.   0.578125000000E+03   0.798641725987E-08   0.000000000000E+00   0.121875000000E+03   0.364496043406E-08   0.000000000000E+00
   10.   0.575000000000E+03   0.190344003578E-08   0.000000000000E+00   0.125000000000E+03   0.882801825758E-09   0.000000000000E+00
   11.   0.571875000000E+03   0.260964715317E-08   0.000000000000E+00   0.128125000000E+03   0.122050918394E-08   0.000000000000E+00
   12.   0.568750000000E+03   0.817404390791E-09   0.000000000000E+00   0.131250000000E+03   0.390269494683E-09   0.000000000000E+00
   13.   0.565625000000E+03   0.102032868239E-08   0.000000000000E+00   0.134375000000E+03   0.493153373633E-09   0.000000000000E+00
   14.   0.562500000000E+03   0.304388448360E-09   0.000000000000E+00   0.137500000000E+03   0.149236275777E-09   0.000000000000E+00
   15.   0.559375000000E+03   0.367774378123E-09   0.000000000000E+00   0.140625000000E+03   0.183816397640E-09   0.000000000000E+00
   16.   0.556250000000E+03   0.114806426106E-09   0.000000000000E+00   0.143750000000E+03   0.573625114364E-10   0.000000000000E+00
   17.   0.553125000000E+03   0.144449081361E-09   0.000000000000E+00   0.146875000000E+03   0.750465021830E-10   0.000000000000E+00
   18.   0.550000000000E+03   0.482604306864E-10   0.000000000000E+00   0.150000000000E+03   0.242736478805E-10   0.000000000000E+00
   19.   0.546875000000E+03   0.667685868956E-10   0.000000000000E+00   0.153125000000E+03   0.363240344774E-10   0.000000000000E+00
   20.   0.543750000000E+03   0.266029869279E-10   0.000000000000E+00   0.156250000000E+03   0.134104172436E-10   0.000000000000E+00
   21.   0.540625000000E+03   0.422921516958E-10   0.000000000000E+00   0.159375000000E+03   0.241208277619E-10   0.000000000000E+00
   22.   0.537500000000E+03   0.196414163159E-10   0.000000000000E+00   0.162500000000E+03   0.999737649650E-11   0.000000000000E+00
   23.   0.534375000000E+03   0.360304434356E-10   0.000000000000E+00   0.165625000000E+03   0.212819239644E-10   0.000000000000E+00
   24.   0.531250000000E+03   0.183811334732E-10   0.000000000000E+00   0.168750000000E+03   0.960086570489E-11   0.000000000000E+00
   25.   0.528125000000E+03   0.365737135175E-10   0.000000000000E+00   0.171875000000E+03   0.221211476018E-10   0.000000000000E+00
   26.   0.525000000000E+03   0.192114732255E-10   0.000000000000E+00   0.175000000000E+03   0.103728052828E-10   0.000000000000E+00
   27.   0.521875000000E+03   0.395451769797E-10   0.000000000000E+00   0.178125000000E+03   0.243817424765E-10   0.000000000000E+00
   28.   0.518750000000E+03   0.208724510642E-10   0.000000000000E+00   0.181250000000E+03   0.116573429362E-10   0.000000000000E+00
   29.   0.515625000000E+03   0.434562998932E-10   0.000000000000E+00   0.184375000000E+03   0.272820127654E-10   0.000000000000E+00
   30.   0.512500000000E+03   0.228652220684E-10   0.000000000000E+00   0.187500000000E+03   0.131872799616E-10   0.000000000000E+00
   31.   0.509375000000E+03   0.477509319474E-10   0.000000000000E+00   0.190625000000E+03   0.305229907499E-10   0.000000000000E+00
   32.   0.506250000000E+03   0.250009837393E-10   0.000000000000E+00   0.193750000000E+03   0.148600648425E-10   0.000000000000E+00
   33.   0.503125000000E+03   0.522174179587E-10   0.000000000000E+00   0.196875000000E+03   0.339893059609E-10   0.000000000000E+00
   34.   0.500000000000E+03   0.271989760803E-10   0.000000000000E+00   0.200000000000E+03   0.166308752751E-10   0.000000000000E+00
   35.   0.496875000000E+03   0.567588419806E-10   0.000000000000E+00   0.203125000000E+03   0.376267973816E-10   0.000000000000E+00
   36.   0.493750000000E+03   0.294206836313E-10   0.000000000000E+00   0.206250000000E+03   0.184778010907E-10   0.000000000000E+00
   37.   0.490625000000E+03   0.613209430533E-10   0.000000000000E+00   0.209375000000E+03   0.414038282423E-10   0.000000000000E+00
   38.   0.487500000000E+03   0.316426246294E-10   0.000000000000E+00   0.212500000000E+03   0.203867820634E-10   0.000000000000E+00
   39.   0.484375000000E+03   0.658649291223E-10   0.000000000000E+00   0.215625000000E+03   0.452961935980E-10   0.000000000000E+00
   40.   0.481250000000E+03   0.338471816044E-10   0.000000000000E+00   0.218750000000E+03   0.223464855995E-10   0.000000000000E+00
   41.   0.478125000000E+03   0.703583902566E-10   0.000000000000E+00   0.221875000000E+03   0.492820488379E-10   0.000000000000E+00
   42.   0.475000000000E+03   0.360191382832E-10   0.000000000000E+00   0.225000000000E+03   0.243463375327E-10   0.000000000000E+00
   43.   0.471875000000E+03   0.747719502838E-10   0.000000000000E+00   0.228125000000E+03   0.533400192023E-10   0.000000000000E+00
   44.   0.468750000000E+03   0.381445497930E-10   0.000000000000E+00   0.231250000000E+03   0.263758685985E-10   0.000000000000E+00
   45.   0.465625000000E+03   0.790781132909E-10   0.000000000000E+00   0.234375000000E+03   0.574485813061E-10   0.000000000000E+00
   46.   0.462500000000E+03   0.402102906002E-10   0.000000000000E+00   0.237500000000E+03   0.284244899713E-10   0.000000000000E+00
   47.   0.459375000000E+03   0.832508487971E-10   0.000000000000E+00   0.240625000000E+03   0.615858792373E-10   0.000000000000E+00
   48.   0.456250000000E+03   0.422039369603E-10   0.000000000000E+00   0.243750000000E+03   0.304814483333E-10   0.000000000000E+00
   49.   0.453125000000E+03   0.872654472025E-10   0.000000000000E+00   0.246875000000E+03   0.657296878159E-10   0.000000000000E+00
   50.   0.450000000000E+03   0.441136867979E-10   0.000000000000E+00   0.250000000000E+03   0.325357876598E-10   0.000000000000E+00
   51.   0.446875000000E+03   0.910983925439E-10   0.000000000000E+00   0.253125000000E+03   0.698573756304E-10   0.000000000000E+00
   52.   0.443750000000E+03   0.459282683388E-10   0.000000000000E+00   0.256250000000E+03   0.345763234022E-10   0.000000000000E+00
   53.   0.440625000000E+03   0.947271297161E-10   0.000000000000E+00   0.259375000000E+03   0.739457845763E-10   0.000000000000E+00
   54.   0.437500000000E+03   0.476366877950E-10   0.000000000000E+00   0.262500000000E+03   0.365914620175E-10   0.000000000000E+00
   55.   0.434375000000E+03   0.981293076356E-10   0.000000000000E+00   0.265625000000E+03   0.779706695425E-10   0.000000000000E+00
   56.   0.431250000000E+03   0.492276263467E-10   0.000000000000E+00   0.268750000000E+03   0.385687263835E-10   0.000000000000E+00
   57.   0.428125000000E+03   0.101280974264E-09   0.000000000000E+00   0.271875000000E+03   0.819052281655E-10   0.000000000000E+00
   58.   0.425000000000E+03   0.506874312448E-10   0.000000000000E+00   0.275000000000E+03   0.404930987157E-10   0.000000000000E+00
   59.   0.421875000000E+03   0.104150202150E-09   0.000000000000E+00   0.278125000000E+03   0.857147453612E-10   0.000000000000E+00
   60.   0.418750000000E+03   0.519962812980E-10   0.000000000000E+00   0.281250000000E+03   0.423436572839E-10   0.000000000000E+00
   61.   0.415625000000E+03   0.106683078743E-09   0.000000000000E+00   0.284375000000E+03   0.893443657140E-10   0.000000000000E+00
   62.   0.412500000000E+03   0.531120563024E-10   0.000000000000E+00   0.287500000000E+03   0.440797468567E-10   0.000000000000E+00
   63.   0.409375000000E+03   0.108750456214E-09   0.000000000000E+00   0.290625000000E+03   0.926722368170E-10   0.000000000000E+00
   64.   0.406250000000E+03   0.539492288506E-10   0.000000000000E+00   0.293750000000E+03   0.456209267317E-10   0.000000000000E+00
   65.   0.403125000000E+03   0.110055858141E-09   0.000000000000E+00   0.296875000000E+03   0.954249608807E-10   0.000000000000E+00
   66.   0.400000000000E+03   0.542391090077E-10   0.000000000000E+00   0.300000000000E+03   0.467242113044E-10   0.000000000000E+00
   67.   0.396875000000E+03   0.109678899368E-09   0.000000000000E+00   0.303125000000E+03   0.967624442048E-10   0.000000000000E+00
   68.   0.393750000000E+03   0.533780953041E-10   0.000000000000E+00   0.306250000000E+03   0.468308625151E-10   0.000000000000E+00
   69.   0.390625000000E+03   0.105378088516E-09   0.000000000000E+00   0.309375000000E+03   0.946134186300E-10   0.000000000000E+00
   70.   0.387500000000E+03   0.489089199919E-10   0.000000000000E+00   0.312500000000E+03   0.436970468824E-10   0.000000000000E+00
   71.   0.384375000000E+03   0.902738962694E-10   0.000000000000E+00   0.315625000000E+03   0.825249662938E-10   0.000000000000E+00
   72.   0.381250000000E+03   0.385329556529E-10   0.000000000000E+00   0.318750000000E+03   0.350234469283E-10   0.000000000000E+00
   73.   0.378125000000E+03   0.526144981667E-10   0.000000000000E+00   0.321875000000E+03   0.491610922233E-10   0.000000000000E+00
   74.   0.375000000000E+03   0.788694065891E-11   0.000000000000E+00   0.325000000000E+03   0.733405807520E-11   0.000000000000E+00
   75.   0.371875000000E+03  -0.839200945951E-10   0.000000000000E+00   0.328125000000E+03  -0.786813456114E-10   0.000000000000E+00
   76.   0.368750000000E+03  -0.104076122868E-09   0.000000000000E+00   0.331250000000E+03  -0.983910352267E-10   0.000000000000E+00
   77.   0.365625000000E+03  -0.532465379300E-09   0.000000000000E+00   0.334375000000E+03  -0.509949035008E-09   0.000000000000E+00
   78.   0.362500000000E+03  -0.581833740106E-09   0.000000000000E+00   0.337500000000E+03  -0.557246301820E-09   0.000000000000E+00
   79.   0.359375000000E+03  -0.106202001264E-08   0.000000000000E+00   0.340625000000E+03  -0.104125284312E-08   0.000000000000E+00
   80.   0.356250000000E+03  -0.578977531140E-09   0.000000000000E+00   0.343750000000E+03  -0.563479925480E-09   0.000000000000E+00
   81.   0.353125000000E+03   0.119115444243E-08   0.000000000000E+00   0.346875000000E+03   0.117991883113E-08   0.000000000000E+00
   82.   0.350000000000E+03   0.818003845498E-08   0.000000000000E+00   0.350000000000E+03   0.818003845224E-08   0.000000000000E+00
   83.   0.346875000000E+03   0.117991883538E-08   0.000000000000E+00   0.353125000000E+03   0.119115443795E-08   0.000000000000E+00
   84.   0.343750000000E+03  -0.563479925093E-09   0.000000000000E+00   0.356250000000E+03  -0.578977535029E-09   0.000000000000E+00
   85.   0.340625000000E+03  -0.104125284498E-08   0.000000000000E+00   0.359375000000E+03  -0.106202001350E-08   0.000000000000E+00
   86.   0.337500000000E+03  -0.557246304440E-09   0.000000000000E+00   0.362500000000E+03  -0.581833738932E-09   0.000000000000E+00
   87.   0.334375000000E+03  -0.509949041823E-09   0.000000000000E+00   0.365625000000E+03  -0.532465375421E-09   0.000000000000E+00
   88.   0.331250000000E+03  -0.983910430125E-10   0.000000000000E+00   0.368750000000E+03  -0.104076116017E-09   0.000000000000E+00
   89.   0.328125000000E+03  -0.786813505691E-10   0.000000000000E+00   0.371875000000E+03  -0.839200914004E-10   0.000000000000E+00
   90.   0.325000000000E+03   0.733405613232E-11   0.000000000000E+00   0.375000000000E+03   0.788694192334E-11   0.000000000000E+00
   91.   0.321875000000E+03   0.491610909550E-10   0.000000000000E+00   0.378125000000E+03   0.526145003570E-10   0.000000000000E+00
   92.   0.318750000000E+03   0.350234502393E-10   0.000000000000E+00   0.381250000000E+03   0.385329558438E-10   0.000000000000E+00
   93.   0.315625000000E+03   0.825249649249E-10   0.000000000000E+00   0.384375000000E+03   0.902738974670E-10   0.000000000000E+00
   94.   0.312500000000E+03   0.436970459913E-10   0.000000000000E+00   0.387500000000E+03   0.489089201628E-10   0.000000000000E+00
   95.   0.309375000000E+03   0.946134186206E-10   0.000000000000E+00   0.390625000000E+03   0.105378087566E-09   0.000000000000E+00
   96.   0.306250000000E+03   0.468308619838E-10   0.000000000000E+00   0.393750000000E+03   0.533780911865E-10   0.000000000000E+00
   97.   0.303125000000E+03   0.967624451281E-10   0.000000000000E+00   0.396875000000E+03   0.109678898322E-09   0.000000000000E+00
   98.   0.300000000000E+03   0.467242114161E-10   0.000000000000E+00   0.400000000000E+03   0.542391088368E-10   0.000000000000E+00
   99.   0.296875000000E+03   0.954249604839E-10   0.000000000000E+00   0.403125000000E+03   0.110055859190E-09   0.000000000000E+00
  100.   0.293750000000E+03   0.456209254959E-10   0.000000000000E+00   0.406250000000E+03   0.539492284500E-10   0.000000000000E+00
  101.   0.290625000000E+03   0.926722346582E-10   0.000000000000E+00   0.409375000000E+03   0.108750459822E-09   0.000000000000E+00
  102.   0.287500000000E+03   0.440797442284E-10   0.000000000000E+00   0.412500000000E+03   0.531120598324E-10   0.000000000000E+00
  103.   0.284375000000E+03   0.893443634052E-10   0.000000000000E+00   0.415625000000E+03   0.106683083741E-09   0.000000000000E+00
  104.   0.281250000000E+03   0.423436553375E-10   0.000000000000E+00   0.418750000000E+03   0.519962853459E-10   0.000000000000E+00
  105.   0.278125000000E+03   0.857147430123E-10   0.000000000000E+00   0.421875000000E+03   0.104150202911E-09   0.000000000000E+00
  106.   0.275000000000E+03   0.404930980749E-10   0.000000000000E+00   0.425000000000E+03   0.506874296486E-10   0.000000000000E+00
  107.   0.271875000000E+03   0.819052284802E-10   0.000000000000E+00   0.428125000000E+03   0.101280971002E-09   0.000000000000E+00
  108.   0.268750000000E+03   0.385687272585E-10   0.000000000000E+00   0.431250000000E+03   0.492276235687E-10   0.000000000000E+00
  109.   0.265625000000E+03   0.779706707344E-10   0.000000000000E+00   0.434375000000E+03   0.981293051232E-10   0.000000000000E+00
  110.   0.262500000000E+03   0.365914637325E-10   0.000000000000E+00   0.437500000000E+03   0.476366865832E-10   0.000000000000E+00
  111.   0.259375000000E+03   0.739457851302E-10   0.000000000000E+00   0.440625000000E+03   0.947271280311E-10   0.000000000000E+00
  112.   0.256250000000E+03   0.345763249780E-10   0.000000000000E+00   0.443750000000E+03   0.459282702793E-10   0.000000000000E+00
  113.   0.253125000000E+03   0.698573751352E-10   0.000000000000E+00   0.446875000000E+03   0.910983891393E-10   0.000000000000E+00
  114.   0.250000000000E+03   0.325357872518E-10   0.000000000000E+00   0.450000000000E+03   0.441136837770E-10   0.000000000000E+00
  115.   0.246875000000E+03   0.657296865540E-10   0.000000000000E+00   0.453125000000E+03   0.872654424149E-10   0.000000000000E+00
  116.   0.243750000000E+03   0.304814480356E-10   0.000000000000E+00   0.456250000000E+03   0.422039351211E-10   0.000000000000E+00
  117.   0.240625000000E+03   0.615858796011E-10   0.000000000000E+00   0.459375000000E+03   0.832508457775E-10   0.000000000000E+00
  118.   0.237500000000E+03   0.284244910326E-10   0.000000000000E+00   0.462500000000E+03   0.402102871450E-10   0.000000000000E+00
  119.   0.234375000000E+03   0.574485818919E-10   0.000000000000E+00   0.465625000000E+03   0.790781109135E-10   0.000000000000E+00
  120.   0.231250000000E+03   0.263758694760E-10   0.000000000000E+00   0.468750000000E+03   0.381445485058E-10   0.000000000000E+00
  121.   0.228125000000E+03   0.533400204689E-10   0.000000000000E+00   0.471875000000E+03   0.747719493628E-10   0.000000000000E+00
  122.   0.225000000000E+03   0.243463392332E-10   0.000000000000E+00   0.475000000000E+03   0.360191397303E-10   0.000000000000E+00
  123.   0.221875000000E+03   0.492820504521E-10   0.000000000000E+00   0.478125000000E+03   0.703583900673E-10   0.000000000000E+00
  124.   0.218750000000E+03   0.223464865834E-10   0.000000000000E+00   0.481250000000E+03   0.338471799380E-10   0.000000000000E+00
  125.   0.215625000000E+03   0.452961943155E-10   0.000000000000E+00   0.484375000000E+03   0.658649291158E-10   0.000000000000E+00
  126.   0.212500000000E+03   0.203867821039E-10   0.000000000000E+00   0.487500000000E+03   0.316426264954E-10   0.000000000000E+00
  127.   0.209375000000E+03   0.414038286477E-10   0.000000000000E+00   0.490625000000E+03   0.613209435917E-10   0.000000000000E+00
  128.   0.206250000000E+03   0.184778014442E-10   0.000000000000E+00   0.493750000000E+03   0.294206844759E-10   0.000000000000E+00
  129.   0.203125000000E+03   0.376267976641E-10   0.000000000000E+00   0.496875000000E+03   0.567588424718E-10   0.000000000000E+00
  130.   0.200000000000E+03   0.166308750501E-10   0.000000000000E+00   0.500000000000E+03   0.271989757032E-10   0.000000000000E+00
  131.   0.196875000000E+03   0.339893059836E-10   0.000000000000E+00   0.503125000000E+03   0.522174174602E-10   0.000000000000E+00
  132.   0.193750000000E+03   0.148600654275E-10   0.000000000000E+00   0.506250000000E+03   0.250009823588E-10   0.000000000000E+00
  133.   0.190625000000E+03   0.305229912246E-10   0.000000000000E+00   0.509375000000E+03   0.477509309528E-10   0.000000000000E+00
  134.   0.187500000000E+03   0.131872798102E-10   0.000000000000E+00   0.512500000000E+03   0.228652224821E-10   0.000000000000E+00
  135.   0.184375000000E+03   0.272820123952E-10   0.000000000000E+00   0.515625000000E+03   0.434562996736E-10   0.000000000000E+00
  136.   0.181250000000E+03   0.116573427571E-10   0.000000000000E+00   0.518750000000E+03   0.208724508654E-10   0.000000000000E+00
  137.   0.178125000000E+03   0.243817413647E-10   0.000000000000E+00   0.521875000000E+03   0.395451765329E-10   0.000000000000E+00
  138.   0.175000000000E+03   0.103728045762E-10   0.000000000000E+00   0.525000000000E+03   0.192114724972E-10   0.000000000000E+00
  139.   0.171875000000E+03   0.221211468587E-10   0.000000000000E+00   0.528125000000E+03   0.365737125539E-10   0.000000000000E+00
  140.   0.168750000000E+03   0.960086552785E-11   0.000000000000E+00   0.531250000000E+03   0.183811323536E-10   0.000000000000E+00
  141.   0.165625000000E+03   0.212819236037E-10   0.000000000000E+00   0.534375000000E+03   0.360304418022E-10   0.000000000000E+00
  142.   0.162500000000E+03   0.999737595849E-11   0.000000000000E+00   0.537500000000E+03   0.196414144261E-10   0.000000000000E+00
  143.   0.159375000000E+03   0.241208273653E-10   0.000000000000E+00   0.540625000000E+03   0.422921497354E-10   0.000000000000E+00
  144.   0.156250000000E+03   0.134104170750E-10   0.000000000000E+00   0.543750000000E+03   0.266029856736E-10   0.000000000000E+00
  145.   0.153125000000E+03   0.363240341537E-10   0.000000000000E+00   0.546875000000E+03   0.667685853780E-10   0.000000000000E+00
  146.   0.150000000000E+03   0.242736478256E-10   0.000000000000E+00   0.550000000000E+03   0.482604302236E-10   0.000000000000E+00
  147.   0.146875000000E+03   0.750465019557E-10   0.000000000000E+00   0.553125000000E+03   0.144449079987E-09   0.000000000000E+00
  148.   0.143750000000E+03   0.573625114197E-10   0.000000000000E+00   0.556250000000E+03   0.114806425440E-09   0.000000000000E+00
  149.   0.140625000000E+03   0.183816397449E-09   0.000000000000E+00   0.559375000000E+03   0.367774376702E-09   0.000000000000E+00
  150.   0.137500000000E+03   0.149236275646E-09   0.000000000000E+00   0.562500000000E+03   0.304388447831E-09   0.000000000000E+00
  151.   0.134375000000E+03   0.493153373506E-09   0.000000000000E+00   0.565625000000E+03   0.102032868097E-08   0.000000000000E+00
  152.   0.131250000000E+03   0.390269494646E-09   0.000000000000E+00   0.568750000000E+03   0.817404389573E-09   0.000000000000E+00
  153.   0.128125000000E+03   0.122050918379E-08   0.000000000000E+00   0.571875000000E+03   0.260964715183E-08   0.000000000000E+00
  154.   0.125000000000E+03   0.882801825686E-09   0.000000000000E+00   0.575000000000E+03   0.190344003511E-08   0.000000000000E+00
  155.   0.121875000000E+03   0.364496043390E-08   0.000000000000E+00   0.578125000000E+03   0.798641725864E-08   0.000000000000E+00
  156.   0.118750000000E+03   0.312693629236E-08   0.000000000000E+00   0.581250000000E+03   0.685882319153E-08   0.000000000000E+00
  157.   0.115625000000E+03   0.119700425455E-07   0.000000000000E+00   0.584375000000E+03   0.271940440819E-07   0.000000000000E+00
  158.   0.112500000000E+03   0.109473913591E-07   0.000000000000E+00   0.587500000000E+03   0.250012401704E-07   0.000000000000E+00
  159.   0.109375000000E+03   0.256153897971E-07   0.000000000000E+00   0.590625000000E+03   0.614389411812E-07   0.000000000000E+00
  160.   0.106250000000E+03   0.213376215246E-07   0.000000000000E+00   0.593750000000E+03   0.521198790902E-07   0.000000000000E+00
  161.   0.103125000000E+03  -0.396347965055E-08   0.000000000000E+00   0.596875000000E+03  -0.627685449182E-08   0.000000000000E+00
