i  r_top  QtopRe  QtopIm  r_bot  QbotRe  QbotIm   [mm, mC]
    1.   0.600000000000E+03  -0.205083066106E-07   0.000000000000E+00   0.100000000000E+03   0.747327367706E-07   0.000000000000E+00
    2.   0.100000000000E+03  -0.747327367765E-07   0.000000000000E+00   0.600000000000E+03   0.205085952259E-07   0.000000000000E+00
    3.   0.599218750000E+03   0.367235682181E-07   0.000000000000E+00   0.100781250000E+03   0.301266346411E-06   0.000000000000E+00
    4.   0.598437500000E+03   0.230139282528E-07   0.000000000000E+00   0.101562500000E+03   0.151800872871E-06   0.000000000000E+00
    5.   0.597656250000E+03   0.517442975962E-07   0.000000000000E+00   0.102343750000E+03   0.305937145029E-06   0.000000000000E+00
    6.   0.596875000000E+03   0.280392048838E-07   0.000000000000E+00   0.103125000000E+03   0.154136272160E-06   0.000000000000E+00
    7.   0.596093750000E+03   0.591565591860E-07   0.000000000000E+00   0.103906250000E+03   0.310607943570E-06   0.000000000000E+00
    8.   0.595312500000E+03   0.314332235820E-07   0.000000000000E+00   0.104687500000E+03   0.156471671411E-06   0.000000000000E+00
    9.   0.594531250000E+03   0.650125534080E-07   0.000000000000E+00   0.105468750000E+03   0.315278742036E-06   0.000000000000E+00
   10.   0.593750000000E+03   0.336175273809E-07   0.000000000000E+00   0.106250000000E+03   0.158807070625E-06   0.000000000000E+00
   11.   0.592968750000E+03   0.691099058482E-07   0.000000000000E+00   0.107031250000E+03   0.319949540425E-06   0.000000000000E+00
   12.   0.592187500000E+03   0.354998578629E-07   0.000000000000E+00   0.107812500000E+03   0.161142469800E-06   0.000000000000E+00
   13.   0.591406250000E+03   0.724548318368E-07   0.000000000000E+00   0.108593750000E+03   0.324620338732E-06   0.000000000000E+00
   14.   0.590625000000E+03   0.369618646350E-07   0.000000000000E+00   0.109375000000E+03   0.163477868933E-06   0.000000000000E+00
   15.   0.589843750000E+03   0.751125645049E-07   0.000000000000E+00   0.110156250000E+03   0.329291136955E-06   0.000000000000E+00
   16.   0.589062500000E+03   0.381513776170E-07   0.000000000000E+00   0.110937500000E+03   0.165813268023E-06   0.000000000000E+00
   17.   0.588281250000E+03   0.772222275445E-07   0.000000000000E+00   0.111718750000E+03   0.333961935088E-06   0.000000000000E+00
   18.   0.587500000000E+03   0.390718656283E-07   0.000000000000E+00   0.112500000000E+03   0.168148667066E-06   0.000000000000E+00
   19.   0.586718750000E+03   0.788258103854E-07   0.000000000000E+00   0.113281250000E+03   0.338632733127E-06   0.000000000000E+00
   20.   0.585937500000E+03   0.397541508133E-07   0.000000000000E+00   0.114062500000E+03   0.170484066061E-06   0.000000000000E+00
   21.   0.585156250000E+03   0.799721623111E-07   0.000000000000E+00   0.114843750000E+03   0.343303531066E-06   0.000000000000E+00
   22.   0.584375000000E+03   0.402185208488E-07   0.000000000000E+00   0.115625000000E+03   0.172819465006E-06   0.000000000000E+00
   23.   0.583593750000E+03   0.807120288098E-07   0.000000000000E+00   0.116406250000E+03   0.347974328902E-06   0.000000000000E+00
   24.   0.582812500000E+03   0.404943157891E-07   0.000000000000E+00   0.117187500000E+03   0.175154863897E-06   0.000000000000E+00
   25.   0.582031250000E+03   0.811080971744E-07   0.000000000000E+00   0.117968750000E+03   0.352645126630E-06   0.000000000000E+00
   26.   0.581250000000E+03   0.406149778377E-07   0.000000000000E+00   0.118750000000E+03   0.177490262734E-06   0.000000000000E+00
   27.   0.580468750000E+03   0.812301094386E-07   0.000000000000E+00   0.119531250000E+03   0.357315924246E-06   0.000000000000E+00
   28.   0.579687500000E+03   0.406165619729E-07   0.000000000000E+00   0.120312500000E+03   0.179825661513E-06   0.000000000000E+00
   29.   0.578906250000E+03   0.811486388401E-07   0.000000000000E+00   0.121093750000E+03   0.361986721746E-06   0.000000000000E+00
   30.   0.578125000000E+03   0.405335625734E-07   0.000000000000E+00   0.121875000000E+03   0.182161060233E-06   0.000000000000E+00
   31.   0.577343750000E+03   0.809282338762E-07   0.000000000000E+00   0.122656250000E+03   0.366657519126E-06   0.000000000000E+00
   32.   0.576562500000E+03   0.403960456399E-07   0.000000000000E+00   0.123437500000E+03   0.184496458893E-06   0.000000000000E+00
   33.   0.575781250000E+03   0.806228853266E-07   0.000000000000E+00   0.124218750000E+03   0.371328316382E-06   0.000000000000E+00
   34.   0.575000000000E+03   0.402280003329E-07   0.000000000000E+00   0.125000000000E+03   0.186831857490E-06   0.000000000000E+00
   35.   0.574218750000E+03   0.802741691697E-07   0.000000000000E+00   0.125781250000E+03   0.375999113512E-06   0.000000000000E+00
   36.   0.573437500000E+03   0.400470757470E-07   0.000000000000E+00   0.126562500000E+03   0.189167256023E-06   0.000000000000E+00
   37.   0.572656250000E+03   0.799116181021E-07   0.000000000000E+00   0.127343750000E+03   0.380669910511E-06   0.000000000000E+00
   38.   0.571875000000E+03   0.398652022564E-07   0.000000000000E+00   0.128125000000E+03   0.191502654489E-06   0.000000000000E+00
   39.   0.571093750000E+03   0.795544088673E-07   0.000000000000E+00   0.128906250000E+03   0.385340707376E-06   0.000000000000E+00
   40.   0.570312500000E+03   0.396896522252E-07   0.000000000000E+00   0.129687500000E+03   0.193838052888E-06   0.000000000000E+00
   41.   0.569531250000E+03   0.792135696845E-07   0.000000000000E+00   0.130468750000E+03   0.390011504105E-06   0.000000000000E+00
   42.   0.568750000000E+03   0.395241916559E-07   0.000000000000E+00   0.131250000000E+03   0.196173451217E-06   0.000000000000E+00
   43.   0.567968750000E+03   0.788941764627E-07   0.000000000000E+00   0.132031250000E+03   0.394682300692E-06   0.000000000000E+00
   44.   0.567187500000E+03   0.393701305945E-07   0.000000000000E+00   0.132812500000E+03   0.198508849476E-06   0.000000000000E+00
   45.   0.566406250000E+03   0.785972643397E-07   0.000000000000E+00   0.133593750000E+03   0.399353097135E-06   0.000000000000E+00
   46.   0.565625000000E+03   0.392271891925E-07   0.000000000000E+00   0.134375000000E+03   0.200844247661E-06   0.000000000000E+00
   47.   0.564843750000E+03   0.783213565205E-07   0.000000000000E+00   0.135156250000E+03   0.404023893431E-06   0.000000000000E+00
   48.   0.564062500000E+03   0.390941636083E-07   0.000000000000E+00   0.135937500000E+03   0.203179645772E-06   0.000000000000E+00
   49.   0.563281250000E+03   0.780636110028E-07   0.000000000000E+00   0.136718750000E+03   0.408694689576E-06   0.000000000000E+00
   50.   0.562500000000E+03   0.389694085842E-07   0.000000000000E+00   0.137500000000E+03   0.205515043806E-06   0.000000000000E+00
   51.   0.561718750000E+03   0.778206312541E-07   0.000000000000E+00   0.138281250000E+03   0.413365485568E-06   0.000000000000E+00
   52.   0.560937500000E+03   0.388511663974E-07   0.000000000000E+00   0.139062500000E+03   0.207850441763E-06   0.000000000000E+00
   53.   0.560156250000E+03   0.775890023039E-07   0.000000000000E+00   0.139843750000E+03   0.418036281401E-06   0.000000000000E+00
   54.   0.559375000000E+03   0.387377743497E-07   0.000000000000E+00   0.140625000000E+03   0.210185839640E-06   0.000000000000E+00
   55.   0.558593750000E+03   0.773656141718E-07   0.000000000000E+00   0.141406250000E+03   0.422707077074E-06   0.000000000000E+00
   56.   0.557812500000E+03   0.386277807901E-07   0.000000000000E+00   0.142187500000E+03   0.212521237435E-06   0.000000000000E+00
   57.   0.557031250000E+03   0.771478284543E-07   0.000000000000E+00   0.142968750000E+03   0.427377872582E-06   0.000000000000E+00
   58.   0.556250000000E+03   0.385199956291E-07   0.000000000000E+00   0.143750000000E+03   0.214856635148E-06   0.000000000000E+00
   59.   0.555468750000E+03   0.769335353477E-07   0.000000000000E+00   0.144531250000E+03   0.432048667923E-06   0.000000000000E+00
   60.   0.554687500000E+03   0.384134967314E-07   0.000000000000E+00   0.145312500000E+03   0.217192032776E-06   0.000000000000E+00
   61.   0.553906250000E+03   0.767211393148E-07   0.000000000000E+00   0.146093750000E+03   0.436719463094E-06   0.000000000000E+00
   62.   0.553125000000E+03   0.383076090441E-07   0.000000000000E+00   0.146875000000E+03   0.219527430318E-06   0.000000000000E+00
   63.   0.552343750000E+03   0.765095029086E-07   0.000000000000E+00   0.147656250000E+03   0.441390258089E-06   0.000000000000E+00
   64.   0.551562500000E+03   0.382018691383E-07   0.000000000000E+00   0.148437500000E+03   0.221862827772E-06   0.000000000000E+00
   65.   0.550781250000E+03   0.762978704479E-07   0.000000000000E+00   0.149218750000E+03   0.446061052908E-06   0.000000000000E+00
   66.   0.550000000000E+03   0.380959841949E-07   0.000000000000E+00   0.150000000000E+03   0.224198225137E-06   0.000000000000E+00
   67.   0.549218750000E+03   0.760857865544E-07   0.000000000000E+00   0.150781250000E+03   0.450731847545E-06   0.000000000000E+00
   68.   0.548437500000E+03   0.379897914237E-07   0.000000000000E+00   0.151562500000E+03   0.226533622409E-06   0.000000000000E+00
   69.   0.547656250000E+03   0.758730191272E-07   0.000000000000E+00   0.152343750000E+03   0.455402641997E-06   0.000000000000E+00
   70.   0.546875000000E+03   0.378832215081E-07   0.000000000000E+00   0.153125000000E+03   0.228869019589E-06   0.000000000000E+00
   71.   0.546093750000E+03   0.756594921495E-07   0.000000000000E+00   0.153906250000E+03   0.460073436261E-06   0.000000000000E+00
   72.   0.545312500000E+03   0.377762678780E-07   0.000000000000E+00   0.154687500000E+03   0.231204416673E-06   0.000000000000E+00
   73.   0.544531250000E+03   0.754452306723E-07   0.000000000000E+00   0.155468750000E+03   0.464744230333E-06   0.000000000000E+00
   74.   0.543750000000E+03   0.376689623551E-07   0.000000000000E+00   0.156250000000E+03   0.233539813661E-06   0.000000000000E+00
   75.   0.542968750000E+03   0.752303182625E-07   0.000000000000E+00   0.157031250000E+03   0.469415024209E-06   0.000000000000E+00
   76.   0.542187500000E+03   0.375613569085E-07   0.000000000000E+00   0.157812500000E+03   0.235875210549E-06   0.000000000000E+00
   77.   0.541406250000E+03   0.750148659249E-07   0.000000000000E+00   0.158593750000E+03   0.474085817885E-06   0.000000000000E+00
   78.   0.540625000000E+03   0.374535107913E-07   0.000000000000E+00   0.159375000000E+03   0.238210607337E-06   0.000000000000E+00
   79.   0.539843750000E+03   0.747989908321E-07   0.000000000000E+00   0.160156250000E+03   0.478756611357E-06   0.000000000000E+00
   80.   0.539062500000E+03   0.373454821162E-07   0.000000000000E+00   0.160937500000E+03   0.240546004021E-06   0.000000000000E+00
   81.   0.538281250000E+03   0.745828029432E-07   0.000000000000E+00   0.161718750000E+03   0.483427404620E-06   0.000000000000E+00
   82.   0.537500000000E+03   0.372373228898E-07   0.000000000000E+00   0.162500000000E+03   0.242881400600E-06   0.000000000000E+00
   83.   0.536718750000E+03   0.743663976200E-07   0.000000000000E+00   0.163281250000E+03   0.488098197669E-06   0.000000000000E+00
   84.   0.535937500000E+03   0.371290765931E-07   0.000000000000E+00   0.164062500000E+03   0.245216797071E-06   0.000000000000E+00
   85.   0.535156250000E+03   0.741498525430E-07   0.000000000000E+00   0.164843750000E+03   0.492768990499E-06   0.000000000000E+00
   86.   0.534375000000E+03   0.370207775188E-07   0.000000000000E+00   0.165625000000E+03   0.247552193430E-06   0.000000000000E+00
   87.   0.533593750000E+03   0.739332275033E-07   0.000000000000E+00   0.166406250000E+03   0.497439783105E-06   0.000000000000E+00
   88.   0.532812500000E+03   0.369124512300E-07   0.000000000000E+00   0.167187500000E+03   0.249887589676E-06   0.000000000000E+00
   89.   0.532031250000E+03   0.737165659452E-07   0.000000000000E+00   0.167968750000E+03   0.502110575480E-06   0.000000000000E+00
   90.   0.531250000000E+03   0.368041156499E-07   0.000000000000E+00   0.168750000000E+03   0.252222985805E-06   0.000000000000E+00
   91.   0.530468750000E+03   0.734998974197E-07   0.000000000000E+00   0.169531250000E+03   0.506781367617E-06   0.000000000000E+00
   92.   0.529687500000E+03   0.366957824303E-07   0.000000000000E+00   0.170312500000E+03   0.254558381813E-06   0.000000000000E+00
   93.   0.528906250000E+03   0.732832403573E-07   0.000000000000E+00   0.171093750000E+03   0.511452159509E-06   0.000000000000E+00
   94.   0.528125000000E+03   0.365874583608E-07   0.000000000000E+00   0.171875000000E+03   0.256893777697E-06   0.000000000000E+00
   95.   0.527343750000E+03   0.730666047740E-07   0.000000000000E+00   0.172656250000E+03   0.516122951149E-06   0.000000000000E+00
   96.   0.526562500000E+03   0.364791466700E-07   0.000000000000E+00   0.173437500000E+03   0.259229173453E-06   0.000000000000E+00
   97.   0.525781250000E+03   0.728499946854E-07   0.000000000000E+00   0.174218750000E+03   0.520793742528E-06   0.000000000000E+00
   98.   0.525000000000E+03   0.363708481418E-07   0.000000000000E+00   0.175000000000E+03   0.261564569076E-06   0.000000000000E+00
   99.   0.524218750000E+03   0.726334101203E-07   0.000000000000E+00   0.175781250000E+03   0.525464533636E-06   0.000000000000E+00
  100.   0.523437500000E+03   0.362625620146E-07   0.000000000000E+00   0.176562500000E+03   0.263899964561E-06   0.000000000000E+00
  101.   0.522656250000E+03   0.724168487041E-07   0.000000000000E+00   0.177343750000E+03   0.530135324461E-06   0.000000000000E+00
  102.   0.521875000000E+03   0.361542866678E-07   0.000000000000E+00   0.178125000000E+03   0.266235359901E-06   0.000000000000E+00
  103.   0.521093750000E+03   0.722003068366E-07   0.000000000000E+00   0.178906250000E+03   0.534806114990E-06   0.000000000000E+00
  104.   0.520312500000E+03   0.360460201144E-07   0.000000000000E+00   0.179687500000E+03   0.268570755090E-06   0.000000000000E+00
  105.   0.519531250000E+03   0.719837805159E-07   0.000000000000E+00   0.180468750000E+03   0.539476905204E-06   0.000000000000E+00
  106.   0.518750000000E+03   0.359377603324E-07   0.000000000000E+00   0.181250000000E+03   0.270906150116E-06   0.000000000000E+00
  107.   0.517968750000E+03   0.717672658709E-07   0.000000000000E+00   0.182031250000E+03   0.544147695081E-06   0.000000000000E+00
  108.   0.517187500000E+03   0.358295054670E-07   0.000000000000E+00   0.182812500000E+03   0.273241544967E-06   0.000000000000E+00
  109.   0.516406250000E+03   0.715507594706E-07   0.000000000000E+00   0.183593750000E+03   0.548818484590E-06   0.000000000000E+00
  110.   0.515625000000E+03   0.357212539374E-07   0.000000000000E+00   0.184375000000E+03   0.275576939624E-06   0.000000000000E+00
  111.   0.514843750000E+03   0.713342584693E-07   0.000000000000E+00   0.185156250000E+03   0.553489273685E-06   0.000000000000E+00
  112.   0.514062500000E+03   0.356130044750E-07   0.000000000000E+00   0.185937500000E+03   0.277912334062E-06   0.000000000000E+00
  113.   0.513281250000E+03   0.711177606386E-07   0.000000000000E+00   0.186718750000E+03   0.558160062304E-06   0.000000000000E+00
  114.   0.512500000000E+03   0.355047561176E-07   0.000000000000E+00   0.187500000000E+03   0.280247728245E-06   0.000000000000E+00
  115.   0.511718750000E+03   0.709012643300E-07   0.000000000000E+00   0.188281250000E+03   0.562830850360E-06   0.000000000000E+00
  116.   0.510937500000E+03   0.353965081773E-07   0.000000000000E+00   0.189062500000E+03   0.282583122119E-06   0.000000000000E+00
  117.   0.510156250000E+03   0.706847683978E-07   0.000000000000E+00   0.189843750000E+03   0.567501637727E-06   0.000000000000E+00
  118.   0.509375000000E+03   0.352882601953E-07   0.000000000000E+00   0.190625000000E+03   0.284918515613E-06   0.000000000000E+00
  119.   0.508593750000E+03   0.704682721061E-07   0.000000000000E+00   0.191406250000E+03   0.572172424231E-06   0.000000000000E+00
  120.   0.507812500000E+03   0.351800118939E-07   0.000000000000E+00   0.192187500000E+03   0.287253908624E-06   0.000000000000E+00
  121.   0.507031250000E+03   0.702517750344E-07   0.000000000000E+00   0.192968750000E+03   0.576843209632E-06   0.000000000000E+00
  122.   0.506250000000E+03   0.350717631301E-07   0.000000000000E+00   0.193750000000E+03   0.289589301015E-06   0.000000000000E+00
  123.   0.505468750000E+03   0.700352769912E-07   0.000000000000E+00   0.194531250000E+03   0.581513993599E-06   0.000000000000E+00
  124.   0.504687500000E+03   0.349635138556E-07   0.000000000000E+00   0.195312500000E+03   0.291924692593E-06   0.000000000000E+00
  125.   0.503906250000E+03   0.698187779412E-07   0.000000000000E+00   0.196093750000E+03   0.586184775689E-06   0.000000000000E+00
  126.   0.503125000000E+03   0.348552640835E-07   0.000000000000E+00   0.196875000000E+03   0.294260083107E-06   0.000000000000E+00
  127.   0.502343750000E+03   0.696022779460E-07   0.000000000000E+00   0.197656250000E+03   0.590855555315E-06   0.000000000000E+00
  128.   0.501562500000E+03   0.347470138627E-07   0.000000000000E+00   0.198437500000E+03   0.296595472221E-06   0.000000000000E+00
  129.   0.500781250000E+03   0.693857771204E-07   0.000000000000E+00   0.199218750000E+03   0.595526331709E-06   0.000000000000E+00
  130.   0.500000000000E+03   0.346387632593E-07   0.000000000000E+00   0.200000000000E+03   0.298930859502E-06   0.000000000000E+00
  131.   0.499218750000E+03   0.691692756004E-07   0.000000000000E+00   0.200781250000E+03   0.600197103885E-06   0.000000000000E+00
  132.   0.498437500000E+03   0.345305123434E-07   0.000000000000E+00   0.201562500000E+03   0.301266244397E-06   0.000000000000E+00
  133.   0.497656250000E+03   0.689527735221E-07   0.000000000000E+00   0.202343750000E+03   0.604867870591E-06   0.000000000000E+00
  134.   0.496875000000E+03   0.344222611812E-07   0.000000000000E+00   0.203125000000E+03   0.303601626209E-06   0.000000000000E+00
  135.   0.496093750000E+03   0.687362710092E-07   0.000000000000E+00   0.203906250000E+03   0.609538630269E-06   0.000000000000E+00
  136.   0.495312500000E+03   0.343140098303E-07   0.000000000000E+00   0.204687500000E+03   0.305937004075E-06   0.000000000000E+00
  137.   0.494531250000E+03   0.685197681663E-07   0.000000000000E+00   0.205468750000E+03   0.614209381000E-06   0.000000000000E+00
  138.   0.493750000000E+03   0.342057583381E-07   0.000000000000E+00   0.206250000000E+03   0.308272376938E-06   0.000000000000E+00
  139.   0.492968750000E+03   0.683032650773E-07   0.000000000000E+00   0.207031250000E+03   0.618880120454E-06   0.000000000000E+00
  140.   0.492187500000E+03   0.340975067409E-07   0.000000000000E+00   0.207812500000E+03   0.310607743525E-06   0.000000000000E+00
  141.   0.491406250000E+03   0.680867618052E-07   0.000000000000E+00   0.208593750000E+03   0.623550845837E-06   0.000000000000E+00
  142.   0.490625000000E+03   0.339892550656E-07   0.000000000000E+00   0.209375000000E+03   0.312943102315E-06   0.000000000000E+00
  143.   0.489843750000E+03   0.678702583953E-07   0.000000000000E+00   0.210156250000E+03   0.628221553827E-06   0.000000000000E+00
  144.   0.489062500000E+03   0.338810033307E-07   0.000000000000E+00   0.210937500000E+03   0.315278451507E-06   0.000000000000E+00
  145.   0.488281250000E+03   0.676537548777E-07   0.000000000000E+00   0.211718750000E+03   0.632892240499E-06   0.000000000000E+00
  146.   0.487500000000E+03   0.337727515478E-07   0.000000000000E+00   0.212500000000E+03   0.317613788976E-06   0.000000000000E+00
  147.   0.486718750000E+03   0.674372512709E-07   0.000000000000E+00   0.213281250000E+03   0.637562901216E-06   0.000000000000E+00
  148.   0.485937500000E+03   0.336644997236E-07   0.000000000000E+00   0.214062500000E+03   0.319949112213E-06   0.000000000000E+00
  149.   0.485156250000E+03   0.672207475846E-07   0.000000000000E+00   0.214843750000E+03   0.642233530473E-06   0.000000000000E+00
  150.   0.484375000000E+03   0.335562478613E-07   0.000000000000E+00   0.215625000000E+03   0.322284418225E-06   0.000000000000E+00
  151.   0.483593750000E+03   0.670042438225E-07   0.000000000000E+00   0.216406250000E+03   0.646904121643E-06   0.000000000000E+00
  152.   0.482812500000E+03   0.334479959614E-07   0.000000000000E+00   0.217187500000E+03   0.324619703379E-06   0.000000000000E+00
  153.   0.482031250000E+03   0.667877399844E-07   0.000000000000E+00   0.217968750000E+03   0.651574666567E-06   0.000000000000E+00
  154.   0.481250000000E+03   0.333397440231E-07   0.000000000000E+00   0.218750000000E+03   0.326954963157E-06   0.000000000000E+00
  155.   0.480468750000E+03   0.665712360679E-07   0.000000000000E+00   0.219531250000E+03   0.656245154919E-06   0.000000000000E+00
  156.   0.479687500000E+03   0.332314920448E-07   0.000000000000E+00   0.220312500000E+03   0.329290191760E-06   0.000000000000E+00
  157.   0.478906250000E+03   0.663547320696E-07   0.000000000000E+00   0.221093750000E+03   0.660915573199E-06   0.000000000000E+00
  158.   0.478125000000E+03   0.331232400247E-07   0.000000000000E+00   0.221875000000E+03   0.331625381499E-06   0.000000000000E+00
  159.   0.477343750000E+03   0.661382279858E-07   0.000000000000E+00   0.222656250000E+03   0.665585903218E-06   0.000000000000E+00
  160.   0.476562500000E+03   0.330149879610E-07   0.000000000000E+00   0.223437500000E+03   0.333960521890E-06   0.000000000000E+00
  161.   0.475781250000E+03   0.659217238133E-07   0.000000000000E+00   0.224218750000E+03   0.670256119852E-06   0.000000000000E+00
  162.   0.475000000000E+03   0.329067358522E-07   0.000000000000E+00   0.225000000000E+03   0.336295598313E-06   0.000000000000E+00
  163.   0.474218750000E+03   0.657052195494E-07   0.000000000000E+00   0.225781250000E+03   0.674926187791E-06   0.000000000000E+00
  164.   0.473437500000E+03   0.327984836971E-07   0.000000000000E+00   0.226562500000E+03   0.338630590104E-06   0.000000000000E+00
  165.   0.472656250000E+03   0.654887151921E-07   0.000000000000E+00   0.227343750000E+03   0.679596056973E-06   0.000000000000E+00
  166.   0.471875000000E+03   0.326902314949E-07   0.000000000000E+00   0.228125000000E+03   0.340965467891E-06   0.000000000000E+00
  167.   0.471093750000E+03   0.652722107401E-07   0.000000000000E+00   0.228906250000E+03   0.684265656280E-06   0.000000000000E+00
  168.   0.470312500000E+03   0.325819792452E-07   0.000000000000E+00   0.229687500000E+03   0.343300189960E-06   0.000000000000E+00
  169.   0.469531250000E+03   0.650557061929E-07   0.000000000000E+00   0.230468750000E+03   0.688934885073E-06   0.000000000000E+00
  170.   0.468750000000E+03   0.324737269477E-07   0.000000000000E+00   0.231250000000E+03   0.345634697416E-06   0.000000000000E+00
  171.   0.467968750000E+03   0.648392015504E-07   0.000000000000E+00   0.232031250000E+03   0.693603602043E-06   0.000000000000E+00
  172.   0.467187500000E+03   0.323654746027E-07   0.000000000000E+00   0.232812500000E+03   0.347968907869E-06   0.000000000000E+00
  173.   0.466406250000E+03   0.646226968130E-07   0.000000000000E+00   0.233593750000E+03   0.698271610859E-06   0.000000000000E+00
  174.   0.465625000000E+03   0.322572222103E-07   0.000000000000E+00   0.234375000000E+03   0.350302707395E-06   0.000000000000E+00
  175.   0.464843750000E+03   0.644061919814E-07   0.000000000000E+00   0.235156250000E+03   0.702938642099E-06   0.000000000000E+00
  176.   0.464062500000E+03   0.321489697711E-07   0.000000000000E+00   0.235937500000E+03   0.352635940494E-06   0.000000000000E+00
  177.   0.463281250000E+03   0.641896870565E-07   0.000000000000E+00   0.236718750000E+03   0.707604330965E-06   0.000000000000E+00
  178.   0.462500000000E+03   0.320407172855E-07   0.000000000000E+00   0.237500000000E+03   0.354968397840E-06   0.000000000000E+00
  179.   0.461718750000E+03   0.639731820397E-07   0.000000000000E+00   0.238281250000E+03   0.712268190407E-06   0.000000000000E+00
  180.   0.460937500000E+03   0.319324647542E-07   0.000000000000E+00   0.239062500000E+03   0.357299801646E-06   0.000000000000E+00
  181.   0.460156250000E+03   0.637566769319E-07   0.000000000000E+00   0.239843750000E+03   0.716929579377E-06   0.000000000000E+00
  182.   0.459375000000E+03   0.318242121778E-07   0.000000000000E+00   0.240625000000E+03   0.359629788541E-06   0.000000000000E+00
  183.   0.458593750000E+03   0.635401717347E-07   0.000000000000E+00   0.241406250000E+03   0.721587666102E-06   0.000000000000E+00
  184.   0.457812500000E+03   0.317159595570E-07   0.000000000000E+00   0.242187500000E+03   0.361957889963E-06   0.000000000000E+00
  185.   0.457031250000E+03   0.633236664493E-07   0.000000000000E+00   0.242968750000E+03   0.726241386422E-06   0.000000000000E+00
  186.   0.456250000000E+03   0.316077068924E-07   0.000000000000E+00   0.243750000000E+03   0.364283510090E-06   0.000000000000E+00
  187.   0.455468750000E+03   0.631071610772E-07   0.000000000000E+00   0.244531250000E+03   0.730889397281E-06   0.000000000000E+00
  188.   0.454687500000E+03   0.314994541848E-07   0.000000000000E+00   0.245312500000E+03   0.366605901409E-06   0.000000000000E+00
  189.   0.453906250000E+03   0.628906556195E-07   0.000000000000E+00   0.246093750000E+03   0.735530025432E-06   0.000000000000E+00
  190.   0.453125000000E+03   0.313912014348E-07   0.000000000000E+00   0.246875000000E+03   0.368924137862E-06   0.000000000000E+00
  191.   0.452343750000E+03   0.626741500779E-07   0.000000000000E+00   0.247656250000E+03   0.740161211017E-06   0.000000000000E+00
  192.   0.451562500000E+03   0.312829486431E-07   0.000000000000E+00   0.248437500000E+03   0.371237085303E-06   0.000000000000E+00
  193.   0.450781250000E+03   0.624576444535E-07   0.000000000000E+00   0.249218750000E+03   0.744780444869E-06   0.000000000000E+00
  194.   0.450000000000E+03   0.311746958104E-07   0.000000000000E+00   0.250000000000E+03   0.373543368397E-06   0.000000000000E+00
  195.   0.449218750000E+03   0.622411387478E-07   0.000000000000E+00   0.250781250000E+03   0.749384696920E-06   0.000000000000E+00
  196.   0.448437500000E+03   0.310664429374E-07   0.000000000000E+00   0.251562500000E+03   0.375841332194E-06   0.000000000000E+00
  197.   0.447656250000E+03   0.620246329621E-07   0.000000000000E+00   0.252343750000E+03   0.753970330573E-06   0.000000000000E+00
  198.   0.446875000000E+03   0.309581900248E-07   0.000000000000E+00   0.253125000000E+03   0.378128995052E-06   0.000000000000E+00
  199.   0.446093750000E+03   0.618081270979E-07   0.000000000000E+00   0.253906250000E+03   0.758532994172E-06   0.000000000000E+00
  200.   0.445312500000E+03   0.308499370732E-07   0.000000000000E+00   0.254687500000E+03   0.380403987335E-06   0.000000000000E+00
  201.   0.444531250000E+03   0.615916211567E-07   0.000000000000E+00   0.255468750000E+03   0.763067475018E-06   0.000000000000E+00
  202.   0.443750000000E+03   0.307416840835E-07   0.000000000000E+00   0.256250000000E+03   0.382663466986E-06   0.000000000000E+00
  203.   0.442968750000E+03   0.613751151400E-07   0.000000000000E+00   0.257031250000E+03   0.767567493345E-06   0.000000000000E+00
  204.   0.442187500000E+03   0.306334310565E-07   0.000000000000E+00   0.257812500000E+03   0.384903998264E-06   0.000000000000E+00
  205.   0.441406250000E+03   0.611586090493E-07   0.000000000000E+00   0.258593750000E+03   0.772025402001E-06   0.000000000000E+00
  206.   0.440625000000E+03   0.305251779929E-07   0.000000000000E+00   0.259375000000E+03   0.387121373196E-06   0.000000000000E+00
  207.   0.439843750000E+03   0.609421028869E-07   0.000000000000E+00   0.260156250000E+03   0.776431741125E-06   0.000000000000E+00
  208.   0.439062500000E+03   0.304169248940E-07   0.000000000000E+00   0.260937500000E+03   0.389310345516E-06   0.000000000000E+00
  209.   0.438281250000E+03   0.607255966547E-07   0.000000000000E+00   0.261718750000E+03   0.780774573327E-06   0.000000000000E+00
  210.   0.437500000000E+03   0.303086717608E-07   0.000000000000E+00   0.262500000000E+03   0.391464232924E-06   0.000000000000E+00
  211.   0.436718750000E+03   0.605090903557E-07   0.000000000000E+00   0.263281250000E+03   0.785038490857E-06   0.000000000000E+00
  212.   0.435937500000E+03   0.302004185949E-07   0.000000000000E+00   0.264062500000E+03   0.393574323374E-06   0.000000000000E+00
  213.   0.435156250000E+03   0.602925839932E-07   0.000000000000E+00   0.264843750000E+03   0.789203137248E-06   0.000000000000E+00
  214.   0.434375000000E+03   0.300921653983E-07   0.000000000000E+00   0.265625000000E+03   0.395628992194E-06   0.000000000000E+00
  215.   0.433593750000E+03   0.600760775720E-07   0.000000000000E+00   0.266406250000E+03   0.793241016661E-06   0.000000000000E+00
  216.   0.432812500000E+03   0.299839121737E-07   0.000000000000E+00   0.267187500000E+03   0.397612396246E-06   0.000000000000E+00
  217.   0.432031250000E+03   0.598595710982E-07   0.000000000000E+00   0.267968750000E+03   0.797114269364E-06   0.000000000000E+00
  218.   0.431250000000E+03   0.298756589244E-07   0.000000000000E+00   0.268750000000E+03   0.399502556683E-06   0.000000000000E+00
  219.   0.430468750000E+03   0.596430645798E-07   0.000000000000E+00   0.269531250000E+03   0.800769971139E-06   0.000000000000E+00
  220.   0.429687500000E+03   0.297674056553E-07   0.000000000000E+00   0.270312500000E+03   0.401268574830E-06   0.000000000000E+00
  221.   0.428906250000E+03   0.594265580281E-07   0.000000000000E+00   0.271093750000E+03   0.804133381962E-06   0.000000000000E+00
  222.   0.428125000000E+03   0.296591523725E-07   0.000000000000E+00   0.271875000000E+03   0.402866658598E-06   0.000000000000E+00
  223.   0.427343750000E+03   0.592100514575E-07   0.000000000000E+00   0.272656250000E+03   0.807098474558E-06   0.000000000000E+00
  224.   0.426562500000E+03   0.295508990846E-07   0.000000000000E+00   0.273437500000E+03   0.404234606751E-06   0.000000000000E+00
  225.   0.425781250000E+03   0.589935448875E-07   0.000000000000E+00   0.274218750000E+03   0.809515134648E-06   0.000000000000E+00
  226.   0.425000000000E+03   0.294426458025E-07   0.000000000000E+00   0.275000000000E+03   0.405284488075E-06   0.000000000000E+00
  227.   0.424218750000E+03   0.587770383435E-07   0.000000000000E+00   0.275781250000E+03   0.811172871374E-06   0.000000000000E+00
  228.   0.423437500000E+03   0.293343925405E-07   0.000000000000E+00   0.276562500000E+03   0.405893612880E-06   0.000000000000E+00
  229.   0.422656250000E+03   0.585605318582E-07   0.000000000000E+00   0.277343750000E+03   0.811782059209E-06   0.000000000000E+00
  230.   0.421875000000E+03   0.292261393172E-07   0.000000000000E+00   0.278125000000E+03   0.405894733819E-06   0.000000000000E+00
  231.   0.421093750000E+03   0.583440254735E-07   0.000000000000E+00   0.278906250000E+03   0.810955998768E-06   0.000000000000E+00
  232.   0.420312500000E+03   0.291178861557E-07   0.000000000000E+00   0.279687500000E+03   0.405067877448E-06   0.000000000000E+00
  233.   0.419531250000E+03   0.581275192414E-07   0.000000000000E+00   0.280468750000E+03   0.808200347619E-06   0.000000000000E+00
  234.   0.418750000000E+03   0.290096330851E-07   0.000000000000E+00   0.281250000000E+03   0.403138049430E-06   0.000000000000E+00
  235.   0.417968750000E+03   0.579110132268E-07   0.000000000000E+00   0.282031250000E+03   0.802919436940E-06   0.000000000000E+00
  236.   0.417187500000E+03   0.289013801411E-07   0.000000000000E+00   0.282812500000E+03   0.399784156009E-06   0.000000000000E+00
  237.   0.416406250000E+03   0.576945075084E-07   0.000000000000E+00   0.283593750000E+03   0.794448632206E-06   0.000000000000E+00
  238.   0.415625000000E+03   0.287931273668E-07   0.000000000000E+00   0.284375000000E+03   0.394662851650E-06   0.000000000000E+00
  239.   0.414843750000E+03   0.574780021806E-07   0.000000000000E+00   0.285156250000E+03   0.782114848736E-06   0.000000000000E+00
  240.   0.414062500000E+03   0.286848748135E-07   0.000000000000E+00   0.285937500000E+03   0.387445366351E-06   0.000000000000E+00
  241.   0.413281250000E+03   0.572614973555E-07   0.000000000000E+00   0.286718750000E+03   0.765314186812E-06   0.000000000000E+00
  242.   0.412500000000E+03   0.285766225419E-07   0.000000000000E+00   0.287500000000E+03   0.377857919705E-06   0.000000000000E+00
  243.   0.411718750000E+03   0.570449931643E-07   0.000000000000E+00   0.288281250000E+03   0.743584523608E-06   0.000000000000E+00
  244.   0.410937500000E+03   0.284683706227E-07   0.000000000000E+00   0.289062500000E+03   0.365713148161E-06   0.000000000000E+00
  245.   0.410156250000E+03   0.568284897594E-07   0.000000000000E+00   0.289843750000E+03   0.716652709464E-06   0.000000000000E+00
  246.   0.409375000000E+03   0.283601191376E-07   0.000000000000E+00   0.290625000000E+03   0.350925400040E-06   0.000000000000E+00
  247.   0.408593750000E+03   0.566119873176E-07   0.000000000000E+00   0.291406250000E+03   0.684452135044E-06   0.000000000000E+00
  248.   0.407812500000E+03   0.282518681814E-07   0.000000000000E+00   0.292187500000E+03   0.333513191394E-06   0.000000000000E+00
  249.   0.407031250000E+03   0.563954860445E-07   0.000000000000E+00   0.292968750000E+03   0.647123907706E-06   0.000000000000E+00
  250.   0.406250000000E+03   0.281436178650E-07   0.000000000000E+00   0.293750000000E+03   0.313598492642E-06   0.000000000000E+00
  251.   0.405468750000E+03   0.561789861822E-07   0.000000000000E+00   0.294531250000E+03   0.605018768217E-06   0.000000000000E+00
  252.   0.404687500000E+03   0.280353683196E-07   0.000000000000E+00   0.295312500000E+03   0.291409770765E-06   0.000000000000E+00
  253.   0.403906250000E+03   0.559624880231E-07   0.000000000000E+00   0.296093750000E+03   0.558705459782E-06   0.000000000000E+00
  254.   0.403125000000E+03   0.279271197058E-07   0.000000000000E+00   0.296875000000E+03   0.267287334545E-06   0.000000000000E+00
  255.   0.402343750000E+03   0.557459919306E-07   0.000000000000E+00   0.297656250000E+03   0.508975792061E-06   0.000000000000E+00
  256.   0.401562500000E+03   0.278188722264E-07   0.000000000000E+00   0.298437500000E+03   0.241682813479E-06   0.000000000000E+00
  257.   0.400781250000E+03   0.555294983749E-07   0.000000000000E+00   0.299218750000E+03   0.456829265744E-06   0.000000000000E+00
  258.   0.400000000000E+03   0.277106261481E-07   0.000000000000E+00   0.300000000000E+03   0.215144058412E-06   0.000000000000E+00
  259.   0.399218750000E+03   0.553130079857E-07   0.000000000000E+00   0.300781250000E+03   0.403425015351E-06   0.000000000000E+00
  260.   0.398437500000E+03   0.276023818334E-07   0.000000000000E+00   0.301562500000E+03   0.188282097893E-06   0.000000000000E+00
  261.   0.397656250000E+03   0.550965216331E-07   0.000000000000E+00   0.302343750000E+03   0.350002126317E-06   0.000000000000E+00
  262.   0.396875000000E+03   0.274941397889E-07   0.000000000000E+00   0.303125000000E+03   0.161724596806E-06   0.000000000000E+00
  263.   0.396093750000E+03   0.548800405447E-07   0.000000000000E+00   0.303906250000E+03   0.297783374860E-06   0.000000000000E+00
  264.   0.395312500000E+03   0.273859007346E-07   0.000000000000E+00   0.304687500000E+03   0.136066332439E-06   0.000000000000E+00
  265.   0.394531250000E+03   0.546635664709E-07   0.000000000000E+00   0.305468750000E+03   0.247884803460E-06   0.000000000000E+00
  266.   0.393750000000E+03   0.272776657000E-07   0.000000000000E+00   0.306250000000E+03   0.111828446502E-06   0.000000000000E+00
  267.   0.392968750000E+03   0.544471019138E-07   0.000000000000E+00   0.307031250000E+03   0.201250548382E-06   0.000000000000E+00
  268.   0.392187500000E+03   0.271694361564E-07   0.000000000000E+00   0.307812500000E+03   0.894340133800E-07   0.000000000000E+00
  269.   0.391406250000E+03   0.542306504354E-07   0.000000000000E+00   0.308593750000E+03   0.158620456998E-06   0.000000000000E+00
  270.   0.390625000000E+03   0.270612141930E-07   0.000000000000E+00   0.309375000000E+03   0.691998949209E-07   0.000000000000E+00
  271.   0.389843750000E+03   0.540142170618E-07   0.000000000000E+00   0.310156250000E+03   0.120523387000E-06   0.000000000000E+00
  272.   0.389062500000E+03   0.269530027457E-07   0.000000000000E+00   0.310937500000E+03   0.513379136767E-07   0.000000000000E+00
  273.   0.388281250000E+03   0.537978088037E-07   0.000000000000E+00   0.311718750000E+03   0.872798550255E-07   0.000000000000E+00
  274.   0.387500000000E+03   0.268448058885E-07   0.000000000000E+00   0.312500000000E+03   0.359562183073E-07   0.000000000000E+00
  275.   0.386718750000E+03   0.535814353081E-07   0.000000000000E+00   0.313281250000E+03   0.590001667121E-07   0.000000000000E+00
  276.   0.385937500000E+03   0.267366291946E-07   0.000000000000E+00   0.314062500000E+03   0.230563195336E-07   0.000000000000E+00
  277.   0.385156250000E+03   0.533651096594E-07   0.000000000000E+00   0.314843750000E+03   0.355778602416E-07   0.000000000000E+00
  278.   0.384375000000E+03   0.266284801759E-07   0.000000000000E+00   0.315625000000E+03   0.125300732590E-07   0.000000000000E+00
  279.   0.383593750000E+03   0.531488493368E-07   0.000000000000E+00   0.316406250000E+03   0.166934777060E-07   0.000000000000E+00
  280.   0.382812500000E+03   0.265203688022E-07   0.000000000000E+00   0.317187500000E+03   0.416687049830E-08   0.000000000000E+00
  281.   0.382031250000E+03   0.529326773348E-07   0.000000000000E+00   0.317968750000E+03   0.184665017937E-08   0.000000000000E+00
  282.   0.381250000000E+03   0.264123081025E-07   0.000000000000E+00   0.318750000000E+03  -0.232170494691E-08   0.000000000000E+00
  283.   0.380468750000E+03   0.527166234407E-07   0.000000000000E+00   0.319531250000E+03  -0.957948912449E-08   0.000000000000E+00
  284.   0.379687500000E+03   0.263043148419E-07   0.000000000000E+00   0.320312500000E+03  -0.726286727827E-08   0.000000000000E+00
  285.   0.378906250000E+03   0.525007256556E-07   0.000000000000E+00   0.321093750000E+03  -0.182372774446E-07   0.000000000000E+00
  286.   0.378125000000E+03   0.261964102657E-07   0.000000000000E+00   0.321875000000E+03  -0.109812211370E-07   0.000000000000E+00
  287.   0.377343750000E+03   0.522850317357E-07   0.000000000000E+00   0.322656250000E+03  -0.247414943980E-07   0.000000000000E+00
  288.   0.376562500000E+03   0.260886208971E-07   0.000000000000E+00   0.323437500000E+03  -0.137671809926E-07   0.000000000000E+00
  289.   0.375781250000E+03   0.520696008302E-07   0.000000000000E+00   0.324218750000E+03  -0.296218883004E-07   0.000000000000E+00
  290.   0.375000000000E+03   0.259809793764E-07   0.000000000000E+00   0.325000000000E+03  -0.158607015293E-07   0.000000000000E+00
  291.   0.374218750000E+03   0.518545051923E-07   0.000000000000E+00   0.325781250000E+03  -0.333046020107E-07   0.000000000000E+00
  292.   0.373437500000E+03   0.258735253324E-07   0.000000000000E+00   0.326562500000E+03  -0.174485815352E-07   0.000000000000E+00
  293.   0.372656250000E+03   0.516398319697E-07   0.000000000000E+00   0.327343750000E+03  -0.361153669139E-07   0.000000000000E+00
  294.   0.371875000000E+03   0.257663062986E-07   0.000000000000E+00   0.328125000000E+03  -0.186701640586E-07   0.000000000000E+00
  295.   0.371093750000E+03   0.514256851279E-07   0.000000000000E+00   0.328906250000E+03  -0.382943243393E-07   0.000000000000E+00
  296.   0.370312500000E+03   0.256593787177E-07   0.000000000000E+00   0.329687500000E+03  -0.196264469113E-07   0.000000000000E+00
  297.   0.369531250000E+03   0.512121876603E-07   0.000000000000E+00   0.330468750000E+03  -0.400143541242E-07   0.000000000000E+00
  298.   0.368750000000E+03   0.255528091408E-07   0.000000000000E+00   0.331250000000E+03  -0.203893664666E-07   0.000000000000E+00
  299.   0.367968750000E+03   0.509994843906E-07   0.000000000000E+00   0.332031250000E+03  -0.413982223936E-07   0.000000000000E+00
  300.   0.367187500000E+03   0.254466758235E-07   0.000000000000E+00   0.332812500000E+03  -0.210097313858E-07   0.000000000000E+00
  301.   0.366406250000E+03   0.507877459243E-07   0.000000000000E+00   0.333593750000E+03  -0.425326381823E-07   0.000000000000E+00
  302.   0.365625000000E+03   0.253410710705E-07   0.000000000000E+00   0.334375000000E+03  -0.215233931237E-07   0.000000000000E+00
  303.   0.364843750000E+03   0.505771746627E-07   0.000000000000E+00   0.335156250000E+03  -0.434789372155E-07   0.000000000000E+00
  304.   0.364062500000E+03   0.252361048912E-07   0.000000000000E+00   0.335937500000E+03  -0.219557844428E-07   0.000000000000E+00
  305.   0.363281250000E+03   0.503680143017E-07   0.000000000000E+00   0.336718750000E+03  -0.442808356747E-07   0.000000000000E+00
  306.   0.362500000000E+03   0.251319108259E-07   0.000000000000E+00   0.337500000000E+03  -0.223251450397E-07   0.000000000000E+00
  307.   0.361718750000E+03   0.501605649342E-07   0.000000000000E+00   0.338281250000E+03  -0.449698974477E-07   0.000000000000E+00
  308.   0.360937500000E+03   0.250286552018E-07   0.000000000000E+00   0.339062500000E+03  -0.226447656680E-07   0.000000000000E+00
  309.   0.360156250000E+03   0.499552067876E-07   0.000000000000E+00   0.339843750000E+03  -0.455693193187E-07   0.000000000000E+00
  310.   0.359375000000E+03   0.249265515924E-07   0.000000000000E+00   0.340625000000E+03  -0.229245283121E-07   0.000000000000E+00
  311.   0.358593750000E+03   0.497524367958E-07   0.000000000000E+00   0.341406250000E+03  -0.460965203239E-07   0.000000000000E+00
  312.   0.357812500000E+03   0.248258829077E-07   0.000000000000E+00   0.342187500000E+03  -0.231719534301E-07   0.000000000000E+00
  313.   0.357031250000E+03   0.495529236366E-07   0.000000000000E+00   0.342968750000E+03  -0.465648978778E-07   0.000000000000E+00
  314.   0.356250000000E+03   0.247270343242E-07   0.000000000000E+00   0.343750000000E+03  -0.233929068899E-07   0.000000000000E+00
  315.   0.355468750000E+03   0.493575885569E-07   0.000000000000E+00   0.344531250000E+03  -0.469850105269E-07   0.000000000000E+00
  316.   0.354687500000E+03   0.246305411699E-07   0.000000000000E+00   0.345312500000E+03  -0.235920741850E-07   0.000000000000E+00
  317.   0.353906250000E+03   0.491677211929E-07   0.000000000000E+00   0.346093750000E+03  -0.473653698068E-07   0.000000000000E+00
  318.   0.353125000000E+03   0.245371568683E-07   0.000000000000E+00   0.346875000000E+03  -0.237732768710E-07   0.000000000000E+00
  319.   0.352343750000E+03   0.489851415657E-07   0.000000000000E+00   0.347656250000E+03  -0.477129681406E-07   0.000000000000E+00
  320.   0.351562500000E+03   0.244479470261E-07   0.000000000000E+00   0.348437500000E+03  -0.239396831628E-07   0.000000000000E+00
  321.   0.350781250000E+03   0.488124212758E-07   0.000000000000E+00   0.349218750000E+03  -0.480336306865E-07   0.000000000000E+00
  322.   0.350000000000E+03   0.243644166137E-07   0.000000000000E+00   0.350000000000E+03  -0.240939485770E-07   0.000000000000E+00
  323.   0.349218750000E+03   0.486531783393E-07   0.000000000000E+00   0.350781250000E+03  -0.483322517481E-07   0.000000000000E+00
  324.   0.348437500000E+03   0.242886777461E-07   0.000000000000E+00   0.351562500000E+03  -0.242383112758E-07   0.000000000000E+00
  325.   0.347656250000E+03   0.485124607177E-07   0.000000000000E+00   0.352343750000E+03  -0.486129571953E-07   0.000000000000E+00
  326.   0.346875000000E+03   0.242236656113E-07   0.000000000000E+00   0.353125000000E+03  -0.243746588483E-07   0.000000000000E+00
  327.   0.346093750000E+03   0.483972329730E-07   0.000000000000E+00   0.353906250000E+03  -0.488792207937E-07   0.000000000000E+00
  328.   0.345312500000E+03   0.241734094270E-07   0.000000000000E+00   0.354687500000E+03  -0.245045776526E-07   0.000000000000E+00
  329.   0.344531250000E+03   0.483169783248E-07   0.000000000000E+00   0.355468750000E+03  -0.491339527312E-07   0.000000000000E+00
  330.   0.343750000000E+03   0.241433637952E-07   0.000000000000E+00   0.356250000000E+03  -0.246293918566E-07   0.000000000000E+00
  331.   0.342968750000E+03   0.482844247199E-07   0.000000000000E+00   0.357031250000E+03  -0.493795718421E-07   0.000000000000E+00
  332.   0.342187500000E+03   0.241408036447E-07   0.000000000000E+00   0.357812500000E+03  -0.247501965245E-07   0.000000000000E+00
  333.   0.341406250000E+03   0.483163990923E-07   0.000000000000E+00   0.358593750000E+03  -0.496180683232E-07   0.000000000000E+00
  334.   0.340625000000E+03   0.241752836609E-07   0.000000000000E+00   0.359375000000E+03  -0.248678871824E-07   0.000000000000E+00
  335.   0.339843750000E+03   0.484348106361E-07   0.000000000000E+00   0.360156250000E+03  -0.498510605683E-07   0.000000000000E+00
  336.   0.339062500000E+03   0.242591620176E-07   0.000000000000E+00   0.360937500000E+03  -0.249831870494E-07   0.000000000000E+00
  337.   0.338281250000E+03   0.486677651390E-07   0.000000000000E+00   0.361718750000E+03  -0.500798477371E-07   0.000000000000E+00
  338.   0.337500000000E+03   0.244081905161E-07   0.000000000000E+00   0.362500000000E+03  -0.250966723556E-07   0.000000000000E+00
  339.   0.336718750000E+03   0.490508234842E-07   0.000000000000E+00   0.363281250000E+03  -0.503054584949E-07   0.000000000000E+00
  340.   0.335937500000E+03   0.246421820444E-07   0.000000000000E+00   0.364062500000E+03  -0.252087957571E-07   0.000000000000E+00
  341.   0.335156250000E+03   0.496284454231E-07   0.000000000000E+00   0.364843750000E+03  -0.505286957738E-07   0.000000000000E+00
  342.   0.334375000000E+03   0.249857855184E-07   0.000000000000E+00   0.365625000000E+03  -0.253199076857E-07   0.000000000000E+00
  343.   0.333593750000E+03   0.504557126539E-07   0.000000000000E+00   0.366406250000E+03  -0.507501772115E-07   0.000000000000E+00
  344.   0.332812500000E+03   0.254694322438E-07   0.000000000000E+00   0.367187500000E+03  -0.254302754449E-07   0.000000000000E+00
  345.   0.332031250000E+03   0.516005113775E-07   0.000000000000E+00   0.367968750000E+03  -0.509703709545E-07   0.000000000000E+00
  346.   0.331250000000E+03   0.261305701349E-07   0.000000000000E+00   0.368750000000E+03  -0.255400999288E-07   0.000000000000E+00
  347.   0.330468750000E+03   0.531464805267E-07   0.000000000000E+00   0.369531250000E+03  -0.511896266782E-07   0.000000000000E+00
  348.   0.329687500000E+03   0.270153756563E-07   0.000000000000E+00   0.370312500000E+03  -0.256495299342E-07   0.000000000000E+00
  349.   0.328906250000E+03   0.551972062192E-07   0.000000000000E+00   0.371093750000E+03  -0.514082018639E-07   0.000000000000E+00
  350.   0.328125000000E+03   0.281812344884E-07   0.000000000000E+00   0.371875000000E+03  -0.257586741361E-07   0.000000000000E+00
  351.   0.327343750000E+03   0.578823697569E-07   0.000000000000E+00   0.372656250000E+03  -0.516262835611E-07   0.000000000000E+00
  352.   0.326562500000E+03   0.297004063477E-07   0.000000000000E+00   0.373437500000E+03  -0.258676108843E-07   0.000000000000E+00
  353.   0.325781250000E+03   0.613668749439E-07   0.000000000000E+00   0.374218750000E+03  -0.518440060114E-07   0.000000000000E+00
  354.   0.325000000000E+03   0.316654850213E-07   0.000000000000E+00   0.375000000000E+03  -0.259763960372E-07   0.000000000000E+00
  355.   0.324218750000E+03   0.658643753696E-07   0.000000000000E+00   0.375781250000E+03  -0.520614646002E-07   0.000000000000E+00
  356.   0.323437500000E+03   0.341974576971E-07   0.000000000000E+00   0.376562500000E+03  -0.260850690861E-07   0.000000000000E+00
  357.   0.322656250000E+03   0.716573954210E-07   0.000000000000E+00   0.377343750000E+03  -0.522787266575E-07   0.000000000000E+00
  358.   0.321875000000E+03   0.374577570926E-07   0.000000000000E+00   0.378125000000E+03  -0.261936578348E-07   0.000000000000E+00
  359.   0.321093750000E+03   0.791269098906E-07   0.000000000000E+00   0.378906250000E+03  -0.524958396289E-07   0.000000000000E+00
  360.   0.320312500000E+03   0.416657591047E-07   0.000000000000E+00   0.379687500000E+03  -0.263021818937E-07   0.000000000000E+00
  361.   0.319531250000E+03   0.887974110967E-07   0.000000000000E+00   0.380468750000E+03  -0.527128371145E-07   0.000000000000E+00
  362.   0.318750000000E+03   0.471262947492E-07   0.000000000000E+00   0.381250000000E+03  -0.264106552260E-07   0.000000000000E+00
  363.   0.317968750000E+03   0.101402596869E-06   0.000000000000E+00   0.382031250000E+03  -0.529297432269E-07   0.000000000000E+00
  364.   0.317187500000E+03   0.542677414363E-07   0.000000000000E+00   0.382812500000E+03  -0.265190879592E-07   0.000000000000E+00
  365.   0.316406250000E+03   0.117997322456E-06   0.000000000000E+00   0.383593750000E+03  -0.531465756566E-07   0.000000000000E+00
  366.   0.315625000000E+03   0.637156160442E-07   0.000000000000E+00   0.384375000000E+03  -0.266274876396E-07   0.000000000000E+00
  367.   0.314843750000E+03   0.140108132857E-06   0.000000000000E+00   0.385156250000E+03  -0.533633477741E-07   0.000000000000E+00
  368.   0.314062500000E+03   0.763680459639E-07   0.000000000000E+00   0.385937500000E+03  -0.267358600787E-07   0.000000000000E+00
  369.   0.313281250000E+03   0.170092795467E-06   0.000000000000E+00   0.386718750000E+03  -0.535800700308E-07   0.000000000000E+00
  370.   0.312500000000E+03   0.936872793170E-07   0.000000000000E+00   0.387500000000E+03  -0.268442099077E-07   0.000000000000E+00
  371.   0.311718750000E+03   0.211441876538E-06   0.000000000000E+00   0.388281250000E+03  -0.537967508678E-07   0.000000000000E+00
  372.   0.310937500000E+03   0.117642282471E-06   0.000000000000E+00   0.389062500000E+03  -0.269525409306E-07   0.000000000000E+00
  373.   0.310156250000E+03   0.270538702752E-06   0.000000000000E+00   0.389843750000E+03  -0.540133972892E-07   0.000000000000E+00
  374.   0.309375000000E+03   0.152899956004E-06   0.000000000000E+00   0.390625000000E+03  -0.270608563439E-07   0.000000000000E+00
  375.   0.308593750000E+03   0.356350266901E-06   0.000000000000E+00   0.391406250000E+03  -0.542300152164E-07   0.000000000000E+00
  376.   0.307812500000E+03   0.202132990599E-06   0.000000000000E+00   0.392187500000E+03  -0.271691588705E-07   0.000000000000E+00
  377.   0.307031250000E+03   0.493790562378E-06   0.000000000000E+00   0.392968750000E+03  -0.544466097044E-07   0.000000000000E+00
  378.   0.306250000000E+03   0.295557058635E-06   0.000000000000E+00   0.393750000000E+03  -0.272774508416E-07   0.000000000000E+00
  379.   0.305468750000E+03   0.709025883789E-06   0.000000000000E+00   0.394531250000E+03  -0.546631850775E-07   0.000000000000E+00
  380.   0.304687500000E+03   0.387647812204E-06   0.000000000000E+00   0.395312500000E+03  -0.273857342502E-07   0.000000000000E+00
  381.   0.303906250000E+03   0.116954943142E-05   0.000000000000E+00   0.396093750000E+03  -0.548797450205E-07   0.000000000000E+00
  382.   0.303125000000E+03   0.918627918790E-06   0.000000000000E+00   0.396875000000E+03  -0.274940107883E-07   0.000000000000E+00
  383.   0.302343750000E+03   0.195528769583E-05   0.000000000000E+00   0.397656250000E+03  -0.550962926466E-07   0.000000000000E+00
  384.   0.301562500000E+03   0.242643880548E-05   0.000000000000E+00   0.398437500000E+03  -0.276022818778E-07   0.000000000000E+00
  385.   0.300781250000E+03   0.112866939993E-04   0.000000000000E+00   0.399218750000E+03  -0.553128305570E-07   0.000000000000E+00
  386.   0.300000000000E+03  -0.887600351673E-05   0.000000000000E+00   0.400000000000E+03  -0.277105486985E-07   0.000000000000E+00
  387.   0.299218750000E+03  -0.615728016468E-05   0.000000000000E+00   0.400781250000E+03  -0.555293608965E-07   0.000000000000E+00
  388.   0.298437500000E+03  -0.145065711682E-05   0.000000000000E+00   0.401562500000E+03  -0.278188122159E-07   0.000000000000E+00
  389.   0.297656250000E+03  -0.270675465446E-05   0.000000000000E+00   0.402343750000E+03  -0.557458854080E-07   0.000000000000E+00
  390.   0.296875000000E+03  -0.987134083660E-06   0.000000000000E+00   0.403125000000E+03  -0.279270732079E-07   0.000000000000E+00
  391.   0.296093750000E+03  -0.183754895615E-05   0.000000000000E+00   0.403906250000E+03  -0.559624054866E-07   0.000000000000E+00
  392.   0.295312500000E+03  -0.793437741223E-06   0.000000000000E+00   0.404687500000E+03  -0.280353322920E-07   0.000000000000E+00
  393.   0.294531250000E+03  -0.146729082050E-05   0.000000000000E+00   0.405468750000E+03  -0.561789222313E-07   0.000000000000E+00
  394.   0.293750000000E+03  -0.671406477651E-06   0.000000000000E+00   0.406250000000E+03  -0.281435899502E-07   0.000000000000E+00
  395.   0.292968750000E+03  -0.127160974270E-05   0.000000000000E+00   0.407031250000E+03  -0.563954364944E-07   0.000000000000E+00
  396.   0.292187500000E+03  -0.598556762910E-06   0.000000000000E+00   0.407812500000E+03  -0.282518465528E-07   0.000000000000E+00
  397.   0.291406250000E+03  -0.114974529949E-05   0.000000000000E+00   0.408593750000E+03  -0.566119489259E-07   0.000000000000E+00
  398.   0.290625000000E+03  -0.550910556963E-06   0.000000000000E+00   0.409375000000E+03  -0.283601023796E-07   0.000000000000E+00
  399.   0.289843750000E+03  -0.106880721266E-05   0.000000000000E+00   0.410156250000E+03  -0.568284600135E-07   0.000000000000E+00
  400.   0.289062500000E+03  -0.517759294406E-06   0.000000000000E+00   0.410937500000E+03  -0.284683576387E-07   0.000000000000E+00
  401.   0.288281250000E+03  -0.101169919816E-05   0.000000000000E+00   0.411718750000E+03  -0.570449701173E-07   0.000000000000E+00
  402.   0.287500000000E+03  -0.493869724040E-06   0.000000000000E+00   0.412500000000E+03  -0.285766124820E-07   0.000000000000E+00
  403.   0.286718750000E+03  -0.969868234287E-06   0.000000000000E+00   0.413281250000E+03  -0.572614794990E-07   0.000000000000E+00
  404.   0.285937500000E+03  -0.475966000898E-06   0.000000000000E+00   0.414062500000E+03  -0.286848670193E-07   0.000000000000E+00
  405.   0.285156250000E+03  -0.938165225863E-06   0.000000000000E+00   0.414843750000E+03  -0.574779883457E-07   0.000000000000E+00
  406.   0.284375000000E+03  -0.462178521897E-06   0.000000000000E+00   0.415625000000E+03  -0.287931213280E-07   0.000000000000E+00
  407.   0.283593750000E+03  -0.913457334257E-06   0.000000000000E+00   0.416406250000E+03  -0.576944967895E-07   0.000000000000E+00
  408.   0.282812500000E+03  -0.451267357420E-06   0.000000000000E+00   0.417187500000E+03  -0.289013754624E-07   0.000000000000E+00
  409.   0.282031250000E+03  -0.893701793266E-06   0.000000000000E+00   0.417968750000E+03  -0.579110049222E-07   0.000000000000E+00
  410.   0.281250000000E+03  -0.442427076344E-06   0.000000000000E+00   0.418750000000E+03  -0.290096294603E-07   0.000000000000E+00
  411.   0.280468750000E+03  -0.877535219948E-06   0.000000000000E+00   0.419531250000E+03  -0.581275128074E-07   0.000000000000E+00
  412.   0.279687500000E+03  -0.435103635439E-06   0.000000000000E+00   0.420312500000E+03  -0.291178833473E-07   0.000000000000E+00
  413.   0.278906250000E+03  -0.864018893906E-06   0.000000000000E+00   0.421093750000E+03  -0.583440204887E-07   0.000000000000E+00
  414.   0.278125000000E+03  -0.428912357363E-06   0.000000000000E+00   0.421875000000E+03  -0.292261371414E-07   0.000000000000E+00
  415.   0.277343750000E+03  -0.852493285308E-06   0.000000000000E+00   0.422656250000E+03  -0.585605279963E-07   0.000000000000E+00
  416.   0.276562500000E+03  -0.423579068576E-06   0.000000000000E+00   0.423437500000E+03  -0.293343908549E-07   0.000000000000E+00
  417.   0.275781250000E+03  -0.842485479667E-06   0.000000000000E+00   0.424218750000E+03  -0.587770353516E-07   0.000000000000E+00
  418.   0.275000000000E+03  -0.418905175750E-06   0.000000000000E+00   0.425000000000E+03  -0.294426444966E-07   0.000000000000E+00
  419.   0.274218750000E+03  -0.833649950218E-06   0.000000000000E+00   0.425781250000E+03  -0.589935425696E-07   0.000000000000E+00
  420.   0.273437500000E+03  -0.414743914234E-06   0.000000000000E+00   0.426562500000E+03  -0.295508980729E-07   0.000000000000E+00
  421.   0.272656250000E+03  -0.825729311942E-06   0.000000000000E+00   0.427343750000E+03  -0.592100496617E-07   0.000000000000E+00
  422.   0.271875000000E+03  -0.410984746575E-06   0.000000000000E+00   0.428125000000E+03  -0.296591515888E-07   0.000000000000E+00
  423.   0.271093750000E+03  -0.818528065702E-06   0.000000000000E+00   0.428906250000E+03  -0.594265566370E-07   0.000000000000E+00
  424.   0.270312500000E+03  -0.407542776614E-06   0.000000000000E+00   0.429687500000E+03  -0.297674050481E-07   0.000000000000E+00
  425.   0.269531250000E+03  -0.811894892969E-06   0.000000000000E+00   0.430468750000E+03  -0.596430635022E-07   0.000000000000E+00
  426.   0.268750000000E+03  -0.404351625164E-06   0.000000000000E+00   0.431250000000E+03  -0.298756584541E-07   0.000000000000E+00
  427.   0.267968750000E+03  -0.805710704711E-06   0.000000000000E+00   0.432031250000E+03  -0.598595702633E-07   0.000000000000E+00
  428.   0.267187500000E+03  -0.401358613058E-06   0.000000000000E+00   0.432812500000E+03  -0.299839118093E-07   0.000000000000E+00
  429.   0.266406250000E+03  -0.799880562885E-06   0.000000000000E+00   0.433593750000E+03  -0.600760769253E-07   0.000000000000E+00
  430.   0.265625000000E+03  -0.398521501039E-06   0.000000000000E+00   0.434375000000E+03  -0.300921651161E-07   0.000000000000E+00
  431.   0.264843750000E+03  -0.794328179664E-06   0.000000000000E+00   0.435156250000E+03  -0.602925834923E-07   0.000000000000E+00
  432.   0.264062500000E+03  -0.395806251742E-06   0.000000000000E+00   0.435937500000E+03  -0.302004183763E-07   0.000000000000E+00
  433.   0.263281250000E+03  -0.788992094728E-06   0.000000000000E+00   0.436718750000E+03  -0.605090899677E-07   0.000000000000E+00
  434.   0.262500000000E+03  -0.393185446881E-06   0.000000000000E+00   0.437500000000E+03  -0.303086715915E-07   0.000000000000E+00
  435.   0.261718750000E+03  -0.783822915147E-06   0.000000000000E+00   0.438281250000E+03  -0.607255963542E-07   0.000000000000E+00
  436.   0.260937500000E+03  -0.390637111994E-06   0.000000000000E+00   0.439062500000E+03  -0.304169247628E-07   0.000000000000E+00
  437.   0.260156250000E+03  -0.778781212975E-06   0.000000000000E+00   0.439843750000E+03  -0.609421026542E-07   0.000000000000E+00
  438.   0.259375000000E+03  -0.388143791133E-06   0.000000000000E+00   0.440625000000E+03  -0.305251778914E-07   0.000000000000E+00
  439.   0.258593750000E+03  -0.773835829858E-06   0.000000000000E+00   0.441406250000E+03  -0.611586088692E-07   0.000000000000E+00
  440.   0.257812500000E+03  -0.385691778321E-06   0.000000000000E+00   0.442187500000E+03  -0.306334309779E-07   0.000000000000E+00
  441.   0.257031250000E+03  -0.768962445952E-06   0.000000000000E+00   0.442968750000E+03  -0.613751150004E-07   0.000000000000E+00
  442.   0.256250000000E+03  -0.383270456130E-06   0.000000000000E+00   0.443750000000E+03  -0.307416840227E-07   0.000000000000E+00
  443.   0.255468750000E+03  -0.764142340467E-06   0.000000000000E+00   0.444531250000E+03  -0.615916210487E-07   0.000000000000E+00
  444.   0.254687500000E+03  -0.380871718308E-06   0.000000000000E+00   0.445312500000E+03  -0.308499370261E-07   0.000000000000E+00
  445.   0.253906250000E+03  -0.759361311628E-06   0.000000000000E+00   0.446093750000E+03  -0.618081270144E-07   0.000000000000E+00
  446.   0.253125000000E+03  -0.378489467393E-06   0.000000000000E+00   0.446875000000E+03  -0.309581899883E-07   0.000000000000E+00
  447.   0.252343750000E+03  -0.754608743455E-06   0.000000000000E+00   0.447656250000E+03  -0.620246328975E-07   0.000000000000E+00
  448.   0.251562500000E+03  -0.376119183889E-06   0.000000000000E+00   0.448437500000E+03  -0.310664429092E-07   0.000000000000E+00
  449.   0.250781250000E+03  -0.749876813228E-06   0.000000000000E+00   0.449218750000E+03  -0.622411386978E-07   0.000000000000E+00
  450.   0.250000000000E+03  -0.373757564390E-06   0.000000000000E+00   0.450000000000E+03  -0.311746957886E-07   0.000000000000E+00
  451.   0.249218750000E+03  -0.745159832993E-06   0.000000000000E+00   0.450781250000E+03  -0.624576444148E-07   0.000000000000E+00
  452.   0.248437500000E+03  -0.371402224740E-06   0.000000000000E+00   0.451562500000E+03  -0.312829486263E-07   0.000000000000E+00
  453.   0.247656250000E+03  -0.740453715328E-06   0.000000000000E+00   0.452343750000E+03  -0.626741500480E-07   0.000000000000E+00
  454.   0.246875000000E+03  -0.369051462420E-06   0.000000000000E+00   0.453125000000E+03  -0.313912014218E-07   0.000000000000E+00
  455.   0.246093750000E+03  -0.735755550364E-06   0.000000000000E+00   0.453906250000E+03  -0.628906555965E-07   0.000000000000E+00
  456.   0.245312500000E+03  -0.366704070981E-06   0.000000000000E+00   0.454687500000E+03  -0.314994541748E-07   0.000000000000E+00
  457.   0.244531250000E+03  -0.731063278866E-06   0.000000000000E+00   0.455468750000E+03  -0.631071610594E-07   0.000000000000E+00
  458.   0.243750000000E+03  -0.364359198563E-06   0.000000000000E+00   0.456250000000E+03  -0.316077068847E-07   0.000000000000E+00
  459.   0.242968750000E+03  -0.726375445521E-06   0.000000000000E+00   0.457031250000E+03  -0.633236664356E-07   0.000000000000E+00
  460.   0.242187500000E+03  -0.362016242569E-06   0.000000000000E+00   0.457812500000E+03  -0.317159595510E-07   0.000000000000E+00
  461.   0.241406250000E+03  -0.721691017044E-06   0.000000000000E+00   0.458593750000E+03  -0.635401717242E-07   0.000000000000E+00
  462.   0.240625000000E+03  -0.359674773053E-06   0.000000000000E+00   0.459375000000E+03  -0.318242121732E-07   0.000000000000E+00
  463.   0.239843750000E+03  -0.717009251156E-06   0.000000000000E+00   0.460156250000E+03  -0.637566769238E-07   0.000000000000E+00
  464.   0.239062500000E+03  -0.357334478283E-06   0.000000000000E+00   0.460937500000E+03  -0.319324647507E-07   0.000000000000E+00
  465.   0.238281250000E+03  -0.712329604346E-06   0.000000000000E+00   0.461718750000E+03  -0.639731820334E-07   0.000000000000E+00
  466.   0.237500000000E+03  -0.354995126949E-06   0.000000000000E+00   0.462500000000E+03  -0.320407172828E-07   0.000000000000E+00
  467.   0.236718750000E+03  -0.707651668419E-06   0.000000000000E+00   0.463281250000E+03  -0.641896870518E-07   0.000000000000E+00
  468.   0.235937500000E+03  -0.352656542515E-06   0.000000000000E+00   0.464062500000E+03  -0.321489697690E-07   0.000000000000E+00
  469.   0.235156250000E+03  -0.702975127822E-06   0.000000000000E+00   0.464843750000E+03  -0.644061919777E-07   0.000000000000E+00
  470.   0.234375000000E+03  -0.350318586211E-06   0.000000000000E+00   0.465625000000E+03  -0.322572222088E-07   0.000000000000E+00
  471.   0.233593750000E+03  -0.698299731555E-06   0.000000000000E+00   0.466406250000E+03  -0.646226968102E-07   0.000000000000E+00
  472.   0.232812500000E+03  -0.347981145973E-06   0.000000000000E+00   0.467187500000E+03  -0.323654746015E-07   0.000000000000E+00
  473.   0.232031250000E+03  -0.693625275020E-06   0.000000000000E+00   0.467968750000E+03  -0.648392015483E-07   0.000000000000E+00
  474.   0.231250000000E+03  -0.345644129371E-06   0.000000000000E+00   0.468750000000E+03  -0.324737269469E-07   0.000000000000E+00
  475.   0.230468750000E+03  -0.688951588429E-06   0.000000000000E+00   0.469531250000E+03  -0.650557061914E-07   0.000000000000E+00
  476.   0.229687500000E+03  -0.343307459107E-06   0.000000000000E+00   0.470312500000E+03  -0.325819792445E-07   0.000000000000E+00
  477.   0.228906250000E+03  -0.684278529391E-06   0.000000000000E+00   0.471093750000E+03  -0.652722107390E-07   0.000000000000E+00
  478.   0.228125000000E+03  -0.340971070115E-06   0.000000000000E+00   0.471875000000E+03  -0.326902314945E-07   0.000000000000E+00
  479.   0.227343750000E+03  -0.679605978045E-06   0.000000000000E+00   0.472656250000E+03  -0.654887151912E-07   0.000000000000E+00
  480.   0.226562500000E+03  -0.338634907609E-06   0.000000000000E+00   0.473437500000E+03  -0.327984836968E-07   0.000000000000E+00
  481.   0.225781250000E+03  -0.674933833693E-06   0.000000000000E+00   0.474218750000E+03  -0.657052195488E-07   0.000000000000E+00
  482.   0.225000000000E+03  -0.336298925673E-06   0.000000000000E+00   0.475000000000E+03  -0.329067358520E-07   0.000000000000E+00
  483.   0.224218750000E+03  -0.670262012258E-06   0.000000000000E+00   0.475781250000E+03  -0.659217238129E-07   0.000000000000E+00
  484.   0.223437500000E+03  -0.333963086138E-06   0.000000000000E+00   0.476562500000E+03  -0.330149879609E-07   0.000000000000E+00
  485.   0.222656250000E+03  -0.665590444195E-06   0.000000000000E+00   0.477343750000E+03  -0.661382279855E-07   0.000000000000E+00
  486.   0.221875000000E+03  -0.331627357612E-06   0.000000000000E+00   0.478125000000E+03  -0.331232400246E-07   0.000000000000E+00
  487.   0.221093750000E+03  -0.660919072626E-06   0.000000000000E+00   0.478906250000E+03  -0.663547320694E-07   0.000000000000E+00
  488.   0.220312500000E+03  -0.329291714599E-06   0.000000000000E+00   0.479687500000E+03  -0.332314920448E-07   0.000000000000E+00
  489.   0.219531250000E+03  -0.656247851630E-06   0.000000000000E+00   0.480468750000E+03  -0.665712360678E-07   0.000000000000E+00
  490.   0.218750000000E+03  -0.326956136664E-06   0.000000000000E+00   0.481250000000E+03  -0.333397440231E-07   0.000000000000E+00
  491.   0.217968750000E+03  -0.651576744641E-06   0.000000000000E+00   0.482031250000E+03  -0.667877399844E-07   0.000000000000E+00
  492.   0.217187500000E+03  -0.324620607664E-06   0.000000000000E+00   0.482812500000E+03  -0.334479959614E-07   0.000000000000E+00
  493.   0.216406250000E+03  -0.646905722954E-06   0.000000000000E+00   0.483593750000E+03  -0.670042438226E-07   0.000000000000E+00
  494.   0.215625000000E+03  -0.322285115033E-06   0.000000000000E+00   0.484375000000E+03  -0.335562478613E-07   0.000000000000E+00
  495.   0.214843750000E+03  -0.642234764370E-06   0.000000000000E+00   0.485156250000E+03  -0.672207475847E-07   0.000000000000E+00
  496.   0.214062500000E+03  -0.319949649133E-06   0.000000000000E+00   0.485937500000E+03  -0.336644997237E-07   0.000000000000E+00
  497.   0.213281250000E+03  -0.637563851974E-06   0.000000000000E+00   0.486718750000E+03  -0.674372512711E-07   0.000000000000E+00
  498.   0.212500000000E+03  -0.317614202684E-06   0.000000000000E+00   0.487500000000E+03  -0.337727515479E-07   0.000000000000E+00
  499.   0.211718750000E+03  -0.632892973070E-06   0.000000000000E+00   0.488281250000E+03  -0.676537548779E-07   0.000000000000E+00
  500.   0.210937500000E+03  -0.315278770269E-06   0.000000000000E+00   0.489062500000E+03  -0.338810033308E-07   0.000000000000E+00
  501.   0.210156250000E+03  -0.628222118269E-06   0.000000000000E+00   0.489843750000E+03  -0.678702583955E-07   0.000000000000E+00
  502.   0.209375000000E+03  -0.312943347916E-06   0.000000000000E+00   0.490625000000E+03  -0.339892550657E-07   0.000000000000E+00
  503.   0.208593750000E+03  -0.623551280726E-06   0.000000000000E+00   0.491406250000E+03  -0.680867618054E-07   0.000000000000E+00
  504.   0.207812500000E+03  -0.310607932752E-06   0.000000000000E+00   0.492187500000E+03  -0.340975067410E-07   0.000000000000E+00
  505.   0.207031250000E+03  -0.618880455518E-06   0.000000000000E+00   0.492968750000E+03  -0.683032650775E-07   0.000000000000E+00
  506.   0.206250000000E+03  -0.308272522728E-06   0.000000000000E+00   0.493750000000E+03  -0.342057583382E-07   0.000000000000E+00
  507.   0.205468750000E+03  -0.614209639148E-06   0.000000000000E+00   0.494531250000E+03  -0.685197681665E-07   0.000000000000E+00
  508.   0.204687500000E+03  -0.305937116396E-06   0.000000000000E+00   0.495312500000E+03  -0.343140098305E-07   0.000000000000E+00
  509.   0.203906250000E+03  -0.609538829155E-06   0.000000000000E+00   0.496093750000E+03  -0.687362710093E-07   0.000000000000E+00
  510.   0.203125000000E+03  -0.303601712744E-06   0.000000000000E+00   0.496875000000E+03  -0.344222611813E-07   0.000000000000E+00
  511.   0.202343750000E+03  -0.604868023816E-06   0.000000000000E+00   0.497656250000E+03  -0.689527735223E-07   0.000000000000E+00
  512.   0.201562500000E+03  -0.301266311065E-06   0.000000000000E+00   0.498437500000E+03  -0.345305123435E-07   0.000000000000E+00
  513.   0.200781250000E+03  -0.600197221931E-06   0.000000000000E+00   0.499218750000E+03  -0.691692756006E-07   0.000000000000E+00
  514.   0.200000000000E+03  -0.298930910863E-06   0.000000000000E+00   0.500000000000E+03  -0.346387632594E-07   0.000000000000E+00
  515.   0.199218750000E+03  -0.595526422653E-06   0.000000000000E+00   0.500781250000E+03  -0.693857771206E-07   0.000000000000E+00
  516.   0.198437500000E+03  -0.296595511789E-06   0.000000000000E+00   0.501562500000E+03  -0.347470138628E-07   0.000000000000E+00
  517.   0.197656250000E+03  -0.590855625378E-06   0.000000000000E+00   0.502343750000E+03  -0.696022779461E-07   0.000000000000E+00
  518.   0.196875000000E+03  -0.294260113590E-06   0.000000000000E+00   0.503125000000E+03  -0.348552640836E-07   0.000000000000E+00
  519.   0.196093750000E+03  -0.586184829666E-06   0.000000000000E+00   0.503906250000E+03  -0.698187779413E-07   0.000000000000E+00
  520.   0.195312500000E+03  -0.291924716077E-06   0.000000000000E+00   0.504687500000E+03  -0.349635138557E-07   0.000000000000E+00
  521.   0.194531250000E+03  -0.581514035184E-06   0.000000000000E+00   0.505468750000E+03  -0.700352769914E-07   0.000000000000E+00
  522.   0.193750000000E+03  -0.289589319107E-06   0.000000000000E+00   0.506250000000E+03  -0.350717631302E-07   0.000000000000E+00
  523.   0.192968750000E+03  -0.576843241671E-06   0.000000000000E+00   0.507031250000E+03  -0.702517750346E-07   0.000000000000E+00
  524.   0.192187500000E+03  -0.287253922564E-06   0.000000000000E+00   0.507812500000E+03  -0.351800118940E-07   0.000000000000E+00
  525.   0.191406250000E+03  -0.572172448916E-06   0.000000000000E+00   0.508593750000E+03  -0.704682721063E-07   0.000000000000E+00
  526.   0.190625000000E+03  -0.284918526353E-06   0.000000000000E+00   0.509375000000E+03  -0.352882601954E-07   0.000000000000E+00
  527.   0.189843750000E+03  -0.567501656747E-06   0.000000000000E+00   0.510156250000E+03  -0.706847683980E-07   0.000000000000E+00
  528.   0.189062500000E+03  -0.282583130394E-06   0.000000000000E+00   0.510937500000E+03  -0.353965081774E-07   0.000000000000E+00
  529.   0.188281250000E+03  -0.562830865017E-06   0.000000000000E+00   0.511718750000E+03  -0.709012643302E-07   0.000000000000E+00
  530.   0.187500000000E+03  -0.280247734622E-06   0.000000000000E+00   0.512500000000E+03  -0.355047561178E-07   0.000000000000E+00
  531.   0.186718750000E+03  -0.558160073600E-06   0.000000000000E+00   0.513281250000E+03  -0.711177606389E-07   0.000000000000E+00
  532.   0.185937500000E+03  -0.277912338978E-06   0.000000000000E+00   0.514062500000E+03  -0.356130044752E-07   0.000000000000E+00
  533.   0.185156250000E+03  -0.553489282392E-06   0.000000000000E+00   0.514843750000E+03  -0.713342584696E-07   0.000000000000E+00
  534.   0.184375000000E+03  -0.275576943413E-06   0.000000000000E+00   0.515625000000E+03  -0.357212539376E-07   0.000000000000E+00
  535.   0.183593750000E+03  -0.548818491303E-06   0.000000000000E+00   0.516406250000E+03  -0.715507594710E-07   0.000000000000E+00
  536.   0.182812500000E+03  -0.273241547889E-06   0.000000000000E+00   0.517187500000E+03  -0.358295054672E-07   0.000000000000E+00
  537.   0.182031250000E+03  -0.544147700259E-06   0.000000000000E+00   0.517968750000E+03  -0.717672658712E-07   0.000000000000E+00
  538.   0.181250000000E+03  -0.270906152369E-06   0.000000000000E+00   0.518750000000E+03  -0.359377603326E-07   0.000000000000E+00
  539.   0.180468750000E+03  -0.539476909199E-06   0.000000000000E+00   0.519531250000E+03  -0.719837805163E-07   0.000000000000E+00
  540.   0.179687500000E+03  -0.268570756829E-06   0.000000000000E+00   0.520312500000E+03  -0.360460201147E-07   0.000000000000E+00
  541.   0.178906250000E+03  -0.534806118074E-06   0.000000000000E+00   0.521093750000E+03  -0.722003068372E-07   0.000000000000E+00
  542.   0.178125000000E+03  -0.266235361244E-06   0.000000000000E+00   0.521875000000E+03  -0.361542866681E-07   0.000000000000E+00
  543.   0.177343750000E+03  -0.530135326843E-06   0.000000000000E+00   0.522656250000E+03  -0.724168487047E-07   0.000000000000E+00
  544.   0.176562500000E+03  -0.263899965598E-06   0.000000000000E+00   0.523437500000E+03  -0.362625620150E-07   0.000000000000E+00
  545.   0.175781250000E+03  -0.525464535478E-06   0.000000000000E+00   0.524218750000E+03  -0.726334101211E-07   0.000000000000E+00
  546.   0.175000000000E+03  -0.261564569879E-06   0.000000000000E+00   0.525000000000E+03  -0.363708481422E-07   0.000000000000E+00
  547.   0.174218750000E+03  -0.520793743954E-06   0.000000000000E+00   0.525781250000E+03  -0.728499946864E-07   0.000000000000E+00
  548.   0.173437500000E+03  -0.259229174075E-06   0.000000000000E+00   0.526562500000E+03  -0.364791466706E-07   0.000000000000E+00
  549.   0.172656250000E+03  -0.516122952255E-06   0.000000000000E+00   0.527343750000E+03  -0.730666047752E-07   0.000000000000E+00
  550.   0.171875000000E+03  -0.256893778179E-06   0.000000000000E+00   0.528125000000E+03  -0.365874583615E-07   0.000000000000E+00
  551.   0.171093750000E+03  -0.511452160368E-06   0.000000000000E+00   0.528906250000E+03  -0.732832403589E-07   0.000000000000E+00
  552.   0.170312500000E+03  -0.254558382188E-06   0.000000000000E+00   0.529687500000E+03  -0.366957824312E-07   0.000000000000E+00
  553.   0.169531250000E+03  -0.506781368285E-06   0.000000000000E+00   0.530468750000E+03  -0.734998974217E-07   0.000000000000E+00
  554.   0.168750000000E+03  -0.252222986097E-06   0.000000000000E+00   0.531250000000E+03  -0.368041156510E-07   0.000000000000E+00
  555.   0.167968750000E+03  -0.502110576002E-06   0.000000000000E+00   0.532031250000E+03  -0.737165659476E-07   0.000000000000E+00
  556.   0.167187500000E+03  -0.249887589904E-06   0.000000000000E+00   0.532812500000E+03  -0.369124512314E-07   0.000000000000E+00
  557.   0.166406250000E+03  -0.497439783514E-06   0.000000000000E+00   0.533593750000E+03  -0.739332275065E-07   0.000000000000E+00
  558.   0.165625000000E+03  -0.247552193609E-06   0.000000000000E+00   0.534375000000E+03  -0.370207775206E-07   0.000000000000E+00
  559.   0.164843750000E+03  -0.492768990822E-06   0.000000000000E+00   0.535156250000E+03  -0.741498525471E-07   0.000000000000E+00
  560.   0.164062500000E+03  -0.245216797212E-06   0.000000000000E+00   0.535937500000E+03  -0.371290765954E-07   0.000000000000E+00
  561.   0.163281250000E+03  -0.488098197924E-06   0.000000000000E+00   0.536718750000E+03  -0.743663976253E-07   0.000000000000E+00
  562.   0.162500000000E+03  -0.242881400712E-06   0.000000000000E+00   0.537500000000E+03  -0.372373228928E-07   0.000000000000E+00
  563.   0.161718750000E+03  -0.483427404824E-06   0.000000000000E+00   0.538281250000E+03  -0.745828029500E-07   0.000000000000E+00
  564.   0.160937500000E+03  -0.240546004111E-06   0.000000000000E+00   0.539062500000E+03  -0.373454821200E-07   0.000000000000E+00
  565.   0.160156250000E+03  -0.478756611521E-06   0.000000000000E+00   0.539843750000E+03  -0.747989908409E-07   0.000000000000E+00
  566.   0.159375000000E+03  -0.238210607409E-06   0.000000000000E+00   0.540625000000E+03  -0.374535107963E-07   0.000000000000E+00
  567.   0.158593750000E+03  -0.474085818018E-06   0.000000000000E+00   0.541406250000E+03  -0.750148659362E-07   0.000000000000E+00
  568.   0.157812500000E+03  -0.235875210608E-06   0.000000000000E+00   0.542187500000E+03  -0.375613569149E-07   0.000000000000E+00
  569.   0.157031250000E+03  -0.469415024318E-06   0.000000000000E+00   0.542968750000E+03  -0.752303182771E-07   0.000000000000E+00
  570.   0.156250000000E+03  -0.233539813709E-06   0.000000000000E+00   0.543750000000E+03  -0.376689623633E-07   0.000000000000E+00
  571.   0.155468750000E+03  -0.464744230424E-06   0.000000000000E+00   0.544531250000E+03  -0.754452306912E-07   0.000000000000E+00
  572.   0.154687500000E+03  -0.231204416714E-06   0.000000000000E+00   0.545312500000E+03  -0.377762678887E-07   0.000000000000E+00
  573.   0.153906250000E+03  -0.460073436338E-06   0.000000000000E+00   0.546093750000E+03  -0.756594921739E-07   0.000000000000E+00
  574.   0.153125000000E+03  -0.228869019623E-06   0.000000000000E+00   0.546875000000E+03  -0.378832215219E-07   0.000000000000E+00
  575.   0.152343750000E+03  -0.455402642063E-06   0.000000000000E+00   0.547656250000E+03  -0.758730191587E-07   0.000000000000E+00
  576.   0.151562500000E+03  -0.226533622439E-06   0.000000000000E+00   0.548437500000E+03  -0.379897914415E-07   0.000000000000E+00
  577.   0.150781250000E+03  -0.450731847602E-06   0.000000000000E+00   0.549218750000E+03  -0.760857865951E-07   0.000000000000E+00
  578.   0.150000000000E+03  -0.224198225162E-06   0.000000000000E+00   0.550000000000E+03  -0.380959842179E-07   0.000000000000E+00
  579.   0.149218750000E+03  -0.446061052958E-06   0.000000000000E+00   0.550781250000E+03  -0.762978705007E-07   0.000000000000E+00
  580.   0.148437500000E+03  -0.221862827795E-06   0.000000000000E+00   0.551562500000E+03  -0.382018691681E-07   0.000000000000E+00
  581.   0.147656250000E+03  -0.441390258135E-06   0.000000000000E+00   0.552343750000E+03  -0.765095029771E-07   0.000000000000E+00
  582.   0.146875000000E+03  -0.219527430339E-06   0.000000000000E+00   0.553125000000E+03  -0.383076090828E-07   0.000000000000E+00
  583.   0.146093750000E+03  -0.436719463135E-06   0.000000000000E+00   0.553906250000E+03  -0.767211394038E-07   0.000000000000E+00
  584.   0.145312500000E+03  -0.217192032795E-06   0.000000000000E+00   0.554687500000E+03  -0.384134967818E-07   0.000000000000E+00
  585.   0.144531250000E+03  -0.432048667962E-06   0.000000000000E+00   0.555468750000E+03  -0.769335354635E-07   0.000000000000E+00
  586.   0.143750000000E+03  -0.214856635166E-06   0.000000000000E+00   0.556250000000E+03  -0.385199956946E-07   0.000000000000E+00
  587.   0.142968750000E+03  -0.427377872618E-06   0.000000000000E+00   0.557031250000E+03  -0.771478286052E-07   0.000000000000E+00
  588.   0.142187500000E+03  -0.212521237452E-06   0.000000000000E+00   0.557812500000E+03  -0.386277808755E-07   0.000000000000E+00
  589.   0.141406250000E+03  -0.422707077108E-06   0.000000000000E+00   0.558593750000E+03  -0.773656143682E-07   0.000000000000E+00
  590.   0.140625000000E+03  -0.210185839655E-06   0.000000000000E+00   0.559375000000E+03  -0.387377744608E-07   0.000000000000E+00
  591.   0.139843750000E+03  -0.418036281433E-06   0.000000000000E+00   0.560156250000E+03  -0.775890025592E-07   0.000000000000E+00
  592.   0.139062500000E+03  -0.207850441777E-06   0.000000000000E+00   0.560937500000E+03  -0.388511665416E-07   0.000000000000E+00
  593.   0.138281250000E+03  -0.413365485598E-06   0.000000000000E+00   0.561718750000E+03  -0.778206315850E-07   0.000000000000E+00
  594.   0.137500000000E+03  -0.205515043820E-06   0.000000000000E+00   0.562500000000E+03  -0.389694087709E-07   0.000000000000E+00
  595.   0.136718750000E+03  -0.408694689606E-06   0.000000000000E+00   0.563281250000E+03  -0.780636114298E-07   0.000000000000E+00
  596.   0.135937500000E+03  -0.203179645785E-06   0.000000000000E+00   0.564062500000E+03  -0.390941638487E-07   0.000000000000E+00
  597.   0.135156250000E+03  -0.404023893460E-06   0.000000000000E+00   0.564843750000E+03  -0.783213570687E-07   0.000000000000E+00
  598.   0.134375000000E+03  -0.200844247674E-06   0.000000000000E+00   0.565625000000E+03  -0.392271895003E-07   0.000000000000E+00
  599.   0.133593750000E+03  -0.399353097163E-06   0.000000000000E+00   0.566406250000E+03  -0.785972650395E-07   0.000000000000E+00
  600.   0.132812500000E+03  -0.198508849489E-06   0.000000000000E+00   0.567187500000E+03  -0.393701309864E-07   0.000000000000E+00
  601.   0.132031250000E+03  -0.394682300719E-06   0.000000000000E+00   0.567968750000E+03  -0.788941773516E-07   0.000000000000E+00
  602.   0.131250000000E+03  -0.196173451230E-06   0.000000000000E+00   0.568750000000E+03  -0.395241921527E-07   0.000000000000E+00
  603.   0.130468750000E+03  -0.390011504131E-06   0.000000000000E+00   0.569531250000E+03  -0.792135708104E-07   0.000000000000E+00
  604.   0.129687500000E+03  -0.193838052901E-06   0.000000000000E+00   0.570312500000E+03  -0.396896528539E-07   0.000000000000E+00
  605.   0.128906250000E+03  -0.385340707403E-06   0.000000000000E+00   0.571093750000E+03  -0.795544102946E-07   0.000000000000E+00
  606.   0.128125000000E+03  -0.191502654502E-06   0.000000000000E+00   0.571875000000E+03  -0.398652030543E-07   0.000000000000E+00
  607.   0.127343750000E+03  -0.380669910537E-06   0.000000000000E+00   0.572656250000E+03  -0.799116199232E-07   0.000000000000E+00
  608.   0.126562500000E+03  -0.189167256035E-06   0.000000000000E+00   0.573437500000E+03  -0.400470767689E-07   0.000000000000E+00
  609.   0.125781250000E+03  -0.375999113537E-06   0.000000000000E+00   0.574218750000E+03  -0.802741715228E-07   0.000000000000E+00
  610.   0.125000000000E+03  -0.186831857502E-06   0.000000000000E+00   0.575000000000E+03  -0.402280016622E-07   0.000000000000E+00
  611.   0.124218750000E+03  -0.371328316407E-06   0.000000000000E+00   0.575781250000E+03  -0.806228884230E-07   0.000000000000E+00
  612.   0.123437500000E+03  -0.184496458905E-06   0.000000000000E+00   0.576562500000E+03  -0.403960474047E-07   0.000000000000E+00
  613.   0.122656250000E+03  -0.366657519150E-06   0.000000000000E+00   0.577343750000E+03  -0.809282380367E-07   0.000000000000E+00
  614.   0.121875000000E+03  -0.182161060245E-06   0.000000000000E+00   0.578125000000E+03  -0.405335649670E-07   0.000000000000E+00
  615.   0.121093750000E+03  -0.361986721770E-06   0.000000000000E+00   0.578906250000E+03  -0.811486445371E-07   0.000000000000E+00
  616.   0.120312500000E+03  -0.179825661524E-06   0.000000000000E+00   0.579687500000E+03  -0.406165652754E-07   0.000000000000E+00
  617.   0.119531250000E+03  -0.357315924270E-06   0.000000000000E+00   0.580468750000E+03  -0.812301173333E-07   0.000000000000E+00
  618.   0.118750000000E+03  -0.177490262745E-06   0.000000000000E+00   0.581250000000E+03  -0.406149824317E-07   0.000000000000E+00
  619.   0.117968750000E+03  -0.352645126654E-06   0.000000000000E+00   0.582031250000E+03  -0.811081081312E-07   0.000000000000E+00
  620.   0.117187500000E+03  -0.175154863908E-06   0.000000000000E+00   0.582812500000E+03  -0.404943221585E-07   0.000000000000E+00
  621.   0.116406250000E+03  -0.347974328925E-06   0.000000000000E+00   0.583593750000E+03  -0.807120438614E-07   0.000000000000E+00
  622.   0.115625000000E+03  -0.172819465017E-06   0.000000000000E+00   0.584375000000E+03  -0.402185295445E-07   0.000000000000E+00
  623.   0.114843750000E+03  -0.343303531089E-06   0.000000000000E+00   0.585156250000E+03  -0.799721825498E-07   0.000000000000E+00
  624.   0.114062500000E+03  -0.170484066072E-06   0.000000000000E+00   0.585937500000E+03  -0.397541623791E-07   0.000000000000E+00
  625.   0.113281250000E+03  -0.338632733149E-06   0.000000000000E+00   0.586718750000E+03  -0.788258367584E-07   0.000000000000E+00
  626.   0.112500000000E+03  -0.168148667077E-06   0.000000000000E+00   0.587500000000E+03  -0.390718804670E-07   0.000000000000E+00
  627.   0.111718750000E+03  -0.333961935110E-06   0.000000000000E+00   0.588281250000E+03  -0.772222605653E-07   0.000000000000E+00
  628.   0.110937500000E+03  -0.165813268033E-06   0.000000000000E+00   0.589062500000E+03  -0.381513958464E-07   0.000000000000E+00
  629.   0.110156250000E+03  -0.329291136976E-06   0.000000000000E+00   0.589843750000E+03  -0.751126038234E-07   0.000000000000E+00
  630.   0.109375000000E+03  -0.163477868943E-06   0.000000000000E+00   0.590625000000E+03  -0.369618857774E-07   0.000000000000E+00
  631.   0.108593750000E+03  -0.324620338752E-06   0.000000000000E+00   0.591406250000E+03  -0.724548758467E-07   0.000000000000E+00
  632.   0.107812500000E+03  -0.161142469809E-06   0.000000000000E+00   0.592187500000E+03  -0.354998808444E-07   0.000000000000E+00
  633.   0.107031250000E+03  -0.319949540444E-06   0.000000000000E+00   0.592968750000E+03  -0.691099505032E-07   0.000000000000E+00
  634.   0.106250000000E+03  -0.158807070634E-06   0.000000000000E+00   0.593750000000E+03  -0.336175491997E-07   0.000000000000E+00
  635.   0.105468750000E+03  -0.315278742055E-06   0.000000000000E+00   0.594531250000E+03  -0.650125923560E-07   0.000000000000E+00
  636.   0.104687500000E+03  -0.156471671420E-06   0.000000000000E+00   0.595312500000E+03  -0.314332411628E-07   0.000000000000E+00
  637.   0.103906250000E+03  -0.310607943590E-06   0.000000000000E+00   0.596093750000E+03  -0.591565755894E-07   0.000000000000E+00
  638.   0.103125000000E+03  -0.154136272169E-06   0.000000000000E+00   0.596875000000E+03  -0.280392066725E-07   0.000000000000E+00
  639.   0.102343750000E+03  -0.305937145051E-06   0.000000000000E+00   0.597656250000E+03  -0.517442718881E-07   0.000000000000E+00
  640.   0.101562500000E+03  -0.151800872882E-06   0.000000000000E+00   0.598437500000E+03  -0.230138966169E-07   0.000000000000E+00
  641.   0.100781250000E+03  -0.301266346435E-06   0.000000000000E+00   0.599218750000E+03  -0.367234229960E-07   0.000000000000E+00
