mode  f_Hz  UX_top  UY_top  UX_bot  UY_bot  UX_mid   [r = RO; extensional: UX_top ~ +UX_bot]
  1.   0.000000000000E+00  -0.81527E-10   0.10000E+01   0.82417E-10   0.10000E+01   0.46189E-12
  2.   0.749337795888E+02   0.49756E-04  -0.98357E-03  -0.49756E-04  -0.98357E-03  -0.68333E-16
  3.   0.349160427946E+03  -0.27924E-04   0.26196E-03   0.27924E-04   0.26196E-03  -0.33618E-15
  4.   0.843326959407E+03  -0.17688E-04   0.10623E-03   0.17688E-04   0.10623E-03  -0.12528E-14
  5.   0.156988238739E+04   0.11400E-04  -0.50176E-04  -0.11400E-04  -0.50176E-04   0.14061E-13
  6.   0.169957730400E+04  -0.26321E-04   0.11910E-06  -0.26321E-04  -0.11910E-06  -0.26330E-04
  7.   0.252032599390E+04  -0.82630E-05   0.28626E-04   0.82630E-05   0.28626E-04  -0.21919E-14
  8.   0.368224278410E+04   0.64059E-05  -0.18281E-04  -0.64059E-05  -0.18281E-04   0.46193E-13
  9.   0.431836274281E+04  -0.16393E-04   0.44452E-07  -0.16393E-04  -0.44452E-07  -0.16427E-04
 10.   0.504114380427E+04  -0.52088E-05   0.12631E-04   0.52088E-05   0.12631E-04  -0.17001E-13
 11.   0.658178698076E+04   0.43621E-05  -0.91928E-05  -0.43621E-05  -0.91928E-05  -0.10921E-13
 12.   0.723144361885E+04  -0.38953E-04   0.21616E-06  -0.38953E-04  -0.21616E-06  -0.39180E-04
 13.   0.828888343282E+04  -0.37493E-05   0.69842E-05   0.37493E-05   0.69842E-05  -0.80447E-14
 14.   0.101475897722E+05   0.32928E-05  -0.54934E-05  -0.32928E-05  -0.54934E-05  -0.13791E-12
 15.   0.104320458909E+05  -0.15668E-04   0.39498E-07  -0.15668E-04  -0.39496E-07  -0.15861E-04
 16.   0.121438363137E+05  -0.29246E-05   0.44155E-05   0.29246E-05   0.44155E-05   0.13035E-12
 17.   0.136830167027E+05  -0.37426E-04   0.20636E-06  -0.37426E-04  -0.20635E-06  -0.38240E-04
 18.   0.142645243867E+05   0.26369E-05  -0.36332E-05  -0.26369E-05  -0.36332E-05  -0.67174E-13
 19.   0.164976228041E+05  -0.24063E-05   0.30465E-05   0.24063E-05   0.30465E-05   0.43648E-13
 20.   0.169655820044E+05  -0.15120E-04   0.33705E-07  -0.15120E-04  -0.33705E-07  -0.15641E-04
 21.   0.188321896951E+05   0.22278E-05  -0.26061E-05  -0.22278E-05  -0.26061E-05   0.22926E-15
 22.   0.202208192220E+05  -0.31927E-04   0.16498E-06  -0.31927E-04  -0.16498E-06  -0.33551E-04
 23.   0.212583447102E+05  -0.20531E-05   0.22295E-05   0.20531E-05   0.22295E-05  -0.10022E-12
 24.   0.234621743462E+05  -0.13320E-04   0.16526E-07  -0.13320E-04  -0.16523E-07  -0.14274E-04
 25.   0.237672093868E+05   0.19222E-05  -0.19449E-05  -0.19222E-05  -0.19449E-05  -0.98489E-13
 26.   0.263508310873E+05  -0.18046E-05   0.17065E-05   0.18046E-05   0.17065E-05   0.22707E-13
 27.   0.266534579467E+05  -0.22101E-04   0.86854E-07  -0.22101E-04  -0.86851E-07  -0.24259E-04
 28.   0.290020970989E+05   0.17115E-05  -0.15162E-05  -0.17115E-05  -0.15162E-05  -0.12879E-13
 29.   0.298062483215E+05  -0.10060E-04  -0.12942E-07  -0.10060E-04   0.12941E-07  -0.11366E-04
 30.   0.317146498953E+05  -0.16153E-05   0.13429E-05   0.16153E-05   0.13429E-05   0.63335E-13
