i  r_top  QtopRe  QtopIm  r_bot  QbotRe  QbotIm   [mm, mC]
    1.   0.600000000000E+03  -0.772221604930E-07   0.000000000000E+00   0.100000000000E+03  -0.331488396456E-07   0.000000000000E+00
    2.   0.100000000000E+03  -0.331488396456E-07   0.000000000000E+00   0.600000000000E+03  -0.772221604930E-07   0.000000000000E+00
    3.   0.598437500000E+03  -0.586105191345E-08   0.000000000000E+00   0.101562500000E+03  -0.725885301938E-08   0.000000000000E+00
    4.   0.596875000000E+03  -0.468598951612E-08   0.000000000000E+00   0.103125000000E+03  -0.376499490912E-08   0.000000000000E+00
    5.   0.595312500000E+03   0.321459194470E-08   0.000000000000E+00   0.104687500000E+03  -0.179862510038E-08   0.000000000000E+00
    6.   0.593750000000E+03   0.419816590944E-09   0.000000000000E+00   0.106250000000E+03  -0.106458413997E-08   0.000000000000E+00
    7.   0.592187500000E+03   0.363042898237E-08   0.000000000000E+00   0.107812500000E+03  -0.478903653452E-09   0.000000000000E+00
    8.   0.590625000000E+03   0.119997249533E-08   0.000000000000E+00   0.109375000000E+03  -0.266375660894E-09   0.000000000000E+00
    9.   0.589062500000E+03   0.269484397484E-08   0.000000000000E+00   0.110937500000E+03  -0.136997753390E-09   0.000000000000E+00
   10.   0.587500000000E+03   0.849245010476E-09   0.000000000000E+00   0.112500000000E+03  -0.140996549904E-09   0.000000000000E+00
   11.   0.585937500000E+03   0.174475997011E-08   0.000000000000E+00   0.114062500000E+03  -0.746158045202E-10   0.000000000000E+00
   12.   0.584375000000E+03   0.637635345775E-09   0.000000000000E+00   0.115625000000E+03  -0.462575872564E-10   0.000000000000E+00
   13.   0.582812500000E+03   0.112973269150E-08   0.000000000000E+00   0.117187500000E+03  -0.386196802322E-10   0.000000000000E+00
   14.   0.581250000000E+03   0.413360393191E-09   0.000000000000E+00   0.118750000000E+03  -0.269690261912E-10   0.000000000000E+00
   15.   0.579687500000E+03   0.717753270017E-09   0.000000000000E+00   0.120312500000E+03  -0.251692560436E-10   0.000000000000E+00
   16.   0.578125000000E+03   0.272455085476E-09   0.000000000000E+00   0.121875000000E+03  -0.129961210323E-10   0.000000000000E+00
   17.   0.576562500000E+03   0.458202580892E-09   0.000000000000E+00   0.123437500000E+03  -0.152808456826E-10   0.000000000000E+00
   18.   0.575000000000E+03   0.175113321459E-09   0.000000000000E+00   0.125000000000E+03  -0.764468695343E-11   0.000000000000E+00
   19.   0.573437500000E+03   0.292105542576E-09   0.000000000000E+00   0.126562500000E+03  -0.940461961410E-11   0.000000000000E+00
   20.   0.571875000000E+03   0.112917941040E-09   0.000000000000E+00   0.128125000000E+03  -0.425827697650E-11   0.000000000000E+00
   21.   0.570312500000E+03   0.187037675586E-09   0.000000000000E+00   0.129687500000E+03  -0.533408019434E-11   0.000000000000E+00
   22.   0.568750000000E+03   0.727714218977E-10   0.000000000000E+00   0.131250000000E+03  -0.235316350430E-11   0.000000000000E+00
   23.   0.567187500000E+03   0.120416632108E-09   0.000000000000E+00   0.132812500000E+03  -0.260882651319E-11   0.000000000000E+00
   24.   0.565625000000E+03   0.472460435355E-10   0.000000000000E+00   0.134375000000E+03  -0.110885617498E-11   0.000000000000E+00
   25.   0.564062500000E+03   0.783412235979E-10   0.000000000000E+00   0.135937500000E+03  -0.698652547463E-12   0.000000000000E+00
   26.   0.562500000000E+03   0.310657066087E-10   0.000000000000E+00   0.137500000000E+03  -0.272631419970E-12   0.000000000000E+00
   27.   0.560937500000E+03   0.518438623588E-10   0.000000000000E+00   0.139062500000E+03   0.673776350674E-12   0.000000000000E+00
   28.   0.559375000000E+03   0.208865068278E-10   0.000000000000E+00   0.140625000000E+03   0.331014461201E-12   0.000000000000E+00
   29.   0.557812500000E+03   0.352627881032E-10   0.000000000000E+00   0.142187500000E+03   0.170862645617E-11   0.000000000000E+00
   30.   0.556250000000E+03   0.145391684191E-10   0.000000000000E+00   0.143750000000E+03   0.793790111501E-12   0.000000000000E+00
   31.   0.554687500000E+03   0.249924633256E-10   0.000000000000E+00   0.145312500000E+03   0.253224407325E-11   0.000000000000E+00
   32.   0.553125000000E+03   0.106390297802E-10   0.000000000000E+00   0.146875000000E+03   0.117292566813E-11   0.000000000000E+00
   33.   0.551562500000E+03   0.187443429103E-10   0.000000000000E+00   0.148437500000E+03   0.322843543680E-11   0.000000000000E+00
   34.   0.550000000000E+03   0.830161477182E-11   0.000000000000E+00   0.150000000000E+03   0.150340153333E-11   0.000000000000E+00
   35.   0.548437500000E+03   0.150631517979E-10   0.000000000000E+00   0.151562500000E+03   0.385135159479E-11   0.000000000000E+00
   36.   0.546875000000E+03   0.696336012097E-11   0.000000000000E+00   0.153125000000E+03   0.180732544135E-11   0.000000000000E+00
   37.   0.545312500000E+03   0.130235953986E-10   0.000000000000E+00   0.154687500000E+03   0.443610914348E-11   0.000000000000E+00
   38.   0.543750000000E+03   0.626528366794E-11   0.000000000000E+00   0.156250000000E+03   0.209871143264E-11   0.000000000000E+00
   39.   0.542187500000E+03   0.120368853111E-10   0.000000000000E+00   0.157812500000E+03   0.500527801743E-11   0.000000000000E+00
   40.   0.540625000000E+03   0.597872749545E-11   0.000000000000E+00   0.159375000000E+03   0.238647091394E-11   0.000000000000E+00
   41.   0.539062500000E+03   0.117281244919E-10   0.000000000000E+00   0.160937500000E+03   0.557328704378E-11   0.000000000000E+00
   42.   0.537500000000E+03   0.595796736473E-11   0.000000000000E+00   0.162500000000E+03   0.267624863229E-11   0.000000000000E+00
   43.   0.535937500000E+03   0.118583546694E-10   0.000000000000E+00   0.164062500000E+03   0.614926801273E-11   0.000000000000E+00
   44.   0.534375000000E+03   0.611003078264E-11   0.000000000000E+00   0.165625000000E+03   0.297158678119E-11   0.000000000000E+00
   45.   0.532812500000E+03   0.122750380177E-10   0.000000000000E+00   0.167187500000E+03   0.673891589933E-11   0.000000000000E+00
   46.   0.531250000000E+03   0.637549617036E-11   0.000000000000E+00   0.168750000000E+03   0.327466763004E-11   0.000000000000E+00
   47.   0.529687500000E+03   0.128805795417E-10   0.000000000000E+00   0.170312500000E+03   0.734569318094E-11   0.000000000000E+00
   48.   0.528125000000E+03   0.671627564350E-11   0.000000000000E+00   0.171875000000E+03   0.358679244352E-11   0.000000000000E+00
   49.   0.526562500000E+03   0.136123190362E-10   0.000000000000E+00   0.173437500000E+03   0.797161023764E-11   0.000000000000E+00
   50.   0.525000000000E+03   0.710784887836E-11   0.000000000000E+00   0.175000000000E+03   0.390868816695E-11   0.000000000000E+00
   51.   0.523437500000E+03   0.144298118305E-10   0.000000000000E+00   0.176562500000E+03   0.861772925205E-11   0.000000000000E+00
   52.   0.521875000000E+03   0.753432394616E-11   0.000000000000E+00   0.178125000000E+03   0.424070656039E-11   0.000000000000E+00
   53.   0.520312500000E+03   0.153067420271E-10   0.000000000000E+00   0.179687500000E+03   0.928449028067E-11   0.000000000000E+00
   54.   0.518750000000E+03   0.798529806350E-11   0.000000000000E+00   0.181250000000E+03   0.458295110832E-11   0.000000000000E+00
   55.   0.517187500000E+03   0.162257817314E-10   0.000000000000E+00   0.182812500000E+03   0.997192125095E-11   0.000000000000E+00
   56.   0.515625000000E+03   0.845386027717E-11   0.000000000000E+00   0.184375000000E+03   0.493536032039E-11   0.000000000000E+00
   57.   0.514062500000E+03   0.171753226283E-10   0.000000000000E+00   0.185937500000E+03   0.106797742607E-10   0.000000000000E+00
   58.   0.512500000000E+03   0.893532210894E-11   0.000000000000E+00   0.187500000000E+03   0.529776147124E-11   0.000000000000E+00
   59.   0.510937500000E+03   0.181473985805E-10   0.000000000000E+00   0.189062500000E+03   0.114076133204E-10   0.000000000000E+00
   60.   0.509375000000E+03   0.942641241649E-11   0.000000000000E+00   0.190625000000E+03   0.566990401088E-11   0.000000000000E+00
   61.   0.507812500000E+03   0.191363647354E-10   0.000000000000E+00   0.192187500000E+03   0.121548710165E-10   0.000000000000E+00
   62.   0.506250000000E+03   0.992476178144E-11   0.000000000000E+00   0.193750000000E+03   0.605148305922E-11   0.000000000000E+00
   63.   0.504687500000E+03   0.201380576955E-10   0.000000000000E+00   0.195312500000E+03   0.129208860187E-10   0.000000000000E+00
   64.   0.503125000000E+03   0.104285796782E-10   0.000000000000E+00   0.196875000000E+03   0.644215356137E-11   0.000000000000E+00
   65.   0.501562500000E+03   0.211492620527E-10   0.000000000000E+00   0.198437500000E+03   0.137049263302E-10   0.000000000000E+00
   66.   0.500000000000E+03   0.109364441927E-10   0.000000000000E+00   0.200000000000E+03   0.684153939274E-11   0.000000000000E+00
   67.   0.498437500000E+03   0.221673709532E-10   0.000000000000E+00   0.201562500000E+03   0.145062052215E-10   0.000000000000E+00
   68.   0.496875000000E+03   0.114471729636E-10   0.000000000000E+00   0.203125000000E+03   0.724924019137E-11   0.000000000000E+00
   69.   0.495312500000E+03   0.231901712996E-10   0.000000000000E+00   0.204687500000E+03   0.153238918186E-10   0.000000000000E+00
   70.   0.493750000000E+03   0.119597371883E-10   0.000000000000E+00   0.206250000000E+03   0.766483465649E-11   0.000000000000E+00
   71.   0.492187500000E+03   0.242157060763E-10   0.000000000000E+00   0.207812500000E+03   0.161571177092E-10   0.000000000000E+00
   72.   0.490625000000E+03   0.124732097292E-10   0.000000000000E+00   0.209375000000E+03   0.808788501742E-11   0.000000000000E+00
   73.   0.489062500000E+03   0.252421878595E-10   0.000000000000E+00   0.210937500000E+03   0.170049819042E-10   0.000000000000E+00
   74.   0.487500000000E+03   0.129867315899E-10   0.000000000000E+00   0.212500000000E+03   0.851793702754E-11   0.000000000000E+00
   75.   0.485937500000E+03   0.262679438441E-10   0.000000000000E+00   0.214062500000E+03   0.178665537023E-10   0.000000000000E+00
   76.   0.484375000000E+03   0.134994911114E-10   0.000000000000E+00   0.215625000000E+03   0.895452197186E-11   0.000000000000E+00
   77.   0.482812500000E+03   0.272913812171E-10   0.000000000000E+00   0.217187500000E+03   0.187408761450E-10   0.000000000000E+00
   78.   0.481250000000E+03   0.140107102248E-10   0.000000000000E+00   0.218750000000E+03   0.939715983664E-11   0.000000000000E+00
   79.   0.479687500000E+03   0.283109663191E-10   0.000000000000E+00   0.220312500000E+03   0.196269671477E-10   0.000000000000E+00
   80.   0.478125000000E+03   0.145196335096E-10   0.000000000000E+00   0.221875000000E+03   0.984535641402E-11   0.000000000000E+00
   81.   0.476562500000E+03   0.293252101327E-10   0.000000000000E+00   0.223437500000E+03   0.205238222336E-10   0.000000000000E+00
   82.   0.475000000000E+03   0.150255282162E-10   0.000000000000E+00   0.225000000000E+03   0.102986070418E-10   0.000000000000E+00
   83.   0.473437500000E+03   0.303326626345E-10   0.000000000000E+00   0.226562500000E+03   0.214304161281E-10   0.000000000000E+00
   84.   0.471875000000E+03   0.155276794379E-10   0.000000000000E+00   0.228125000000E+03   0.107563982734E-10   0.000000000000E+00
   85.   0.470312500000E+03   0.313319097179E-10   0.000000000000E+00   0.229687500000E+03   0.223457062241E-10   0.000000000000E+00
   86.   0.468750000000E+03   0.160253896791E-10   0.000000000000E+00   0.231250000000E+03   0.112182081742E-10   0.000000000000E+00
   87.   0.467187500000E+03   0.323215731212E-10   0.000000000000E+00   0.232812500000E+03   0.232686367411E-10   0.000000000000E+00
   88.   0.465625000000E+03   0.165179792961E-10   0.000000000000E+00   0.234375000000E+03   0.116835087942E-10   0.000000000000E+00
   89.   0.464062500000E+03   0.333003163919E-10   0.000000000000E+00   0.235937500000E+03   0.241981432362E-10   0.000000000000E+00
   90.   0.462500000000E+03   0.170047920465E-10   0.000000000000E+00   0.237500000000E+03   0.121517689885E-10   0.000000000000E+00
   91.   0.460937500000E+03   0.342668530370E-10   0.000000000000E+00   0.239062500000E+03   0.251331624356E-10   0.000000000000E+00
   92.   0.459375000000E+03   0.174851994197E-10   0.000000000000E+00   0.240625000000E+03   0.126224623840E-10   0.000000000000E+00
   93.   0.457812500000E+03   0.352199622770E-10   0.000000000000E+00   0.242187500000E+03   0.260726461891E-10   0.000000000000E+00
   94.   0.456250000000E+03   0.179586115649E-10   0.000000000000E+00   0.243750000000E+03   0.130950727218E-10   0.000000000000E+00
   95.   0.454687500000E+03   0.361585149274E-10   0.000000000000E+00   0.245312500000E+03   0.270155814531E-10   0.000000000000E+00
   96.   0.453125000000E+03   0.184244904499E-10   0.000000000000E+00   0.246875000000E+03   0.135691083931E-10   0.000000000000E+00
   97.   0.451562500000E+03   0.370815136499E-10   0.000000000000E+00   0.248437500000E+03   0.279610226990E-10   0.000000000000E+00
   98.   0.450000000000E+03   0.188823766042E-10   0.000000000000E+00   0.250000000000E+03   0.140441196719E-10   0.000000000000E+00
   99.   0.448437500000E+03   0.379881546746E-10   0.000000000000E+00   0.251562500000E+03   0.289081446482E-10   0.000000000000E+00
  100.   0.446875000000E+03   0.193319273229E-10   0.000000000000E+00   0.253125000000E+03   0.145197357032E-10   0.000000000000E+00
  101.   0.445312500000E+03   0.388779257444E-10   0.000000000000E+00   0.254687500000E+03   0.298563227936E-10   0.000000000000E+00
  102.   0.443750000000E+03   0.197729747484E-10   0.000000000000E+00   0.256250000000E+03   0.149957076373E-10   0.000000000000E+00
  103.   0.442187500000E+03   0.397507596690E-10   0.000000000000E+00   0.257812500000E+03   0.308052612123E-10   0.000000000000E+00
  104.   0.440625000000E+03   0.202056202066E-10   0.000000000000E+00   0.259375000000E+03   0.154719905948E-10   0.000000000000E+00
  105.   0.439062500000E+03   0.406072751055E-10   0.000000000000E+00   0.260937500000E+03   0.317551921791E-10   0.000000000000E+00
  106.   0.437500000000E+03   0.206303802051E-10   0.000000000000E+00   0.262500000000E+03   0.159488660172E-10   0.000000000000E+00
  107.   0.435937500000E+03   0.414491491654E-10   0.000000000000E+00   0.264062500000E+03   0.327071942079E-10   0.000000000000E+00
  108.   0.434375000000E+03   0.210484153009E-10   0.000000000000E+00   0.265625000000E+03   0.164271332678E-10   0.000000000000E+00
  109.   0.432812500000E+03   0.422797029114E-10   0.000000000000E+00   0.267187500000E+03   0.336636908986E-10   0.000000000000E+00
  110.   0.431250000000E+03   0.214618833188E-10   0.000000000000E+00   0.268750000000E+03   0.169084169825E-10   0.000000000000E+00
  111.   0.429687500000E+03   0.431048139807E-10   0.000000000000E+00   0.270312500000E+03   0.346292358378E-10   0.000000000000E+00
  112.   0.428125000000E+03   0.218745005483E-10   0.000000000000E+00   0.271875000000E+03   0.173956463090E-10   0.000000000000E+00
  113.   0.426562500000E+03   0.439343429912E-10   0.000000000000E+00   0.273437500000E+03   0.356117549602E-10   0.000000000000E+00
  114.   0.425000000000E+03   0.222924047656E-10   0.000000000000E+00   0.275000000000E+03   0.178938134194E-10   0.000000000000E+00
  115.   0.423437500000E+03   0.447843644427E-10   0.000000000000E+00   0.276562500000E+03   0.366244982363E-10   0.000000000000E+00
  116.   0.421875000000E+03   0.227255219054E-10   0.000000000000E+00   0.278125000000E+03   0.184111691394E-10   0.000000000000E+00
  117.   0.420312500000E+03   0.456806480970E-10   0.000000000000E+00   0.279687500000E+03   0.376891235246E-10   0.000000000000E+00
  118.   0.418750000000E+03   0.231896780002E-10   0.000000000000E+00   0.281250000000E+03   0.189611054906E-10   0.000000000000E+00
  119.   0.417187500000E+03   0.466640997190E-10   0.000000000000E+00   0.282812500000E+03   0.388405535776E-10   0.000000000000E+00
  120.   0.415625000000E+03   0.237099217683E-10   0.000000000000E+00   0.284375000000E+03   0.195651281052E-10   0.000000000000E+00
  121.   0.414062500000E+03   0.477992605238E-10   0.000000000000E+00   0.285937500000E+03   0.401346320339E-10   0.000000000000E+00
  122.   0.412500000000E+03   0.243257002149E-10   0.000000000000E+00   0.287500000000E+03   0.202575341773E-10   0.000000000000E+00
  123.   0.410937500000E+03   0.491875845880E-10   0.000000000000E+00   0.289062500000E+03   0.416601932167E-10   0.000000000000E+00
  124.   0.409375000000E+03   0.250989463958E-10   0.000000000000E+00   0.290625000000E+03   0.210927941697E-10   0.000000000000E+00
  125.   0.407812500000E+03   0.509881784997E-10   0.000000000000E+00   0.292187500000E+03   0.435580857090E-10   0.000000000000E+00
  126.   0.406250000000E+03   0.261267185052E-10   0.000000000000E+00   0.293750000000E+03   0.221571821053E-10   0.000000000000E+00
  127.   0.404687500000E+03   0.534501985145E-10   0.000000000000E+00   0.295312500000E+03   0.460511548226E-10   0.000000000000E+00
  128.   0.403125000000E+03   0.275609435389E-10   0.000000000000E+00   0.296875000000E+03   0.235871061180E-10   0.000000000000E+00
  129.   0.401562500000E+03   0.569634523828E-10   0.000000000000E+00   0.298437500000E+03   0.494914958501E-10   0.000000000000E+00
  130.   0.400000000000E+03   0.296392475220E-10   0.000000000000E+00   0.300000000000E+03   0.255980103799E-10   0.000000000000E+00
  131.   0.398437500000E+03   0.621374316281E-10   0.000000000000E+00   0.301562500000E+03   0.544349219521E-10   0.000000000000E+00
  132.   0.396875000000E+03   0.327331371599E-10   0.000000000000E+00   0.303125000000E+03   0.285299138072E-10   0.000000000000E+00
  133.   0.395312500000E+03   0.699247529248E-10   0.000000000000E+00   0.304687500000E+03   0.617583159667E-10   0.000000000000E+00
  134.   0.393750000000E+03   0.374232915138E-10   0.000000000000E+00   0.306250000000E+03   0.329192421175E-10   0.000000000000E+00
  135.   0.392187500000E+03   0.818138861403E-10   0.000000000000E+00   0.307812500000E+03   0.728445019427E-10   0.000000000000E+00
  136.   0.390625000000E+03   0.446171228503E-10   0.000000000000E+00   0.309375000000E+03   0.396119678156E-10   0.000000000000E+00
  137.   0.389062500000E+03   0.100130290542E-09   0.000000000000E+00   0.310937500000E+03   0.898736859104E-10   0.000000000000E+00
  138.   0.387500000000E+03   0.557331052336E-10   0.000000000000E+00   0.312500000000E+03   0.499425795114E-10   0.000000000000E+00
  139.   0.385937500000E+03   0.128505889456E-09   0.000000000000E+00   0.314062500000E+03   0.116281947074E-09   0.000000000000E+00
  140.   0.384375000000E+03   0.729870497017E-10   0.000000000000E+00   0.315625000000E+03   0.660146148197E-10   0.000000000000E+00
  141.   0.382812500000E+03   0.172614503377E-09   0.000000000000E+00   0.317187500000E+03   0.157485697879E-09   0.000000000000E+00
  142.   0.381250000000E+03   0.998498179184E-10   0.000000000000E+00   0.318750000000E+03   0.911525446333E-10   0.000000000000E+00
  143.   0.379687500000E+03   0.241310629690E-09   0.000000000000E+00   0.320312500000E+03   0.222014285848E-09   0.000000000000E+00
  144.   0.378125000000E+03   0.141731036212E-09   0.000000000000E+00   0.321875000000E+03   0.130585002254E-09   0.000000000000E+00
  145.   0.376562500000E+03   0.348437922939E-09   0.000000000000E+00   0.323437500000E+03   0.323322059390E-09   0.000000000000E+00
  146.   0.375000000000E+03   0.207202241757E-09   0.000000000000E+00   0.325000000000E+03   0.192667192263E-09   0.000000000000E+00
  147.   0.373437500000E+03   0.515548480754E-09   0.000000000000E+00   0.326562500000E+03   0.482546170685E-09   0.000000000000E+00
  148.   0.371875000000E+03   0.309433221502E-09   0.000000000000E+00   0.328125000000E+03   0.290360316562E-09   0.000000000000E+00
  149.   0.370312500000E+03   0.776502427290E-09   0.000000000000E+00   0.329687500000E+03   0.733180358902E-09   0.000000000000E+00
  150.   0.368750000000E+03   0.470499075268E-09   0.000000000000E+00   0.331250000000E+03   0.445533310822E-09   0.000000000000E+00
  151.   0.367187500000E+03   0.118381001617E-08   0.000000000000E+00   0.332812500000E+03   0.112765170008E-08   0.000000000000E+00
  152.   0.365625000000E+03   0.722356161751E-09   0.000000000000E+00   0.334375000000E+03   0.690212664342E-09   0.000000000000E+00
  153.   0.364062500000E+03   0.182176203851E-08   0.000000000000E+00   0.335937500000E+03   0.175074494338E-08   0.000000000000E+00
  154.   0.362500000000E+03   0.112985743609E-08   0.000000000000E+00   0.337500000000E+03   0.108950601941E-08   0.000000000000E+00
  155.   0.360937500000E+03   0.282748909323E-08   0.000000000000E+00   0.339062500000E+03   0.274142123682E-08   0.000000000000E+00
  156.   0.359375000000E+03   0.178780715940E-08   0.000000000000E+00   0.340625000000E+03   0.173922112532E-08   0.000000000000E+00
  157.   0.357812500000E+03   0.443340954604E-08   0.000000000000E+00   0.342187500000E+03   0.433668883609E-08   0.000000000000E+00
  158.   0.356250000000E+03   0.288736453382E-08   0.000000000000E+00   0.343750000000E+03   0.283604143214E-08   0.000000000000E+00
  159.   0.354687500000E+03   0.728455827209E-08   0.000000000000E+00   0.345312500000E+03   0.718827786815E-08   0.000000000000E+00
  160.   0.353125000000E+03   0.554772578864E-08   0.000000000000E+00   0.346875000000E+03   0.549209632175E-08   0.000000000000E+00
  161.   0.351562500000E+03   0.123611420278E-07   0.000000000000E+00   0.348437500000E+03   0.123177195174E-07   0.000000000000E+00
  162.   0.350000000000E+03   0.226762786544E-07   0.000000000000E+00   0.350000000000E+03   0.226762786552E-07   0.000000000000E+00
  163.   0.348437500000E+03   0.123177195169E-07   0.000000000000E+00   0.351562500000E+03   0.123611420289E-07   0.000000000000E+00
  164.   0.346875000000E+03   0.549209632191E-08   0.000000000000E+00   0.353125000000E+03   0.554772578858E-08   0.000000000000E+00
  165.   0.345312500000E+03   0.718827786852E-08   0.000000000000E+00   0.354687500000E+03   0.728455827279E-08   0.000000000000E+00
  166.   0.343750000000E+03   0.283604143210E-08   0.000000000000E+00   0.356250000000E+03   0.288736453366E-08   0.000000000000E+00
  167.   0.342187500000E+03   0.433668883696E-08   0.000000000000E+00   0.357812500000E+03   0.443340954641E-08   0.000000000000E+00
  168.   0.340625000000E+03   0.173922112427E-08   0.000000000000E+00   0.359375000000E+03   0.178780715932E-08   0.000000000000E+00
  169.   0.339062500000E+03   0.274142123770E-08   0.000000000000E+00   0.360937500000E+03   0.282748909376E-08   0.000000000000E+00
  170.   0.337500000000E+03   0.108950601942E-08   0.000000000000E+00   0.362500000000E+03   0.112985743552E-08   0.000000000000E+00
  171.   0.335937500000E+03   0.175074494337E-08   0.000000000000E+00   0.364062500000E+03   0.182176203874E-08   0.000000000000E+00
  172.   0.334375000000E+03   0.690212663878E-09   0.000000000000E+00   0.365625000000E+03   0.722356161852E-09   0.000000000000E+00
  173.   0.332812500000E+03   0.112765169960E-08   0.000000000000E+00   0.367187500000E+03   0.118381001592E-08   0.000000000000E+00
  174.   0.331250000000E+03   0.445533310565E-09   0.000000000000E+00   0.368750000000E+03   0.470499074989E-09   0.000000000000E+00
  175.   0.329687500000E+03   0.733180358009E-09   0.000000000000E+00   0.370312500000E+03   0.776502426818E-09   0.000000000000E+00
  176.   0.328125000000E+03   0.290360316746E-09   0.000000000000E+00   0.371875000000E+03   0.309433221647E-09   0.000000000000E+00
  177.   0.326562500000E+03   0.482546169786E-09   0.000000000000E+00   0.373437500000E+03   0.515548480641E-09   0.000000000000E+00
  178.   0.325000000000E+03   0.192667191602E-09   0.000000000000E+00   0.375000000000E+03   0.207202242145E-09   0.000000000000E+00
  179.   0.323437500000E+03   0.323322058353E-09   0.000000000000E+00   0.376562500000E+03   0.348437922732E-09   0.000000000000E+00
  180.   0.321875000000E+03   0.130585002636E-09   0.000000000000E+00   0.378125000000E+03   0.141731036183E-09   0.000000000000E+00
  181.   0.320312500000E+03   0.222014285287E-09   0.000000000000E+00   0.379687500000E+03   0.241310629446E-09   0.000000000000E+00
  182.   0.318750000000E+03   0.911525451256E-10   0.000000000000E+00   0.381250000000E+03   0.998498179664E-10   0.000000000000E+00
  183.   0.317187500000E+03   0.157485697519E-09   0.000000000000E+00   0.382812500000E+03   0.172614503030E-09   0.000000000000E+00
  184.   0.315625000000E+03   0.660146154954E-10   0.000000000000E+00   0.384375000000E+03   0.729870485362E-10   0.000000000000E+00
  185.   0.314062500000E+03   0.116281946791E-09   0.000000000000E+00   0.385937500000E+03   0.128505889396E-09   0.000000000000E+00
  186.   0.312500000000E+03   0.499425793314E-10   0.000000000000E+00   0.387500000000E+03   0.557331048639E-10   0.000000000000E+00
  187.   0.310937500000E+03   0.898736857889E-10   0.000000000000E+00   0.389062500000E+03   0.100130290373E-09   0.000000000000E+00
  188.   0.309375000000E+03   0.396119675414E-10   0.000000000000E+00   0.390625000000E+03   0.446171216123E-10   0.000000000000E+00
  189.   0.307812500000E+03   0.728445019172E-10   0.000000000000E+00   0.392187500000E+03   0.818138861115E-10   0.000000000000E+00
  190.   0.306250000000E+03   0.329192410697E-10   0.000000000000E+00   0.393750000000E+03   0.374232906654E-10   0.000000000000E+00
  191.   0.304687500000E+03   0.617583159937E-10   0.000000000000E+00   0.395312500000E+03   0.699247525910E-10   0.000000000000E+00
  192.   0.303125000000E+03   0.285299142421E-10   0.000000000000E+00   0.396875000000E+03   0.327331365498E-10   0.000000000000E+00
  193.   0.301562500000E+03   0.544349222534E-10   0.000000000000E+00   0.398437500000E+03   0.621374310592E-10   0.000000000000E+00
  194.   0.300000000000E+03   0.255980101356E-10   0.000000000000E+00   0.400000000000E+03   0.296392467366E-10   0.000000000000E+00
  195.   0.298437500000E+03   0.494914963275E-10   0.000000000000E+00   0.401562500000E+03   0.569634520216E-10   0.000000000000E+00
  196.   0.296875000000E+03   0.235871061801E-10   0.000000000000E+00   0.403125000000E+03   0.275609430778E-10   0.000000000000E+00
  197.   0.295312500000E+03   0.460511547459E-10   0.000000000000E+00   0.404687500000E+03   0.534501977863E-10   0.000000000000E+00
  198.   0.293750000000E+03   0.221571815516E-10   0.000000000000E+00   0.406250000000E+03   0.261267180047E-10   0.000000000000E+00
  199.   0.292187500000E+03   0.435580856465E-10   0.000000000000E+00   0.407812500000E+03   0.509881778798E-10   0.000000000000E+00
  200.   0.290625000000E+03   0.210927941919E-10   0.000000000000E+00   0.409375000000E+03   0.250989454322E-10   0.000000000000E+00
  201.   0.289062500000E+03   0.416601932258E-10   0.000000000000E+00   0.410937500000E+03   0.491875838299E-10   0.000000000000E+00
  202.   0.287500000000E+03   0.202575340204E-10   0.000000000000E+00   0.412500000000E+03   0.243256992819E-10   0.000000000000E+00
  203.   0.285937500000E+03   0.401346318100E-10   0.000000000000E+00   0.414062500000E+03   0.477992596011E-10   0.000000000000E+00
  204.   0.284375000000E+03   0.195651274446E-10   0.000000000000E+00   0.415625000000E+03   0.237099215596E-10   0.000000000000E+00
  205.   0.282812500000E+03   0.388405531869E-10   0.000000000000E+00   0.417187500000E+03   0.466640992023E-10   0.000000000000E+00
  206.   0.281250000000E+03   0.189611052195E-10   0.000000000000E+00   0.418750000000E+03   0.231896779996E-10   0.000000000000E+00
  207.   0.279687500000E+03   0.376891229908E-10   0.000000000000E+00   0.420312500000E+03   0.456806476667E-10   0.000000000000E+00
  208.   0.278125000000E+03   0.184111679037E-10   0.000000000000E+00   0.421875000000E+03   0.227255210523E-10   0.000000000000E+00
  209.   0.276562500000E+03   0.366244974257E-10   0.000000000000E+00   0.423437500000E+03   0.447843644112E-10   0.000000000000E+00
  210.   0.275000000000E+03   0.178938131603E-10   0.000000000000E+00   0.425000000000E+03   0.222924046722E-10   0.000000000000E+00
  211.   0.273437500000E+03   0.356117543454E-10   0.000000000000E+00   0.426562500000E+03   0.439343429107E-10   0.000000000000E+00
  212.   0.271875000000E+03   0.173956463118E-10   0.000000000000E+00   0.428125000000E+03   0.218745002457E-10   0.000000000000E+00
  213.   0.270312500000E+03   0.346292358046E-10   0.000000000000E+00   0.429687500000E+03   0.431048137502E-10   0.000000000000E+00
  214.   0.268750000000E+03   0.169084166757E-10   0.000000000000E+00   0.431250000000E+03   0.214618828988E-10   0.000000000000E+00
  215.   0.267187500000E+03   0.336636909439E-10   0.000000000000E+00   0.432812500000E+03   0.422797029483E-10   0.000000000000E+00
  216.   0.265625000000E+03   0.164271332496E-10   0.000000000000E+00   0.434375000000E+03   0.210484144406E-10   0.000000000000E+00
  217.   0.264062500000E+03   0.327071942589E-10   0.000000000000E+00   0.435937500000E+03   0.414491492685E-10   0.000000000000E+00
  218.   0.262500000000E+03   0.159488658995E-10   0.000000000000E+00   0.437500000000E+03   0.206303794312E-10   0.000000000000E+00
  219.   0.260937500000E+03   0.317551919635E-10   0.000000000000E+00   0.439062500000E+03   0.406072751147E-10   0.000000000000E+00
  220.   0.259375000000E+03   0.154719905584E-10   0.000000000000E+00   0.440625000000E+03   0.202056194323E-10   0.000000000000E+00
  221.   0.257812500000E+03   0.308052608607E-10   0.000000000000E+00   0.442187500000E+03   0.397507593353E-10   0.000000000000E+00
  222.   0.256250000000E+03   0.149957074393E-10   0.000000000000E+00   0.443750000000E+03   0.197729748375E-10   0.000000000000E+00
  223.   0.254687500000E+03   0.298563225892E-10   0.000000000000E+00   0.445312500000E+03   0.388779255001E-10   0.000000000000E+00
  224.   0.253125000000E+03   0.145197353809E-10   0.000000000000E+00   0.446875000000E+03   0.193319277537E-10   0.000000000000E+00
  225.   0.251562500000E+03   0.289081442694E-10   0.000000000000E+00   0.448437500000E+03   0.379881549107E-10   0.000000000000E+00
  226.   0.250000000000E+03   0.140441197792E-10   0.000000000000E+00   0.450000000000E+03   0.188823763702E-10   0.000000000000E+00
  227.   0.248437500000E+03   0.279610221540E-10   0.000000000000E+00   0.451562500000E+03   0.370815137123E-10   0.000000000000E+00
  228.   0.246875000000E+03   0.135691078969E-10   0.000000000000E+00   0.453125000000E+03   0.184244899547E-10   0.000000000000E+00
  229.   0.245312500000E+03   0.270155810188E-10   0.000000000000E+00   0.454687500000E+03   0.361585145360E-10   0.000000000000E+00
  230.   0.243750000000E+03   0.130950726410E-10   0.000000000000E+00   0.456250000000E+03   0.179586113053E-10   0.000000000000E+00
  231.   0.242187500000E+03   0.260726460917E-10   0.000000000000E+00   0.457812500000E+03   0.352199616969E-10   0.000000000000E+00
  232.   0.240625000000E+03   0.126224625048E-10   0.000000000000E+00   0.459375000000E+03   0.174851997145E-10   0.000000000000E+00
  233.   0.239062500000E+03   0.251331623250E-10   0.000000000000E+00   0.460937500000E+03   0.342668525761E-10   0.000000000000E+00
  234.   0.237500000000E+03   0.121517689838E-10   0.000000000000E+00   0.462500000000E+03   0.170047918552E-10   0.000000000000E+00
  235.   0.235937500000E+03   0.241981429102E-10   0.000000000000E+00   0.464062500000E+03   0.333003159584E-10   0.000000000000E+00
  236.   0.234375000000E+03   0.116835082103E-10   0.000000000000E+00   0.465625000000E+03   0.165179789855E-10   0.000000000000E+00
  237.   0.232812500000E+03   0.232686363705E-10   0.000000000000E+00   0.467187500000E+03   0.323215725034E-10   0.000000000000E+00
  238.   0.231250000000E+03   0.112182079557E-10   0.000000000000E+00   0.468750000000E+03   0.160253895563E-10   0.000000000000E+00
  239.   0.229687500000E+03   0.223457058238E-10   0.000000000000E+00   0.470312500000E+03   0.313319092364E-10   0.000000000000E+00
  240.   0.228125000000E+03   0.107563981063E-10   0.000000000000E+00   0.471875000000E+03   0.155276795565E-10   0.000000000000E+00
  241.   0.226562500000E+03   0.214304155054E-10   0.000000000000E+00   0.473437500000E+03   0.303326623135E-10   0.000000000000E+00
  242.   0.225000000000E+03   0.102986070719E-10   0.000000000000E+00   0.475000000000E+03   0.150255283083E-10   0.000000000000E+00
  243.   0.223437500000E+03   0.205238218396E-10   0.000000000000E+00   0.476562500000E+03   0.293252097254E-10   0.000000000000E+00
  244.   0.221875000000E+03   0.984535590404E-11   0.000000000000E+00   0.478125000000E+03   0.145196333344E-10   0.000000000000E+00
  245.   0.220312500000E+03   0.196269668909E-10   0.000000000000E+00   0.479687500000E+03   0.283109656981E-10   0.000000000000E+00
  246.   0.218750000000E+03   0.939715961465E-11   0.000000000000E+00   0.481250000000E+03   0.140107096679E-10   0.000000000000E+00
  247.   0.217187500000E+03   0.187408759429E-10   0.000000000000E+00   0.482812500000E+03   0.272913806309E-10   0.000000000000E+00
  248.   0.215625000000E+03   0.895452198889E-11   0.000000000000E+00   0.484375000000E+03   0.134994914540E-10   0.000000000000E+00
  249.   0.214062500000E+03   0.178665535203E-10   0.000000000000E+00   0.485937500000E+03   0.262679432906E-10   0.000000000000E+00
  250.   0.212500000000E+03   0.851793694492E-11   0.000000000000E+00   0.487500000000E+03   0.129867317225E-10   0.000000000000E+00
  251.   0.210937500000E+03   0.170049815406E-10   0.000000000000E+00   0.489062500000E+03   0.252421874106E-10   0.000000000000E+00
  252.   0.209375000000E+03   0.808788512672E-11   0.000000000000E+00   0.490625000000E+03   0.124732093985E-10   0.000000000000E+00
  253.   0.207812500000E+03   0.161571173418E-10   0.000000000000E+00   0.492187500000E+03   0.242157056897E-10   0.000000000000E+00
  254.   0.206250000000E+03   0.766483457404E-11   0.000000000000E+00   0.493750000000E+03   0.119597368831E-10   0.000000000000E+00
  255.   0.204687500000E+03   0.153238913921E-10   0.000000000000E+00   0.495312500000E+03   0.231901709021E-10   0.000000000000E+00
  256.   0.203125000000E+03   0.724924004934E-11   0.000000000000E+00   0.496875000000E+03   0.114471722998E-10   0.000000000000E+00
  257.   0.201562500000E+03   0.145062047832E-10   0.000000000000E+00   0.498437500000E+03   0.221673706417E-10   0.000000000000E+00
  258.   0.200000000000E+03   0.684153929393E-11   0.000000000000E+00   0.500000000000E+03   0.109364439976E-10   0.000000000000E+00
  259.   0.198437500000E+03   0.137049260023E-10   0.000000000000E+00   0.501562500000E+03   0.211492615489E-10   0.000000000000E+00
  260.   0.196875000000E+03   0.644215342774E-11   0.000000000000E+00   0.503125000000E+03   0.104285793188E-10   0.000000000000E+00
  261.   0.195312500000E+03   0.129208858117E-10   0.000000000000E+00   0.504687500000E+03   0.201380571901E-10   0.000000000000E+00
  262.   0.193750000000E+03   0.605148299530E-11   0.000000000000E+00   0.506250000000E+03   0.992476154105E-11   0.000000000000E+00
  263.   0.192187500000E+03   0.121548708752E-10   0.000000000000E+00   0.507812500000E+03   0.191363644724E-10   0.000000000000E+00
  264.   0.190625000000E+03   0.566990394551E-11   0.000000000000E+00   0.509375000000E+03   0.942641222663E-11   0.000000000000E+00
  265.   0.189062500000E+03   0.114076130106E-10   0.000000000000E+00   0.510937500000E+03   0.181473985399E-10   0.000000000000E+00
  266.   0.187500000000E+03   0.529776129610E-11   0.000000000000E+00   0.512500000000E+03   0.893532203533E-11   0.000000000000E+00
  267.   0.185937500000E+03   0.106797740273E-10   0.000000000000E+00   0.514062500000E+03   0.171753225428E-10   0.000000000000E+00
  268.   0.184375000000E+03   0.493536017465E-11   0.000000000000E+00   0.515625000000E+03   0.845386007979E-11   0.000000000000E+00
  269.   0.182812500000E+03   0.997192109082E-11   0.000000000000E+00   0.517187500000E+03   0.162257814548E-10   0.000000000000E+00
  270.   0.181250000000E+03   0.458295099382E-11   0.000000000000E+00   0.518750000000E+03   0.798529812080E-11   0.000000000000E+00
  271.   0.179687500000E+03   0.928449009096E-11   0.000000000000E+00   0.520312500000E+03   0.153067418209E-10   0.000000000000E+00
  272.   0.178125000000E+03   0.424070644311E-11   0.000000000000E+00   0.521875000000E+03   0.753432399094E-11   0.000000000000E+00
  273.   0.176562500000E+03   0.861772908197E-11   0.000000000000E+00   0.523437500000E+03   0.144298116251E-10   0.000000000000E+00
  274.   0.175000000000E+03   0.390868809660E-11   0.000000000000E+00   0.525000000000E+03   0.710784896211E-11   0.000000000000E+00
  275.   0.173437500000E+03   0.797161000407E-11   0.000000000000E+00   0.526562500000E+03   0.136123188139E-10   0.000000000000E+00
  276.   0.171875000000E+03   0.358679218749E-11   0.000000000000E+00   0.528125000000E+03   0.671627583972E-11   0.000000000000E+00
  277.   0.170312500000E+03   0.734569296243E-11   0.000000000000E+00   0.529687500000E+03   0.128805793096E-10   0.000000000000E+00
  278.   0.168750000000E+03   0.327466741669E-11   0.000000000000E+00   0.531250000000E+03   0.637549610040E-11   0.000000000000E+00
  279.   0.167187500000E+03   0.673891568807E-11   0.000000000000E+00   0.532812500000E+03   0.122750379351E-10   0.000000000000E+00
  280.   0.165625000000E+03   0.297158664725E-11   0.000000000000E+00   0.534375000000E+03   0.611003068984E-11   0.000000000000E+00
  281.   0.164062500000E+03   0.614926780889E-11   0.000000000000E+00   0.535937500000E+03   0.118583546068E-10   0.000000000000E+00
  282.   0.162500000000E+03   0.267624866644E-11   0.000000000000E+00   0.537500000000E+03   0.595796698262E-11   0.000000000000E+00
  283.   0.160937500000E+03   0.557328685857E-11   0.000000000000E+00   0.539062500000E+03   0.117281243479E-10   0.000000000000E+00
  284.   0.159375000000E+03   0.238647078818E-11   0.000000000000E+00   0.540625000000E+03   0.597872730176E-11   0.000000000000E+00
  285.   0.157812500000E+03   0.500527779864E-11   0.000000000000E+00   0.542187500000E+03   0.120368851872E-10   0.000000000000E+00
  286.   0.156250000000E+03   0.209871134841E-11   0.000000000000E+00   0.543750000000E+03   0.626528361478E-11   0.000000000000E+00
  287.   0.154687500000E+03   0.443610889282E-11   0.000000000000E+00   0.545312500000E+03   0.130235952475E-10   0.000000000000E+00
  288.   0.153125000000E+03   0.180732530979E-11   0.000000000000E+00   0.546875000000E+03   0.696335998090E-11   0.000000000000E+00
  289.   0.151562500000E+03   0.385135137107E-11   0.000000000000E+00   0.548437500000E+03   0.150631516166E-10   0.000000000000E+00
  290.   0.150000000000E+03   0.150340143638E-11   0.000000000000E+00   0.550000000000E+03   0.830161476644E-11   0.000000000000E+00
  291.   0.148437500000E+03   0.322843524679E-11   0.000000000000E+00   0.551562500000E+03   0.187443427740E-10   0.000000000000E+00
  292.   0.146875000000E+03   0.117292555462E-11   0.000000000000E+00   0.553125000000E+03   0.106390297139E-10   0.000000000000E+00
  293.   0.145312500000E+03   0.253224386386E-11   0.000000000000E+00   0.554687500000E+03   0.249924631893E-10   0.000000000000E+00
  294.   0.143750000000E+03   0.793789976055E-12   0.000000000000E+00   0.556250000000E+03   0.145391683514E-10   0.000000000000E+00
  295.   0.142187500000E+03   0.170862624316E-11   0.000000000000E+00   0.557812500000E+03   0.352627878648E-10   0.000000000000E+00
  296.   0.140625000000E+03   0.331014339232E-12   0.000000000000E+00   0.559375000000E+03   0.208865066795E-10   0.000000000000E+00
  297.   0.139062500000E+03   0.673776144912E-12   0.000000000000E+00   0.560937500000E+03   0.518438622042E-10   0.000000000000E+00
  298.   0.137500000000E+03  -0.272631514748E-12   0.000000000000E+00   0.562500000000E+03   0.310657066047E-10   0.000000000000E+00
  299.   0.135937500000E+03  -0.698652735888E-12   0.000000000000E+00   0.564062500000E+03   0.783412234562E-10   0.000000000000E+00
  300.   0.134375000000E+03  -0.110885628634E-11   0.000000000000E+00   0.565625000000E+03   0.472460434355E-10   0.000000000000E+00
  301.   0.132812500000E+03  -0.260882670149E-11   0.000000000000E+00   0.567187500000E+03   0.120416631963E-09   0.000000000000E+00
  302.   0.131250000000E+03  -0.235316362812E-11   0.000000000000E+00   0.568750000000E+03   0.727714218029E-10   0.000000000000E+00
  303.   0.129687500000E+03  -0.533408038153E-11   0.000000000000E+00   0.570312500000E+03   0.187037675435E-09   0.000000000000E+00
  304.   0.128125000000E+03  -0.425827709944E-11   0.000000000000E+00   0.571875000000E+03   0.112917940990E-09   0.000000000000E+00
  305.   0.126562500000E+03  -0.940461980256E-11   0.000000000000E+00   0.573437500000E+03   0.292105542442E-09   0.000000000000E+00
  306.   0.125000000000E+03  -0.764468704639E-11   0.000000000000E+00   0.575000000000E+03   0.175113321415E-09   0.000000000000E+00
  307.   0.123437500000E+03  -0.152808458662E-10   0.000000000000E+00   0.576562500000E+03   0.458202580759E-09   0.000000000000E+00
  308.   0.121875000000E+03  -0.129961211250E-10   0.000000000000E+00   0.578125000000E+03   0.272455085411E-09   0.000000000000E+00
  309.   0.120312500000E+03  -0.251692562184E-10   0.000000000000E+00   0.579687500000E+03   0.717753269871E-09   0.000000000000E+00
  310.   0.118750000000E+03  -0.269690262854E-10   0.000000000000E+00   0.581250000000E+03   0.413360393115E-09   0.000000000000E+00
  311.   0.117187500000E+03  -0.386196804022E-10   0.000000000000E+00   0.582812500000E+03   0.112973269136E-08   0.000000000000E+00
  312.   0.115625000000E+03  -0.462575873379E-10   0.000000000000E+00   0.584375000000E+03   0.637635345696E-09   0.000000000000E+00
  313.   0.114062500000E+03  -0.746158046840E-10   0.000000000000E+00   0.585937500000E+03   0.174475996996E-08   0.000000000000E+00
  314.   0.112500000000E+03  -0.140996549982E-09   0.000000000000E+00   0.587500000000E+03   0.849245010404E-09   0.000000000000E+00
  315.   0.110937500000E+03  -0.136997753545E-09   0.000000000000E+00   0.589062500000E+03   0.269484397470E-08   0.000000000000E+00
  316.   0.109375000000E+03  -0.266375660970E-09   0.000000000000E+00   0.590625000000E+03   0.119997249526E-08   0.000000000000E+00
  317.   0.107812500000E+03  -0.478903653600E-09   0.000000000000E+00   0.592187500000E+03   0.363042898224E-08   0.000000000000E+00
  318.   0.106250000000E+03  -0.106458414004E-08   0.000000000000E+00   0.593750000000E+03   0.419816590876E-09   0.000000000000E+00
  319.   0.104687500000E+03  -0.179862510051E-08   0.000000000000E+00   0.595312500000E+03   0.321459194458E-08   0.000000000000E+00
  320.   0.103125000000E+03  -0.376499490917E-08   0.000000000000E+00   0.596875000000E+03  -0.468598951616E-08   0.000000000000E+00
  321.   0.101562500000E+03  -0.725885301948E-08   0.000000000000E+00   0.598437500000E+03  -0.586105191354E-08   0.000000000000E+00
