i  r_top  QtopRe  QtopIm  r_bot  QbotRe  QbotIm   [mm, mC]
    1.   0.600000000000E+03  -0.801533470313E-11   0.000000000000E+00   0.100000000000E+03  -0.107601508449E-11   0.000000000000E+00
    2.   0.100000000000E+03  -0.107602459415E-11   0.000000000000E+00   0.600000000000E+03  -0.801532318815E-11   0.000000000000E+00
    3.   0.598437500000E+03  -0.280075719494E-10   0.000000000000E+00   0.101562500000E+03  -0.381219081642E-11   0.000000000000E+00
    4.   0.596875000000E+03  -0.116799052241E-10   0.000000000000E+00   0.103125000000E+03  -0.161266172071E-11   0.000000000000E+00
    5.   0.595312500000E+03  -0.227331821052E-10   0.000000000000E+00   0.104687500000E+03  -0.316444889070E-11   0.000000000000E+00
    6.   0.593750000000E+03  -0.104791005709E-10   0.000000000000E+00   0.106250000000E+03  -0.147899291649E-11   0.000000000000E+00
    7.   0.592187500000E+03  -0.223020682867E-10   0.000000000000E+00   0.107812500000E+03  -0.316416057618E-11   0.000000000000E+00
    8.   0.590625000000E+03  -0.111099742604E-10   0.000000000000E+00   0.109375000000E+03  -0.159546801892E-11   0.000000000000E+00
    9.   0.589062500000E+03  -0.234042731700E-10   0.000000000000E+00   0.110937500000E+03  -0.339094203049E-11   0.000000000000E+00
   10.   0.587500000000E+03  -0.116784962251E-10   0.000000000000E+00   0.112500000000E+03  -0.171772575172E-11   0.000000000000E+00
   11.   0.585937500000E+03  -0.241493972688E-10   0.000000000000E+00   0.114062500000E+03  -0.359266462815E-11   0.000000000000E+00
   12.   0.584375000000E+03  -0.119025610110E-10   0.000000000000E+00   0.115625000000E+03  -0.180274747074E-11   0.000000000000E+00
   13.   0.582812500000E+03  -0.243175839395E-10   0.000000000000E+00   0.117187500000E+03  -0.372987742427E-11   0.000000000000E+00
   14.   0.581250000000E+03  -0.118706238418E-10   0.000000000000E+00   0.118750000000E+03  -0.185752871270E-11   0.000000000000E+00
   15.   0.579687500000E+03  -0.241673928251E-10   0.000000000000E+00   0.120312500000E+03  -0.383010891372E-11   0.000000000000E+00
   16.   0.578125000000E+03  -0.117545999103E-10   0.000000000000E+00   0.121875000000E+03  -0.190271605217E-11   0.000000000000E+00
   17.   0.576562500000E+03  -0.239348823291E-10   0.000000000000E+00   0.123437500000E+03  -0.392194381884E-11   0.000000000000E+00
   18.   0.575000000000E+03  -0.116357732748E-10   0.000000000000E+00   0.125000000000E+03  -0.194845346174E-11   0.000000000000E+00
   19.   0.573437500000E+03  -0.237149832781E-10   0.000000000000E+00   0.126562500000E+03  -0.401713740144E-11   0.000000000000E+00
   20.   0.571875000000E+03  -0.115330808142E-10   0.000000000000E+00   0.128125000000E+03  -0.199705273251E-11   0.000000000000E+00
   21.   0.570312500000E+03  -0.235206365479E-10   0.000000000000E+00   0.129687500000E+03  -0.411700374514E-11   0.000000000000E+00
   22.   0.568750000000E+03  -0.114414825679E-10   0.000000000000E+00   0.131250000000E+03  -0.204765063625E-11   0.000000000000E+00
   23.   0.567187500000E+03  -0.233410882768E-10   0.000000000000E+00   0.132812500000E+03  -0.421976474631E-11   0.000000000000E+00
   24.   0.565625000000E+03  -0.113543188927E-10   0.000000000000E+00   0.134375000000E+03  -0.209921089162E-11   0.000000000000E+00
   25.   0.564062500000E+03  -0.231669790082E-10   0.000000000000E+00   0.135937500000E+03  -0.432389094065E-11   0.000000000000E+00
   26.   0.562500000000E+03  -0.112682918431E-10   0.000000000000E+00   0.137500000000E+03  -0.215116674027E-11   0.000000000000E+00
   27.   0.560937500000E+03  -0.229942786952E-10   0.000000000000E+00   0.139062500000E+03  -0.442866789793E-11   0.000000000000E+00
   28.   0.559375000000E+03  -0.111824731303E-10   0.000000000000E+00   0.140625000000E+03  -0.220334814781E-11   0.000000000000E+00
   29.   0.557812500000E+03  -0.228220119398E-10   0.000000000000E+00   0.142187500000E+03  -0.453386548001E-11   0.000000000000E+00
   30.   0.556250000000E+03  -0.110968340907E-10   0.000000000000E+00   0.143750000000E+03  -0.225568499658E-11   0.000000000000E+00
   31.   0.554687500000E+03  -0.226502197548E-10   0.000000000000E+00   0.145312500000E+03  -0.463943001239E-11   0.000000000000E+00
   32.   0.553125000000E+03  -0.110114710643E-10   0.000000000000E+00   0.146875000000E+03  -0.230819438187E-11   0.000000000000E+00
   33.   0.551562500000E+03  -0.224790174862E-10   0.000000000000E+00   0.148437500000E+03  -0.474534807304E-11   0.000000000000E+00
   34.   0.550000000000E+03  -0.109263579879E-10   0.000000000000E+00   0.150000000000E+03  -0.236086252076E-11   0.000000000000E+00
   35.   0.548437500000E+03  -0.223083739671E-10   0.000000000000E+00   0.151562500000E+03  -0.485160035261E-11   0.000000000000E+00
   36.   0.546875000000E+03  -0.108415174041E-10   0.000000000000E+00   0.153125000000E+03  -0.241369086320E-11   0.000000000000E+00
   37.   0.545312500000E+03  -0.221382747765E-10   0.000000000000E+00   0.154687500000E+03  -0.495817701674E-11   0.000000000000E+00
   38.   0.543750000000E+03  -0.107569522064E-10   0.000000000000E+00   0.156250000000E+03  -0.246665934450E-11   0.000000000000E+00
   39.   0.542187500000E+03  -0.219686516423E-10   0.000000000000E+00   0.157812500000E+03  -0.506505768706E-11   0.000000000000E+00
   40.   0.540625000000E+03  -0.106725768901E-10   0.000000000000E+00   0.159375000000E+03  -0.251977239510E-11   0.000000000000E+00
   41.   0.539062500000E+03  -0.217994917066E-10   0.000000000000E+00   0.160937500000E+03  -0.517223731996E-11   0.000000000000E+00
   42.   0.537500000000E+03  -0.105884395442E-10   0.000000000000E+00   0.162500000000E+03  -0.257301767197E-11   0.000000000000E+00
   43.   0.535937500000E+03  -0.216307736449E-10   0.000000000000E+00   0.164062500000E+03  -0.527971716914E-11   0.000000000000E+00
   44.   0.534375000000E+03  -0.105044713113E-10   0.000000000000E+00   0.165625000000E+03  -0.262640862008E-11   0.000000000000E+00
   45.   0.532812500000E+03  -0.214624781275E-10   0.000000000000E+00   0.167187500000E+03  -0.538750142950E-11   0.000000000000E+00
   46.   0.531250000000E+03  -0.104207312802E-10   0.000000000000E+00   0.168750000000E+03  -0.267993463461E-11   0.000000000000E+00
   47.   0.529687500000E+03  -0.212946355261E-10   0.000000000000E+00   0.170312500000E+03  -0.549558805049E-11   0.000000000000E+00
   48.   0.528125000000E+03  -0.103371942951E-10   0.000000000000E+00   0.171875000000E+03  -0.273360931049E-11   0.000000000000E+00
   49.   0.526562500000E+03  -0.211272493793E-10   0.000000000000E+00   0.173437500000E+03  -0.560397794199E-11   0.000000000000E+00
   50.   0.525000000000E+03  -0.102538694432E-10   0.000000000000E+00   0.175000000000E+03  -0.278743280707E-11   0.000000000000E+00
   51.   0.523437500000E+03  -0.209602877284E-10   0.000000000000E+00   0.176562500000E+03  -0.571267188097E-11   0.000000000000E+00
   52.   0.521875000000E+03  -0.101707594545E-10   0.000000000000E+00   0.178125000000E+03  -0.284139603582E-11   0.000000000000E+00
   53.   0.520312500000E+03  -0.207937703956E-10   0.000000000000E+00   0.179687500000E+03  -0.582168394223E-11   0.000000000000E+00
   54.   0.518750000000E+03  -0.100878640384E-10   0.000000000000E+00   0.181250000000E+03  -0.289550947188E-11   0.000000000000E+00
   55.   0.517187500000E+03  -0.206276961874E-10   0.000000000000E+00   0.182812500000E+03  -0.593100673376E-11   0.000000000000E+00
   56.   0.515625000000E+03  -0.100051575461E-10   0.000000000000E+00   0.184375000000E+03  -0.294977279260E-11   0.000000000000E+00
   57.   0.514062500000E+03  -0.204620884152E-10   0.000000000000E+00   0.185937500000E+03  -0.604065386698E-11   0.000000000000E+00
   58.   0.512500000000E+03  -0.992270405854E-11   0.000000000000E+00   0.187500000000E+03  -0.300418409715E-11   0.000000000000E+00
   59.   0.510937500000E+03  -0.202969351407E-10   0.000000000000E+00   0.189062500000E+03  -0.615062314379E-11   0.000000000000E+00
   60.   0.509375000000E+03  -0.984044004326E-11   0.000000000000E+00   0.190625000000E+03  -0.305875773079E-11   0.000000000000E+00
   61.   0.507812500000E+03  -0.201322557379E-10   0.000000000000E+00   0.192187500000E+03  -0.626092437601E-11   0.000000000000E+00
   62.   0.506250000000E+03  -0.975837112419E-11   0.000000000000E+00   0.193750000000E+03  -0.311349095683E-11   0.000000000000E+00
   63.   0.504687500000E+03  -0.199680235028E-10   0.000000000000E+00   0.195312500000E+03  -0.637156187638E-11   0.000000000000E+00
   64.   0.503125000000E+03  -0.967656219408E-11   0.000000000000E+00   0.196875000000E+03  -0.316839425531E-11   0.000000000000E+00
   65.   0.501562500000E+03  -0.198042518788E-10   0.000000000000E+00   0.198437500000E+03  -0.648253881183E-11   0.000000000000E+00
   66.   0.500000000000E+03  -0.959498493720E-11   0.000000000000E+00   0.200000000000E+03  -0.322345062267E-11   0.000000000000E+00
   67.   0.498437500000E+03  -0.196409546800E-10   0.000000000000E+00   0.201562500000E+03  -0.659384774569E-11   0.000000000000E+00
   68.   0.496875000000E+03  -0.951356996143E-11   0.000000000000E+00   0.203125000000E+03  -0.327867141750E-11   0.000000000000E+00
   69.   0.495312500000E+03  -0.194781391643E-10   0.000000000000E+00   0.204687500000E+03  -0.670550373913E-11   0.000000000000E+00
   70.   0.493750000000E+03  -0.943241602724E-11   0.000000000000E+00   0.206250000000E+03  -0.333406028233E-11   0.000000000000E+00
   71.   0.492187500000E+03  -0.193158062585E-10   0.000000000000E+00   0.207812500000E+03  -0.681751243793E-11   0.000000000000E+00
   72.   0.490625000000E+03  -0.935150954909E-11   0.000000000000E+00   0.209375000000E+03  -0.338960845264E-11   0.000000000000E+00
   73.   0.489062500000E+03  -0.191539757154E-10   0.000000000000E+00   0.210937500000E+03  -0.692988673074E-11   0.000000000000E+00
   74.   0.487500000000E+03  -0.927080291005E-11   0.000000000000E+00   0.212500000000E+03  -0.344535646009E-11   0.000000000000E+00
   75.   0.485937500000E+03  -0.189926291644E-10   0.000000000000E+00   0.214062500000E+03  -0.704262749640E-11   0.000000000000E+00
   76.   0.484375000000E+03  -0.919034937974E-11   0.000000000000E+00   0.215625000000E+03  -0.350127051739E-11   0.000000000000E+00
   77.   0.482812500000E+03  -0.188317652062E-10   0.000000000000E+00   0.217187500000E+03  -0.715573596113E-11   0.000000000000E+00
   78.   0.481250000000E+03  -0.911009437973E-11   0.000000000000E+00   0.218750000000E+03  -0.355736618106E-11   0.000000000000E+00
   79.   0.479687500000E+03  -0.186714278871E-10   0.000000000000E+00   0.220312500000E+03  -0.726921291895E-11   0.000000000000E+00
   80.   0.478125000000E+03  -0.903010463987E-11   0.000000000000E+00   0.221875000000E+03  -0.361364418354E-11   0.000000000000E+00
   81.   0.476562500000E+03  -0.185116029009E-10   0.000000000000E+00   0.223437500000E+03  -0.738307590982E-11   0.000000000000E+00
   82.   0.475000000000E+03  -0.895035570964E-11   0.000000000000E+00   0.225000000000E+03  -0.367010643284E-11   0.000000000000E+00
   83.   0.473437500000E+03  -0.183522816886E-10   0.000000000000E+00   0.226562500000E+03  -0.749732466284E-11   0.000000000000E+00
   84.   0.471875000000E+03  -0.887085668228E-11   0.000000000000E+00   0.228125000000E+03  -0.372676022135E-11   0.000000000000E+00
   85.   0.470312500000E+03  -0.181934830985E-10   0.000000000000E+00   0.229687500000E+03  -0.761196480634E-11   0.000000000000E+00
   86.   0.468750000000E+03  -0.879159465043E-11   0.000000000000E+00   0.231250000000E+03  -0.378358940940E-11   0.000000000000E+00
   87.   0.467187500000E+03  -0.180352237460E-10   0.000000000000E+00   0.232812500000E+03  -0.772699668108E-11   0.000000000000E+00
   88.   0.465625000000E+03  -0.871257411501E-11   0.000000000000E+00   0.234375000000E+03  -0.384062876753E-11   0.000000000000E+00
   89.   0.464062500000E+03  -0.178774982768E-10   0.000000000000E+00   0.235937500000E+03  -0.784244092744E-11   0.000000000000E+00
   90.   0.462500000000E+03  -0.863379070926E-11   0.000000000000E+00   0.237500000000E+03  -0.389786935732E-11   0.000000000000E+00
   91.   0.460937500000E+03  -0.177203035260E-10   0.000000000000E+00   0.239062500000E+03  -0.795830078681E-11   0.000000000000E+00
   92.   0.459375000000E+03  -0.855529205311E-11   0.000000000000E+00   0.240625000000E+03  -0.395529787188E-11   0.000000000000E+00
   93.   0.457812500000E+03  -0.175636699559E-10   0.000000000000E+00   0.242187500000E+03  -0.807458882426E-11   0.000000000000E+00
   94.   0.456250000000E+03  -0.847703231958E-11   0.000000000000E+00   0.243750000000E+03  -0.401296062872E-11   0.000000000000E+00
   95.   0.454687500000E+03  -0.174076057584E-10   0.000000000000E+00   0.245312500000E+03  -0.819131869079E-11   0.000000000000E+00
   96.   0.453125000000E+03  -0.839907092034E-11   0.000000000000E+00   0.246875000000E+03  -0.407083840287E-11   0.000000000000E+00
   97.   0.451562500000E+03  -0.172521228967E-10   0.000000000000E+00   0.248437500000E+03  -0.830850829893E-11   0.000000000000E+00
   98.   0.450000000000E+03  -0.832136885311E-11   0.000000000000E+00   0.250000000000E+03  -0.412893524639E-11   0.000000000000E+00
   99.   0.448437500000E+03  -0.170972482916E-10   0.000000000000E+00   0.251562500000E+03  -0.842617566658E-11   0.000000000000E+00
  100.   0.446875000000E+03  -0.824396102479E-11   0.000000000000E+00   0.253125000000E+03  -0.418726871813E-11   0.000000000000E+00
  101.   0.445312500000E+03  -0.169430417642E-10   0.000000000000E+00   0.254687500000E+03  -0.854435493354E-11   0.000000000000E+00
  102.   0.443750000000E+03  -0.816689704357E-11   0.000000000000E+00   0.256250000000E+03  -0.424588475148E-11   0.000000000000E+00
  103.   0.442187500000E+03  -0.167895699025E-10   0.000000000000E+00   0.257812500000E+03  -0.866311001508E-11   0.000000000000E+00
  104.   0.440625000000E+03  -0.809017496723E-11   0.000000000000E+00   0.259375000000E+03  -0.430477718071E-11   0.000000000000E+00
  105.   0.439062500000E+03  -0.166369327364E-10   0.000000000000E+00   0.260937500000E+03  -0.878253565486E-11   0.000000000000E+00
  106.   0.437500000000E+03  -0.801390532558E-11   0.000000000000E+00   0.262500000000E+03  -0.436403448348E-11   0.000000000000E+00
  107.   0.435937500000E+03  -0.164853235579E-10   0.000000000000E+00   0.264062500000E+03  -0.890276493420E-11   0.000000000000E+00
  108.   0.434375000000E+03  -0.793815883076E-11   0.000000000000E+00   0.265625000000E+03  -0.442373872235E-11   0.000000000000E+00
  109.   0.432812500000E+03  -0.163350026900E-10   0.000000000000E+00   0.267187500000E+03  -0.902404805307E-11   0.000000000000E+00
  110.   0.431250000000E+03  -0.786312397243E-11   0.000000000000E+00   0.268750000000E+03  -0.448402850718E-11   0.000000000000E+00
  111.   0.429687500000E+03  -0.161864821700E-10   0.000000000000E+00   0.270312500000E+03  -0.914680250081E-11   0.000000000000E+00
  112.   0.428125000000E+03  -0.778914472407E-11   0.000000000000E+00   0.271875000000E+03  -0.454518805410E-11   0.000000000000E+00
  113.   0.426562500000E+03  -0.160405816569E-10   0.000000000000E+00   0.273437500000E+03  -0.927169259863E-11   0.000000000000E+00
  114.   0.425000000000E+03  -0.771669496077E-11   0.000000000000E+00   0.275000000000E+03  -0.460760663294E-11   0.000000000000E+00
  115.   0.423437500000E+03  -0.158986400124E-10   0.000000000000E+00   0.276562500000E+03  -0.939984709801E-11   0.000000000000E+00
  116.   0.421875000000E+03  -0.764659493118E-11   0.000000000000E+00   0.278125000000E+03  -0.467200832126E-11   0.000000000000E+00
  117.   0.420312500000E+03  -0.157628856824E-10   0.000000000000E+00   0.279687500000E+03  -0.953319427620E-11   0.000000000000E+00
  118.   0.418750000000E+03  -0.758028057412E-11   0.000000000000E+00   0.281250000000E+03  -0.473961207554E-11   0.000000000000E+00
  119.   0.417187500000E+03  -0.156370391027E-10   0.000000000000E+00   0.282812500000E+03  -0.967493733091E-11   0.000000000000E+00
  120.   0.415625000000E+03  -0.752003935671E-11   0.000000000000E+00   0.284375000000E+03  -0.481239416619E-11   0.000000000000E+00
  121.   0.414062500000E+03  -0.155272684451E-10   0.000000000000E+00   0.285937500000E+03  -0.983040466285E-11   0.000000000000E+00
  122.   0.412500000000E+03  -0.746973416237E-11   0.000000000000E+00   0.287500000000E+03  -0.489368606692E-11   0.000000000000E+00
  123.   0.410937500000E+03  -0.154437203521E-10   0.000000000000E+00   0.289062500000E+03  -0.100084615720E-10   0.000000000000E+00
  124.   0.409375000000E+03  -0.743561682246E-11   0.000000000000E+00   0.290625000000E+03  -0.498897467238E-11   0.000000000000E+00
  125.   0.407812500000E+03  -0.154031161352E-10   0.000000000000E+00   0.292187500000E+03  -0.102238831461E-10   0.000000000000E+00
  126.   0.406250000000E+03  -0.742809599632E-11   0.000000000000E+00   0.293750000000E+03  -0.510753492243E-11   0.000000000000E+00
  127.   0.404687500000E+03  -0.154335032194E-10   0.000000000000E+00   0.295312500000E+03  -0.105016563807E-10   0.000000000000E+00
  128.   0.403125000000E+03  -0.746470476077E-11   0.000000000000E+00   0.296875000000E+03  -0.526499890773E-11   0.000000000000E+00
  129.   0.401562500000E+03  -0.155828482711E-10   0.000000000000E+00   0.298437500000E+03  -0.108847948568E-10   0.000000000000E+00
  130.   0.400000000000E+03  -0.757582354532E-11   0.000000000000E+00   0.300000000000E+03  -0.548864711204E-11   0.000000000000E+00
  131.   0.398437500000E+03  -0.159343548649E-10   0.000000000000E+00   0.301562500000E+03  -0.114485656128E-10   0.000000000000E+00
  132.   0.396875000000E+03  -0.781440500002E-11   0.000000000000E+00   0.303125000000E+03  -0.582658847702E-11   0.000000000000E+00
  133.   0.395312500000E+03  -0.166302932032E-10   0.000000000000E+00   0.304687500000E+03  -0.123227919074E-10   0.000000000000E+00
  134.   0.393750000000E+03  -0.827031968184E-11   0.000000000000E+00   0.306250000000E+03  -0.636107239441E-11   0.000000000000E+00
  135.   0.392187500000E+03  -0.179022754135E-10   0.000000000000E+00   0.307812500000E+03  -0.137210497673E-10   0.000000000000E+00
  136.   0.390625000000E+03  -0.908614107917E-11   0.000000000000E+00   0.309375000000E+03  -0.722415176577E-11   0.000000000000E+00
  137.   0.389062500000E+03  -0.200966817548E-10   0.000000000000E+00   0.310937500000E+03  -0.159671881015E-10   0.000000000000E+00
  138.   0.387500000000E+03  -0.104643912825E-10   0.000000000000E+00   0.312500000000E+03  -0.860636055688E-11   0.000000000000E+00
  139.   0.385937500000E+03  -0.236979710532E-10   0.000000000000E+00   0.314062500000E+03  -0.195210596560E-10   0.000000000000E+00
  140.   0.384375000000E+03  -0.126779632253E-10   0.000000000000E+00   0.315625000000E+03  -0.107687956857E-10   0.000000000000E+00
  141.   0.382812500000E+03  -0.294029671403E-10   0.000000000000E+00   0.317187500000E+03  -0.250520746957E-10   0.000000000000E+00
  142.   0.381250000000E+03  -0.161254087800E-10   0.000000000000E+00   0.318750000000E+03  -0.140960823972E-10   0.000000000000E+00
  143.   0.379687500000E+03  -0.385855120939E-10   0.000000000000E+00   0.320312500000E+03  -0.338753395407E-10   0.000000000000E+00
  144.   0.378125000000E+03  -0.217452730468E-10   0.000000000000E+00   0.321875000000E+03  -0.194845374829E-10   0.000000000000E+00
  145.   0.376562500000E+03  -0.545899341539E-10   0.000000000000E+00   0.323437500000E+03  -0.491794035070E-10   0.000000000000E+00
  146.   0.375000000000E+03  -0.319712671499E-10   0.000000000000E+00   0.325000000000E+03  -0.292503431768E-10   0.000000000000E+00
  147.   0.373437500000E+03  -0.860485609477E-10   0.000000000000E+00   0.326562500000E+03  -0.792139357171E-10   0.000000000000E+00
  148.   0.371875000000E+03  -0.532047565400E-10   0.000000000000E+00   0.328125000000E+03  -0.495238995469E-10   0.000000000000E+00
  149.   0.370312500000E+03  -0.148979367538E-09   0.000000000000E+00   0.329687500000E+03  -0.139490152714E-09   0.000000000000E+00
  150.   0.368750000000E+03  -0.959921597588E-10   0.000000000000E+00   0.331250000000E+03  -0.905580743866E-10   0.000000000000E+00
  151.   0.367187500000E+03  -0.266729175251E-09   0.000000000000E+00   0.332812500000E+03  -0.253057696235E-09   0.000000000000E+00
  152.   0.365625000000E+03  -0.172267849937E-09   0.000000000000E+00   0.334375000000E+03  -0.164385430842E-09   0.000000000000E+00
  153.   0.364062500000E+03  -0.434952874766E-09   0.000000000000E+00   0.335937500000E+03  -0.417104913308E-09   0.000000000000E+00
  154.   0.362500000000E+03  -0.270790042383E-09   0.000000000000E+00   0.337500000000E+03  -0.260865325280E-09   0.000000000000E+00
  155.   0.360937500000E+03  -0.616072487975E-09   0.000000000000E+00   0.339062500000E+03  -0.596667086171E-09   0.000000000000E+00
  156.   0.359375000000E+03  -0.340077863395E-09   0.000000000000E+00   0.340625000000E+03  -0.331144470116E-09   0.000000000000E+00
  157.   0.357812500000E+03  -0.582062392931E-09   0.000000000000E+00   0.342187500000E+03  -0.568454849155E-09   0.000000000000E+00
  158.   0.356250000000E+03  -0.331912340022E-09   0.000000000000E+00   0.343750000000E+03  -0.324921910993E-09   0.000000000000E+00
  159.   0.354687500000E+03  -0.221150589267E-09   0.000000000000E+00   0.345312500000E+03  -0.219371267839E-09   0.000000000000E+00
  160.   0.353125000000E+03   0.378410183730E-09   0.000000000000E+00   0.346875000000E+03   0.372718196991E-09   0.000000000000E+00
  161.   0.351562500000E+03   0.129232310326E-08   0.000000000000E+00   0.348437500000E+03   0.129163442972E-08   0.000000000000E+00
  162.   0.350000000000E+03   0.692017642940E-08   0.000000000000E+00   0.350000000000E+03   0.692017651711E-08   0.000000000000E+00
  163.   0.348437500000E+03   0.129163428749E-08   0.000000000000E+00   0.351562500000E+03   0.129232323537E-08   0.000000000000E+00
  164.   0.346875000000E+03   0.372718132067E-09   0.000000000000E+00   0.353125000000E+03   0.378410236218E-09   0.000000000000E+00
  165.   0.345312500000E+03  -0.219371408292E-09   0.000000000000E+00   0.354687500000E+03  -0.221150468468E-09   0.000000000000E+00
  166.   0.343750000000E+03  -0.324921983219E-09   0.000000000000E+00   0.356250000000E+03  -0.331912285246E-09   0.000000000000E+00
  167.   0.342187500000E+03  -0.568454975343E-09   0.000000000000E+00   0.357812500000E+03  -0.582062269317E-09   0.000000000000E+00
  168.   0.340625000000E+03  -0.331144538887E-09   0.000000000000E+00   0.359375000000E+03  -0.340077826977E-09   0.000000000000E+00
  169.   0.339062500000E+03  -0.596667206779E-09   0.000000000000E+00   0.360937500000E+03  -0.616072373060E-09   0.000000000000E+00
  170.   0.337500000000E+03  -0.260865373724E-09   0.000000000000E+00   0.362500000000E+03  -0.270789974561E-09   0.000000000000E+00
  171.   0.335937500000E+03  -0.417105035194E-09   0.000000000000E+00   0.364062500000E+03  -0.434952750361E-09   0.000000000000E+00
  172.   0.334375000000E+03  -0.164385489005E-09   0.000000000000E+00   0.365625000000E+03  -0.172267772571E-09   0.000000000000E+00
  173.   0.332812500000E+03  -0.253057817060E-09   0.000000000000E+00   0.367187500000E+03  -0.266729058875E-09   0.000000000000E+00
  174.   0.331250000000E+03  -0.905581342544E-10   0.000000000000E+00   0.368750000000E+03  -0.959920993589E-10   0.000000000000E+00
  175.   0.329687500000E+03  -0.139490270426E-09   0.000000000000E+00   0.370312500000E+03  -0.148979250577E-09   0.000000000000E+00
  176.   0.328125000000E+03  -0.495239397851E-10   0.000000000000E+00   0.371875000000E+03  -0.532047227147E-10   0.000000000000E+00
  177.   0.326562500000E+03  -0.792140578741E-10   0.000000000000E+00   0.373437500000E+03  -0.860484610877E-10   0.000000000000E+00
  178.   0.325000000000E+03  -0.292504030407E-10   0.000000000000E+00   0.375000000000E+03  -0.319712230505E-10   0.000000000000E+00
  179.   0.323437500000E+03  -0.491795230279E-10   0.000000000000E+00   0.376562500000E+03  -0.545898393728E-10   0.000000000000E+00
  180.   0.321875000000E+03  -0.194845924955E-10   0.000000000000E+00   0.378125000000E+03  -0.217452347675E-10   0.000000000000E+00
  181.   0.320312500000E+03  -0.338754526507E-10   0.000000000000E+00   0.379687500000E+03  -0.385854249701E-10   0.000000000000E+00
  182.   0.318750000000E+03  -0.140961270062E-10   0.000000000000E+00   0.381250000000E+03  -0.161253560814E-10   0.000000000000E+00
  183.   0.317187500000E+03  -0.250521978236E-10   0.000000000000E+00   0.382812500000E+03  -0.294028777949E-10   0.000000000000E+00
  184.   0.315625000000E+03  -0.107688644937E-10   0.000000000000E+00   0.384375000000E+03  -0.126779331138E-10   0.000000000000E+00
  185.   0.314062500000E+03  -0.195211926436E-10   0.000000000000E+00   0.385937500000E+03  -0.236978689327E-10   0.000000000000E+00
  186.   0.312500000000E+03  -0.860642186357E-11   0.000000000000E+00   0.387500000000E+03  -0.104643446881E-10   0.000000000000E+00
  187.   0.310937500000E+03  -0.159673289901E-10   0.000000000000E+00   0.389062500000E+03  -0.200965866047E-10   0.000000000000E+00
  188.   0.309375000000E+03  -0.722422220970E-11   0.000000000000E+00   0.390625000000E+03  -0.908610777691E-11   0.000000000000E+00
  189.   0.307812500000E+03  -0.137211837588E-10   0.000000000000E+00   0.392187500000E+03  -0.179021660951E-10   0.000000000000E+00
  190.   0.306250000000E+03  -0.636113787682E-11   0.000000000000E+00   0.393750000000E+03  -0.827025871299E-11   0.000000000000E+00
  191.   0.304687500000E+03  -0.123229147779E-10   0.000000000000E+00   0.395312500000E+03  -0.166301804339E-10   0.000000000000E+00
  192.   0.303125000000E+03  -0.582666260994E-11   0.000000000000E+00   0.396875000000E+03  -0.781435643427E-11   0.000000000000E+00
  193.   0.301562500000E+03  -0.114486911936E-10   0.000000000000E+00   0.398437500000E+03  -0.159342325088E-10   0.000000000000E+00
  194.   0.300000000000E+03  -0.548871610559E-11   0.000000000000E+00   0.400000000000E+03  -0.757576224199E-11   0.000000000000E+00
  195.   0.298437500000E+03  -0.108849145028E-10   0.000000000000E+00   0.401562500000E+03  -0.155827236701E-10   0.000000000000E+00
  196.   0.296875000000E+03  -0.526504838815E-11   0.000000000000E+00   0.403125000000E+03  -0.746465193781E-11   0.000000000000E+00
  197.   0.295312500000E+03  -0.105017678252E-10   0.000000000000E+00   0.404687500000E+03  -0.154333786814E-10   0.000000000000E+00
  198.   0.293750000000E+03  -0.510758753905E-11   0.000000000000E+00   0.406250000000E+03  -0.742802166587E-11   0.000000000000E+00
  199.   0.292187500000E+03  -0.102240090483E-10   0.000000000000E+00   0.407812500000E+03  -0.154029992615E-10   0.000000000000E+00
  200.   0.290625000000E+03  -0.498905132261E-11   0.000000000000E+00   0.409375000000E+03  -0.743555801413E-11   0.000000000000E+00
  201.   0.289062500000E+03  -0.100085831533E-10   0.000000000000E+00   0.410937500000E+03  -0.154436002160E-10   0.000000000000E+00
  202.   0.287500000000E+03  -0.489374021434E-11   0.000000000000E+00   0.412500000000E+03  -0.746966895147E-11   0.000000000000E+00
  203.   0.285937500000E+03  -0.983053459251E-11   0.000000000000E+00   0.414062500000E+03  -0.155271444311E-10   0.000000000000E+00
  204.   0.284375000000E+03  -0.481246703864E-11   0.000000000000E+00   0.415625000000E+03  -0.751999559147E-11   0.000000000000E+00
  205.   0.282812500000E+03  -0.967506728467E-11   0.000000000000E+00   0.417187500000E+03  -0.156369184494E-10   0.000000000000E+00
  206.   0.281250000000E+03  -0.473967251009E-11   0.000000000000E+00   0.418750000000E+03  -0.758022364717E-11   0.000000000000E+00
  207.   0.279687500000E+03  -0.953332485438E-11   0.000000000000E+00   0.420312500000E+03  -0.157627582907E-10   0.000000000000E+00
  208.   0.278125000000E+03  -0.467208198222E-11   0.000000000000E+00   0.421875000000E+03  -0.764655196990E-11   0.000000000000E+00
  209.   0.276562500000E+03  -0.939998275910E-11   0.000000000000E+00   0.423437500000E+03  -0.158985276780E-10   0.000000000000E+00
  210.   0.275000000000E+03  -0.460767132524E-11   0.000000000000E+00   0.425000000000E+03  -0.771664926367E-11   0.000000000000E+00
  211.   0.273437500000E+03  -0.927181979376E-11   0.000000000000E+00   0.426562500000E+03  -0.160404915446E-10   0.000000000000E+00
  212.   0.271875000000E+03  -0.454525219194E-11   0.000000000000E+00   0.428125000000E+03  -0.778909458915E-11   0.000000000000E+00
  213.   0.270312500000E+03  -0.914693092299E-11   0.000000000000E+00   0.429687500000E+03  -0.161863876684E-10   0.000000000000E+00
  214.   0.268750000000E+03  -0.448409586048E-11   0.000000000000E+00   0.431250000000E+03  -0.786306576588E-11   0.000000000000E+00
  215.   0.267187500000E+03  -0.902418551154E-11   0.000000000000E+00   0.432812500000E+03  -0.163348877608E-10   0.000000000000E+00
  216.   0.265625000000E+03  -0.442380432148E-11   0.000000000000E+00   0.434375000000E+03  -0.793812217345E-11   0.000000000000E+00
  217.   0.264062500000E+03  -0.890289099335E-11   0.000000000000E+00   0.435937500000E+03  -0.164851969262E-10   0.000000000000E+00
  218.   0.262500000000E+03  -0.436409518257E-11   0.000000000000E+00   0.437500000000E+03  -0.801384604112E-11   0.000000000000E+00
  219.   0.260937500000E+03  -0.878264657520E-11   0.000000000000E+00   0.439062500000E+03  -0.166368194440E-10   0.000000000000E+00
  220.   0.259375000000E+03  -0.430483837161E-11   0.000000000000E+00   0.440625000000E+03  -0.809012061726E-11   0.000000000000E+00
  221.   0.257812500000E+03  -0.866322287780E-11   0.000000000000E+00   0.442187500000E+03  -0.167894625750E-10   0.000000000000E+00
  222.   0.256250000000E+03  -0.424593742559E-11   0.000000000000E+00   0.443750000000E+03  -0.816683616206E-11   0.000000000000E+00
  223.   0.254687500000E+03  -0.854446000001E-11   0.000000000000E+00   0.445312500000E+03  -0.169429504570E-10   0.000000000000E+00
  224.   0.253125000000E+03  -0.418733065039E-11   0.000000000000E+00   0.446875000000E+03  -0.824391995600E-11   0.000000000000E+00
  225.   0.251562500000E+03  -0.842628068546E-11   0.000000000000E+00   0.448437500000E+03  -0.170971555354E-10   0.000000000000E+00
  226.   0.250000000000E+03  -0.412898659070E-11   0.000000000000E+00   0.450000000000E+03  -0.832132082637E-11   0.000000000000E+00
  227.   0.248437500000E+03  -0.830861426976E-11   0.000000000000E+00   0.451562500000E+03  -0.172520203654E-10   0.000000000000E+00
  228.   0.246875000000E+03  -0.407087623233E-11   0.000000000000E+00   0.453125000000E+03  -0.839903424581E-11   0.000000000000E+00
  229.   0.245312500000E+03  -0.819142825519E-11   0.000000000000E+00   0.454687500000E+03  -0.174074993853E-10   0.000000000000E+00
  230.   0.243750000000E+03  -0.401301092552E-11   0.000000000000E+00   0.456250000000E+03  -0.847700112223E-11   0.000000000000E+00
  231.   0.242187500000E+03  -0.807470065984E-11   0.000000000000E+00   0.457812500000E+03  -0.175635763595E-10   0.000000000000E+00
  232.   0.240625000000E+03  -0.395535313682E-11   0.000000000000E+00   0.459375000000E+03  -0.855526189706E-11   0.000000000000E+00
  233.   0.239062500000E+03  -0.795840766159E-11   0.000000000000E+00   0.460937500000E+03  -0.177202169714E-10   0.000000000000E+00
  234.   0.237500000000E+03  -0.389791760438E-11   0.000000000000E+00   0.462500000000E+03  -0.863376171505E-11   0.000000000000E+00
  235.   0.235937500000E+03  -0.784254438963E-11   0.000000000000E+00   0.464062500000E+03  -0.178773954944E-10   0.000000000000E+00
  236.   0.234375000000E+03  -0.384067926963E-11   0.000000000000E+00   0.465625000000E+03  -0.871251138324E-11   0.000000000000E+00
  237.   0.232812500000E+03  -0.772709562081E-11   0.000000000000E+00   0.467187500000E+03  -0.180351332684E-10   0.000000000000E+00
  238.   0.231250000000E+03  -0.378363537308E-11   0.000000000000E+00   0.468750000000E+03  -0.879153947082E-11   0.000000000000E+00
  239.   0.229687500000E+03  -0.761205246096E-11   0.000000000000E+00   0.470312500000E+03  -0.181933857133E-10   0.000000000000E+00
  240.   0.228125000000E+03  -0.372680478182E-11   0.000000000000E+00   0.471875000000E+03  -0.887079217391E-11   0.000000000000E+00
  241.   0.226562500000E+03  -0.749741048429E-11   0.000000000000E+00   0.473437500000E+03  -0.183521695216E-10   0.000000000000E+00
  242.   0.225000000000E+03  -0.367014350918E-11   0.000000000000E+00   0.475000000000E+03  -0.895029545199E-11   0.000000000000E+00
  243.   0.223437500000E+03  -0.738316601132E-11   0.000000000000E+00   0.476562500000E+03  -0.185115041104E-10   0.000000000000E+00
  244.   0.221875000000E+03  -0.361368696164E-11   0.000000000000E+00   0.478125000000E+03  -0.903006980208E-11   0.000000000000E+00
  245.   0.220312500000E+03  -0.726930486281E-11   0.000000000000E+00   0.479687500000E+03  -0.186713510498E-10   0.000000000000E+00
  246.   0.218750000000E+03  -0.355741152009E-11   0.000000000000E+00   0.481250000000E+03  -0.911007500890E-11   0.000000000000E+00
  247.   0.217187500000E+03  -0.715582127644E-11   0.000000000000E+00   0.482812500000E+03  -0.188317049693E-10   0.000000000000E+00
  248.   0.215625000000E+03  -0.350132190049E-11   0.000000000000E+00   0.484375000000E+03  -0.919030584399E-11   0.000000000000E+00
  249.   0.214062500000E+03  -0.704271647523E-11   0.000000000000E+00   0.485937500000E+03  -0.189925512111E-10   0.000000000000E+00
  250.   0.212500000000E+03  -0.344540794843E-11   0.000000000000E+00   0.487500000000E+03  -0.927076837157E-11   0.000000000000E+00
  251.   0.210937500000E+03  -0.692997795337E-11   0.000000000000E+00   0.489062500000E+03  -0.191538920925E-10   0.000000000000E+00
  252.   0.209375000000E+03  -0.338966085051E-11   0.000000000000E+00   0.490625000000E+03  -0.935144051608E-11   0.000000000000E+00
  253.   0.207812500000E+03  -0.681760826915E-11   0.000000000000E+00   0.492187500000E+03  -0.193157237878E-10   0.000000000000E+00
  254.   0.206250000000E+03  -0.333410448459E-11   0.000000000000E+00   0.493750000000E+03  -0.943238574571E-11   0.000000000000E+00
  255.   0.204687500000E+03  -0.670559396580E-11   0.000000000000E+00   0.495312500000E+03  -0.194780526994E-10   0.000000000000E+00
  256.   0.203125000000E+03  -0.327871793512E-11   0.000000000000E+00   0.496875000000E+03  -0.951352227461E-11   0.000000000000E+00
  257.   0.201562500000E+03  -0.659393011845E-11   0.000000000000E+00   0.498437500000E+03  -0.196408716287E-10   0.000000000000E+00
  258.   0.200000000000E+03  -0.322348986268E-11   0.000000000000E+00   0.500000000000E+03  -0.959491554938E-11   0.000000000000E+00
  259.   0.198437500000E+03  -0.648261589656E-11   0.000000000000E+00   0.501562500000E+03  -0.198041752723E-10   0.000000000000E+00
  260.   0.196875000000E+03  -0.316843857427E-11   0.000000000000E+00   0.503125000000E+03  -0.967653473552E-11   0.000000000000E+00
  261.   0.195312500000E+03  -0.637164047499E-11   0.000000000000E+00   0.504687500000E+03  -0.199679403463E-10   0.000000000000E+00
  262.   0.193750000000E+03  -0.311353804658E-11   0.000000000000E+00   0.506250000000E+03  -0.975836016374E-11   0.000000000000E+00
  263.   0.192187500000E+03  -0.626100050197E-11   0.000000000000E+00   0.507812500000E+03  -0.201321539327E-10   0.000000000000E+00
  264.   0.190625000000E+03  -0.305879571379E-11   0.000000000000E+00   0.509375000000E+03  -0.984040004085E-11   0.000000000000E+00
  265.   0.189062500000E+03  -0.615069797302E-11   0.000000000000E+00   0.510937500000E+03  -0.202968476539E-10   0.000000000000E+00
  266.   0.187500000000E+03  -0.300422173610E-11   0.000000000000E+00   0.512500000000E+03  -0.992264799606E-11   0.000000000000E+00
  267.   0.185937500000E+03  -0.604072142493E-11   0.000000000000E+00   0.514062500000E+03  -0.204620115172E-10   0.000000000000E+00
  268.   0.184375000000E+03  -0.294980445555E-11   0.000000000000E+00   0.515625000000E+03  -0.100051308475E-10   0.000000000000E+00
  269.   0.182812500000E+03  -0.593107191901E-11   0.000000000000E+00   0.517187500000E+03  -0.206276095341E-10   0.000000000000E+00
  270.   0.181250000000E+03  -0.289553716386E-11   0.000000000000E+00   0.518750000000E+03  -0.100878176807E-10   0.000000000000E+00
  271.   0.179687500000E+03  -0.582174853096E-11   0.000000000000E+00   0.520312500000E+03  -0.207936988283E-10   0.000000000000E+00
  272.   0.178125000000E+03  -0.284142496238E-11   0.000000000000E+00   0.521875000000E+03  -0.101707176029E-10   0.000000000000E+00
  273.   0.176562500000E+03  -0.571273669978E-11   0.000000000000E+00   0.523437500000E+03  -0.209602151988E-10   0.000000000000E+00
  274.   0.175000000000E+03  -0.278746282577E-11   0.000000000000E+00   0.525000000000E+03  -0.102538464707E-10   0.000000000000E+00
  275.   0.173437500000E+03  -0.560403735319E-11   0.000000000000E+00   0.526562500000E+03  -0.211271944383E-10   0.000000000000E+00
  276.   0.171875000000E+03  -0.273364317407E-11   0.000000000000E+00   0.528125000000E+03  -0.103371901306E-10   0.000000000000E+00
  277.   0.170312500000E+03  -0.549564660957E-11   0.000000000000E+00   0.529687500000E+03  -0.212945766223E-10   0.000000000000E+00
  278.   0.168750000000E+03  -0.267997252721E-11   0.000000000000E+00   0.531250000000E+03  -0.104206826602E-10   0.000000000000E+00
  279.   0.167187500000E+03  -0.538756300254E-11   0.000000000000E+00   0.532812500000E+03  -0.214623902336E-10   0.000000000000E+00
  280.   0.165625000000E+03  -0.262643810762E-11   0.000000000000E+00   0.534375000000E+03  -0.105044216780E-10   0.000000000000E+00
  281.   0.164062500000E+03  -0.527977873798E-11   0.000000000000E+00   0.535937500000E+03  -0.216306671466E-10   0.000000000000E+00
  282.   0.162500000000E+03  -0.257305548264E-11   0.000000000000E+00   0.537500000000E+03  -0.105883388059E-10   0.000000000000E+00
  283.   0.160937500000E+03  -0.517229378252E-11   0.000000000000E+00   0.539062500000E+03  -0.217993868368E-10   0.000000000000E+00
  284.   0.159375000000E+03  -0.251979705723E-11   0.000000000000E+00   0.540625000000E+03  -0.106725343374E-10   0.000000000000E+00
  285.   0.157812500000E+03  -0.506510605897E-11   0.000000000000E+00   0.542187500000E+03  -0.219685554028E-10   0.000000000000E+00
  286.   0.156250000000E+03  -0.246668576263E-11   0.000000000000E+00   0.543750000000E+03  -0.107569053873E-10   0.000000000000E+00
  287.   0.154687500000E+03  -0.495822314372E-11   0.000000000000E+00   0.545312500000E+03  -0.221381731498E-10   0.000000000000E+00
  288.   0.153125000000E+03  -0.241371272336E-11   0.000000000000E+00   0.546875000000E+03  -0.108414574634E-10   0.000000000000E+00
  289.   0.151562500000E+03  -0.485165192526E-11   0.000000000000E+00   0.548437500000E+03  -0.223082729420E-10   0.000000000000E+00
  290.   0.150000000000E+03  -0.236089148666E-11   0.000000000000E+00   0.550000000000E+03  -0.109263096868E-10   0.000000000000E+00
  291.   0.148437500000E+03  -0.474539883999E-11   0.000000000000E+00   0.551562500000E+03  -0.224789080344E-10   0.000000000000E+00
  292.   0.146875000000E+03  -0.230821944376E-11   0.000000000000E+00   0.553125000000E+03  -0.110114065298E-10   0.000000000000E+00
  293.   0.145312500000E+03  -0.463947795275E-11   0.000000000000E+00   0.554687500000E+03  -0.226501097921E-10   0.000000000000E+00
  294.   0.143750000000E+03  -0.225570768753E-11   0.000000000000E+00   0.556250000000E+03  -0.110967706702E-10   0.000000000000E+00
  295.   0.142187500000E+03  -0.453391086937E-11   0.000000000000E+00   0.557812500000E+03  -0.228219056329E-10   0.000000000000E+00
  296.   0.140625000000E+03  -0.220336654929E-11   0.000000000000E+00   0.559375000000E+03  -0.111824337285E-10   0.000000000000E+00
  297.   0.139062500000E+03  -0.442871333027E-11   0.000000000000E+00   0.560937500000E+03  -0.229941945670E-10   0.000000000000E+00
  298.   0.137500000000E+03  -0.215118959138E-11   0.000000000000E+00   0.562500000000E+03  -0.112682661687E-10   0.000000000000E+00
  299.   0.135937500000E+03  -0.432393504140E-11   0.000000000000E+00   0.564062500000E+03  -0.231669299456E-10   0.000000000000E+00
  300.   0.134375000000E+03  -0.209922456296E-11   0.000000000000E+00   0.565625000000E+03  -0.113542967199E-10   0.000000000000E+00
  301.   0.132812500000E+03  -0.421980630657E-11   0.000000000000E+00   0.567187500000E+03  -0.233410621203E-10   0.000000000000E+00
  302.   0.131250000000E+03  -0.204766533562E-11   0.000000000000E+00   0.568750000000E+03  -0.114414887236E-10   0.000000000000E+00
  303.   0.129687500000E+03  -0.411704497276E-11   0.000000000000E+00   0.570312500000E+03  -0.235206229232E-10   0.000000000000E+00
  304.   0.128125000000E+03  -0.199706036358E-11   0.000000000000E+00   0.571875000000E+03  -0.115330663848E-10   0.000000000000E+00
  305.   0.126562500000E+03  -0.401717765228E-11   0.000000000000E+00   0.573437500000E+03  -0.237149944348E-10   0.000000000000E+00
  306.   0.125000000000E+03  -0.194847612567E-11   0.000000000000E+00   0.575000000000E+03  -0.116357935647E-10   0.000000000000E+00
  307.   0.123437500000E+03  -0.392198491993E-11   0.000000000000E+00   0.576562500000E+03  -0.239348970381E-10   0.000000000000E+00
  308.   0.121875000000E+03  -0.190274176941E-11   0.000000000000E+00   0.578125000000E+03  -0.117546056170E-10   0.000000000000E+00
  309.   0.120312500000E+03  -0.383015015556E-11   0.000000000000E+00   0.579687500000E+03  -0.241673711127E-10   0.000000000000E+00
  310.   0.118750000000E+03  -0.185755500519E-11   0.000000000000E+00   0.581250000000E+03  -0.118705672621E-10   0.000000000000E+00
  311.   0.117187500000E+03  -0.372991818061E-11   0.000000000000E+00   0.582812500000E+03  -0.243175576362E-10   0.000000000000E+00
  312.   0.115625000000E+03  -0.180276449446E-11   0.000000000000E+00   0.584375000000E+03  -0.119025261611E-10   0.000000000000E+00
  313.   0.114062500000E+03  -0.359270536742E-11   0.000000000000E+00   0.585937500000E+03  -0.241493767000E-10   0.000000000000E+00
  314.   0.112500000000E+03  -0.171774762838E-11   0.000000000000E+00   0.587500000000E+03  -0.116785015710E-10   0.000000000000E+00
  315.   0.110937500000E+03  -0.339098498121E-11   0.000000000000E+00   0.589062500000E+03  -0.234042562109E-10   0.000000000000E+00
  316.   0.109375000000E+03  -0.159548734512E-11   0.000000000000E+00   0.590625000000E+03  -0.111099865630E-10   0.000000000000E+00
  317.   0.107812500000E+03  -0.316420206953E-11   0.000000000000E+00   0.592187500000E+03  -0.223020410914E-10   0.000000000000E+00
  318.   0.106250000000E+03  -0.147901210616E-11   0.000000000000E+00   0.593750000000E+03  -0.104790807242E-10   0.000000000000E+00
  319.   0.104687500000E+03  -0.316449268632E-11   0.000000000000E+00   0.595312500000E+03  -0.227331358734E-10   0.000000000000E+00
  320.   0.103125000000E+03  -0.161268493157E-11   0.000000000000E+00   0.596875000000E+03  -0.116798889922E-10   0.000000000000E+00
  321.   0.101562500000E+03  -0.381223194394E-11   0.000000000000E+00   0.598437500000E+03  -0.280075081941E-10   0.000000000000E+00
