i  r_top  QtopRe  QtopIm  r_bot  QbotRe  QbotIm   [mm, mC]
    1.   0.600000000000E+03  -0.204797495203E-09   0.000000000000E+00   0.100000000000E+03  -0.321099624489E-10   0.000000000000E+00
    2.   0.100000000000E+03  -0.321099724342E-10   0.000000000000E+00   0.600000000000E+03  -0.204797501994E-09   0.000000000000E+00
    3.   0.598437500000E+03  -0.812994264733E-09   0.000000000000E+00   0.101562500000E+03  -0.129830482543E-09   0.000000000000E+00
    4.   0.596875000000E+03  -0.406253442740E-09   0.000000000000E+00   0.103125000000E+03  -0.660261726787E-10   0.000000000000E+00
    5.   0.595312500000E+03  -0.811731901558E-09   0.000000000000E+00   0.104687500000E+03  -0.134309281465E-09   0.000000000000E+00
    6.   0.593750000000E+03  -0.402946265021E-09   0.000000000000E+00   0.106250000000E+03  -0.678625098777E-10   0.000000000000E+00
    7.   0.592187500000E+03  -0.806514771896E-09   0.000000000000E+00   0.107812500000E+03  -0.138194640049E-09   0.000000000000E+00
    8.   0.590625000000E+03  -0.401591965672E-09   0.000000000000E+00   0.109375000000E+03  -0.700165951358E-10   0.000000000000E+00
    9.   0.589062500000E+03  -0.801800557378E-09   0.000000000000E+00   0.110937500000E+03  -0.142185841595E-09   0.000000000000E+00
   10.   0.587500000000E+03  -0.399310110287E-09   0.000000000000E+00   0.112500000000E+03  -0.720280105047E-10   0.000000000000E+00
   11.   0.585937500000E+03  -0.797124986459E-09   0.000000000000E+00   0.114062500000E+03  -0.146196917012E-09   0.000000000000E+00
   12.   0.584375000000E+03  -0.397079543190E-09   0.000000000000E+00   0.115625000000E+03  -0.740535553544E-10   0.000000000000E+00
   13.   0.582812500000E+03  -0.792528617005E-09   0.000000000000E+00   0.117187500000E+03  -0.150230501021E-09   0.000000000000E+00
   14.   0.581250000000E+03  -0.394785060942E-09   0.000000000000E+00   0.118750000000E+03  -0.760723908613E-10   0.000000000000E+00
   15.   0.579687500000E+03  -0.787937547297E-09   0.000000000000E+00   0.120312500000E+03  -0.154271404235E-09   0.000000000000E+00
   16.   0.578125000000E+03  -0.392492013775E-09   0.000000000000E+00   0.121875000000E+03  -0.780942816509E-10   0.000000000000E+00
   17.   0.576562500000E+03  -0.783348039007E-09   0.000000000000E+00   0.123437500000E+03  -0.158317284818E-09   0.000000000000E+00
   18.   0.575000000000E+03  -0.390194714809E-09   0.000000000000E+00   0.125000000000E+03  -0.801173602439E-10   0.000000000000E+00
   19.   0.573437500000E+03  -0.778755029752E-09   0.000000000000E+00   0.126562500000E+03  -0.162366047489E-09   0.000000000000E+00
   20.   0.571875000000E+03  -0.387896993747E-09   0.000000000000E+00   0.128125000000E+03  -0.821419278624E-10   0.000000000000E+00
   21.   0.570312500000E+03  -0.774159845652E-09   0.000000000000E+00   0.129687500000E+03  -0.166417208755E-09   0.000000000000E+00
   22.   0.568750000000E+03  -0.385598867183E-09   0.000000000000E+00   0.131250000000E+03  -0.841677242518E-10   0.000000000000E+00
   23.   0.567187500000E+03  -0.769563887845E-09   0.000000000000E+00   0.132812500000E+03  -0.170470509780E-09   0.000000000000E+00
   24.   0.565625000000E+03  -0.383300842044E-09   0.000000000000E+00   0.134375000000E+03  -0.861944465328E-10   0.000000000000E+00
   25.   0.564062500000E+03  -0.764968569152E-09   0.000000000000E+00   0.135937500000E+03  -0.174525897674E-09   0.000000000000E+00
   26.   0.562500000000E+03  -0.381003282209E-09   0.000000000000E+00   0.137500000000E+03  -0.882222257964E-10   0.000000000000E+00
   27.   0.560937500000E+03  -0.760374612093E-09   0.000000000000E+00   0.139062500000E+03  -0.178583253248E-09   0.000000000000E+00
   28.   0.559375000000E+03  -0.378706833300E-09   0.000000000000E+00   0.140625000000E+03  -0.902509398460E-10   0.000000000000E+00
   29.   0.557812500000E+03  -0.755782815232E-09   0.000000000000E+00   0.142187500000E+03  -0.182642640528E-09   0.000000000000E+00
   30.   0.556250000000E+03  -0.376411519310E-09   0.000000000000E+00   0.143750000000E+03  -0.922806818180E-10   0.000000000000E+00
   31.   0.554687500000E+03  -0.751193550120E-09   0.000000000000E+00   0.145312500000E+03  -0.186704035985E-09   0.000000000000E+00
   32.   0.553125000000E+03  -0.374117600672E-09   0.000000000000E+00   0.146875000000E+03  -0.943114244792E-10   0.000000000000E+00
   33.   0.551562500000E+03  -0.746607012103E-09   0.000000000000E+00   0.148437500000E+03  -0.190767435580E-09   0.000000000000E+00
   34.   0.550000000000E+03  -0.371825015767E-09   0.000000000000E+00   0.150000000000E+03  -0.963431719014E-10   0.000000000000E+00
   35.   0.548437500000E+03  -0.742023394538E-09   0.000000000000E+00   0.151562500000E+03  -0.194832929611E-09   0.000000000000E+00
   36.   0.546875000000E+03  -0.369534073111E-09   0.000000000000E+00   0.153125000000E+03  -0.983758997066E-10   0.000000000000E+00
   37.   0.545312500000E+03  -0.737442844459E-09   0.000000000000E+00   0.154687500000E+03  -0.198900465811E-09   0.000000000000E+00
   38.   0.543750000000E+03  -0.367244512490E-09   0.000000000000E+00   0.156250000000E+03  -0.100409714232E-09   0.000000000000E+00
   39.   0.542187500000E+03  -0.732865551363E-09   0.000000000000E+00   0.157812500000E+03  -0.202970087253E-09   0.000000000000E+00
   40.   0.540625000000E+03  -0.364956557390E-09   0.000000000000E+00   0.159375000000E+03  -0.102444581691E-09   0.000000000000E+00
   41.   0.539062500000E+03  -0.728291558417E-09   0.000000000000E+00   0.160937500000E+03  -0.207041824919E-09   0.000000000000E+00
   42.   0.537500000000E+03  -0.362670394784E-09   0.000000000000E+00   0.162500000000E+03  -0.104480455385E-09   0.000000000000E+00
   43.   0.535937500000E+03  -0.723720626323E-09   0.000000000000E+00   0.164062500000E+03  -0.211115662355E-09   0.000000000000E+00
   44.   0.534375000000E+03  -0.360385471946E-09   0.000000000000E+00   0.165625000000E+03  -0.106517318813E-09   0.000000000000E+00
   45.   0.532812500000E+03  -0.719152905711E-09   0.000000000000E+00   0.167187500000E+03  -0.215191680989E-09   0.000000000000E+00
   46.   0.531250000000E+03  -0.358102429933E-09   0.000000000000E+00   0.168750000000E+03  -0.108555349051E-09   0.000000000000E+00
   47.   0.529687500000E+03  -0.714588738998E-09   0.000000000000E+00   0.170312500000E+03  -0.219269879345E-09   0.000000000000E+00
   48.   0.528125000000E+03  -0.355821111162E-09   0.000000000000E+00   0.171875000000E+03  -0.110594358648E-09   0.000000000000E+00
   49.   0.526562500000E+03  -0.710027988999E-09   0.000000000000E+00   0.173437500000E+03  -0.223350307220E-09   0.000000000000E+00
   50.   0.525000000000E+03  -0.353541527931E-09   0.000000000000E+00   0.175000000000E+03  -0.112634609533E-09   0.000000000000E+00
   51.   0.523437500000E+03  -0.705470587964E-09   0.000000000000E+00   0.176562500000E+03  -0.227432971331E-09   0.000000000000E+00
   52.   0.521875000000E+03  -0.351263612359E-09   0.000000000000E+00   0.178125000000E+03  -0.114675942173E-09   0.000000000000E+00
   53.   0.520312500000E+03  -0.700916717563E-09   0.000000000000E+00   0.179687500000E+03  -0.231517931492E-09   0.000000000000E+00
   54.   0.518750000000E+03  -0.348987347732E-09   0.000000000000E+00   0.181250000000E+03  -0.116718405227E-09   0.000000000000E+00
   55.   0.517187500000E+03  -0.696366256759E-09   0.000000000000E+00   0.182812500000E+03  -0.235605197172E-09   0.000000000000E+00
   56.   0.515625000000E+03  -0.346712868894E-09   0.000000000000E+00   0.184375000000E+03  -0.118761984422E-09   0.000000000000E+00
   57.   0.514062500000E+03  -0.691819371132E-09   0.000000000000E+00   0.185937500000E+03  -0.239694861101E-09   0.000000000000E+00
   58.   0.512500000000E+03  -0.344439996984E-09   0.000000000000E+00   0.187500000000E+03  -0.120806826070E-09   0.000000000000E+00
   59.   0.510937500000E+03  -0.687276114427E-09   0.000000000000E+00   0.189062500000E+03  -0.243786918814E-09   0.000000000000E+00
   60.   0.509375000000E+03  -0.342169229226E-09   0.000000000000E+00   0.190625000000E+03  -0.122852809450E-09   0.000000000000E+00
   61.   0.507812500000E+03  -0.682736371169E-09   0.000000000000E+00   0.192187500000E+03  -0.247881370705E-09   0.000000000000E+00
   62.   0.506250000000E+03  -0.339900036240E-09   0.000000000000E+00   0.193750000000E+03  -0.124900045487E-09   0.000000000000E+00
   63.   0.504687500000E+03  -0.678200249609E-09   0.000000000000E+00   0.195312500000E+03  -0.251978288411E-09   0.000000000000E+00
   64.   0.503125000000E+03  -0.337632549962E-09   0.000000000000E+00   0.196875000000E+03  -0.126948479883E-09   0.000000000000E+00
   65.   0.501562500000E+03  -0.673667802817E-09   0.000000000000E+00   0.198437500000E+03  -0.256077740185E-09   0.000000000000E+00
   66.   0.500000000000E+03  -0.335367088415E-09   0.000000000000E+00   0.200000000000E+03  -0.128998219269E-09   0.000000000000E+00
   67.   0.498437500000E+03  -0.669139012551E-09   0.000000000000E+00   0.201562500000E+03  -0.260179740643E-09   0.000000000000E+00
   68.   0.496875000000E+03  -0.333103447892E-09   0.000000000000E+00   0.203125000000E+03  -0.131049243162E-09   0.000000000000E+00
   69.   0.495312500000E+03  -0.664614055240E-09   0.000000000000E+00   0.204687500000E+03  -0.264284390888E-09   0.000000000000E+00
   70.   0.493750000000E+03  -0.330841559140E-09   0.000000000000E+00   0.206250000000E+03  -0.133101528193E-09   0.000000000000E+00
   71.   0.492187500000E+03  -0.660093025148E-09   0.000000000000E+00   0.207812500000E+03  -0.268391636271E-09   0.000000000000E+00
   72.   0.490625000000E+03  -0.328581947238E-09   0.000000000000E+00   0.209375000000E+03  -0.135155150103E-09   0.000000000000E+00
   73.   0.489062500000E+03  -0.655575787627E-09   0.000000000000E+00   0.210937500000E+03  -0.272501516286E-09   0.000000000000E+00
   74.   0.487500000000E+03  -0.326323967063E-09   0.000000000000E+00   0.212500000000E+03  -0.137210109202E-09   0.000000000000E+00
   75.   0.485937500000E+03  -0.651062393224E-09   0.000000000000E+00   0.214062500000E+03  -0.276614103122E-09   0.000000000000E+00
   76.   0.484375000000E+03  -0.324067848035E-09   0.000000000000E+00   0.215625000000E+03  -0.139266382699E-09   0.000000000000E+00
   77.   0.482812500000E+03  -0.646552843136E-09   0.000000000000E+00   0.217187500000E+03  -0.280729466550E-09   0.000000000000E+00
   78.   0.481250000000E+03  -0.321813525667E-09   0.000000000000E+00   0.218750000000E+03  -0.141324120137E-09   0.000000000000E+00
   79.   0.479687500000E+03  -0.642047345766E-09   0.000000000000E+00   0.220312500000E+03  -0.284847689879E-09   0.000000000000E+00
   80.   0.478125000000E+03  -0.319561453671E-09   0.000000000000E+00   0.221875000000E+03  -0.143383251662E-09   0.000000000000E+00
   81.   0.476562500000E+03  -0.637545802642E-09   0.000000000000E+00   0.223437500000E+03  -0.288968708224E-09   0.000000000000E+00
   82.   0.475000000000E+03  -0.317311410444E-09   0.000000000000E+00   0.225000000000E+03  -0.145443852167E-09   0.000000000000E+00
   83.   0.473437500000E+03  -0.633048279418E-09   0.000000000000E+00   0.226562500000E+03  -0.293092595746E-09   0.000000000000E+00
   84.   0.471875000000E+03  -0.315063307395E-09   0.000000000000E+00   0.228125000000E+03  -0.147505737744E-09   0.000000000000E+00
   85.   0.470312500000E+03  -0.628554776018E-09   0.000000000000E+00   0.229687500000E+03  -0.297219449778E-09   0.000000000000E+00
   86.   0.468750000000E+03  -0.312817240443E-09   0.000000000000E+00   0.231250000000E+03  -0.149569213349E-09   0.000000000000E+00
   87.   0.467187500000E+03  -0.624065378207E-09   0.000000000000E+00   0.232812500000E+03  -0.301349261111E-09   0.000000000000E+00
   88.   0.465625000000E+03  -0.310573161620E-09   0.000000000000E+00   0.234375000000E+03  -0.151634189886E-09   0.000000000000E+00
   89.   0.464062500000E+03  -0.619580010951E-09   0.000000000000E+00   0.235937500000E+03  -0.305481977571E-09   0.000000000000E+00
   90.   0.462500000000E+03  -0.308330946697E-09   0.000000000000E+00   0.237500000000E+03  -0.153700488702E-09   0.000000000000E+00
   91.   0.460937500000E+03  -0.615098679865E-09   0.000000000000E+00   0.239062500000E+03  -0.309617646111E-09   0.000000000000E+00
   92.   0.459375000000E+03  -0.306090650659E-09   0.000000000000E+00   0.240625000000E+03  -0.155768434922E-09   0.000000000000E+00
   93.   0.457812500000E+03  -0.610621244347E-09   0.000000000000E+00   0.242187500000E+03  -0.313756281328E-09   0.000000000000E+00
   94.   0.456250000000E+03  -0.303852466281E-09   0.000000000000E+00   0.243750000000E+03  -0.157837762702E-09   0.000000000000E+00
   95.   0.454687500000E+03  -0.606147630362E-09   0.000000000000E+00   0.245312500000E+03  -0.317897731221E-09   0.000000000000E+00
   96.   0.453125000000E+03  -0.301616236290E-09   0.000000000000E+00   0.246875000000E+03  -0.159908420962E-09   0.000000000000E+00
   97.   0.451562500000E+03  -0.601677528458E-09   0.000000000000E+00   0.248437500000E+03  -0.322041796292E-09   0.000000000000E+00
   98.   0.450000000000E+03  -0.299381482079E-09   0.000000000000E+00   0.250000000000E+03  -0.161980397930E-09   0.000000000000E+00
   99.   0.448437500000E+03  -0.597210487745E-09   0.000000000000E+00   0.251562500000E+03  -0.326188178209E-09   0.000000000000E+00
  100.   0.446875000000E+03  -0.297148078975E-09   0.000000000000E+00   0.253125000000E+03  -0.164053347548E-09   0.000000000000E+00
  101.   0.445312500000E+03  -0.592745908253E-09   0.000000000000E+00   0.254687500000E+03  -0.330336319300E-09   0.000000000000E+00
  102.   0.443750000000E+03  -0.294915658354E-09   0.000000000000E+00   0.256250000000E+03  -0.166126997995E-09   0.000000000000E+00
  103.   0.442187500000E+03  -0.588282638322E-09   0.000000000000E+00   0.257812500000E+03  -0.334485392550E-09   0.000000000000E+00
  104.   0.440625000000E+03  -0.292683566169E-09   0.000000000000E+00   0.259375000000E+03  -0.168200893229E-09   0.000000000000E+00
  105.   0.439062500000E+03  -0.583818785097E-09   0.000000000000E+00   0.260937500000E+03  -0.338633858854E-09   0.000000000000E+00
  106.   0.437500000000E+03  -0.290450600714E-09   0.000000000000E+00   0.262500000000E+03  -0.170274079897E-09   0.000000000000E+00
  107.   0.435937500000E+03  -0.579351523206E-09   0.000000000000E+00   0.264062500000E+03  -0.342779436045E-09   0.000000000000E+00
  108.   0.434375000000E+03  -0.288215095369E-09   0.000000000000E+00   0.265625000000E+03  -0.172344974212E-09   0.000000000000E+00
  109.   0.432812500000E+03  -0.574876476798E-09   0.000000000000E+00   0.267187500000E+03  -0.346918500018E-09   0.000000000000E+00
  110.   0.431250000000E+03  -0.285974309000E-09   0.000000000000E+00   0.268750000000E+03  -0.174411595228E-09   0.000000000000E+00
  111.   0.429687500000E+03  -0.570386579480E-09   0.000000000000E+00   0.270312500000E+03  -0.351045242575E-09   0.000000000000E+00
  112.   0.428125000000E+03  -0.283724000027E-09   0.000000000000E+00   0.271875000000E+03  -0.176470279368E-09   0.000000000000E+00
  113.   0.426562500000E+03  -0.565870938570E-09   0.000000000000E+00   0.273437500000E+03  -0.355150496139E-09   0.000000000000E+00
  114.   0.425000000000E+03  -0.281457221132E-09   0.000000000000E+00   0.275000000000E+03  -0.178515368767E-09   0.000000000000E+00
  115.   0.423437500000E+03  -0.561312448039E-09   0.000000000000E+00   0.276562500000E+03  -0.359219754720E-09   0.000000000000E+00
  116.   0.421875000000E+03  -0.279164067407E-09   0.000000000000E+00   0.278125000000E+03  -0.180538073080E-09   0.000000000000E+00
  117.   0.420312500000E+03  -0.556684149322E-09   0.000000000000E+00   0.279687500000E+03  -0.363230004937E-09   0.000000000000E+00
  118.   0.418750000000E+03  -0.276827708022E-09   0.000000000000E+00   0.281250000000E+03  -0.182524256285E-09   0.000000000000E+00
  119.   0.417187500000E+03  -0.551944124866E-09   0.000000000000E+00   0.282812500000E+03  -0.367145039025E-09   0.000000000000E+00
  120.   0.415625000000E+03  -0.274422663266E-09   0.000000000000E+00   0.284375000000E+03  -0.184451806608E-09   0.000000000000E+00
  121.   0.414062500000E+03  -0.547026865857E-09   0.000000000000E+00   0.285937500000E+03  -0.370907671350E-09   0.000000000000E+00
  122.   0.412500000000E+03  -0.271909176655E-09   0.000000000000E+00   0.287500000000E+03  -0.186285650452E-09   0.000000000000E+00
  123.   0.410937500000E+03  -0.541830011053E-09   0.000000000000E+00   0.289062500000E+03  -0.374427631968E-09   0.000000000000E+00
  124.   0.409375000000E+03  -0.269224740315E-09   0.000000000000E+00   0.290625000000E+03  -0.187970753673E-09   0.000000000000E+00
  125.   0.407812500000E+03  -0.536193412735E-09   0.000000000000E+00   0.292187500000E+03  -0.377562786081E-09   0.000000000000E+00
  126.   0.406250000000E+03  -0.266271708381E-09   0.000000000000E+00   0.293750000000E+03  -0.189420111293E-09   0.000000000000E+00
  127.   0.404687500000E+03  -0.529866936415E-09   0.000000000000E+00   0.295312500000E+03  -0.380088971498E-09   0.000000000000E+00
  128.   0.403125000000E+03  -0.262897760363E-09   0.000000000000E+00   0.296875000000E+03  -0.190496699144E-09   0.000000000000E+00
  129.   0.401562500000E+03  -0.522459829701E-09   0.000000000000E+00   0.298437500000E+03  -0.381652725996E-09   0.000000000000E+00
  130.   0.400000000000E+03  -0.258864997960E-09   0.000000000000E+00   0.300000000000E+03  -0.190984276674E-09   0.000000000000E+00
  131.   0.398437500000E+03  -0.513361831776E-09   0.000000000000E+00   0.301562500000E+03  -0.381696723282E-09   0.000000000000E+00
  132.   0.396875000000E+03  -0.253801219634E-09   0.000000000000E+00   0.303125000000E+03  -0.190542064153E-09   0.000000000000E+00
  133.   0.395312500000E+03  -0.501619404938E-09   0.000000000000E+00   0.304687500000E+03  -0.379342692689E-09   0.000000000000E+00
  134.   0.393750000000E+03  -0.247125385313E-09   0.000000000000E+00   0.306250000000E+03  -0.188633235027E-09   0.000000000000E+00
  135.   0.392187500000E+03  -0.485743167356E-09   0.000000000000E+00   0.307812500000E+03  -0.373206353740E-09   0.000000000000E+00
  136.   0.390625000000E+03  -0.237929703051E-09   0.000000000000E+00   0.309375000000E+03  -0.184410709789E-09   0.000000000000E+00
  137.   0.389062500000E+03  -0.463406854128E-09   0.000000000000E+00   0.310937500000E+03  -0.361106143999E-09   0.000000000000E+00
  138.   0.387500000000E+03  -0.224795248673E-09   0.000000000000E+00   0.312500000000E+03  -0.176539566241E-09   0.000000000000E+00
  139.   0.385937500000E+03  -0.430977736778E-09   0.000000000000E+00   0.314062500000E+03  -0.339604460091E-09   0.000000000000E+00
  140.   0.384375000000E+03  -0.205505808584E-09   0.000000000000E+00   0.315625000000E+03  -0.162915462037E-09   0.000000000000E+00
  141.   0.382812500000E+03  -0.382781201118E-09   0.000000000000E+00   0.317187500000E+03  -0.303283503107E-09   0.000000000000E+00
  142.   0.381250000000E+03  -0.176590227383E-09   0.000000000000E+00   0.318750000000E+03  -0.140212989333E-09   0.000000000000E+00
  143.   0.379687500000E+03  -0.309961999688E-09   0.000000000000E+00   0.320312500000E+03  -0.243612416295E-09   0.000000000000E+00
  144.   0.378125000000E+03  -0.132638352829E-09   0.000000000000E+00   0.321875000000E+03  -0.103203054521E-09   0.000000000000E+00
  145.   0.376562500000E+03  -0.198675745193E-09   0.000000000000E+00   0.323437500000E+03  -0.147135280390E-09   0.000000000000E+00
  146.   0.375000000000E+03  -0.650783769974E-10   0.000000000000E+00   0.325000000000E+03  -0.435296795997E-10   0.000000000000E+00
  147.   0.373437500000E+03  -0.273695807593E-10   0.000000000000E+00   0.326562500000E+03   0.728649496403E-11   0.000000000000E+00
  148.   0.371875000000E+03   0.392599448351E-10   0.000000000000E+00   0.328125000000E+03   0.517692017296E-10   0.000000000000E+00
  149.   0.370312500000E+03   0.237817204382E-09   0.000000000000E+00   0.329687500000E+03   0.253148190712E-09   0.000000000000E+00
  150.   0.368750000000E+03   0.202451810903E-09   0.000000000000E+00   0.331250000000E+03   0.204563385533E-09   0.000000000000E+00
  151.   0.367187500000E+03   0.649395595586E-09   0.000000000000E+00   0.332812500000E+03   0.642878553452E-09   0.000000000000E+00
  152.   0.365625000000E+03   0.456453996051E-09   0.000000000000E+00   0.334375000000E+03   0.446880063962E-09   0.000000000000E+00
  153.   0.364062500000E+03   0.129165711028E-08   0.000000000000E+00   0.335937500000E+03   0.126126372878E-08   0.000000000000E+00
  154.   0.362500000000E+03   0.866120094967E-09   0.000000000000E+00   0.337500000000E+03   0.843827468382E-09   0.000000000000E+00
  155.   0.360937500000E+03   0.230173305148E-08   0.000000000000E+00   0.339062500000E+03   0.224726656186E-08   0.000000000000E+00
  156.   0.359375000000E+03   0.152625448041E-08   0.000000000000E+00   0.340625000000E+03   0.149121436153E-08   0.000000000000E+00
  157.   0.357812500000E+03   0.391204238349E-08   0.000000000000E+00   0.342187500000E+03   0.383789693909E-08   0.000000000000E+00
  158.   0.356250000000E+03   0.262801658126E-08   0.000000000000E+00   0.343750000000E+03   0.258572516506E-08   0.000000000000E+00
  159.   0.354687500000E+03   0.676762072291E-08   0.000000000000E+00   0.345312500000E+03   0.668488670579E-08   0.000000000000E+00
  160.   0.353125000000E+03   0.529060333402E-08   0.000000000000E+00   0.346875000000E+03   0.523948986063E-08   0.000000000000E+00
  161.   0.351562500000E+03   0.118486758107E-07   0.000000000000E+00   0.348437500000E+03   0.118097690583E-07   0.000000000000E+00
  162.   0.350000000000E+03   0.224214027186E-07   0.000000000000E+00   0.350000000000E+03   0.224214028622E-07   0.000000000000E+00
  163.   0.348437500000E+03   0.118097689013E-07   0.000000000000E+00   0.351562500000E+03   0.118486759502E-07   0.000000000000E+00
  164.   0.346875000000E+03   0.523948987302E-08   0.000000000000E+00   0.353125000000E+03   0.529060334714E-08   0.000000000000E+00
  165.   0.345312500000E+03   0.668488648401E-08   0.000000000000E+00   0.354687500000E+03   0.676762085121E-08   0.000000000000E+00
  166.   0.343750000000E+03   0.258572518383E-08   0.000000000000E+00   0.356250000000E+03   0.262801669424E-08   0.000000000000E+00
  167.   0.342187500000E+03   0.383789666070E-08   0.000000000000E+00   0.357812500000E+03   0.391204251604E-08   0.000000000000E+00
  168.   0.340625000000E+03   0.149121445635E-08   0.000000000000E+00   0.359375000000E+03   0.152625456262E-08   0.000000000000E+00
  169.   0.339062500000E+03   0.224726632774E-08   0.000000000000E+00   0.360937500000E+03   0.230173314266E-08   0.000000000000E+00
  170.   0.337500000000E+03   0.843827456650E-09   0.000000000000E+00   0.362500000000E+03   0.866120237132E-09   0.000000000000E+00
  171.   0.335937500000E+03   0.126126353881E-08   0.000000000000E+00   0.364062500000E+03   0.129165721142E-08   0.000000000000E+00
  172.   0.334375000000E+03   0.446879953901E-09   0.000000000000E+00   0.365625000000E+03   0.456454214965E-09   0.000000000000E+00
  173.   0.332812500000E+03   0.642878348685E-09   0.000000000000E+00   0.367187500000E+03   0.649395669197E-09   0.000000000000E+00
  174.   0.331250000000E+03   0.204563351037E-09   0.000000000000E+00   0.368750000000E+03   0.202451923749E-09   0.000000000000E+00
  175.   0.329687500000E+03   0.253148060955E-09   0.000000000000E+00   0.370312500000E+03   0.237817223502E-09   0.000000000000E+00
  176.   0.328125000000E+03   0.517691273050E-10   0.000000000000E+00   0.371875000000E+03   0.392599253871E-10   0.000000000000E+00
  177.   0.326562500000E+03   0.728637964174E-11   0.000000000000E+00   0.373437500000E+03  -0.273695789259E-10   0.000000000000E+00
  178.   0.325000000000E+03  -0.435297425591E-10   0.000000000000E+00   0.375000000000E+03  -0.650783170906E-10   0.000000000000E+00
  179.   0.323437500000E+03  -0.147135376345E-09   0.000000000000E+00   0.376562500000E+03  -0.198675655681E-09   0.000000000000E+00
  180.   0.321875000000E+03  -0.103203274417E-09   0.000000000000E+00   0.378125000000E+03  -0.132638209819E-09   0.000000000000E+00
  181.   0.320312500000E+03  -0.243612495111E-09   0.000000000000E+00   0.379687500000E+03  -0.309961853965E-09   0.000000000000E+00
  182.   0.318750000000E+03  -0.140213182872E-09   0.000000000000E+00   0.381250000000E+03  -0.176590099172E-09   0.000000000000E+00
  183.   0.317187500000E+03  -0.303283572208E-09   0.000000000000E+00   0.382812500000E+03  -0.382781045588E-09   0.000000000000E+00
  184.   0.315625000000E+03  -0.162915525409E-09   0.000000000000E+00   0.384375000000E+03  -0.205505709685E-09   0.000000000000E+00
  185.   0.314062500000E+03  -0.339604569586E-09   0.000000000000E+00   0.385937500000E+03  -0.430977535761E-09   0.000000000000E+00
  186.   0.312500000000E+03  -0.176539603690E-09   0.000000000000E+00   0.387500000000E+03  -0.224795195249E-09   0.000000000000E+00
  187.   0.310937500000E+03  -0.361106283597E-09   0.000000000000E+00   0.389062500000E+03  -0.463406626942E-09   0.000000000000E+00
  188.   0.309375000000E+03  -0.184410908652E-09   0.000000000000E+00   0.390625000000E+03  -0.237929678899E-09   0.000000000000E+00
  189.   0.307812500000E+03  -0.373206498225E-09   0.000000000000E+00   0.392187500000E+03  -0.485742974545E-09   0.000000000000E+00
  190.   0.306250000000E+03  -0.188633259664E-09   0.000000000000E+00   0.393750000000E+03  -0.247125369496E-09   0.000000000000E+00
  191.   0.304687500000E+03  -0.379342747984E-09   0.000000000000E+00   0.395312500000E+03  -0.501619229047E-09   0.000000000000E+00
  192.   0.303125000000E+03  -0.190542244647E-09   0.000000000000E+00   0.396875000000E+03  -0.253801272201E-09   0.000000000000E+00
  193.   0.301562500000E+03  -0.381696776313E-09   0.000000000000E+00   0.398437500000E+03  -0.513361642753E-09   0.000000000000E+00
  194.   0.300000000000E+03  -0.190984338348E-09   0.000000000000E+00   0.400000000000E+03  -0.258864908146E-09   0.000000000000E+00
  195.   0.298437500000E+03  -0.381652843537E-09   0.000000000000E+00   0.401562500000E+03  -0.522459652361E-09   0.000000000000E+00
  196.   0.296875000000E+03  -0.190496800525E-09   0.000000000000E+00   0.403125000000E+03  -0.262897897434E-09   0.000000000000E+00
  197.   0.295312500000E+03  -0.380089116110E-09   0.000000000000E+00   0.404687500000E+03  -0.529866748787E-09   0.000000000000E+00
  198.   0.293750000000E+03  -0.189420146191E-09   0.000000000000E+00   0.406250000000E+03  -0.266271737530E-09   0.000000000000E+00
  199.   0.292187500000E+03  -0.377562893453E-09   0.000000000000E+00   0.407812500000E+03  -0.536193282375E-09   0.000000000000E+00
  200.   0.290625000000E+03  -0.187970772557E-09   0.000000000000E+00   0.409375000000E+03  -0.269224760433E-09   0.000000000000E+00
  201.   0.289062500000E+03  -0.374427696253E-09   0.000000000000E+00   0.410937500000E+03  -0.541829856346E-09   0.000000000000E+00
  202.   0.287500000000E+03  -0.186285783400E-09   0.000000000000E+00   0.412500000000E+03  -0.271909024664E-09   0.000000000000E+00
  203.   0.285937500000E+03  -0.370907670082E-09   0.000000000000E+00   0.414062500000E+03  -0.547026720227E-09   0.000000000000E+00
  204.   0.284375000000E+03  -0.184451704973E-09   0.000000000000E+00   0.415625000000E+03  -0.274422623317E-09   0.000000000000E+00
  205.   0.282812500000E+03  -0.367145077115E-09   0.000000000000E+00   0.417187500000E+03  -0.551944011743E-09   0.000000000000E+00
  206.   0.281250000000E+03  -0.182524308219E-09   0.000000000000E+00   0.418750000000E+03  -0.276827553518E-09   0.000000000000E+00
  207.   0.279687500000E+03  -0.363230053200E-09   0.000000000000E+00   0.420312500000E+03  -0.556684020314E-09   0.000000000000E+00
  208.   0.278125000000E+03  -0.180538212173E-09   0.000000000000E+00   0.421875000000E+03  -0.279163935400E-09   0.000000000000E+00
  209.   0.276562500000E+03  -0.359219803118E-09   0.000000000000E+00   0.423437500000E+03  -0.561312255080E-09   0.000000000000E+00
  210.   0.275000000000E+03  -0.178515470581E-09   0.000000000000E+00   0.425000000000E+03  -0.281457180015E-09   0.000000000000E+00
  211.   0.273437500000E+03  -0.355150599138E-09   0.000000000000E+00   0.426562500000E+03  -0.565870688679E-09   0.000000000000E+00
  212.   0.271875000000E+03  -0.176470317394E-09   0.000000000000E+00   0.428125000000E+03  -0.283723856179E-09   0.000000000000E+00
  213.   0.270312500000E+03  -0.351045358524E-09   0.000000000000E+00   0.429687500000E+03  -0.570386272973E-09   0.000000000000E+00
  214.   0.268750000000E+03  -0.174411661398E-09   0.000000000000E+00   0.431250000000E+03  -0.285974153639E-09   0.000000000000E+00
  215.   0.267187500000E+03  -0.346918559027E-09   0.000000000000E+00   0.432812500000E+03  -0.574876233166E-09   0.000000000000E+00
  216.   0.265625000000E+03  -0.172345056701E-09   0.000000000000E+00   0.434375000000E+03  -0.288215126149E-09   0.000000000000E+00
  217.   0.264062500000E+03  -0.342779460883E-09   0.000000000000E+00   0.435937500000E+03  -0.579351314394E-09   0.000000000000E+00
  218.   0.262500000000E+03  -0.170274109130E-09   0.000000000000E+00   0.437500000000E+03  -0.290450501759E-09   0.000000000000E+00
  219.   0.260937500000E+03  -0.338633882028E-09   0.000000000000E+00   0.439062500000E+03  -0.583818479521E-09   0.000000000000E+00
  220.   0.259375000000E+03  -0.168200951822E-09   0.000000000000E+00   0.440625000000E+03  -0.292683419559E-09   0.000000000000E+00
  221.   0.257812500000E+03  -0.334485414124E-09   0.000000000000E+00   0.442187500000E+03  -0.588282281993E-09   0.000000000000E+00
  222.   0.256250000000E+03  -0.166127018732E-09   0.000000000000E+00   0.443750000000E+03  -0.294915671790E-09   0.000000000000E+00
  223.   0.254687500000E+03  -0.330336373678E-09   0.000000000000E+00   0.445312500000E+03  -0.592745690352E-09   0.000000000000E+00
  224.   0.253125000000E+03  -0.164053425550E-09   0.000000000000E+00   0.446875000000E+03  -0.297147990049E-09   0.000000000000E+00
  225.   0.251562500000E+03  -0.326188232852E-09   0.000000000000E+00   0.448437500000E+03  -0.597210363748E-09   0.000000000000E+00
  226.   0.250000000000E+03  -0.161980401673E-09   0.000000000000E+00   0.450000000000E+03  -0.299381244792E-09   0.000000000000E+00
  227.   0.248437500000E+03  -0.322041834994E-09   0.000000000000E+00   0.451562500000E+03  -0.601677359911E-09   0.000000000000E+00
  228.   0.246875000000E+03  -0.159908440429E-09   0.000000000000E+00   0.453125000000E+03  -0.301615942267E-09   0.000000000000E+00
  229.   0.245312500000E+03  -0.317897789773E-09   0.000000000000E+00   0.454687500000E+03  -0.606147375957E-09   0.000000000000E+00
  230.   0.243750000000E+03  -0.157837776708E-09   0.000000000000E+00   0.456250000000E+03  -0.303852357240E-09   0.000000000000E+00
  231.   0.242187500000E+03  -0.313756411670E-09   0.000000000000E+00   0.457812500000E+03  -0.610620940548E-09   0.000000000000E+00
  232.   0.240625000000E+03  -0.155768405249E-09   0.000000000000E+00   0.459375000000E+03  -0.306090716139E-09   0.000000000000E+00
  233.   0.239062500000E+03  -0.309617806544E-09   0.000000000000E+00   0.460937500000E+03  -0.615098347097E-09   0.000000000000E+00
  234.   0.237500000000E+03  -0.153700570708E-09   0.000000000000E+00   0.462500000000E+03  -0.308330791386E-09   0.000000000000E+00
  235.   0.235937500000E+03  -0.305482073243E-09   0.000000000000E+00   0.464062500000E+03  -0.619579720293E-09   0.000000000000E+00
  236.   0.234375000000E+03  -0.151634103066E-09   0.000000000000E+00   0.465625000000E+03  -0.310572905189E-09   0.000000000000E+00
  237.   0.232812500000E+03  -0.301349313554E-09   0.000000000000E+00   0.467187500000E+03  -0.624065095111E-09   0.000000000000E+00
  238.   0.231250000000E+03  -0.149569187915E-09   0.000000000000E+00   0.468750000000E+03  -0.312817006643E-09   0.000000000000E+00
  239.   0.229687500000E+03  -0.297219554058E-09   0.000000000000E+00   0.470312500000E+03  -0.628554496879E-09   0.000000000000E+00
  240.   0.228125000000E+03  -0.147505808613E-09   0.000000000000E+00   0.471875000000E+03  -0.315063020711E-09   0.000000000000E+00
  241.   0.226562500000E+03  -0.293092695360E-09   0.000000000000E+00   0.473437500000E+03  -0.633047899990E-09   0.000000000000E+00
  242.   0.225000000000E+03  -0.145443831525E-09   0.000000000000E+00   0.475000000000E+03  -0.317311206760E-09   0.000000000000E+00
  243.   0.223437500000E+03  -0.288968758884E-09   0.000000000000E+00   0.476562500000E+03  -0.637545366384E-09   0.000000000000E+00
  244.   0.221875000000E+03  -0.143383286315E-09   0.000000000000E+00   0.478125000000E+03  -0.319561322417E-09   0.000000000000E+00
  245.   0.220312500000E+03  -0.284847737282E-09   0.000000000000E+00   0.479687500000E+03  -0.642047048329E-09   0.000000000000E+00
  246.   0.218750000000E+03  -0.141324139516E-09   0.000000000000E+00   0.481250000000E+03  -0.321813397201E-09   0.000000000000E+00
  247.   0.217187500000E+03  -0.280729543767E-09   0.000000000000E+00   0.482812500000E+03  -0.646552651866E-09   0.000000000000E+00
  248.   0.215625000000E+03  -0.139266411511E-09   0.000000000000E+00   0.484375000000E+03  -0.324067599377E-09   0.000000000000E+00
  249.   0.214062500000E+03  -0.276614152234E-09   0.000000000000E+00   0.485937500000E+03  -0.651062169101E-09   0.000000000000E+00
  250.   0.212500000000E+03  -0.137210130646E-09   0.000000000000E+00   0.487500000000E+03  -0.326323812237E-09   0.000000000000E+00
  251.   0.210937500000E+03  -0.272501529502E-09   0.000000000000E+00   0.489062500000E+03  -0.655575598844E-09   0.000000000000E+00
  252.   0.209375000000E+03  -0.135155213687E-09   0.000000000000E+00   0.490625000000E+03  -0.328581810070E-09   0.000000000000E+00
  253.   0.207812500000E+03  -0.268391631940E-09   0.000000000000E+00   0.492187500000E+03  -0.660092828184E-09   0.000000000000E+00
  254.   0.206250000000E+03  -0.133101581358E-09   0.000000000000E+00   0.493750000000E+03  -0.330841554128E-09   0.000000000000E+00
  255.   0.204687500000E+03  -0.264284426478E-09   0.000000000000E+00   0.495312500000E+03  -0.664613899191E-09   0.000000000000E+00
  256.   0.203125000000E+03  -0.131049300825E-09   0.000000000000E+00   0.496875000000E+03  -0.333103339138E-09   0.000000000000E+00
  257.   0.201562500000E+03  -0.260179826718E-09   0.000000000000E+00   0.498437500000E+03  -0.669138796459E-09   0.000000000000E+00
  258.   0.200000000000E+03  -0.128998267077E-09   0.000000000000E+00   0.500000000000E+03  -0.335367037017E-09   0.000000000000E+00
  259.   0.198437500000E+03  -0.256077822675E-09   0.000000000000E+00   0.501562500000E+03  -0.673667510404E-09   0.000000000000E+00
  260.   0.196875000000E+03  -0.126948536345E-09   0.000000000000E+00   0.503125000000E+03  -0.337632506011E-09   0.000000000000E+00
  261.   0.195312500000E+03  -0.251978360054E-09   0.000000000000E+00   0.504687500000E+03  -0.678199937010E-09   0.000000000000E+00
  262.   0.193750000000E+03  -0.124900067927E-09   0.000000000000E+00   0.506250000000E+03  -0.339899757088E-09   0.000000000000E+00
  263.   0.192187500000E+03  -0.247881405335E-09   0.000000000000E+00   0.507812500000E+03  -0.682736047260E-09   0.000000000000E+00
  264.   0.190625000000E+03  -0.122852829455E-09   0.000000000000E+00   0.509375000000E+03  -0.342169040576E-09   0.000000000000E+00
  265.   0.189062500000E+03  -0.243786883569E-09   0.000000000000E+00   0.510937500000E+03  -0.687275794694E-09   0.000000000000E+00
  266.   0.187500000000E+03  -0.120806839184E-09   0.000000000000E+00   0.512500000000E+03  -0.344439920567E-09   0.000000000000E+00
  267.   0.185937500000E+03  -0.239694847208E-09   0.000000000000E+00   0.514062500000E+03  -0.691819065259E-09   0.000000000000E+00
  268.   0.184375000000E+03  -0.118762026608E-09   0.000000000000E+00   0.515625000000E+03  -0.346712670223E-09   0.000000000000E+00
  269.   0.182812500000E+03  -0.235605235480E-09   0.000000000000E+00   0.517187500000E+03  -0.696365965990E-09   0.000000000000E+00
  270.   0.181250000000E+03  -0.116718409694E-09   0.000000000000E+00   0.518750000000E+03  -0.348987160385E-09   0.000000000000E+00
  271.   0.179687500000E+03  -0.231517963595E-09   0.000000000000E+00   0.520312500000E+03  -0.700916420106E-09   0.000000000000E+00
  272.   0.178125000000E+03  -0.114676008622E-09   0.000000000000E+00   0.521875000000E+03  -0.351263423700E-09   0.000000000000E+00
  273.   0.176562500000E+03  -0.227432986108E-09   0.000000000000E+00   0.523437500000E+03  -0.705470301394E-09   0.000000000000E+00
  274.   0.175000000000E+03  -0.112634639622E-09   0.000000000000E+00   0.525000000000E+03  -0.353541374242E-09   0.000000000000E+00
  275.   0.173437500000E+03  -0.223350286390E-09   0.000000000000E+00   0.526562500000E+03  -0.710027740624E-09   0.000000000000E+00
  276.   0.171875000000E+03  -0.110594417466E-09   0.000000000000E+00   0.528125000000E+03  -0.355821041767E-09   0.000000000000E+00
  277.   0.170312500000E+03  -0.219269863846E-09   0.000000000000E+00   0.529687500000E+03  -0.714588499840E-09   0.000000000000E+00
  278.   0.168750000000E+03  -0.108555316117E-09   0.000000000000E+00   0.531250000000E+03  -0.358102329616E-09   0.000000000000E+00
  279.   0.167187500000E+03  -0.215191684351E-09   0.000000000000E+00   0.532812500000E+03  -0.719152676964E-09   0.000000000000E+00
  280.   0.165625000000E+03  -0.106517312305E-09   0.000000000000E+00   0.534375000000E+03  -0.360385452336E-09   0.000000000000E+00
  281.   0.164062500000E+03  -0.211115668151E-09   0.000000000000E+00   0.535937500000E+03  -0.723720145030E-09   0.000000000000E+00
  282.   0.162500000000E+03  -0.104480352859E-09   0.000000000000E+00   0.537500000000E+03  -0.362670225844E-09   0.000000000000E+00
  283.   0.160937500000E+03  -0.207041803127E-09   0.000000000000E+00   0.539062500000E+03  -0.728291045655E-09   0.000000000000E+00
  284.   0.159375000000E+03  -0.102444546660E-09   0.000000000000E+00   0.540625000000E+03  -0.364956536456E-09   0.000000000000E+00
  285.   0.157812500000E+03  -0.202970085631E-09   0.000000000000E+00   0.542187500000E+03  -0.732865246237E-09   0.000000000000E+00
  286.   0.156250000000E+03  -0.100409720492E-09   0.000000000000E+00   0.543750000000E+03  -0.367244466319E-09   0.000000000000E+00
  287.   0.154687500000E+03  -0.198900481507E-09   0.000000000000E+00   0.545312500000E+03  -0.737442538153E-09   0.000000000000E+00
  288.   0.153125000000E+03  -0.983759297237E-10   0.000000000000E+00   0.546875000000E+03  -0.369534042583E-09   0.000000000000E+00
  289.   0.151562500000E+03  -0.194832943534E-09   0.000000000000E+00   0.548437500000E+03  -0.742023100008E-09   0.000000000000E+00
  290.   0.150000000000E+03  -0.963432140271E-10   0.000000000000E+00   0.550000000000E+03  -0.371824867672E-09   0.000000000000E+00
  291.   0.148437500000E+03  -0.190767485741E-09   0.000000000000E+00   0.551562500000E+03  -0.746606686673E-09   0.000000000000E+00
  292.   0.146875000000E+03  -0.943114026146E-10   0.000000000000E+00   0.553125000000E+03  -0.374117367511E-09   0.000000000000E+00
  293.   0.145312500000E+03  -0.186704046187E-09   0.000000000000E+00   0.554687500000E+03  -0.751193214335E-09   0.000000000000E+00
  294.   0.143750000000E+03  -0.922807351617E-10   0.000000000000E+00   0.556250000000E+03  -0.376411502984E-09   0.000000000000E+00
  295.   0.142187500000E+03  -0.182642648854E-09   0.000000000000E+00   0.557812500000E+03  -0.755782516878E-09   0.000000000000E+00
  296.   0.140625000000E+03  -0.902509962267E-10   0.000000000000E+00   0.559375000000E+03  -0.378706756403E-09   0.000000000000E+00
  297.   0.139062500000E+03  -0.178583272530E-09   0.000000000000E+00   0.560937500000E+03  -0.760374395735E-09   0.000000000000E+00
  298.   0.137500000000E+03  -0.882222067636E-10   0.000000000000E+00   0.562500000000E+03  -0.381003302945E-09   0.000000000000E+00
  299.   0.135937500000E+03  -0.174525905691E-09   0.000000000000E+00   0.564062500000E+03  -0.764968483169E-09   0.000000000000E+00
  300.   0.134375000000E+03  -0.861944132805E-10   0.000000000000E+00   0.565625000000E+03  -0.383300650055E-09   0.000000000000E+00
  301.   0.132812500000E+03  -0.170470548254E-09   0.000000000000E+00   0.567187500000E+03  -0.769563905833E-09   0.000000000000E+00
  302.   0.131250000000E+03  -0.841676928961E-10   0.000000000000E+00   0.568750000000E+03  -0.385598466717E-09   0.000000000000E+00
  303.   0.129687500000E+03  -0.166417251305E-09   0.000000000000E+00   0.570312500000E+03  -0.774159833117E-09   0.000000000000E+00
  304.   0.128125000000E+03  -0.821419282234E-10   0.000000000000E+00   0.571875000000E+03  -0.387897055850E-09   0.000000000000E+00
  305.   0.126562500000E+03  -0.162366094405E-09   0.000000000000E+00   0.573437500000E+03  -0.778754936226E-09   0.000000000000E+00
  306.   0.125000000000E+03  -0.801173834282E-10   0.000000000000E+00   0.575000000000E+03  -0.390194796897E-09   0.000000000000E+00
  307.   0.123437500000E+03  -0.158317316864E-09   0.000000000000E+00   0.576562500000E+03  -0.783347849314E-09   0.000000000000E+00
  308.   0.121875000000E+03  -0.780942573111E-10   0.000000000000E+00   0.578125000000E+03  -0.392492171631E-09   0.000000000000E+00
  309.   0.120312500000E+03  -0.154271430871E-09   0.000000000000E+00   0.579687500000E+03  -0.787937275743E-09   0.000000000000E+00
  310.   0.118750000000E+03  -0.760723614091E-10   0.000000000000E+00   0.581250000000E+03  -0.394785073345E-09   0.000000000000E+00
  311.   0.117187500000E+03  -0.150230501088E-09   0.000000000000E+00   0.582812500000E+03  -0.792528405554E-09   0.000000000000E+00
  312.   0.115625000000E+03  -0.740535839412E-10   0.000000000000E+00   0.584375000000E+03  -0.397079586405E-09   0.000000000000E+00
  313.   0.114062500000E+03  -0.146196902095E-09   0.000000000000E+00   0.585937500000E+03  -0.797124829391E-09   0.000000000000E+00
  314.   0.112500000000E+03  -0.720280281964E-10   0.000000000000E+00   0.587500000000E+03  -0.399310145549E-09   0.000000000000E+00
  315.   0.110937500000E+03  -0.142185836331E-09   0.000000000000E+00   0.589062500000E+03  -0.801800503745E-09   0.000000000000E+00
  316.   0.109375000000E+03  -0.700165998977E-10   0.000000000000E+00   0.590625000000E+03  -0.401591962856E-09   0.000000000000E+00
  317.   0.107812500000E+03  -0.138194654010E-09   0.000000000000E+00   0.592187500000E+03  -0.806514855821E-09   0.000000000000E+00
  318.   0.106250000000E+03  -0.678625591813E-10   0.000000000000E+00   0.593750000000E+03  -0.402946085515E-09   0.000000000000E+00
  319.   0.104687500000E+03  -0.134309295467E-09   0.000000000000E+00   0.595312500000E+03  -0.811731966302E-09   0.000000000000E+00
  320.   0.103125000000E+03  -0.660261932374E-10   0.000000000000E+00   0.596875000000E+03  -0.406253307813E-09   0.000000000000E+00
  321.   0.101562500000E+03  -0.129830499643E-09   0.000000000000E+00   0.598437500000E+03  -0.812994279391E-09   0.000000000000E+00
