i  r_top  QtopRe  QtopIm  r_bot  QbotRe  QbotIm   [mm, mC]
    1.   0.600000000000E+03  -0.163746784037E-10   0.000000000000E+00   0.100000000000E+03  -0.171405179224E-11   0.000000000000E+00
    2.   0.100000000000E+03  -0.171404792500E-11   0.000000000000E+00   0.600000000000E+03  -0.163746779811E-10   0.000000000000E+00
    3.   0.596875000000E+03  -0.543894257379E-10   0.000000000000E+00   0.103125000000E+03  -0.597203555255E-11   0.000000000000E+00
    4.   0.593750000000E+03  -0.217214566279E-10   0.000000000000E+00   0.106250000000E+03  -0.240541667530E-11   0.000000000000E+00
    5.   0.590625000000E+03  -0.496094027364E-10   0.000000000000E+00   0.109375000000E+03  -0.549388020348E-11   0.000000000000E+00
    6.   0.587500000000E+03  -0.255674600751E-10   0.000000000000E+00   0.112500000000E+03  -0.287301903346E-11   0.000000000000E+00
    7.   0.584375000000E+03  -0.528856766146E-10   0.000000000000E+00   0.115625000000E+03  -0.609960834808E-11   0.000000000000E+00
    8.   0.581250000000E+03  -0.260181865335E-10   0.000000000000E+00   0.118750000000E+03  -0.310530012596E-11   0.000000000000E+00
    9.   0.578125000000E+03  -0.524048184068E-10   0.000000000000E+00   0.121875000000E+03  -0.645750987002E-11   0.000000000000E+00
   10.   0.575000000000E+03  -0.253225344356E-10   0.000000000000E+00   0.125000000000E+03  -0.325115696657E-11   0.000000000000E+00
   11.   0.571875000000E+03  -0.513492055535E-10   0.000000000000E+00   0.128125000000E+03  -0.679705577639E-11   0.000000000000E+00
   12.   0.568750000000E+03  -0.248499785643E-10   0.000000000000E+00   0.131250000000E+03  -0.342999545104E-11   0.000000000000E+00
   13.   0.565625000000E+03  -0.504409132126E-10   0.000000000000E+00   0.134375000000E+03  -0.716737710389E-11   0.000000000000E+00
   14.   0.562500000000E+03  -0.244092185599E-10   0.000000000000E+00   0.137500000000E+03  -0.361725016004E-11   0.000000000000E+00
   15.   0.559375000000E+03  -0.495514899916E-10   0.000000000000E+00   0.140625000000E+03  -0.754803261491E-11   0.000000000000E+00
   16.   0.556250000000E+03  -0.239689657497E-10   0.000000000000E+00   0.143750000000E+03  -0.380758704615E-11   0.000000000000E+00
   17.   0.553125000000E+03  -0.486671958083E-10   0.000000000000E+00   0.146875000000E+03  -0.793461115193E-11   0.000000000000E+00
   18.   0.550000000000E+03  -0.235314085008E-10   0.000000000000E+00   0.150000000000E+03  -0.400045016329E-11   0.000000000000E+00
   19.   0.546875000000E+03  -0.477894935940E-10   0.000000000000E+00   0.153125000000E+03  -0.832627924096E-11   0.000000000000E+00
   20.   0.543750000000E+03  -0.230974166655E-10   0.000000000000E+00   0.156250000000E+03  -0.419571718639E-11   0.000000000000E+00
   21.   0.540625000000E+03  -0.469184779865E-10   0.000000000000E+00   0.159375000000E+03  -0.872274514061E-11   0.000000000000E+00
   22.   0.537500000000E+03  -0.226664848230E-10   0.000000000000E+00   0.162500000000E+03  -0.439325381610E-11   0.000000000000E+00
   23.   0.534375000000E+03  -0.460538825103E-10   0.000000000000E+00   0.165625000000E+03  -0.912393191158E-11   0.000000000000E+00
   24.   0.531250000000E+03  -0.222386511806E-10   0.000000000000E+00   0.168750000000E+03  -0.459311554600E-11   0.000000000000E+00
   25.   0.528125000000E+03  -0.451957918285E-10   0.000000000000E+00   0.171875000000E+03  -0.952987746620E-11   0.000000000000E+00
   26.   0.525000000000E+03  -0.218140184423E-10   0.000000000000E+00   0.175000000000E+03  -0.479528298155E-11   0.000000000000E+00
   27.   0.521875000000E+03  -0.443442045152E-10   0.000000000000E+00   0.178125000000E+03  -0.994067432444E-11   0.000000000000E+00
   28.   0.518750000000E+03  -0.213924958172E-10   0.000000000000E+00   0.181250000000E+03  -0.499984877825E-11   0.000000000000E+00
   29.   0.515625000000E+03  -0.434992502548E-10   0.000000000000E+00   0.184375000000E+03  -0.103564542182E-10   0.000000000000E+00
   30.   0.512500000000E+03  -0.209742402593E-10   0.000000000000E+00   0.187500000000E+03  -0.520688047289E-11   0.000000000000E+00
   31.   0.509375000000E+03  -0.426610789834E-10   0.000000000000E+00   0.190625000000E+03  -0.107773372200E-10   0.000000000000E+00
   32.   0.506250000000E+03  -0.205592880466E-10   0.000000000000E+00   0.193750000000E+03  -0.541642348915E-11   0.000000000000E+00
   33.   0.503125000000E+03  -0.418297643263E-10   0.000000000000E+00   0.196875000000E+03  -0.112034464969E-10   0.000000000000E+00
   34.   0.500000000000E+03  -0.201476268934E-10   0.000000000000E+00   0.200000000000E+03  -0.562855548623E-11   0.000000000000E+00
   35.   0.496875000000E+03  -0.410054760869E-10   0.000000000000E+00   0.203125000000E+03  -0.116349372812E-10   0.000000000000E+00
   36.   0.493750000000E+03  -0.197394180245E-10   0.000000000000E+00   0.206250000000E+03  -0.584335097872E-11   0.000000000000E+00
   37.   0.490625000000E+03  -0.401883466520E-10   0.000000000000E+00   0.209375000000E+03  -0.120719450467E-10   0.000000000000E+00
   38.   0.487500000000E+03  -0.193346703147E-10   0.000000000000E+00   0.212500000000E+03  -0.606087640514E-11   0.000000000000E+00
   39.   0.484375000000E+03  -0.393785228828E-10   0.000000000000E+00   0.215625000000E+03  -0.125146146584E-10   0.000000000000E+00
   40.   0.481250000000E+03  -0.189334420238E-10   0.000000000000E+00   0.218750000000E+03  -0.628122169389E-11   0.000000000000E+00
   41.   0.478125000000E+03  -0.385761030080E-10   0.000000000000E+00   0.221875000000E+03  -0.129631263483E-10   0.000000000000E+00
   42.   0.475000000000E+03  -0.185357946220E-10   0.000000000000E+00   0.225000000000E+03  -0.650445562565E-11   0.000000000000E+00
   43.   0.471875000000E+03  -0.377812964267E-10   0.000000000000E+00   0.228125000000E+03  -0.134176418693E-10   0.000000000000E+00
   44.   0.468750000000E+03  -0.181418831845E-10   0.000000000000E+00   0.231250000000E+03  -0.673066440814E-11   0.000000000000E+00
   45.   0.465625000000E+03  -0.369942659954E-10   0.000000000000E+00   0.234375000000E+03  -0.138783330014E-10   0.000000000000E+00
   46.   0.462500000000E+03  -0.177517574386E-10   0.000000000000E+00   0.237500000000E+03  -0.695996677227E-11   0.000000000000E+00
   47.   0.459375000000E+03  -0.362151922322E-10   0.000000000000E+00   0.240625000000E+03  -0.143453907792E-10   0.000000000000E+00
   48.   0.456250000000E+03  -0.173654745234E-10   0.000000000000E+00   0.243750000000E+03  -0.719244035675E-11   0.000000000000E+00
   49.   0.453125000000E+03  -0.354443138997E-10   0.000000000000E+00   0.246875000000E+03  -0.148190787927E-10   0.000000000000E+00
   50.   0.450000000000E+03  -0.169832196217E-10   0.000000000000E+00   0.250000000000E+03  -0.742825776766E-11   0.000000000000E+00
   51.   0.446875000000E+03  -0.346820175912E-10   0.000000000000E+00   0.253125000000E+03  -0.152997581181E-10   0.000000000000E+00
   52.   0.443750000000E+03  -0.166053012748E-10   0.000000000000E+00   0.256250000000E+03  -0.766766442974E-11   0.000000000000E+00
   53.   0.440625000000E+03  -0.339291120051E-10   0.000000000000E+00   0.259375000000E+03  -0.157881158874E-10   0.000000000000E+00
   54.   0.437500000000E+03  -0.162323773567E-10   0.000000000000E+00   0.262500000000E+03  -0.791126141704E-11   0.000000000000E+00
   55.   0.434375000000E+03  -0.331875682038E-10   0.000000000000E+00   0.265625000000E+03  -0.162858026053E-10   0.000000000000E+00
   56.   0.431250000000E+03  -0.158661322973E-10   0.000000000000E+00   0.268750000000E+03  -0.816043089673E-11   0.000000000000E+00
   57.   0.428125000000E+03  -0.324623186255E-10   0.000000000000E+00   0.271875000000E+03  -0.167969664009E-10   0.000000000000E+00
   58.   0.425000000000E+03  -0.155113008868E-10   0.000000000000E+00   0.275000000000E+03  -0.841915476655E-11   0.000000000000E+00
   59.   0.421875000000E+03  -0.317677112435E-10   0.000000000000E+00   0.278125000000E+03  -0.173336885799E-10   0.000000000000E+00
   60.   0.418750000000E+03  -0.151794006401E-10   0.000000000000E+00   0.281250000000E+03  -0.869728924575E-11   0.000000000000E+00
   61.   0.415625000000E+03  -0.311415078555E-10   0.000000000000E+00   0.284375000000E+03  -0.179282672968E-10   0.000000000000E+00
   62.   0.412500000000E+03  -0.149050605913E-10   0.000000000000E+00   0.287500000000E+03  -0.902444616971E-11   0.000000000000E+00
   63.   0.409375000000E+03  -0.306981562355E-10   0.000000000000E+00   0.290625000000E+03  -0.186801699301E-10   0.000000000000E+00
   64.   0.406250000000E+03  -0.147669932522E-10   0.000000000000E+00   0.293750000000E+03  -0.947020601839E-11   0.000000000000E+00
   65.   0.403125000000E+03  -0.307208158548E-10   0.000000000000E+00   0.296875000000E+03  -0.198406550479E-10   0.000000000000E+00
   66.   0.400000000000E+03  -0.150277162884E-10   0.000000000000E+00   0.300000000000E+03  -0.102667823571E-10   0.000000000000E+00
   67.   0.396875000000E+03  -0.321180742438E-10   0.000000000000E+00   0.303125000000E+03  -0.222279699739E-10   0.000000000000E+00
   68.   0.393750000000E+03  -0.162854570640E-10   0.000000000000E+00   0.306250000000E+03  -0.119623085261E-10   0.000000000000E+00
   69.   0.390625000000E+03  -0.371211509572E-10   0.000000000000E+00   0.309375000000E+03  -0.278919548760E-10   0.000000000000E+00
   70.   0.387500000000E+03  -0.209928656218E-10   0.000000000000E+00   0.312500000000E+03  -0.167901681049E-10   0.000000000000E+00
   71.   0.384375000000E+03  -0.526007963495E-10   0.000000000000E+00   0.315625000000E+03  -0.432645857033E-10   0.000000000000E+00
   72.   0.381250000000E+03  -0.314446368275E-10   0.000000000000E+00   0.318750000000E+03  -0.270396067060E-10   0.000000000000E+00
   73.   0.378125000000E+03  -0.903017731274E-10   0.000000000000E+00   0.321875000000E+03  -0.796616442156E-10   0.000000000000E+00
   74.   0.375000000000E+03  -0.620010825712E-10   0.000000000000E+00   0.325000000000E+03  -0.561769923320E-10   0.000000000000E+00
   75.   0.371875000000E+03  -0.226538716139E-09   0.000000000000E+00   0.328125000000E+03  -0.210266914759E-09   0.000000000000E+00
   76.   0.368750000000E+03  -0.173706797836E-09   0.000000000000E+00   0.331250000000E+03  -0.163212624907E-09   0.000000000000E+00
   77.   0.365625000000E+03  -0.674444755337E-09   0.000000000000E+00   0.334375000000E+03  -0.644009758314E-09   0.000000000000E+00
   78.   0.362500000000E+03  -0.651039611928E-09   0.000000000000E+00   0.337500000000E+03  -0.623233766204E-09   0.000000000000E+00
   79.   0.359375000000E+03  -0.120302745189E-08   0.000000000000E+00   0.340625000000E+03  -0.117749417373E-08   0.000000000000E+00
   80.   0.356250000000E+03  -0.647601671707E-09   0.000000000000E+00   0.343750000000E+03  -0.630491122484E-09   0.000000000000E+00
   81.   0.353125000000E+03   0.105142479428E-08   0.000000000000E+00   0.346875000000E+03   0.104178039873E-08   0.000000000000E+00
   82.   0.350000000000E+03   0.811214158402E-08   0.000000000000E+00   0.350000000000E+03   0.811214156759E-08   0.000000000000E+00
   83.   0.346875000000E+03   0.104178044202E-08   0.000000000000E+00   0.353125000000E+03   0.105142475117E-08   0.000000000000E+00
   84.   0.343750000000E+03  -0.630491084338E-09   0.000000000000E+00   0.356250000000E+03  -0.647601676636E-09   0.000000000000E+00
   85.   0.340625000000E+03  -0.117749412053E-08   0.000000000000E+00   0.359375000000E+03  -0.120302749125E-08   0.000000000000E+00
   86.   0.337500000000E+03  -0.623233730667E-09   0.000000000000E+00   0.362500000000E+03  -0.651039622052E-09   0.000000000000E+00
   87.   0.334375000000E+03  -0.644009699692E-09   0.000000000000E+00   0.365625000000E+03  -0.674444818175E-09   0.000000000000E+00
   88.   0.331250000000E+03  -0.163212601302E-09   0.000000000000E+00   0.368750000000E+03  -0.173706846500E-09   0.000000000000E+00
   89.   0.328125000000E+03  -0.210266871770E-09   0.000000000000E+00   0.371875000000E+03  -0.226538783180E-09   0.000000000000E+00
   90.   0.325000000000E+03  -0.561769861779E-10   0.000000000000E+00   0.375000000000E+03  -0.620011297853E-10   0.000000000000E+00
   91.   0.321875000000E+03  -0.796616220535E-10   0.000000000000E+00   0.378125000000E+03  -0.903018312799E-10   0.000000000000E+00
   92.   0.318750000000E+03  -0.270396247661E-10   0.000000000000E+00   0.381250000000E+03  -0.314446768473E-10   0.000000000000E+00
   93.   0.315625000000E+03  -0.432645681624E-10   0.000000000000E+00   0.384375000000E+03  -0.526008426124E-10   0.000000000000E+00
   94.   0.312500000000E+03  -0.167901785468E-10   0.000000000000E+00   0.387500000000E+03  -0.209928665468E-10   0.000000000000E+00
   95.   0.309375000000E+03  -0.278919553748E-10   0.000000000000E+00   0.390625000000E+03  -0.371212032442E-10   0.000000000000E+00
   96.   0.306250000000E+03  -0.119623060011E-10   0.000000000000E+00   0.393750000000E+03  -0.162855158037E-10   0.000000000000E+00
   97.   0.303125000000E+03  -0.222279540951E-10   0.000000000000E+00   0.396875000000E+03  -0.321181190039E-10   0.000000000000E+00
   98.   0.300000000000E+03  -0.102667717447E-10   0.000000000000E+00   0.400000000000E+03  -0.150277257273E-10   0.000000000000E+00
   99.   0.296875000000E+03  -0.198406148864E-10   0.000000000000E+00   0.403125000000E+03  -0.307208272003E-10   0.000000000000E+00
  100.   0.293750000000E+03  -0.947019577442E-11   0.000000000000E+00   0.406250000000E+03  -0.147670131487E-10   0.000000000000E+00
  101.   0.290625000000E+03  -0.186801202743E-10   0.000000000000E+00   0.409375000000E+03  -0.306981795108E-10   0.000000000000E+00
  102.   0.287500000000E+03  -0.902442390989E-11   0.000000000000E+00   0.412500000000E+03  -0.149050776631E-10   0.000000000000E+00
  103.   0.284375000000E+03  -0.179282164886E-10   0.000000000000E+00   0.415625000000E+03  -0.311415642430E-10   0.000000000000E+00
  104.   0.281250000000E+03  -0.869725703592E-11   0.000000000000E+00   0.418750000000E+03  -0.151794174412E-10   0.000000000000E+00
  105.   0.278125000000E+03  -0.173336379935E-10   0.000000000000E+00   0.421875000000E+03  -0.317677553707E-10   0.000000000000E+00
  106.   0.275000000000E+03  -0.841912858313E-11   0.000000000000E+00   0.425000000000E+03  -0.155112868296E-10   0.000000000000E+00
  107.   0.271875000000E+03  -0.167969233604E-10   0.000000000000E+00   0.428125000000E+03  -0.324623462872E-10   0.000000000000E+00
  108.   0.268750000000E+03  -0.816041432051E-11   0.000000000000E+00   0.431250000000E+03  -0.158661384402E-10   0.000000000000E+00
  109.   0.265625000000E+03  -0.162857596021E-10   0.000000000000E+00   0.434375000000E+03  -0.331876050663E-10   0.000000000000E+00
  110.   0.262500000000E+03  -0.791123968383E-11   0.000000000000E+00   0.437500000000E+03  -0.162324070063E-10   0.000000000000E+00
  111.   0.259375000000E+03  -0.157880698559E-10   0.000000000000E+00   0.440625000000E+03  -0.339291624717E-10   0.000000000000E+00
  112.   0.256250000000E+03  -0.766764002886E-11   0.000000000000E+00   0.443750000000E+03  -0.166053649685E-10   0.000000000000E+00
  113.   0.253125000000E+03  -0.152997091042E-10   0.000000000000E+00   0.446875000000E+03  -0.346820582072E-10   0.000000000000E+00
  114.   0.250000000000E+03  -0.742823377355E-11   0.000000000000E+00   0.450000000000E+03  -0.169832701575E-10   0.000000000000E+00
  115.   0.246875000000E+03  -0.148190398736E-10   0.000000000000E+00   0.453125000000E+03  -0.354443306597E-10   0.000000000000E+00
  116.   0.243750000000E+03  -0.719243958244E-11   0.000000000000E+00   0.456250000000E+03  -0.173654767958E-10   0.000000000000E+00
  117.   0.240625000000E+03  -0.143453658640E-10   0.000000000000E+00   0.459375000000E+03  -0.362152146138E-10   0.000000000000E+00
  118.   0.237500000000E+03  -0.695996087820E-11   0.000000000000E+00   0.462500000000E+03  -0.177517591103E-10   0.000000000000E+00
  119.   0.234375000000E+03  -0.138783063518E-10   0.000000000000E+00   0.465625000000E+03  -0.369942979301E-10   0.000000000000E+00
  120.   0.231250000000E+03  -0.673066423732E-11   0.000000000000E+00   0.468750000000E+03  -0.181419179842E-10   0.000000000000E+00
  121.   0.228125000000E+03  -0.134176203890E-10   0.000000000000E+00   0.471875000000E+03  -0.377813500517E-10   0.000000000000E+00
  122.   0.225000000000E+03  -0.650444587254E-11   0.000000000000E+00   0.475000000000E+03  -0.185358504703E-10   0.000000000000E+00
  123.   0.221875000000E+03  -0.129631101856E-10   0.000000000000E+00   0.478125000000E+03  -0.385761667623E-10   0.000000000000E+00
  124.   0.218750000000E+03  -0.628121217329E-11   0.000000000000E+00   0.481250000000E+03  -0.189334556953E-10   0.000000000000E+00
  125.   0.215625000000E+03  -0.125146039899E-10   0.000000000000E+00   0.484375000000E+03  -0.393785621470E-10   0.000000000000E+00
  126.   0.212500000000E+03  -0.606087852101E-11   0.000000000000E+00   0.487500000000E+03  -0.193346518291E-10   0.000000000000E+00
  127.   0.209375000000E+03  -0.120719309772E-10   0.000000000000E+00   0.490625000000E+03  -0.401883839478E-10   0.000000000000E+00
  128.   0.206250000000E+03  -0.584334855575E-11   0.000000000000E+00   0.493750000000E+03  -0.197393894224E-10   0.000000000000E+00
  129.   0.203125000000E+03  -0.116349224519E-10   0.000000000000E+00   0.496875000000E+03  -0.410055070348E-10   0.000000000000E+00
  130.   0.200000000000E+03  -0.562855349211E-11   0.000000000000E+00   0.500000000000E+03  -0.201476344934E-10   0.000000000000E+00
  131.   0.196875000000E+03  -0.112034314758E-10   0.000000000000E+00   0.503125000000E+03  -0.418297861338E-10   0.000000000000E+00
  132.   0.193750000000E+03  -0.541641897720E-11   0.000000000000E+00   0.506250000000E+03  -0.205592578571E-10   0.000000000000E+00
  133.   0.190625000000E+03  -0.107773162291E-10   0.000000000000E+00   0.509375000000E+03  -0.426610540561E-10   0.000000000000E+00
  134.   0.187500000000E+03  -0.520686687238E-11   0.000000000000E+00   0.512500000000E+03  -0.209742510137E-10   0.000000000000E+00
  135.   0.184375000000E+03  -0.103564346618E-10   0.000000000000E+00   0.515625000000E+03  -0.434992306233E-10   0.000000000000E+00
  136.   0.181250000000E+03  -0.499984707233E-11   0.000000000000E+00   0.518750000000E+03  -0.213925258285E-10   0.000000000000E+00
  137.   0.178125000000E+03  -0.994065237888E-11   0.000000000000E+00   0.521875000000E+03  -0.443441856848E-10   0.000000000000E+00
  138.   0.175000000000E+03  -0.479526895482E-11   0.000000000000E+00   0.525000000000E+03  -0.218139754872E-10   0.000000000000E+00
  139.   0.171875000000E+03  -0.952984502839E-11   0.000000000000E+00   0.528125000000E+03  -0.451957723443E-10   0.000000000000E+00
  140.   0.168750000000E+03  -0.459309027848E-11   0.000000000000E+00   0.531250000000E+03  -0.222386643190E-10   0.000000000000E+00
  141.   0.165625000000E+03  -0.912390009324E-11   0.000000000000E+00   0.534375000000E+03  -0.460539155507E-10   0.000000000000E+00
  142.   0.162500000000E+03  -0.439324348134E-11   0.000000000000E+00   0.537500000000E+03  -0.226664972501E-10   0.000000000000E+00
  143.   0.159375000000E+03  -0.872272522477E-11   0.000000000000E+00   0.540625000000E+03  -0.469185375086E-10   0.000000000000E+00
  144.   0.156250000000E+03  -0.419570217342E-11   0.000000000000E+00   0.543750000000E+03  -0.230974004057E-10   0.000000000000E+00
  145.   0.153125000000E+03  -0.832626150880E-11   0.000000000000E+00   0.546875000000E+03  -0.477895579157E-10   0.000000000000E+00
  146.   0.150000000000E+03  -0.400043758646E-11   0.000000000000E+00   0.550000000000E+03  -0.235314205545E-10   0.000000000000E+00
  147.   0.146875000000E+03  -0.793459090446E-11   0.000000000000E+00   0.553125000000E+03  -0.486672754026E-10   0.000000000000E+00
  148.   0.143750000000E+03  -0.380757958110E-11   0.000000000000E+00   0.556250000000E+03  -0.239690702108E-10   0.000000000000E+00
  149.   0.140625000000E+03  -0.754801323810E-11   0.000000000000E+00   0.559375000000E+03  -0.495515467931E-10   0.000000000000E+00
  150.   0.137500000000E+03  -0.361724288764E-11   0.000000000000E+00   0.562500000000E+03  -0.244092233928E-10   0.000000000000E+00
  151.   0.134375000000E+03  -0.716735956790E-11   0.000000000000E+00   0.565625000000E+03  -0.504409514365E-10   0.000000000000E+00
  152.   0.131250000000E+03  -0.342998917201E-11   0.000000000000E+00   0.568750000000E+03  -0.248500202039E-10   0.000000000000E+00
  153.   0.128125000000E+03  -0.679703707017E-11   0.000000000000E+00   0.571875000000E+03  -0.513492227591E-10   0.000000000000E+00
  154.   0.125000000000E+03  -0.325114798965E-11   0.000000000000E+00   0.575000000000E+03  -0.253225382496E-10   0.000000000000E+00
  155.   0.121875000000E+03  -0.645749244476E-11   0.000000000000E+00   0.578125000000E+03  -0.524048453792E-10   0.000000000000E+00
  156.   0.118750000000E+03  -0.310528880013E-11   0.000000000000E+00   0.581250000000E+03  -0.260182545162E-10   0.000000000000E+00
  157.   0.115625000000E+03  -0.609959058512E-11   0.000000000000E+00   0.584375000000E+03  -0.528857310240E-10   0.000000000000E+00
  158.   0.112500000000E+03  -0.287301054651E-11   0.000000000000E+00   0.587500000000E+03  -0.255674571376E-10   0.000000000000E+00
  159.   0.109375000000E+03  -0.549386425667E-11   0.000000000000E+00   0.590625000000E+03  -0.496093917697E-10   0.000000000000E+00
  160.   0.106250000000E+03  -0.240540804761E-11   0.000000000000E+00   0.593750000000E+03  -0.217213515910E-10   0.000000000000E+00
  161.   0.103125000000E+03  -0.597202063551E-11   0.000000000000E+00   0.596875000000E+03  -0.543893863141E-10   0.000000000000E+00
