i  r_top  QtopRe  QtopIm  r_bot  QbotRe  QbotIm   [mm, mC]
    1.   0.600000000000E+03  -0.157180089310E-06   0.000000000000E+00   0.100000000000E+03   0.170285513546E-12   0.000000000000E+00
    2.   0.100000000000E+03   0.170284769289E-12   0.000000000000E+00   0.600000000000E+03  -0.157180089309E-06   0.000000000000E+00
    3.   0.596875000000E+03  -0.457464708591E-08   0.000000000000E+00   0.103125000000E+03   0.636290914304E-12   0.000000000000E+00
    4.   0.593750000000E+03   0.442261237478E-07   0.000000000000E+00   0.106250000000E+03   0.273353134783E-12   0.000000000000E+00
    5.   0.590625000000E+03   0.519193396162E-07   0.000000000000E+00   0.109375000000E+03   0.645039842190E-12   0.000000000000E+00
    6.   0.587500000000E+03   0.210227391849E-07   0.000000000000E+00   0.112500000000E+03   0.346852910957E-12   0.000000000000E+00
    7.   0.584375000000E+03   0.228366184769E-07   0.000000000000E+00   0.115625000000E+03   0.736667254436E-12   0.000000000000E+00
    8.   0.581250000000E+03   0.573137223870E-08   0.000000000000E+00   0.118750000000E+03   0.375612962794E-12   0.000000000000E+00
    9.   0.578125000000E+03   0.668322128462E-08   0.000000000000E+00   0.121875000000E+03   0.775023286397E-12   0.000000000000E+00
   10.   0.575000000000E+03   0.159279504032E-08   0.000000000000E+00   0.125000000000E+03   0.387717554962E-12   0.000000000000E+00
   11.   0.571875000000E+03   0.218103966701E-08   0.000000000000E+00   0.128125000000E+03   0.802831243986E-12   0.000000000000E+00
   12.   0.568750000000E+03   0.680570232984E-09   0.000000000000E+00   0.131250000000E+03   0.401709347065E-12   0.000000000000E+00
   13.   0.565625000000E+03   0.844387886567E-09   0.000000000000E+00   0.134375000000E+03   0.830747216910E-12   0.000000000000E+00
   14.   0.562500000000E+03   0.248764760253E-09   0.000000000000E+00   0.137500000000E+03   0.415422334482E-12   0.000000000000E+00
   15.   0.559375000000E+03   0.294332174654E-09   0.000000000000E+00   0.140625000000E+03   0.857602871953E-12   0.000000000000E+00
   16.   0.556250000000E+03   0.884585732662E-10   0.000000000000E+00   0.143750000000E+03   0.428550196819E-12   0.000000000000E+00
   17.   0.553125000000E+03   0.104363654788E-09   0.000000000000E+00   0.146875000000E+03   0.883359287315E-12   0.000000000000E+00
   18.   0.550000000000E+03   0.313897844783E-10   0.000000000000E+00   0.150000000000E+03   0.441152144242E-12   0.000000000000E+00
   19.   0.546875000000E+03   0.364569051804E-10   0.000000000000E+00   0.153125000000E+03   0.908088893446E-12   0.000000000000E+00
   20.   0.543750000000E+03   0.118181049238E-10   0.000000000000E+00   0.156250000000E+03   0.453260339383E-12   0.000000000000E+00
   21.   0.540625000000E+03   0.129398920289E-10   0.000000000000E+00   0.159375000000E+03   0.931800363936E-12   0.000000000000E+00
   22.   0.537500000000E+03   0.447984427500E-11   0.000000000000E+00   0.162500000000E+03   0.464848007375E-12   0.000000000000E+00
   23.   0.534375000000E+03   0.450948578679E-11   0.000000000000E+00   0.165625000000E+03   0.954473157362E-12   0.000000000000E+00
   24.   0.531250000000E+03   0.182928153527E-11   0.000000000000E+00   0.168750000000E+03   0.475926801206E-12   0.000000000000E+00
   25.   0.528125000000E+03   0.161210663184E-11   0.000000000000E+00   0.171875000000E+03   0.976090465018E-12   0.000000000000E+00
   26.   0.525000000000E+03   0.854654375648E-12   0.000000000000E+00   0.175000000000E+03   0.486474857168E-12   0.000000000000E+00
   27.   0.521875000000E+03   0.606027330128E-12   0.000000000000E+00   0.178125000000E+03   0.996632542381E-12   0.000000000000E+00
   28.   0.518750000000E+03   0.512423540301E-12   0.000000000000E+00   0.181250000000E+03   0.496480277798E-12   0.000000000000E+00
   29.   0.515625000000E+03   0.271022806710E-12   0.000000000000E+00   0.184375000000E+03   0.101607752501E-11   0.000000000000E+00
   30.   0.512500000000E+03   0.398878902047E-12   0.000000000000E+00   0.187500000000E+03   0.505942422375E-12   0.000000000000E+00
   31.   0.509375000000E+03   0.169521136575E-12   0.000000000000E+00   0.190625000000E+03   0.103440769556E-11   0.000000000000E+00
   32.   0.506250000000E+03   0.369601973837E-12   0.000000000000E+00   0.193750000000E+03   0.514839551686E-12   0.000000000000E+00
   33.   0.503125000000E+03   0.152131897187E-12   0.000000000000E+00   0.196875000000E+03   0.105159618126E-11   0.000000000000E+00
   34.   0.500000000000E+03   0.370531553215E-12   0.000000000000E+00   0.200000000000E+03   0.523169170814E-12   0.000000000000E+00
   35.   0.496875000000E+03   0.164980491630E-12   0.000000000000E+00   0.203125000000E+03   0.106761842517E-11   0.000000000000E+00
   36.   0.493750000000E+03   0.382574493674E-12   0.000000000000E+00   0.206250000000E+03   0.530914792172E-12   0.000000000000E+00
   37.   0.490625000000E+03   0.189081447456E-12   0.000000000000E+00   0.209375000000E+03   0.108245661636E-11   0.000000000000E+00
   38.   0.487500000000E+03   0.398807938024E-12   0.000000000000E+00   0.212500000000E+03   0.538073165865E-12   0.000000000000E+00
   39.   0.484375000000E+03   0.217505324497E-12   0.000000000000E+00   0.215625000000E+03   0.109608763912E-11   0.000000000000E+00
   40.   0.481250000000E+03   0.416762961923E-12   0.000000000000E+00   0.218750000000E+03   0.544622513512E-12   0.000000000000E+00
   41.   0.478125000000E+03   0.247710840633E-12   0.000000000000E+00   0.221875000000E+03   0.110848167508E-11   0.000000000000E+00
   42.   0.475000000000E+03   0.435503913085E-12   0.000000000000E+00   0.225000000000E+03   0.550557241029E-12   0.000000000000E+00
   43.   0.471875000000E+03   0.278703027820E-12   0.000000000000E+00   0.228125000000E+03   0.111961464351E-11   0.000000000000E+00
   44.   0.468750000000E+03   0.454654640947E-12   0.000000000000E+00   0.231250000000E+03   0.555861489392E-12   0.000000000000E+00
   45.   0.465625000000E+03   0.310041030792E-12   0.000000000000E+00   0.234375000000E+03   0.112945346048E-11   0.000000000000E+00
   46.   0.462500000000E+03   0.474027395440E-12   0.000000000000E+00   0.237500000000E+03   0.560512564670E-12   0.000000000000E+00
   47.   0.459375000000E+03   0.341461032482E-12   0.000000000000E+00   0.240625000000E+03   0.113794959106E-11   0.000000000000E+00
   48.   0.456250000000E+03   0.493493424407E-12   0.000000000000E+00   0.243750000000E+03   0.564478695754E-12   0.000000000000E+00
   49.   0.453125000000E+03   0.372716964208E-12   0.000000000000E+00   0.246875000000E+03   0.114502199096E-11   0.000000000000E+00
   50.   0.450000000000E+03   0.512896334346E-12   0.000000000000E+00   0.250000000000E+03   0.567695478840E-12   0.000000000000E+00
   51.   0.446875000000E+03   0.403436465284E-12   0.000000000000E+00   0.253125000000E+03   0.115046390252E-11   0.000000000000E+00
   52.   0.443750000000E+03   0.531966568381E-12   0.000000000000E+00   0.256250000000E+03   0.569973464314E-12   0.000000000000E+00
   53.   0.440625000000E+03   0.432865279564E-12   0.000000000000E+00   0.259375000000E+03   0.115374829712E-11   0.000000000000E+00
   54.   0.437500000000E+03   0.550030959560E-12   0.000000000000E+00   0.262500000000E+03   0.570826964821E-12   0.000000000000E+00
   55.   0.434375000000E+03   0.459086434575E-12   0.000000000000E+00   0.265625000000E+03   0.115340673913E-11   0.000000000000E+00
   56.   0.431250000000E+03   0.565429451810E-12   0.000000000000E+00   0.268750000000E+03   0.568916523023E-12   0.000000000000E+00
   57.   0.428125000000E+03   0.477196694629E-12   0.000000000000E+00   0.271875000000E+03   0.114547835913E-11   0.000000000000E+00
   58.   0.425000000000E+03   0.573478693544E-12   0.000000000000E+00   0.275000000000E+03   0.560408201595E-12   0.000000000000E+00
   59.   0.421875000000E+03   0.472912337055E-12   0.000000000000E+00   0.278125000000E+03   0.111807473592E-11   0.000000000000E+00
   60.   0.418750000000E+03   0.562626894213E-12   0.000000000000E+00   0.281250000000E+03   0.535524215147E-12   0.000000000000E+00
   61.   0.415625000000E+03   0.408536899924E-12   0.000000000000E+00   0.284375000000E+03   0.103908976163E-11   0.000000000000E+00
   62.   0.412500000000E+03   0.498331066748E-12   0.000000000000E+00   0.287500000000E+03   0.464712301560E-12   0.000000000000E+00
   63.   0.409375000000E+03   0.169694390547E-12   0.000000000000E+00   0.290625000000E+03   0.809253733030E-12   0.000000000000E+00
   64.   0.406250000000E+03   0.301910337053E-12   0.000000000000E+00   0.293750000000E+03   0.278538037250E-12   0.000000000000E+00
   65.   0.403125000000E+03  -0.526763144249E-12   0.000000000000E+00   0.296875000000E+03   0.177528861756E-12   0.000000000000E+00
   66.   0.400000000000E+03  -0.289167296858E-12   0.000000000000E+00   0.300000000000E+03  -0.255106861543E-12   0.000000000000E+00
   67.   0.396875000000E+03  -0.258935895046E-11   0.000000000000E+00   0.303125000000E+03  -0.167412382344E-11   0.000000000000E+00
   68.   0.393750000000E+03  -0.187308477356E-11   0.000000000000E+00   0.306250000000E+03  -0.168424659044E-11   0.000000000000E+00
   69.   0.390625000000E+03  -0.824920816053E-11   0.000000000000E+00   0.309375000000E+03  -0.679530277916E-11   0.000000000000E+00
   70.   0.387500000000E+03  -0.690241552873E-11   0.000000000000E+00   0.312500000000E+03  -0.624219388710E-11   0.000000000000E+00
   71.   0.384375000000E+03  -0.243770071553E-10   0.000000000000E+00   0.315625000000E+03  -0.216177580151E-10   0.000000000000E+00
   72.   0.381250000000E+03  -0.176718908386E-10   0.000000000000E+00   0.318750000000E+03  -0.162180509372E-10   0.000000000000E+00
   73.   0.378125000000E+03  -0.627174769220E-10   0.000000000000E+00   0.321875000000E+03  -0.574570478137E-10   0.000000000000E+00
   74.   0.375000000000E+03  -0.485417686414E-10   0.000000000000E+00   0.325000000000E+03  -0.450780122631E-10   0.000000000000E+00
   75.   0.371875000000E+03  -0.199585203112E-09   0.000000000000E+00   0.328125000000E+03  -0.187496679119E-09   0.000000000000E+00
   76.   0.368750000000E+03  -0.160556600620E-09   0.000000000000E+00   0.331250000000E+03  -0.151832354424E-09   0.000000000000E+00
   77.   0.365625000000E+03  -0.648113288285E-09   0.000000000000E+00   0.334375000000E+03  -0.620665848578E-09   0.000000000000E+00
   78.   0.362500000000E+03  -0.638194249699E-09   0.000000000000E+00   0.337500000000E+03  -0.611568191022E-09   0.000000000000E+00
   79.   0.359375000000E+03  -0.117730951143E-08   0.000000000000E+00   0.340625000000E+03  -0.115356856265E-08   0.000000000000E+00
   80.   0.356250000000E+03  -0.635057117379E-09   0.000000000000E+00   0.343750000000E+03  -0.618536391062E-09   0.000000000000E+00
   81.   0.353125000000E+03   0.107653712874E-08   0.000000000000E+00   0.346875000000E+03   0.106629535207E-08   0.000000000000E+00
   82.   0.350000000000E+03   0.812438913553E-08   0.000000000000E+00   0.350000000000E+03   0.812438913549E-08   0.000000000000E+00
   83.   0.346875000000E+03   0.106629535409E-08   0.000000000000E+00   0.353125000000E+03   0.107653712683E-08   0.000000000000E+00
   84.   0.343750000000E+03  -0.618536394945E-09   0.000000000000E+00   0.356250000000E+03  -0.635057119252E-09   0.000000000000E+00
   85.   0.340625000000E+03  -0.115356856654E-08   0.000000000000E+00   0.359375000000E+03  -0.117730951001E-08   0.000000000000E+00
   86.   0.337500000000E+03  -0.611568192359E-09   0.000000000000E+00   0.362500000000E+03  -0.638194250174E-09   0.000000000000E+00
   87.   0.334375000000E+03  -0.620665851757E-09   0.000000000000E+00   0.365625000000E+03  -0.648113280341E-09   0.000000000000E+00
   88.   0.331250000000E+03  -0.151832352355E-09   0.000000000000E+00   0.368750000000E+03  -0.160556598648E-09   0.000000000000E+00
   89.   0.328125000000E+03  -0.187496681037E-09   0.000000000000E+00   0.371875000000E+03  -0.199585194780E-09   0.000000000000E+00
   90.   0.325000000000E+03  -0.450780121014E-10   0.000000000000E+00   0.375000000000E+03  -0.485417674702E-10   0.000000000000E+00
   91.   0.321875000000E+03  -0.574570464310E-10   0.000000000000E+00   0.378125000000E+03  -0.627174735119E-10   0.000000000000E+00
   92.   0.318750000000E+03  -0.162180434210E-10   0.000000000000E+00   0.381250000000E+03  -0.176718883472E-10   0.000000000000E+00
   93.   0.315625000000E+03  -0.216177594591E-10   0.000000000000E+00   0.384375000000E+03  -0.243770080855E-10   0.000000000000E+00
   94.   0.312500000000E+03  -0.624219772341E-11   0.000000000000E+00   0.387500000000E+03  -0.690241822318E-11   0.000000000000E+00
   95.   0.309375000000E+03  -0.679530289160E-11   0.000000000000E+00   0.390625000000E+03  -0.824921235080E-11   0.000000000000E+00
   96.   0.306250000000E+03  -0.168424357439E-11   0.000000000000E+00   0.393750000000E+03  -0.187308558281E-11   0.000000000000E+00
   97.   0.303125000000E+03  -0.167412263331E-11   0.000000000000E+00   0.396875000000E+03  -0.258936634347E-11   0.000000000000E+00
   98.   0.300000000000E+03  -0.255108122312E-12   0.000000000000E+00   0.400000000000E+03  -0.289169917777E-12   0.000000000000E+00
   99.   0.296875000000E+03   0.177530142311E-12   0.000000000000E+00   0.403125000000E+03  -0.526770585460E-12   0.000000000000E+00
  100.   0.293750000000E+03   0.278539986220E-12   0.000000000000E+00   0.406250000000E+03   0.301908945183E-12   0.000000000000E+00
  101.   0.290625000000E+03   0.809255110465E-12   0.000000000000E+00   0.409375000000E+03   0.169690019658E-12   0.000000000000E+00
  102.   0.287500000000E+03   0.464716637707E-12   0.000000000000E+00   0.412500000000E+03   0.498328518704E-12   0.000000000000E+00
  103.   0.284375000000E+03   0.103908974792E-11   0.000000000000E+00   0.415625000000E+03   0.408534448135E-12   0.000000000000E+00
  104.   0.281250000000E+03   0.535522908096E-12   0.000000000000E+00   0.418750000000E+03   0.562629399652E-12   0.000000000000E+00
  105.   0.278125000000E+03   0.111807051288E-11   0.000000000000E+00   0.421875000000E+03   0.472909987147E-12   0.000000000000E+00
  106.   0.275000000000E+03   0.560403523194E-12   0.000000000000E+00   0.425000000000E+03   0.573476500253E-12   0.000000000000E+00
  107.   0.271875000000E+03   0.114547461535E-11   0.000000000000E+00   0.428125000000E+03   0.477193622818E-12   0.000000000000E+00
  108.   0.268750000000E+03   0.568919066584E-12   0.000000000000E+00   0.431250000000E+03   0.565426213959E-12   0.000000000000E+00
  109.   0.265625000000E+03   0.115340480663E-11   0.000000000000E+00   0.434375000000E+03   0.459082661599E-12   0.000000000000E+00
  110.   0.262500000000E+03   0.570821202561E-12   0.000000000000E+00   0.437500000000E+03   0.550029644684E-12   0.000000000000E+00
  111.   0.259375000000E+03   0.115374725035E-11   0.000000000000E+00   0.440625000000E+03   0.432861901703E-12   0.000000000000E+00
  112.   0.256250000000E+03   0.569976254837E-12   0.000000000000E+00   0.443750000000E+03   0.531967386086E-12   0.000000000000E+00
  113.   0.253125000000E+03   0.115046420401E-11   0.000000000000E+00   0.446875000000E+03   0.403433575261E-12   0.000000000000E+00
  114.   0.250000000000E+03   0.567693016092E-12   0.000000000000E+00   0.450000000000E+03   0.512895353865E-12   0.000000000000E+00
  115.   0.246875000000E+03   0.114502205602E-11   0.000000000000E+00   0.453125000000E+03   0.372714962352E-12   0.000000000000E+00
  116.   0.243750000000E+03   0.564480479526E-12   0.000000000000E+00   0.456250000000E+03   0.493493177954E-12   0.000000000000E+00
  117.   0.240625000000E+03   0.113794931969E-11   0.000000000000E+00   0.459375000000E+03   0.341461590280E-12   0.000000000000E+00
  118.   0.237500000000E+03   0.560513796468E-12   0.000000000000E+00   0.462500000000E+03   0.474026503170E-12   0.000000000000E+00
  119.   0.234375000000E+03   0.112945076485E-11   0.000000000000E+00   0.465625000000E+03   0.310040975152E-12   0.000000000000E+00
  120.   0.231250000000E+03   0.555858487997E-12   0.000000000000E+00   0.468750000000E+03   0.454652755756E-12   0.000000000000E+00
  121.   0.228125000000E+03   0.111961283504E-11   0.000000000000E+00   0.471875000000E+03   0.278702453161E-12   0.000000000000E+00
  122.   0.225000000000E+03   0.550555508092E-12   0.000000000000E+00   0.475000000000E+03   0.435503127118E-12   0.000000000000E+00
  123.   0.221875000000E+03   0.110848037673E-11   0.000000000000E+00   0.478125000000E+03   0.247709036400E-12   0.000000000000E+00
  124.   0.218750000000E+03   0.544621702187E-12   0.000000000000E+00   0.481250000000E+03   0.416763154928E-12   0.000000000000E+00
  125.   0.215625000000E+03   0.109608847884E-11   0.000000000000E+00   0.484375000000E+03   0.217502435744E-12   0.000000000000E+00
  126.   0.212500000000E+03   0.538073223715E-12   0.000000000000E+00   0.487500000000E+03   0.398806351491E-12   0.000000000000E+00
  127.   0.209375000000E+03   0.108246276039E-11   0.000000000000E+00   0.490625000000E+03   0.189079222407E-12   0.000000000000E+00
  128.   0.206250000000E+03   0.530921756556E-12   0.000000000000E+00   0.493750000000E+03   0.382574019917E-12   0.000000000000E+00
  129.   0.203125000000E+03   0.106762574340E-11   0.000000000000E+00   0.496875000000E+03   0.164978513278E-12   0.000000000000E+00
  130.   0.200000000000E+03   0.523171164545E-12   0.000000000000E+00   0.500000000000E+03   0.370531398817E-12   0.000000000000E+00
  131.   0.196875000000E+03   0.105159712864E-11   0.000000000000E+00   0.503125000000E+03   0.152129973363E-12   0.000000000000E+00
  132.   0.193750000000E+03   0.514840942646E-12   0.000000000000E+00   0.506250000000E+03   0.369600361616E-12   0.000000000000E+00
  133.   0.190625000000E+03   0.103440865215E-11   0.000000000000E+00   0.509375000000E+03   0.169518577689E-12   0.000000000000E+00
  134.   0.187500000000E+03   0.505939532670E-12   0.000000000000E+00   0.512500000000E+03   0.398877891351E-12   0.000000000000E+00
  135.   0.184375000000E+03   0.101607870737E-11   0.000000000000E+00   0.515625000000E+03   0.271020057876E-12   0.000000000000E+00
  136.   0.181250000000E+03   0.496485254812E-12   0.000000000000E+00   0.518750000000E+03   0.512422942084E-12   0.000000000000E+00
  137.   0.178125000000E+03   0.996628922321E-12   0.000000000000E+00   0.521875000000E+03   0.606024011135E-12   0.000000000000E+00
  138.   0.175000000000E+03   0.486467112157E-12   0.000000000000E+00   0.525000000000E+03   0.854652009912E-12   0.000000000000E+00
  139.   0.171875000000E+03   0.976086936120E-12   0.000000000000E+00   0.528125000000E+03   0.161210320040E-11   0.000000000000E+00
  140.   0.168750000000E+03   0.475927644639E-12   0.000000000000E+00   0.531250000000E+03   0.182928015751E-11   0.000000000000E+00
  141.   0.165625000000E+03   0.954470361756E-12   0.000000000000E+00   0.534375000000E+03   0.450948288432E-11   0.000000000000E+00
  142.   0.162500000000E+03   0.464850219388E-12   0.000000000000E+00   0.537500000000E+03   0.447984240536E-11   0.000000000000E+00
  143.   0.159375000000E+03   0.931796310036E-12   0.000000000000E+00   0.540625000000E+03   0.129398896752E-10   0.000000000000E+00
  144.   0.156250000000E+03   0.453258693850E-12   0.000000000000E+00   0.543750000000E+03   0.118181036929E-10   0.000000000000E+00
  145.   0.153125000000E+03   0.908089414927E-12   0.000000000000E+00   0.546875000000E+03   0.364569021729E-10   0.000000000000E+00
  146.   0.150000000000E+03   0.441154451553E-12   0.000000000000E+00   0.550000000000E+03   0.313897827722E-10   0.000000000000E+00
  147.   0.146875000000E+03   0.883360991069E-12   0.000000000000E+00   0.553125000000E+03   0.104363651490E-09   0.000000000000E+00
  148.   0.143750000000E+03   0.428546346155E-12   0.000000000000E+00   0.556250000000E+03   0.884585717458E-10   0.000000000000E+00
  149.   0.140625000000E+03   0.857603614934E-12   0.000000000000E+00   0.559375000000E+03   0.294332171128E-09   0.000000000000E+00
  150.   0.137500000000E+03   0.415422367642E-12   0.000000000000E+00   0.562500000000E+03   0.248764758336E-09   0.000000000000E+00
  151.   0.134375000000E+03   0.830746361884E-12   0.000000000000E+00   0.565625000000E+03   0.844387882831E-09   0.000000000000E+00
  152.   0.131250000000E+03   0.401709043735E-12   0.000000000000E+00   0.568750000000E+03   0.680570230856E-09   0.000000000000E+00
  153.   0.128125000000E+03   0.802828531469E-12   0.000000000000E+00   0.571875000000E+03   0.218103966323E-08   0.000000000000E+00
  154.   0.125000000000E+03   0.387718868955E-12   0.000000000000E+00   0.575000000000E+03   0.159279503845E-08   0.000000000000E+00
  155.   0.121875000000E+03   0.775021891175E-12   0.000000000000E+00   0.578125000000E+03   0.668322128105E-08   0.000000000000E+00
  156.   0.118750000000E+03   0.375609750475E-12   0.000000000000E+00   0.581250000000E+03   0.573137223700E-08   0.000000000000E+00
  157.   0.115625000000E+03   0.736665057073E-12   0.000000000000E+00   0.584375000000E+03   0.228366184734E-07   0.000000000000E+00
  158.   0.112500000000E+03   0.346851907428E-12   0.000000000000E+00   0.587500000000E+03   0.210227391832E-07   0.000000000000E+00
  159.   0.109375000000E+03   0.645037740146E-12   0.000000000000E+00   0.590625000000E+03   0.519193396129E-07   0.000000000000E+00
  160.   0.106250000000E+03   0.273351346207E-12   0.000000000000E+00   0.593750000000E+03   0.442261237463E-07   0.000000000000E+00
  161.   0.103125000000E+03   0.636288292776E-12   0.000000000000E+00   0.596875000000E+03  -0.457464708842E-08   0.000000000000E+00
