i  r_top  QtopRe  QtopIm  r_bot  QbotRe  QbotIm   [mm, mC]
    1.   0.600000000000E+03  -0.211924682818E-06   0.000000000000E+00   0.100000000000E+03   0.206598101035E-11   0.000000000000E+00
    2.   0.100000000000E+03   0.206598256827E-11   0.000000000000E+00   0.600000000000E+03  -0.211924682823E-06   0.000000000000E+00
    3.   0.599218750000E+03  -0.106631417444E-06   0.000000000000E+00   0.100781250000E+03   0.789453815029E-11   0.000000000000E+00
    4.   0.598437500000E+03  -0.232727413092E-07   0.000000000000E+00   0.101562500000E+03   0.373889795215E-11   0.000000000000E+00
    5.   0.597656250000E+03  -0.190043827273E-07   0.000000000000E+00   0.102343750000E+03   0.706404227550E-11   0.000000000000E+00
    6.   0.596875000000E+03   0.122322836272E-08   0.000000000000E+00   0.103125000000E+03   0.332624434205E-11   0.000000000000E+00
    7.   0.596093750000E+03   0.118711888932E-07   0.000000000000E+00   0.103906250000E+03   0.655565125012E-11   0.000000000000E+00
    8.   0.595312500000E+03   0.128221655048E-07   0.000000000000E+00   0.104687500000E+03   0.320155764351E-11   0.000000000000E+00
    9.   0.594531250000E+03   0.284356569585E-07   0.000000000000E+00   0.105468750000E+03   0.648674616111E-11   0.000000000000E+00
   10.   0.593750000000E+03   0.159443740931E-07   0.000000000000E+00   0.106250000000E+03   0.325746875159E-11   0.000000000000E+00
   11.   0.592968750000E+03   0.326542307590E-07   0.000000000000E+00   0.107031250000E+03   0.669823607220E-11   0.000000000000E+00
   12.   0.592187500000E+03   0.168157165859E-07   0.000000000000E+00   0.107812500000E+03   0.341390676893E-11   0.000000000000E+00
   13.   0.591406250000E+03   0.322145310500E-07   0.000000000000E+00   0.108593750000E+03   0.704229213191E-11   0.000000000000E+00
   14.   0.590625000000E+03   0.154822015626E-07   0.000000000000E+00   0.109375000000E+03   0.360343792628E-11   0.000000000000E+00
   15.   0.589843750000E+03   0.288010429351E-07   0.000000000000E+00   0.110156250000E+03   0.741278773223E-11   0.000000000000E+00
   16.   0.589062500000E+03   0.133577873101E-07   0.000000000000E+00   0.110937500000E+03   0.378591486997E-11   0.000000000000E+00
   17.   0.588281250000E+03   0.242022683800E-07   0.000000000000E+00   0.111718750000E+03   0.774914336763E-11   0.000000000000E+00
   18.   0.587500000000E+03   0.108790834708E-07   0.000000000000E+00   0.112500000000E+03   0.394104930060E-11   0.000000000000E+00
   19.   0.586718750000E+03   0.193394222361E-07   0.000000000000E+00   0.113281250000E+03   0.802556814519E-11   0.000000000000E+00
   20.   0.585937500000E+03   0.848343723693E-08   0.000000000000E+00   0.114062500000E+03   0.406323939693E-11   0.000000000000E+00
   21.   0.585156250000E+03   0.148473651849E-07   0.000000000000E+00   0.114843750000E+03   0.823933749098E-11   0.000000000000E+00
   22.   0.584375000000E+03   0.638069712103E-08   0.000000000000E+00   0.115625000000E+03   0.415540956841E-11   0.000000000000E+00
   23.   0.583593750000E+03   0.110458014333E-07   0.000000000000E+00   0.116406250000E+03   0.840014535627E-11   0.000000000000E+00
   24.   0.582812500000E+03   0.467515457084E-08   0.000000000000E+00   0.117187500000E+03   0.422437988559E-11   0.000000000000E+00
   25.   0.582031250000E+03   0.804290274272E-08   0.000000000000E+00   0.117968750000E+03   0.852219650649E-11   0.000000000000E+00
   26.   0.581250000000E+03   0.337271715525E-08   0.000000000000E+00   0.118750000000E+03   0.427761906133E-11   0.000000000000E+00
   27.   0.580468750000E+03   0.579617788071E-08   0.000000000000E+00   0.119531250000E+03   0.861922075655E-11   0.000000000000E+00
   28.   0.579687500000E+03   0.242475993948E-08   0.000000000000E+00   0.120312500000E+03   0.432145036738E-11   0.000000000000E+00
   29.   0.578906250000E+03   0.418299288747E-08   0.000000000000E+00   0.121093750000E+03   0.870206238895E-11   0.000000000000E+00
   30.   0.578125000000E+03   0.175746491754E-08   0.000000000000E+00   0.121875000000E+03   0.436044694902E-11   0.000000000000E+00
   31.   0.577343750000E+03   0.305482780711E-08   0.000000000000E+00   0.122656250000E+03   0.877807510779E-11   0.000000000000E+00
   32.   0.576562500000E+03   0.129575224463E-08   0.000000000000E+00   0.123437500000E+03   0.439744326453E-11   0.000000000000E+00
   33.   0.575781250000E+03   0.227335359706E-08   0.000000000000E+00   0.124218750000E+03   0.885156402473E-11   0.000000000000E+00
   34.   0.575000000000E+03   0.975936265502E-09   0.000000000000E+00   0.125000000000E+03   0.443391986280E-11   0.000000000000E+00
   35.   0.574218750000E+03   0.172748688429E-08   0.000000000000E+00   0.125781250000E+03   0.892460554711E-11   0.000000000000E+00
   36.   0.573437500000E+03   0.750205110613E-09   0.000000000000E+00   0.126562500000E+03   0.447048591408E-11   0.000000000000E+00
   37.   0.572656250000E+03   0.133687248937E-08   0.000000000000E+00   0.127343750000E+03   0.899789740290E-11   0.000000000000E+00
   38.   0.571875000000E+03   0.585740465598E-09   0.000000000000E+00   0.128125000000E+03   0.450722948197E-11   0.000000000000E+00
   39.   0.571093750000E+03   0.104782745340E-08   0.000000000000E+00   0.128906250000E+03   0.907140747285E-11   0.000000000000E+00
   40.   0.570312500000E+03   0.461531471658E-09   0.000000000000E+00   0.129687500000E+03   0.454402356023E-11   0.000000000000E+00
   41.   0.569531250000E+03   0.826596709270E-09   0.000000000000E+00   0.130468750000E+03   0.914481963218E-11   0.000000000000E+00
   42.   0.568750000000E+03   0.364781845185E-09   0.000000000000E+00   0.131250000000E+03   0.458067708662E-11   0.000000000000E+00
   43.   0.567968750000E+03   0.652770875288E-09   0.000000000000E+00   0.132031250000E+03   0.921778693244E-11   0.000000000000E+00
   44.   0.567187500000E+03   0.287878309020E-09   0.000000000000E+00   0.132812500000E+03   0.461702512159E-11   0.000000000000E+00
   45.   0.566406250000E+03   0.514102655922E-09   0.000000000000E+00   0.133593750000E+03   0.929002702223E-11   0.000000000000E+00
   46.   0.565625000000E+03   0.226208616766E-09   0.000000000000E+00   0.134375000000E+03   0.465295339783E-11   0.000000000000E+00
   47.   0.564843750000E+03   0.402951996993E-09   0.000000000000E+00   0.135156250000E+03   0.936136790457E-11   0.000000000000E+00
   48.   0.564062500000E+03   0.176770923707E-09   0.000000000000E+00   0.135937500000E+03   0.468840279187E-11   0.000000000000E+00
   49.   0.563281250000E+03   0.314112041536E-09   0.000000000000E+00   0.136718750000E+03   0.943172676707E-11   0.000000000000E+00
   50.   0.562500000000E+03   0.137382197694E-09   0.000000000000E+00   0.137500000000E+03   0.472334726778E-11   0.000000000000E+00
   51.   0.561718750000E+03   0.243622680781E-09   0.000000000000E+00   0.138281250000E+03   0.950108008032E-11   0.000000000000E+00
   52.   0.560937500000E+03   0.106280864445E-09   0.000000000000E+00   0.139062500000E+03   0.475778937758E-11   0.000000000000E+00
   53.   0.560156250000E+03   0.188203539000E-09   0.000000000000E+00   0.139843750000E+03   0.956944723354E-11   0.000000000000E+00
   54.   0.559375000000E+03   0.819575443020E-10   0.000000000000E+00   0.140625000000E+03   0.479174893350E-11   0.000000000000E+00
   55.   0.558593750000E+03   0.145027384703E-09   0.000000000000E+00   0.141406250000E+03   0.963686254971E-11   0.000000000000E+00
   56.   0.557812500000E+03   0.630992166917E-10   0.000000000000E+00   0.142187500000E+03   0.482523922024E-11   0.000000000000E+00
   57.   0.557031250000E+03   0.111651214797E-09   0.000000000000E+00   0.142968750000E+03   0.970335790871E-11   0.000000000000E+00
   58.   0.556250000000E+03   0.485777647939E-10   0.000000000000E+00   0.143750000000E+03   0.485827271774E-11   0.000000000000E+00
   59.   0.555468750000E+03   0.860008400808E-10   0.000000000000E+00   0.144531250000E+03   0.976895854795E-11   0.000000000000E+00
   60.   0.554687500000E+03   0.374473462076E-10   0.000000000000E+00   0.145312500000E+03   0.489087017955E-11   0.000000000000E+00
   61.   0.553906250000E+03   0.663592549547E-10   0.000000000000E+00   0.146093750000E+03   0.983368764333E-11   0.000000000000E+00
   62.   0.553125000000E+03   0.289363109699E-10   0.000000000000E+00   0.146875000000E+03   0.492303184858E-11   0.000000000000E+00
   63.   0.552343750000E+03   0.513417854093E-10   0.000000000000E+00   0.147656250000E+03   0.989755751723E-11   0.000000000000E+00
   64.   0.551562500000E+03   0.224309755941E-10   0.000000000000E+00   0.148437500000E+03   0.495477056924E-11   0.000000000000E+00
   65.   0.550781250000E+03   0.398575997713E-10   0.000000000000E+00   0.149218750000E+03   0.996058050334E-11   0.000000000000E+00
   66.   0.550000000000E+03   0.174536235719E-10   0.000000000000E+00   0.150000000000E+03   0.498608698423E-11   0.000000000000E+00
   67.   0.549218750000E+03   0.310634871736E-10   0.000000000000E+00   0.150781250000E+03   0.100227643970E-10   0.000000000000E+00
   68.   0.548437500000E+03   0.136383727155E-10   0.000000000000E+00   0.151562500000E+03   0.501698930448E-11   0.000000000000E+00
   69.   0.547656250000E+03   0.243165081944E-10   0.000000000000E+00   0.152343750000E+03   0.100841047870E-10   0.000000000000E+00
   70.   0.546875000000E+03   0.107079562259E-10   0.000000000000E+00   0.153125000000E+03   0.504745616158E-11   0.000000000000E+00
   71.   0.546093750000E+03   0.191304370738E-10   0.000000000000E+00   0.153906250000E+03   0.101446007930E-10   0.000000000000E+00
   72.   0.545312500000E+03   0.845333448697E-11   0.000000000000E+00   0.154687500000E+03   0.507751372861E-11   0.000000000000E+00
   73.   0.544531250000E+03   0.151386681748E-10   0.000000000000E+00   0.155468750000E+03   0.102042579425E-10   0.000000000000E+00
   74.   0.543750000000E+03   0.671694395460E-11   0.000000000000E+00   0.156250000000E+03   0.510714226068E-11   0.000000000000E+00
   75.   0.542968750000E+03   0.120644066551E-10   0.000000000000E+00   0.157031250000E+03   0.102630696620E-10   0.000000000000E+00
   76.   0.542187500000E+03   0.537959488760E-11   0.000000000000E+00   0.157812500000E+03   0.513635315340E-11   0.000000000000E+00
   77.   0.541406250000E+03   0.969771233144E-11   0.000000000000E+00   0.158593750000E+03   0.103210360330E-10   0.000000000000E+00
   78.   0.540625000000E+03   0.435059121426E-11   0.000000000000E+00   0.159375000000E+03   0.516513510531E-11   0.000000000000E+00
   79.   0.539843750000E+03   0.787835930279E-11   0.000000000000E+00   0.160156250000E+03   0.103781570233E-10   0.000000000000E+00
   80.   0.539062500000E+03   0.356045421829E-11   0.000000000000E+00   0.160937500000E+03   0.519350111552E-11   0.000000000000E+00
   81.   0.538281250000E+03   0.648327015138E-11   0.000000000000E+00   0.161718750000E+03   0.104344275042E-10   0.000000000000E+00
   82.   0.537500000000E+03   0.295562722393E-11   0.000000000000E+00   0.162500000000E+03   0.522143399595E-11   0.000000000000E+00
   83.   0.536718750000E+03   0.541737686392E-11   0.000000000000E+00   0.163281250000E+03   0.104898461161E-10   0.000000000000E+00
   84.   0.535937500000E+03   0.249462708616E-11   0.000000000000E+00   0.164062500000E+03   0.524894985324E-11   0.000000000000E+00
   85.   0.535156250000E+03   0.460695573394E-11   0.000000000000E+00   0.164843750000E+03   0.105444103713E-10   0.000000000000E+00
   86.   0.534375000000E+03   0.214523281356E-11   0.000000000000E+00   0.165625000000E+03   0.527603469940E-11   0.000000000000E+00
   87.   0.533593750000E+03   0.399470924402E-11   0.000000000000E+00   0.166406250000E+03   0.105981194502E-10   0.000000000000E+00
   88.   0.532812500000E+03   0.188238080002E-11   0.000000000000E+00   0.167187500000E+03   0.530269211112E-11   0.000000000000E+00
   89.   0.532031250000E+03   0.353608269325E-11   0.000000000000E+00   0.167968750000E+03   0.106509742200E-10   0.000000000000E+00
   90.   0.531250000000E+03   0.168658633627E-11   0.000000000000E+00   0.168750000000E+03   0.532892055713E-11   0.000000000000E+00
   91.   0.530468750000E+03   0.319645215122E-11   0.000000000000E+00   0.169531250000E+03   0.107029626028E-10   0.000000000000E+00
   92.   0.529687500000E+03   0.154271683859E-11   0.000000000000E+00   0.170312500000E+03   0.535470958566E-11   0.000000000000E+00
   93.   0.528906250000E+03   0.294894862904E-11   0.000000000000E+00   0.171093750000E+03   0.107540831809E-10   0.000000000000E+00
   94.   0.528125000000E+03   0.143903732848E-11   0.000000000000E+00   0.171875000000E+03   0.538006574492E-11   0.000000000000E+00
   95.   0.527343750000E+03   0.277275732077E-11   0.000000000000E+00   0.172656250000E+03   0.108043430392E-10   0.000000000000E+00
   96.   0.526562500000E+03   0.136646976526E-11   0.000000000000E+00   0.173437500000E+03   0.540500529053E-11   0.000000000000E+00
   97.   0.525781250000E+03   0.265178091380E-11   0.000000000000E+00   0.174218750000E+03   0.108537390628E-10   0.000000000000E+00
   98.   0.525000000000E+03   0.131799674028E-11   0.000000000000E+00   0.175000000000E+03   0.542950427178E-11   0.000000000000E+00
   99.   0.524218750000E+03   0.257358430145E-11   0.000000000000E+00   0.175781250000E+03   0.109022618372E-10   0.000000000000E+00
  100.   0.523437500000E+03   0.128820106431E-11   0.000000000000E+00   0.176562500000E+03   0.545355842871E-11   0.000000000000E+00
  101.   0.522656250000E+03   0.252857254669E-11   0.000000000000E+00   0.177343750000E+03   0.109499096128E-10   0.000000000000E+00
  102.   0.521875000000E+03   0.127290500098E-11   0.000000000000E+00   0.178125000000E+03   0.547718714543E-11   0.000000000000E+00
  103.   0.521093750000E+03   0.250934411555E-11   0.000000000000E+00   0.178906250000E+03   0.109966804071E-10   0.000000000000E+00
  104.   0.520312500000E+03   0.126888832192E-11   0.000000000000E+00   0.179687500000E+03   0.550037100230E-11   0.000000000000E+00
  105.   0.519531250000E+03   0.251018917761E-11   0.000000000000E+00   0.180468750000E+03   0.110425723540E-10   0.000000000000E+00
  106.   0.518750000000E+03   0.127366110387E-11   0.000000000000E+00   0.181250000000E+03   0.552311479598E-11   0.000000000000E+00
  107.   0.517968750000E+03   0.252669999867E-11   0.000000000000E+00   0.182031250000E+03   0.110875831364E-10   0.000000000000E+00
  108.   0.517187500000E+03   0.128530434652E-11   0.000000000000E+00   0.182812500000E+03   0.554541979119E-11   0.000000000000E+00
  109.   0.516406250000E+03   0.255547465974E-11   0.000000000000E+00   0.183593750000E+03   0.111317099649E-10   0.000000000000E+00
  110.   0.515625000000E+03   0.130233734810E-11   0.000000000000E+00   0.184375000000E+03   0.556727829834E-11   0.000000000000E+00
  111.   0.514843750000E+03   0.259388175742E-11   0.000000000000E+00   0.185156250000E+03   0.111749512447E-10   0.000000000000E+00
  112.   0.514062500000E+03   0.132361034768E-11   0.000000000000E+00   0.185937500000E+03   0.558869749614E-11   0.000000000000E+00
  113.   0.513281250000E+03   0.263988665608E-11   0.000000000000E+00   0.186718750000E+03   0.112173031595E-10   0.000000000000E+00
  114.   0.512500000000E+03   0.134823782657E-11   0.000000000000E+00   0.187500000000E+03   0.560966798456E-11   0.000000000000E+00
  115.   0.511718750000E+03   0.269191343130E-11   0.000000000000E+00   0.188281250000E+03   0.112587635215E-10   0.000000000000E+00
  116.   0.510937500000E+03   0.137553015912E-11   0.000000000000E+00   0.189062500000E+03   0.563019429329E-11   0.000000000000E+00
  117.   0.510156250000E+03   0.274873967101E-11   0.000000000000E+00   0.189843750000E+03   0.112993305810E-10   0.000000000000E+00
  118.   0.509375000000E+03   0.140495396258E-11   0.000000000000E+00   0.190625000000E+03   0.565027708956E-11   0.000000000000E+00
  119.   0.508593750000E+03   0.280941657686E-11   0.000000000000E+00   0.191406250000E+03   0.113389981419E-10   0.000000000000E+00
  120.   0.507812500000E+03   0.143609608920E-11   0.000000000000E+00   0.192187500000E+03   0.566991022248E-11   0.000000000000E+00
  121.   0.507031250000E+03   0.287320730665E-11   0.000000000000E+00   0.192968750000E+03   0.113777668454E-10   0.000000000000E+00
  122.   0.506250000000E+03   0.146863022399E-11   0.000000000000E+00   0.193750000000E+03   0.568909105383E-11   0.000000000000E+00
  123.   0.505468750000E+03   0.293953776901E-11   0.000000000000E+00   0.194531250000E+03   0.114156363244E-10   0.000000000000E+00
  124.   0.504687500000E+03   0.150230901254E-11   0.000000000000E+00   0.195312500000E+03   0.570781993758E-11   0.000000000000E+00
  125.   0.503906250000E+03   0.300796041842E-11   0.000000000000E+00   0.196093750000E+03   0.114526060333E-10   0.000000000000E+00
  126.   0.503125000000E+03   0.153693435435E-11   0.000000000000E+00   0.196875000000E+03   0.572610375043E-11   0.000000000000E+00
  127.   0.502343750000E+03   0.307812451675E-11   0.000000000000E+00   0.197656250000E+03   0.114886668606E-10   0.000000000000E+00
  128.   0.501562500000E+03   0.157235355999E-11   0.000000000000E+00   0.198437500000E+03   0.574393312035E-11   0.000000000000E+00
  129.   0.500781250000E+03   0.314975550774E-11   0.000000000000E+00   0.199218750000E+03   0.115238211316E-10   0.000000000000E+00
  130.   0.500000000000E+03   0.160844270926E-11   0.000000000000E+00   0.200000000000E+03   0.576130398052E-11   0.000000000000E+00
  131.   0.499218750000E+03   0.322263598356E-11   0.000000000000E+00   0.200781250000E+03   0.115580640403E-10   0.000000000000E+00
  132.   0.498437500000E+03   0.164510956957E-11   0.000000000000E+00   0.201562500000E+03   0.577822319008E-11   0.000000000000E+00
  133.   0.497656250000E+03   0.329659641018E-11   0.000000000000E+00   0.202343750000E+03   0.115913954390E-10   0.000000000000E+00
  134.   0.496875000000E+03   0.168227769306E-11   0.000000000000E+00   0.203125000000E+03   0.579468490687E-11   0.000000000000E+00
  135.   0.496093750000E+03   0.337149840096E-11   0.000000000000E+00   0.203906250000E+03   0.116238149939E-10   0.000000000000E+00
  136.   0.495312500000E+03   0.171988552184E-11   0.000000000000E+00   0.204687500000E+03   0.581069304418E-11   0.000000000000E+00
  137.   0.494531250000E+03   0.344723190895E-11   0.000000000000E+00   0.205468750000E+03   0.116553162212E-10   0.000000000000E+00
  138.   0.493750000000E+03   0.175788308591E-11   0.000000000000E+00   0.206250000000E+03   0.582624044238E-11   0.000000000000E+00
  139.   0.492968750000E+03   0.352370767958E-11   0.000000000000E+00   0.207031250000E+03   0.116859015297E-10   0.000000000000E+00
  140.   0.492187500000E+03   0.179623120466E-11   0.000000000000E+00   0.207812500000E+03   0.584132868638E-11   0.000000000000E+00
  141.   0.491406250000E+03   0.360085381004E-11   0.000000000000E+00   0.208593750000E+03   0.117155640528E-10   0.000000000000E+00
  142.   0.490625000000E+03   0.183489683447E-11   0.000000000000E+00   0.209375000000E+03   0.585595993550E-11   0.000000000000E+00
  143.   0.489843750000E+03   0.367860805811E-11   0.000000000000E+00   0.210156250000E+03   0.117443030509E-10   0.000000000000E+00
  144.   0.489062500000E+03   0.187385211712E-11   0.000000000000E+00   0.210937500000E+03   0.587012393904E-11   0.000000000000E+00
  145.   0.488281250000E+03   0.375692038263E-11   0.000000000000E+00   0.211718750000E+03   0.117721177595E-10   0.000000000000E+00
  146.   0.487500000000E+03   0.191307347668E-11   0.000000000000E+00   0.212500000000E+03   0.588382650807E-11   0.000000000000E+00
  147.   0.486718750000E+03   0.383574497325E-11   0.000000000000E+00   0.213281250000E+03   0.117990064599E-10   0.000000000000E+00
  148.   0.485937500000E+03   0.195254205744E-11   0.000000000000E+00   0.214062500000E+03   0.589707300595E-11   0.000000000000E+00
  149.   0.485156250000E+03   0.391504681812E-11   0.000000000000E+00   0.214843750000E+03   0.118249699229E-10   0.000000000000E+00
  150.   0.484375000000E+03   0.199223987481E-11   0.000000000000E+00   0.215625000000E+03   0.590984759419E-11   0.000000000000E+00
  151.   0.483593750000E+03   0.399479088428E-11   0.000000000000E+00   0.216406250000E+03   0.118500002848E-10   0.000000000000E+00
  152.   0.482812500000E+03   0.203214920814E-11   0.000000000000E+00   0.217187500000E+03   0.592215816666E-11   0.000000000000E+00
  153.   0.482031250000E+03   0.407494752968E-11   0.000000000000E+00   0.217968750000E+03   0.118740990130E-10   0.000000000000E+00
  154.   0.481250000000E+03   0.207225615342E-11   0.000000000000E+00   0.218750000000E+03   0.593400687053E-11   0.000000000000E+00
  155.   0.480468750000E+03   0.415549002588E-11   0.000000000000E+00   0.219531250000E+03   0.118972655374E-10   0.000000000000E+00
  156.   0.479687500000E+03   0.211255152590E-11   0.000000000000E+00   0.220312500000E+03   0.594538977264E-11   0.000000000000E+00
  157.   0.478906250000E+03   0.423639172967E-11   0.000000000000E+00   0.221093750000E+03   0.119194989445E-10   0.000000000000E+00
  158.   0.478125000000E+03   0.215301582161E-11   0.000000000000E+00   0.221875000000E+03   0.595630482582E-11   0.000000000000E+00
  159.   0.477343750000E+03   0.431762783455E-11   0.000000000000E+00   0.222656250000E+03   0.119407955914E-10   0.000000000000E+00
  160.   0.476562500000E+03   0.219364401462E-11   0.000000000000E+00   0.223437500000E+03   0.596674952497E-11   0.000000000000E+00
  161.   0.475781250000E+03   0.439917974433E-11   0.000000000000E+00   0.224218750000E+03   0.119611529205E-10   0.000000000000E+00
  162.   0.475000000000E+03   0.223442199723E-11   0.000000000000E+00   0.225000000000E+03   0.597672732073E-11   0.000000000000E+00
  163.   0.474218750000E+03   0.448102403377E-11   0.000000000000E+00   0.225781250000E+03   0.119805723027E-10   0.000000000000E+00
  164.   0.473437500000E+03   0.227534538702E-11   0.000000000000E+00   0.226562500000E+03   0.598623254494E-11   0.000000000000E+00
  165.   0.472656250000E+03   0.456314022647E-11   0.000000000000E+00   0.227343750000E+03   0.119990480103E-10   0.000000000000E+00
  166.   0.471875000000E+03   0.231639499535E-11   0.000000000000E+00   0.228125000000E+03   0.599527447153E-11   0.000000000000E+00
  167.   0.471093750000E+03   0.464550864245E-11   0.000000000000E+00   0.228906250000E+03   0.120165849389E-10   0.000000000000E+00
  168.   0.470312500000E+03   0.235756854700E-11   0.000000000000E+00   0.229687500000E+03   0.600384453680E-11   0.000000000000E+00
  169.   0.469531250000E+03   0.472811119631E-11   0.000000000000E+00   0.230468750000E+03   0.120331806885E-10   0.000000000000E+00
  170.   0.468750000000E+03   0.239885146399E-11   0.000000000000E+00   0.231250000000E+03   0.601194867695E-11   0.000000000000E+00
  171.   0.467968750000E+03   0.481092650251E-11   0.000000000000E+00   0.232031250000E+03   0.120488289483E-10   0.000000000000E+00
  172.   0.467187500000E+03   0.244023690219E-11   0.000000000000E+00   0.232812500000E+03   0.601956257068E-11   0.000000000000E+00
  173.   0.466406250000E+03   0.489393576972E-11   0.000000000000E+00   0.233593750000E+03   0.120635277408E-10   0.000000000000E+00
  174.   0.465625000000E+03   0.248171290496E-11   0.000000000000E+00   0.234375000000E+03   0.602671358485E-11   0.000000000000E+00
  175.   0.464843750000E+03   0.497712152842E-11   0.000000000000E+00   0.235156250000E+03   0.120772819026E-10   0.000000000000E+00
  176.   0.464062500000E+03   0.252327184867E-11   0.000000000000E+00   0.235937500000E+03   0.603339206612E-11   0.000000000000E+00
  177.   0.463281250000E+03   0.506046676035E-11   0.000000000000E+00   0.236718750000E+03   0.120900852912E-10   0.000000000000E+00
  178.   0.462500000000E+03   0.256490941621E-11   0.000000000000E+00   0.237500000000E+03   0.603959923617E-11   0.000000000000E+00
  179.   0.461718750000E+03   0.514395243449E-11   0.000000000000E+00   0.238281250000E+03   0.121019353732E-10   0.000000000000E+00
  180.   0.460937500000E+03   0.260660995718E-11   0.000000000000E+00   0.239062500000E+03   0.604532498834E-11   0.000000000000E+00
  181.   0.460156250000E+03   0.522756133700E-11   0.000000000000E+00   0.239843750000E+03   0.121128342341E-10   0.000000000000E+00
  182.   0.459375000000E+03   0.264836610609E-11   0.000000000000E+00   0.240625000000E+03   0.605057087330E-11   0.000000000000E+00
  183.   0.458593750000E+03   0.531127411712E-11   0.000000000000E+00   0.241406250000E+03   0.121227849104E-10   0.000000000000E+00
  184.   0.457812500000E+03   0.269017240380E-11   0.000000000000E+00   0.242187500000E+03   0.605535122536E-11   0.000000000000E+00
  185.   0.457031250000E+03   0.539507310223E-11   0.000000000000E+00   0.242968750000E+03   0.121317838014E-10   0.000000000000E+00
  186.   0.456250000000E+03   0.273201714135E-11   0.000000000000E+00   0.243750000000E+03   0.605965695938E-11   0.000000000000E+00
  187.   0.455468750000E+03   0.547894190082E-11   0.000000000000E+00   0.244531250000E+03   0.121398259012E-10   0.000000000000E+00
  188.   0.454687500000E+03   0.277388785381E-11   0.000000000000E+00   0.245312500000E+03   0.606348084414E-11   0.000000000000E+00
  189.   0.453906250000E+03   0.556285991018E-11   0.000000000000E+00   0.246093750000E+03   0.121469138941E-10   0.000000000000E+00
  190.   0.453125000000E+03   0.281578225627E-11   0.000000000000E+00   0.246875000000E+03   0.606682956878E-11   0.000000000000E+00
  191.   0.452343750000E+03   0.564681382313E-11   0.000000000000E+00   0.247656250000E+03   0.121530399008E-10   0.000000000000E+00
  192.   0.451562500000E+03   0.285768940210E-11   0.000000000000E+00   0.248437500000E+03   0.606969874601E-11   0.000000000000E+00
  193.   0.450781250000E+03   0.573078350239E-11   0.000000000000E+00   0.249218750000E+03   0.121582051464E-10   0.000000000000E+00
  194.   0.450000000000E+03   0.289960040867E-11   0.000000000000E+00   0.250000000000E+03   0.607208254606E-11   0.000000000000E+00
  195.   0.449218750000E+03   0.581474884004E-11   0.000000000000E+00   0.250781250000E+03   0.121624094500E-10   0.000000000000E+00
  196.   0.448437500000E+03   0.294150224326E-11   0.000000000000E+00   0.251562500000E+03   0.607398817125E-11   0.000000000000E+00
  197.   0.447656250000E+03   0.589869138231E-11   0.000000000000E+00   0.252343750000E+03   0.121656518532E-10   0.000000000000E+00
  198.   0.446875000000E+03   0.298338942450E-11   0.000000000000E+00   0.253125000000E+03   0.607541486494E-11   0.000000000000E+00
  199.   0.446093750000E+03   0.598259249026E-11   0.000000000000E+00   0.253906250000E+03   0.121679293221E-10   0.000000000000E+00
  200.   0.445312500000E+03   0.302525344361E-11   0.000000000000E+00   0.254687500000E+03   0.607635965898E-11   0.000000000000E+00
  201.   0.444531250000E+03   0.606643203198E-11   0.000000000000E+00   0.255468750000E+03   0.121692343629E-10   0.000000000000E+00
  202.   0.443750000000E+03   0.306707940140E-11   0.000000000000E+00   0.256250000000E+03   0.607681558924E-11   0.000000000000E+00
  203.   0.442968750000E+03   0.615019154443E-11   0.000000000000E+00   0.257031250000E+03   0.121695647352E-10   0.000000000000E+00
  204.   0.442187500000E+03   0.310885655201E-11   0.000000000000E+00   0.257812500000E+03   0.607678080746E-11   0.000000000000E+00
  205.   0.441406250000E+03   0.623384590570E-11   0.000000000000E+00   0.258593750000E+03   0.121689150373E-10   0.000000000000E+00
  206.   0.440625000000E+03   0.315058055709E-11   0.000000000000E+00   0.259375000000E+03   0.607626815630E-11   0.000000000000E+00
  207.   0.439843750000E+03   0.631737296058E-11   0.000000000000E+00   0.260156250000E+03   0.121672852223E-10   0.000000000000E+00
  208.   0.439062500000E+03   0.319223322286E-11   0.000000000000E+00   0.260937500000E+03   0.607525424699E-11   0.000000000000E+00
  209.   0.438281250000E+03   0.640074899557E-11   0.000000000000E+00   0.261718750000E+03   0.121646618386E-10   0.000000000000E+00
  210.   0.437500000000E+03   0.323380389678E-11   0.000000000000E+00   0.262500000000E+03   0.607374458084E-11   0.000000000000E+00
  211.   0.436718750000E+03   0.648394346782E-11   0.000000000000E+00   0.263281250000E+03   0.121610357109E-10   0.000000000000E+00
  212.   0.435937500000E+03   0.327527540766E-11   0.000000000000E+00   0.264062500000E+03   0.607173316776E-11   0.000000000000E+00
  213.   0.435156250000E+03   0.656692504765E-11   0.000000000000E+00   0.264843750000E+03   0.121563923236E-10   0.000000000000E+00
  214.   0.434375000000E+03   0.331663223879E-11   0.000000000000E+00   0.265625000000E+03   0.606920548936E-11   0.000000000000E+00
  215.   0.433593750000E+03   0.664965669820E-11   0.000000000000E+00   0.266406250000E+03   0.121507144217E-10   0.000000000000E+00
  216.   0.432812500000E+03   0.335785798394E-11   0.000000000000E+00   0.267187500000E+03   0.606615732487E-11   0.000000000000E+00
  217.   0.432031250000E+03   0.673209609486E-11   0.000000000000E+00   0.267968750000E+03   0.121439877618E-10   0.000000000000E+00
  218.   0.431250000000E+03   0.339891971827E-11   0.000000000000E+00   0.268750000000E+03   0.606258060847E-11   0.000000000000E+00
  219.   0.430468750000E+03   0.681419568916E-11   0.000000000000E+00   0.269531250000E+03   0.121361784911E-10   0.000000000000E+00
  220.   0.429687500000E+03   0.343980290043E-11   0.000000000000E+00   0.270312500000E+03   0.605845947055E-11   0.000000000000E+00
  221.   0.428906250000E+03   0.689589509834E-11   0.000000000000E+00   0.271093750000E+03   0.121272502055E-10   0.000000000000E+00
  222.   0.428125000000E+03   0.348047032241E-11   0.000000000000E+00   0.271875000000E+03   0.605376699755E-11   0.000000000000E+00
  223.   0.427343750000E+03   0.697712134966E-11   0.000000000000E+00   0.272656250000E+03   0.121171540390E-10   0.000000000000E+00
  224.   0.426562500000E+03   0.352088203781E-11   0.000000000000E+00   0.273437500000E+03   0.604847611425E-11   0.000000000000E+00
  225.   0.425781250000E+03   0.705778468042E-11   0.000000000000E+00   0.274218750000E+03   0.121058310362E-10   0.000000000000E+00
  226.   0.425000000000E+03   0.356098654417E-11   0.000000000000E+00   0.275000000000E+03   0.604255752487E-11   0.000000000000E+00
  227.   0.424218750000E+03   0.713777950431E-11   0.000000000000E+00   0.275781250000E+03   0.120931971966E-10   0.000000000000E+00
  228.   0.423437500000E+03   0.360072578684E-11   0.000000000000E+00   0.276562500000E+03   0.603595823538E-11   0.000000000000E+00
  229.   0.422656250000E+03   0.721696663188E-11   0.000000000000E+00   0.277343750000E+03   0.120791483016E-10   0.000000000000E+00
  230.   0.421875000000E+03   0.364002408661E-11   0.000000000000E+00   0.278125000000E+03   0.602862515281E-11   0.000000000000E+00
  231.   0.421093750000E+03   0.729516781055E-11   0.000000000000E+00   0.278906250000E+03   0.120635531602E-10   0.000000000000E+00
  232.   0.420312500000E+03   0.367878038919E-11   0.000000000000E+00   0.279687500000E+03   0.602047856184E-11   0.000000000000E+00
  233.   0.419531250000E+03   0.737216739040E-11   0.000000000000E+00   0.280468750000E+03   0.120462394248E-10   0.000000000000E+00
  234.   0.418750000000E+03   0.371687468164E-11   0.000000000000E+00   0.281250000000E+03   0.601142651087E-11   0.000000000000E+00
  235.   0.417968750000E+03   0.744768627410E-11   0.000000000000E+00   0.282031250000E+03   0.120269745898E-10   0.000000000000E+00
  236.   0.417187500000E+03   0.375415432928E-11   0.000000000000E+00   0.282812500000E+03   0.600133723752E-11   0.000000000000E+00
  237.   0.416406250000E+03   0.752136823779E-11   0.000000000000E+00   0.283593750000E+03   0.120054716168E-10   0.000000000000E+00
  238.   0.415625000000E+03   0.379041351052E-11   0.000000000000E+00   0.284375000000E+03   0.599004633288E-11   0.000000000000E+00
  239.   0.414843750000E+03   0.759276799126E-11   0.000000000000E+00   0.285156250000E+03   0.119813476079E-10   0.000000000000E+00
  240.   0.414062500000E+03   0.382540755762E-11   0.000000000000E+00   0.285937500000E+03   0.597733895478E-11   0.000000000000E+00
  241.   0.413281250000E+03   0.766131289268E-11   0.000000000000E+00   0.286718750000E+03   0.119541222306E-10   0.000000000000E+00
  242.   0.412500000000E+03   0.385881827345E-11   0.000000000000E+00   0.287500000000E+03   0.596294885314E-11   0.000000000000E+00
  243.   0.411718750000E+03   0.772627655930E-11   0.000000000000E+00   0.288281250000E+03   0.119231700487E-10   0.000000000000E+00
  244.   0.410937500000E+03   0.389023244503E-11   0.000000000000E+00   0.289062500000E+03   0.594651602632E-11   0.000000000000E+00
  245.   0.410156250000E+03   0.778672524254E-11   0.000000000000E+00   0.289843750000E+03   0.118876781097E-10   0.000000000000E+00
  246.   0.409375000000E+03   0.391912470249E-11   0.000000000000E+00   0.290625000000E+03   0.592758781411E-11   0.000000000000E+00
  247.   0.408593750000E+03   0.784146215964E-11   0.000000000000E+00   0.291406250000E+03   0.118466027067E-10   0.000000000000E+00
  248.   0.407812500000E+03   0.394482852515E-11   0.000000000000E+00   0.292187500000E+03   0.590557706802E-11   0.000000000000E+00
  249.   0.407031250000E+03   0.788894558116E-11   0.000000000000E+00   0.292968750000E+03   0.117985832126E-10   0.000000000000E+00
  250.   0.406250000000E+03   0.396647092249E-11   0.000000000000E+00   0.293750000000E+03   0.587970484884E-11   0.000000000000E+00
  251.   0.405468750000E+03   0.792715949724E-11   0.000000000000E+00   0.294531250000E+03   0.117418319249E-10   0.000000000000E+00
  252.   0.404687500000E+03   0.398291185015E-11   0.000000000000E+00   0.295312500000E+03   0.584896504261E-11   0.000000000000E+00
  253.   0.403906250000E+03   0.795346526312E-11   0.000000000000E+00   0.296093750000E+03   0.116740012955E-10   0.000000000000E+00
  254.   0.403125000000E+03   0.399265118032E-11   0.000000000000E+00   0.296875000000E+03   0.581201873775E-11   0.000000000000E+00
  255.   0.402343750000E+03   0.796439049120E-11   0.000000000000E+00   0.297656250000E+03   0.115919851149E-10   0.000000000000E+00
  256.   0.401562500000E+03   0.399371807000E-11   0.000000000000E+00   0.298437500000E+03   0.576710344411E-11   0.000000000000E+00
  257.   0.400781250000E+03   0.795534937629E-11   0.000000000000E+00   0.299218750000E+03   0.114916483159E-10   0.000000000000E+00
  258.   0.400000000000E+03   0.398348932410E-11   0.000000000000E+00   0.300000000000E+03   0.571183741854E-11   0.000000000000E+00
  259.   0.399218750000E+03   0.792029469566E-11   0.000000000000E+00   0.300781250000E+03   0.113675216170E-10   0.000000000000E+00
  260.   0.398437500000E+03   0.395853762145E-11   0.000000000000E+00   0.301562500000E+03   0.564312264410E-11   0.000000000000E+00
  261.   0.397656250000E+03   0.785131434034E-11   0.000000000000E+00   0.302343750000E+03   0.112124112734E-10   0.000000000000E+00
  262.   0.396875000000E+03   0.391438605643E-11   0.000000000000E+00   0.303125000000E+03   0.555688142173E-11   0.000000000000E+00
  263.   0.396093750000E+03   0.773818979562E-11   0.000000000000E+00   0.303906250000E+03   0.110169781113E-10   0.000000000000E+00
  264.   0.395312500000E+03   0.384528168731E-11   0.000000000000E+00   0.304687500000E+03   0.544783836990E-11   0.000000000000E+00
  265.   0.394531250000E+03   0.756794070973E-11   0.000000000000E+00   0.305468750000E+03   0.107692865697E-10   0.000000000000E+00
  266.   0.393750000000E+03   0.374399863884E-11   0.000000000000E+00   0.306250000000E+03   0.530932483257E-11   0.000000000000E+00
  267.   0.392968750000E+03   0.732446056062E-11   0.000000000000E+00   0.307031250000E+03   0.104544186134E-10   0.000000000000E+00
  268.   0.392187500000E+03   0.360164630419E-11   0.000000000000E+00   0.307812500000E+03   0.513309235898E-11   0.000000000000E+00
  269.   0.391406250000E+03   0.698827114637E-11   0.000000000000E+00   0.308593750000E+03   0.100542038626E-10   0.000000000000E+00
  270.   0.390625000000E+03   0.340762652733E-11   0.000000000000E+00   0.309375000000E+03   0.490921420588E-11   0.000000000000E+00
  271.   0.389843750000E+03   0.653639943000E-11   0.000000000000E+00   0.310156250000E+03   0.954704064049E-11   0.000000000000E+00
  272.   0.389062500000E+03   0.314959281203E-11   0.000000000000E+00   0.310937500000E+03   0.462603264126E-11   0.000000000000E+00
  273.   0.388281250000E+03   0.594228373504E-11   0.000000000000E+00   0.311718750000E+03   0.890772611321E-11   0.000000000000E+00
  274.   0.387500000000E+03   0.281336533744E-11   0.000000000000E+00   0.312500000000E+03   0.427003163509E-11   0.000000000000E+00
  275.   0.386718750000E+03   0.517527672804E-11   0.000000000000E+00   0.313281250000E+03   0.810694300434E-11   0.000000000000E+00
  276.   0.385937500000E+03   0.238255105111E-11   0.000000000000E+00   0.314062500000E+03   0.382548677201E-11   0.000000000000E+00
  277.   0.385156250000E+03   0.419885907316E-11   0.000000000000E+00   0.314843750000E+03   0.710954614769E-11   0.000000000000E+00
  278.   0.384375000000E+03   0.183716931634E-11   0.000000000000E+00   0.315625000000E+03   0.327311456716E-11   0.000000000000E+00
  279.   0.383593750000E+03   0.296602335485E-11   0.000000000000E+00   0.316406250000E+03   0.587025481915E-11   0.000000000000E+00
  280.   0.382812500000E+03   0.115038679777E-11   0.000000000000E+00   0.317187500000E+03   0.258708018426E-11   0.000000000000E+00
  281.   0.382031250000E+03   0.140940565507E-11   0.000000000000E+00   0.317968750000E+03   0.432442551197E-11   0.000000000000E+00
  282.   0.381250000000E+03   0.281907699796E-12   0.000000000000E+00   0.318750000000E+03   0.172879885946E-11   0.000000000000E+00
  283.   0.380468750000E+03  -0.577078041250E-12   0.000000000000E+00   0.319531250000E+03   0.237078607802E-11   0.000000000000E+00
  284.   0.379687500000E+03  -0.833829590267E-12   0.000000000000E+00   0.320312500000E+03   0.635813091285E-12   0.000000000000E+00
  285.   0.378906250000E+03  -0.316862592642E-11   0.000000000000E+00   0.321093750000E+03  -0.157353237820E-12   0.000000000000E+00
  286.   0.378125000000E+03  -0.230639552834E-11   0.000000000000E+00   0.321875000000E+03  -0.796053300470E-12   0.000000000000E+00
  287.   0.377343750000E+03  -0.665458869205E-11   0.000000000000E+00   0.322656250000E+03  -0.353520293309E-11   0.000000000000E+00
  288.   0.376562500000E+03  -0.431591412111E-11   0.000000000000E+00   0.323437500000E+03  -0.273816399341E-11   0.000000000000E+00
  289.   0.375781250000E+03  -0.114970239701E-10   0.000000000000E+00   0.324218750000E+03  -0.820329302891E-11   0.000000000000E+00
  290.   0.375000000000E+03  -0.714544701937E-11   0.000000000000E+00   0.325000000000E+03  -0.546072760395E-11   0.000000000000E+00
  291.   0.374218750000E+03  -0.183937640813E-10   0.000000000000E+00   0.325781250000E+03  -0.148299741585E-10   0.000000000000E+00
  292.   0.373437500000E+03  -0.112120877237E-10   0.000000000000E+00   0.326562500000E+03  -0.936407404556E-11   0.000000000000E+00
  293.   0.372656250000E+03  -0.283229723290E-10   0.000000000000E+00   0.327343750000E+03  -0.243581909556E-10   0.000000000000E+00
  294.   0.371875000000E+03  -0.170806756478E-10   0.000000000000E+00   0.328125000000E+03  -0.149943992612E-10   0.000000000000E+00
  295.   0.371093750000E+03  -0.425272979543E-10   0.000000000000E+00   0.328906250000E+03  -0.379965433880E-10   0.000000000000E+00
  296.   0.370312500000E+03  -0.254339081722E-10   0.000000000000E+00   0.329687500000E+03  -0.230187870147E-10   0.000000000000E+00
  297.   0.369531250000E+03  -0.623758888994E-10   0.000000000000E+00   0.330468750000E+03  -0.570945254965E-10   0.000000000000E+00
  298.   0.368750000000E+03  -0.369626492398E-10   0.000000000000E+00   0.331250000000E+03  -0.341239221231E-10   0.000000000000E+00
  299.   0.367968750000E+03  -0.890413271401E-10   0.000000000000E+00   0.332031250000E+03  -0.828384512316E-10   0.000000000000E+00
  300.   0.367187500000E+03  -0.521501928646E-10   0.000000000000E+00   0.332812500000E+03  -0.488110444036E-10   0.000000000000E+00
  301.   0.366406250000E+03  -0.122947052113E-09   0.000000000000E+00   0.333593750000E+03  -0.115720176557E-09   0.000000000000E+00
  302.   0.365625000000E+03  -0.709326742245E-10   0.000000000000E+00   0.334375000000E+03  -0.670669407304E-10   0.000000000000E+00
  303.   0.364843750000E+03  -0.163050363574E-09   0.000000000000E+00   0.335156250000E+03  -0.154834014854E-09   0.000000000000E+00
  304.   0.364062500000E+03  -0.923213596454E-10   0.000000000000E+00   0.335937500000E+03  -0.879897286357E-10   0.000000000000E+00
  305.   0.363281250000E+03  -0.206000113718E-09   0.000000000000E+00   0.336718750000E+03  -0.197034347779E-09   0.000000000000E+00
  306.   0.362500000000E+03  -0.113947991776E-09   0.000000000000E+00   0.337500000000E+03  -0.109329500773E-09   0.000000000000E+00
  307.   0.361718750000E+03  -0.245639286392E-09   0.000000000000E+00   0.338281250000E+03  -0.236404951480E-09   0.000000000000E+00
  308.   0.360937500000E+03  -0.131989768205E-09   0.000000000000E+00   0.339062500000E+03  -0.127387998552E-09   0.000000000000E+00
  309.   0.360156250000E+03  -0.271970854779E-09   0.000000000000E+00   0.339843750000E+03  -0.263192105641E-09   0.000000000000E+00
  310.   0.359375000000E+03  -0.140418752943E-09   0.000000000000E+00   0.340625000000E+03  -0.136247736582E-09   0.000000000000E+00
  311.   0.358593750000E+03  -0.272591290494E-09   0.000000000000E+00   0.341406250000E+03  -0.265123096073E-09   0.000000000000E+00
  312.   0.357812500000E+03  -0.132263402548E-09   0.000000000000E+00   0.342187500000E+03  -0.128983398504E-09   0.000000000000E+00
  313.   0.357031250000E+03  -0.225801232788E-09   0.000000000000E+00   0.342968750000E+03  -0.220582058846E-09   0.000000000000E+00
  314.   0.356250000000E+03  -0.958612059610E-10   0.000000000000E+00   0.343750000000E+03  -0.938728000523E-10   0.000000000000E+00
  315.   0.355468750000E+03  -0.116452897513E-09   0.000000000000E+00   0.344531250000E+03  -0.114075040453E-09   0.000000000000E+00
  316.   0.354687500000E+03  -0.157959148508E-10   0.000000000000E+00   0.345312500000E+03  -0.154921122416E-10   0.000000000000E+00
  317.   0.353906250000E+03   0.133686245162E-09   0.000000000000E+00   0.346093750000E+03   0.132750385641E-09   0.000000000000E+00
  318.   0.353125000000E+03   0.105797789271E-09   0.000000000000E+00   0.346875000000E+03   0.105196484977E-09   0.000000000000E+00
  319.   0.352343750000E+03   0.521676981372E-09   0.000000000000E+00   0.347656250000E+03   0.518123256813E-09   0.000000000000E+00
  320.   0.351562500000E+03   0.553788028037E-09   0.000000000000E+00   0.348437500000E+03   0.550745911866E-09   0.000000000000E+00
  321.   0.350781250000E+03   0.141258955752E-08   0.000000000000E+00   0.349218750000E+03   0.141081201241E-08   0.000000000000E+00
  322.   0.350000000000E+03   0.392368702485E-08   0.000000000000E+00   0.350000000000E+03   0.392368702945E-08   0.000000000000E+00
  323.   0.349218750000E+03   0.141081200815E-08   0.000000000000E+00   0.350781250000E+03   0.141258956022E-08   0.000000000000E+00
  324.   0.348437500000E+03   0.550745912942E-09   0.000000000000E+00   0.351562500000E+03   0.553788031093E-09   0.000000000000E+00
  325.   0.347656250000E+03   0.518123250746E-09   0.000000000000E+00   0.352343750000E+03   0.521676986006E-09   0.000000000000E+00
  326.   0.346875000000E+03   0.105196480925E-09   0.000000000000E+00   0.353125000000E+03   0.105797794015E-09   0.000000000000E+00
  327.   0.346093750000E+03   0.132750377211E-09   0.000000000000E+00   0.353906250000E+03   0.133686251294E-09   0.000000000000E+00
  328.   0.345312500000E+03  -0.154921155207E-10   0.000000000000E+00   0.354687500000E+03  -0.157959091829E-10   0.000000000000E+00
  329.   0.344531250000E+03  -0.114075042883E-09   0.000000000000E+00   0.355468750000E+03  -0.116452892312E-09   0.000000000000E+00
  330.   0.343750000000E+03  -0.938728030823E-10   0.000000000000E+00   0.356250000000E+03  -0.958612003433E-10   0.000000000000E+00
  331.   0.342968750000E+03  -0.220582058803E-09   0.000000000000E+00   0.357031250000E+03  -0.225801222776E-09   0.000000000000E+00
  332.   0.342187500000E+03  -0.128983399273E-09   0.000000000000E+00   0.357812500000E+03  -0.132263394339E-09   0.000000000000E+00
  333.   0.341406250000E+03  -0.265123095022E-09   0.000000000000E+00   0.358593750000E+03  -0.272591280536E-09   0.000000000000E+00
  334.   0.340625000000E+03  -0.136247738389E-09   0.000000000000E+00   0.359375000000E+03  -0.140418749443E-09   0.000000000000E+00
  335.   0.339843750000E+03  -0.263192103099E-09   0.000000000000E+00   0.360156250000E+03  -0.271970844644E-09   0.000000000000E+00
  336.   0.339062500000E+03  -0.127388001693E-09   0.000000000000E+00   0.360937500000E+03  -0.131989764463E-09   0.000000000000E+00
  337.   0.338281250000E+03  -0.236404951053E-09   0.000000000000E+00   0.361718750000E+03  -0.245639277667E-09   0.000000000000E+00
  338.   0.337500000000E+03  -0.109329503079E-09   0.000000000000E+00   0.362500000000E+03  -0.113947985726E-09   0.000000000000E+00
  339.   0.336718750000E+03  -0.197034349880E-09   0.000000000000E+00   0.363281250000E+03  -0.206000104326E-09   0.000000000000E+00
  340.   0.335937500000E+03  -0.879897274663E-10   0.000000000000E+00   0.364062500000E+03  -0.923213486584E-10   0.000000000000E+00
  341.   0.335156250000E+03  -0.154834017668E-09   0.000000000000E+00   0.364843750000E+03  -0.163050356544E-09   0.000000000000E+00
  342.   0.334375000000E+03  -0.670669469198E-10   0.000000000000E+00   0.365625000000E+03  -0.709326744849E-10   0.000000000000E+00
  343.   0.333593750000E+03  -0.115720183547E-09   0.000000000000E+00   0.366406250000E+03  -0.122947048596E-09   0.000000000000E+00
  344.   0.332812500000E+03  -0.488110487334E-10   0.000000000000E+00   0.367187500000E+03  -0.521501916086E-10   0.000000000000E+00
  345.   0.332031250000E+03  -0.828384553301E-10   0.000000000000E+00   0.367968750000E+03  -0.890413236324E-10   0.000000000000E+00
  346.   0.331250000000E+03  -0.341239203649E-10   0.000000000000E+00   0.368750000000E+03  -0.369626479353E-10   0.000000000000E+00
  347.   0.330468750000E+03  -0.570945254649E-10   0.000000000000E+00   0.369531250000E+03  -0.623758897202E-10   0.000000000000E+00
  348.   0.329687500000E+03  -0.230187902193E-10   0.000000000000E+00   0.370312500000E+03  -0.254339027799E-10   0.000000000000E+00
  349.   0.328906250000E+03  -0.379965418565E-10   0.000000000000E+00   0.371093750000E+03  -0.425272979186E-10   0.000000000000E+00
  350.   0.328125000000E+03  -0.149944024533E-10   0.000000000000E+00   0.371875000000E+03  -0.170806783136E-10   0.000000000000E+00
  351.   0.327343750000E+03  -0.243581908049E-10   0.000000000000E+00   0.372656250000E+03  -0.283229734249E-10   0.000000000000E+00
  352.   0.326562500000E+03  -0.936407175154E-11   0.000000000000E+00   0.373437500000E+03  -0.112120921703E-10   0.000000000000E+00
  353.   0.325781250000E+03  -0.148299739228E-10   0.000000000000E+00   0.374218750000E+03  -0.183937623903E-10   0.000000000000E+00
  354.   0.325000000000E+03  -0.546072578759E-11   0.000000000000E+00   0.375000000000E+03  -0.714544669329E-11   0.000000000000E+00
  355.   0.324218750000E+03  -0.820329233262E-11   0.000000000000E+00   0.375781250000E+03  -0.114970193799E-10   0.000000000000E+00
  356.   0.323437500000E+03  -0.273816059261E-11   0.000000000000E+00   0.376562500000E+03  -0.431590940278E-11   0.000000000000E+00
  357.   0.322656250000E+03  -0.353520011213E-11   0.000000000000E+00   0.377343750000E+03  -0.665458375790E-11   0.000000000000E+00
  358.   0.321875000000E+03  -0.796052074648E-12   0.000000000000E+00   0.378125000000E+03  -0.230639252769E-11   0.000000000000E+00
  359.   0.321093750000E+03  -0.157349290752E-12   0.000000000000E+00   0.378906250000E+03  -0.316861964369E-11   0.000000000000E+00
  360.   0.320312500000E+03   0.635813976693E-12   0.000000000000E+00   0.379687500000E+03  -0.833828501790E-12   0.000000000000E+00
  361.   0.319531250000E+03   0.237079120336E-11   0.000000000000E+00   0.380468750000E+03  -0.577070316521E-12   0.000000000000E+00
  362.   0.318750000000E+03   0.172880676283E-11   0.000000000000E+00   0.381250000000E+03   0.281909602170E-12   0.000000000000E+00
  363.   0.317968750000E+03   0.432443119426E-11   0.000000000000E+00   0.382031250000E+03   0.140941432527E-11   0.000000000000E+00
  364.   0.317187500000E+03   0.258708738088E-11   0.000000000000E+00   0.382812500000E+03   0.115039200876E-11   0.000000000000E+00
  365.   0.316406250000E+03   0.587026220986E-11   0.000000000000E+00   0.383593750000E+03   0.296603028748E-11   0.000000000000E+00
  366.   0.315625000000E+03   0.327311476561E-11   0.000000000000E+00   0.384375000000E+03   0.183717253356E-11   0.000000000000E+00
  367.   0.314843750000E+03   0.710955191077E-11   0.000000000000E+00   0.385156250000E+03   0.419886493366E-11   0.000000000000E+00
  368.   0.314062500000E+03   0.382549140202E-11   0.000000000000E+00   0.385937500000E+03   0.238255597042E-11   0.000000000000E+00
  369.   0.313281250000E+03   0.810694953473E-11   0.000000000000E+00   0.386718750000E+03   0.517528192198E-11   0.000000000000E+00
  370.   0.312500000000E+03   0.427004150586E-11   0.000000000000E+00   0.387500000000E+03   0.281336688120E-11   0.000000000000E+00
  371.   0.311718750000E+03   0.890773110195E-11   0.000000000000E+00   0.388281250000E+03   0.594229092302E-11   0.000000000000E+00
  372.   0.310937500000E+03   0.462602881251E-11   0.000000000000E+00   0.389062500000E+03   0.314959861046E-11   0.000000000000E+00
  373.   0.310156250000E+03   0.954704482618E-11   0.000000000000E+00   0.389843750000E+03   0.653640679490E-11   0.000000000000E+00
  374.   0.309375000000E+03   0.490921890110E-11   0.000000000000E+00   0.390625000000E+03   0.340763172244E-11   0.000000000000E+00
  375.   0.308593750000E+03   0.100542101114E-10   0.000000000000E+00   0.391406250000E+03   0.698828192855E-11   0.000000000000E+00
  376.   0.307812500000E+03   0.513309739359E-11   0.000000000000E+00   0.392187500000E+03   0.360165254580E-11   0.000000000000E+00
  377.   0.307031250000E+03   0.104544234267E-10   0.000000000000E+00   0.392968750000E+03   0.732447332989E-11   0.000000000000E+00
  378.   0.306250000000E+03   0.530932770547E-11   0.000000000000E+00   0.393750000000E+03   0.374400086192E-11   0.000000000000E+00
  379.   0.305468750000E+03   0.107692878246E-10   0.000000000000E+00   0.394531250000E+03   0.756795134500E-11   0.000000000000E+00
  380.   0.304687500000E+03   0.544783919577E-11   0.000000000000E+00   0.395312500000E+03   0.384529101934E-11   0.000000000000E+00
  381.   0.303906250000E+03   0.110169811528E-10   0.000000000000E+00   0.396093750000E+03   0.773820226724E-11   0.000000000000E+00
  382.   0.303125000000E+03   0.555688288568E-11   0.000000000000E+00   0.396875000000E+03   0.391439636119E-11   0.000000000000E+00
  383.   0.302343750000E+03   0.112124129755E-10   0.000000000000E+00   0.397656250000E+03   0.785132769558E-11   0.000000000000E+00
  384.   0.301562500000E+03   0.564312136199E-11   0.000000000000E+00   0.398437500000E+03   0.395854407528E-11   0.000000000000E+00
  385.   0.300781250000E+03   0.113675193399E-10   0.000000000000E+00   0.399218750000E+03   0.792030410465E-11   0.000000000000E+00
  386.   0.300000000000E+03   0.571183663337E-11   0.000000000000E+00   0.400000000000E+03   0.398349147128E-11   0.000000000000E+00
  387.   0.299218750000E+03   0.114916435914E-10   0.000000000000E+00   0.400781250000E+03   0.795535647860E-11   0.000000000000E+00
  388.   0.298437500000E+03   0.576709278365E-11   0.000000000000E+00   0.401562500000E+03   0.399371591384E-11   0.000000000000E+00
  389.   0.297656250000E+03   0.115919818783E-10   0.000000000000E+00   0.402343750000E+03   0.796439799859E-11   0.000000000000E+00
  390.   0.296875000000E+03   0.581201989326E-11   0.000000000000E+00   0.403125000000E+03   0.399265527336E-11   0.000000000000E+00
  391.   0.296093750000E+03   0.116739988666E-10   0.000000000000E+00   0.403906250000E+03   0.795347303218E-11   0.000000000000E+00
  392.   0.295312500000E+03   0.584896137018E-11   0.000000000000E+00   0.404687500000E+03   0.398291563333E-11   0.000000000000E+00
  393.   0.294531250000E+03   0.117418278056E-10   0.000000000000E+00   0.405468750000E+03   0.792716671515E-11   0.000000000000E+00
  394.   0.293750000000E+03   0.587970582793E-11   0.000000000000E+00   0.406250000000E+03   0.396647648172E-11   0.000000000000E+00
  395.   0.292968750000E+03   0.117985800973E-10   0.000000000000E+00   0.407031250000E+03   0.788895309812E-11   0.000000000000E+00
  396.   0.292187500000E+03   0.590557100410E-11   0.000000000000E+00   0.407812500000E+03   0.394483493701E-11   0.000000000000E+00
  397.   0.291406250000E+03   0.118466019078E-10   0.000000000000E+00   0.408593750000E+03   0.784147056898E-11   0.000000000000E+00
  398.   0.290625000000E+03   0.592759109786E-11   0.000000000000E+00   0.409375000000E+03   0.391913004078E-11   0.000000000000E+00
  399.   0.289843750000E+03   0.118876784347E-10   0.000000000000E+00   0.410156250000E+03   0.778673342124E-11   0.000000000000E+00
  400.   0.289062500000E+03   0.594652009092E-11   0.000000000000E+00   0.410937500000E+03   0.389023510671E-11   0.000000000000E+00
  401.   0.288281250000E+03   0.119231716985E-10   0.000000000000E+00   0.411718750000E+03   0.772628227121E-11   0.000000000000E+00
  402.   0.287500000000E+03   0.596294938981E-11   0.000000000000E+00   0.412500000000E+03   0.385881580337E-11   0.000000000000E+00
  403.   0.286718750000E+03   0.119541312147E-10   0.000000000000E+00   0.413281250000E+03   0.766131815854E-11   0.000000000000E+00
  404.   0.285937500000E+03   0.597734573664E-11   0.000000000000E+00   0.414062500000E+03   0.382540956906E-11   0.000000000000E+00
  405.   0.285156250000E+03   0.119813563206E-10   0.000000000000E+00   0.414843750000E+03   0.759277256548E-11   0.000000000000E+00
  406.   0.284375000000E+03   0.599005308342E-11   0.000000000000E+00   0.415625000000E+03   0.379041313260E-11   0.000000000000E+00
  407.   0.283593750000E+03   0.120054791334E-10   0.000000000000E+00   0.416406250000E+03   0.752137409611E-11   0.000000000000E+00
  408.   0.282812500000E+03   0.600134805159E-11   0.000000000000E+00   0.417187500000E+03   0.375415755604E-11   0.000000000000E+00
  409.   0.282031250000E+03   0.120269859978E-10   0.000000000000E+00   0.417968750000E+03   0.744769322250E-11   0.000000000000E+00
  410.   0.281250000000E+03   0.601143083790E-11   0.000000000000E+00   0.418750000000E+03   0.371687937560E-11   0.000000000000E+00
  411.   0.280468750000E+03   0.120462466618E-10   0.000000000000E+00   0.419531250000E+03   0.737217518120E-11   0.000000000000E+00
  412.   0.279687500000E+03   0.602048354514E-11   0.000000000000E+00   0.420312500000E+03   0.367878486048E-11   0.000000000000E+00
  413.   0.278906250000E+03   0.120635600778E-10   0.000000000000E+00   0.421093750000E+03   0.729517700583E-11   0.000000000000E+00
  414.   0.278125000000E+03   0.602862805974E-11   0.000000000000E+00   0.421875000000E+03   0.364002752953E-11   0.000000000000E+00
  415.   0.277343750000E+03   0.120791551902E-10   0.000000000000E+00   0.422656250000E+03   0.721697720268E-11   0.000000000000E+00
  416.   0.276562500000E+03   0.603596770726E-11   0.000000000000E+00   0.423437500000E+03   0.360073082491E-11   0.000000000000E+00
  417.   0.275781250000E+03   0.120932018404E-10   0.000000000000E+00   0.424218750000E+03   0.713779358562E-11   0.000000000000E+00
  418.   0.275000000000E+03   0.604255686944E-11   0.000000000000E+00   0.425000000000E+03   0.356099243092E-11   0.000000000000E+00
  419.   0.274218750000E+03   0.121058319719E-10   0.000000000000E+00   0.425781250000E+03   0.705779843056E-11   0.000000000000E+00
  420.   0.273437500000E+03   0.604846993790E-11   0.000000000000E+00   0.426562500000E+03   0.352088832543E-11   0.000000000000E+00
  421.   0.272656250000E+03   0.121171590832E-10   0.000000000000E+00   0.427343750000E+03   0.697713345685E-11   0.000000000000E+00
  422.   0.271875000000E+03   0.605376816670E-11   0.000000000000E+00   0.428125000000E+03   0.348047728363E-11   0.000000000000E+00
  423.   0.271093750000E+03   0.121272591535E-10   0.000000000000E+00   0.428906250000E+03   0.689590567237E-11   0.000000000000E+00
  424.   0.270312500000E+03   0.605846636775E-11   0.000000000000E+00   0.429687500000E+03   0.343980944420E-11   0.000000000000E+00
  425.   0.269531250000E+03   0.121361929769E-10   0.000000000000E+00   0.430468750000E+03   0.681420472803E-11   0.000000000000E+00
  426.   0.268750000000E+03   0.606258931185E-11   0.000000000000E+00   0.431250000000E+03   0.339892533817E-11   0.000000000000E+00
  427.   0.267968750000E+03   0.121440052176E-10   0.000000000000E+00   0.432031250000E+03   0.673210433805E-11   0.000000000000E+00
  428.   0.267187500000E+03   0.606616925315E-11   0.000000000000E+00   0.432812500000E+03   0.335785967445E-11   0.000000000000E+00
  429.   0.266406250000E+03   0.121507329820E-10   0.000000000000E+00   0.433593750000E+03   0.664966396673E-11   0.000000000000E+00
  430.   0.265625000000E+03   0.606921271497E-11   0.000000000000E+00   0.434375000000E+03   0.331663718104E-11   0.000000000000E+00
  431.   0.264843750000E+03   0.121564077108E-10   0.000000000000E+00   0.435156250000E+03   0.656693300280E-11   0.000000000000E+00
  432.   0.264062500000E+03   0.607173918232E-11   0.000000000000E+00   0.435937500000E+03   0.327528313772E-11   0.000000000000E+00
  433.   0.263281250000E+03   0.121610480423E-10   0.000000000000E+00   0.436718750000E+03   0.648395291913E-11   0.000000000000E+00
  434.   0.262500000000E+03   0.607374836244E-11   0.000000000000E+00   0.437500000000E+03   0.323380870441E-11   0.000000000000E+00
  435.   0.261718750000E+03   0.121646733892E-10   0.000000000000E+00   0.438281250000E+03   0.640075856477E-11   0.000000000000E+00
  436.   0.260937500000E+03   0.607526026760E-11   0.000000000000E+00   0.439062500000E+03   0.319223870395E-11   0.000000000000E+00
  437.   0.260156250000E+03   0.121672955838E-10   0.000000000000E+00   0.439843750000E+03   0.631738516471E-11   0.000000000000E+00
  438.   0.259375000000E+03   0.607626930876E-11   0.000000000000E+00   0.440625000000E+03   0.315058734072E-11   0.000000000000E+00
  439.   0.258593750000E+03   0.121689270625E-10   0.000000000000E+00   0.441406250000E+03   0.623385867621E-11   0.000000000000E+00
  440.   0.257812500000E+03   0.607679033231E-11   0.000000000000E+00   0.442187500000E+03   0.310886364321E-11   0.000000000000E+00
  441.   0.257031250000E+03   0.121695716320E-10   0.000000000000E+00   0.442968750000E+03   0.615020346959E-11   0.000000000000E+00
  442.   0.256250000000E+03   0.607681387703E-11   0.000000000000E+00   0.443750000000E+03   0.306708527788E-11   0.000000000000E+00
  443.   0.255468750000E+03   0.121692409941E-10   0.000000000000E+00   0.444531250000E+03   0.606644472735E-11   0.000000000000E+00
  444.   0.254687500000E+03   0.607636327125E-11   0.000000000000E+00   0.445312500000E+03   0.302525769442E-11   0.000000000000E+00
  445.   0.253906250000E+03   0.121679385008E-10   0.000000000000E+00   0.446093750000E+03   0.598260173592E-11   0.000000000000E+00
  446.   0.253125000000E+03   0.607541948013E-11   0.000000000000E+00   0.446875000000E+03   0.298339516044E-11   0.000000000000E+00
  447.   0.252343750000E+03   0.121656622732E-10   0.000000000000E+00   0.447656250000E+03   0.589870041719E-11   0.000000000000E+00
  448.   0.251562500000E+03   0.607399271613E-11   0.000000000000E+00   0.448437500000E+03   0.294150706096E-11   0.000000000000E+00
  449.   0.250781250000E+03   0.121624211895E-10   0.000000000000E+00   0.449218750000E+03   0.581475769151E-11   0.000000000000E+00
  450.   0.250000000000E+03   0.607208983678E-11   0.000000000000E+00   0.450000000000E+03   0.289960479580E-11   0.000000000000E+00
  451.   0.249218750000E+03   0.121582180810E-10   0.000000000000E+00   0.450781250000E+03   0.573079316724E-11   0.000000000000E+00
  452.   0.248437500000E+03   0.606970409634E-11   0.000000000000E+00   0.451562500000E+03   0.285769512601E-11   0.000000000000E+00
  453.   0.247656250000E+03   0.121530531620E-10   0.000000000000E+00   0.452343750000E+03   0.564682507448E-11   0.000000000000E+00
  454.   0.246875000000E+03   0.606683648835E-11   0.000000000000E+00   0.453125000000E+03   0.281578838030E-11   0.000000000000E+00
  455.   0.246093750000E+03   0.121469269274E-10   0.000000000000E+00   0.453906250000E+03   0.556287430583E-11   0.000000000000E+00
  456.   0.245312500000E+03   0.606349071433E-11   0.000000000000E+00   0.454687500000E+03   0.277389605336E-11   0.000000000000E+00
  457.   0.244531250000E+03   0.121398428157E-10   0.000000000000E+00   0.455468750000E+03   0.547895514595E-11   0.000000000000E+00
  458.   0.243750000000E+03   0.605966129011E-11   0.000000000000E+00   0.456250000000E+03   0.273202133090E-11   0.000000000000E+00
  459.   0.242968750000E+03   0.121318004191E-10   0.000000000000E+00   0.457031250000E+03   0.539508629864E-11   0.000000000000E+00
  460.   0.242187500000E+03   0.605536352273E-11   0.000000000000E+00   0.457812500000E+03   0.269017961888E-11   0.000000000000E+00
  461.   0.241406250000E+03   0.121228027999E-10   0.000000000000E+00   0.458593750000E+03   0.531128600708E-11   0.000000000000E+00
  462.   0.240625000000E+03   0.605058817046E-11   0.000000000000E+00   0.459375000000E+03   0.264837436533E-11   0.000000000000E+00
  463.   0.239843750000E+03   0.121128506664E-10   0.000000000000E+00   0.460156250000E+03   0.522757340436E-11   0.000000000000E+00
  464.   0.239062500000E+03   0.604532651260E-11   0.000000000000E+00   0.460937500000E+03   0.260661681151E-11   0.000000000000E+00
  465.   0.238281250000E+03   0.121019478722E-10   0.000000000000E+00   0.461718750000E+03   0.514396569223E-11   0.000000000000E+00
  466.   0.237500000000E+03   0.603960088351E-11   0.000000000000E+00   0.462500000000E+03   0.256491520431E-11   0.000000000000E+00
  467.   0.236718750000E+03   0.120900952419E-10   0.000000000000E+00   0.463281250000E+03   0.506047979783E-11   0.000000000000E+00
  468.   0.235937500000E+03   0.603339732348E-11   0.000000000000E+00   0.464062500000E+03   0.252328040974E-11   0.000000000000E+00
  469.   0.235156250000E+03   0.120772910394E-10   0.000000000000E+00   0.464843750000E+03   0.497713481914E-11   0.000000000000E+00
  470.   0.234375000000E+03   0.602672382234E-11   0.000000000000E+00   0.465625000000E+03   0.248172004890E-11   0.000000000000E+00
  471.   0.233593750000E+03   0.120635380657E-10   0.000000000000E+00   0.466406250000E+03   0.489394857683E-11   0.000000000000E+00
  472.   0.232812500000E+03   0.601956544246E-11   0.000000000000E+00   0.467187500000E+03   0.244024062344E-11   0.000000000000E+00
  473.   0.232031250000E+03   0.120488361415E-10   0.000000000000E+00   0.467968750000E+03   0.481093817626E-11   0.000000000000E+00
  474.   0.231250000000E+03   0.601194303284E-11   0.000000000000E+00   0.468750000000E+03   0.239885741180E-11   0.000000000000E+00
  475.   0.230468750000E+03   0.120331911216E-10   0.000000000000E+00   0.469531250000E+03   0.472812363385E-11   0.000000000000E+00
  476.   0.229687500000E+03   0.600385013966E-11   0.000000000000E+00   0.470312500000E+03   0.235757517299E-11   0.000000000000E+00
  477.   0.228906250000E+03   0.120166019543E-10   0.000000000000E+00   0.471093750000E+03   0.464552245849E-11   0.000000000000E+00
  478.   0.228125000000E+03   0.599528037894E-11   0.000000000000E+00   0.471875000000E+03   0.231640278136E-11   0.000000000000E+00
  479.   0.227343750000E+03   0.119990662560E-10   0.000000000000E+00   0.472656250000E+03   0.456315366121E-11   0.000000000000E+00
  480.   0.226562500000E+03   0.598624350994E-11   0.000000000000E+00   0.473437500000E+03   0.227535254241E-11   0.000000000000E+00
  481.   0.225781250000E+03   0.119805886181E-10   0.000000000000E+00   0.474218750000E+03   0.448103738711E-11   0.000000000000E+00
  482.   0.225000000000E+03   0.597673221763E-11   0.000000000000E+00   0.475000000000E+03   0.223443130582E-11   0.000000000000E+00
  483.   0.224218750000E+03   0.119611690220E-10   0.000000000000E+00   0.475781250000E+03   0.439919386310E-11   0.000000000000E+00
  484.   0.223437500000E+03   0.596675959523E-11   0.000000000000E+00   0.476562500000E+03   0.219365164996E-11   0.000000000000E+00
  485.   0.222656250000E+03   0.119408090186E-10   0.000000000000E+00   0.477343750000E+03   0.431764291449E-11   0.000000000000E+00
  486.   0.221875000000E+03   0.595631148425E-11   0.000000000000E+00   0.478125000000E+03   0.215302400018E-11   0.000000000000E+00
  487.   0.221093750000E+03   0.119195142643E-10   0.000000000000E+00   0.478906250000E+03   0.423640507176E-11   0.000000000000E+00
  488.   0.220312500000E+03   0.594539541719E-11   0.000000000000E+00   0.479687500000E+03   0.211255587977E-11   0.000000000000E+00
  489.   0.219531250000E+03   0.118972837446E-10   0.000000000000E+00   0.480468750000E+03   0.415550339844E-11   0.000000000000E+00
  490.   0.218750000000E+03   0.593401658615E-11   0.000000000000E+00   0.481250000000E+03   0.207226293299E-11   0.000000000000E+00
  491.   0.217968750000E+03   0.118741163096E-10   0.000000000000E+00   0.482031250000E+03   0.407496224955E-11   0.000000000000E+00
  492.   0.217187500000E+03   0.592216827250E-11   0.000000000000E+00   0.482812500000E+03   0.203215564925E-11   0.000000000000E+00
  493.   0.216406250000E+03   0.118500160648E-10   0.000000000000E+00   0.483593750000E+03   0.399480538977E-11   0.000000000000E+00
  494.   0.215625000000E+03   0.590985456776E-11   0.000000000000E+00   0.484375000000E+03   0.199224674000E-11   0.000000000000E+00
  495.   0.214843750000E+03   0.118249837543E-10   0.000000000000E+00   0.485156250000E+03   0.391506240818E-11   0.000000000000E+00
  496.   0.214062500000E+03   0.589707519973E-11   0.000000000000E+00   0.485937500000E+03   0.195254946253E-11   0.000000000000E+00
  497.   0.213281250000E+03   0.117990245977E-10   0.000000000000E+00   0.486718750000E+03   0.383575998373E-11   0.000000000000E+00
  498.   0.212500000000E+03   0.588383837370E-11   0.000000000000E+00   0.487500000000E+03   0.191308115483E-11   0.000000000000E+00
  499.   0.211718750000E+03   0.117721342068E-10   0.000000000000E+00   0.488281250000E+03   0.375693419647E-11   0.000000000000E+00
  500.   0.210937500000E+03   0.587012890565E-11   0.000000000000E+00   0.489062500000E+03   0.187385898611E-11   0.000000000000E+00
  501.   0.210156250000E+03   0.117443201279E-10   0.000000000000E+00   0.489843750000E+03   0.367862174304E-11   0.000000000000E+00
  502.   0.209375000000E+03   0.585596270922E-11   0.000000000000E+00   0.490625000000E+03   0.183490525443E-11   0.000000000000E+00
  503.   0.208593750000E+03   0.117155781911E-10   0.000000000000E+00   0.491406250000E+03   0.360086739375E-11   0.000000000000E+00
  504.   0.207812500000E+03   0.584133199648E-11   0.000000000000E+00   0.492187500000E+03   0.179623847350E-11   0.000000000000E+00
  505.   0.207031250000E+03   0.116859133731E-10   0.000000000000E+00   0.492968750000E+03   0.352372256566E-11   0.000000000000E+00
  506.   0.206250000000E+03   0.582624667265E-11   0.000000000000E+00   0.493750000000E+03   0.175789229489E-11   0.000000000000E+00
  507.   0.205468750000E+03   0.116553308157E-10   0.000000000000E+00   0.494531250000E+03   0.344724693097E-11   0.000000000000E+00
  508.   0.204687500000E+03   0.581069515593E-11   0.000000000000E+00   0.495312500000E+03   0.171989380907E-11   0.000000000000E+00
  509.   0.203906250000E+03   0.116238306792E-10   0.000000000000E+00   0.496093750000E+03   0.337151309481E-11   0.000000000000E+00
  510.   0.203125000000E+03   0.579469345394E-11   0.000000000000E+00   0.496875000000E+03   0.168228587600E-11   0.000000000000E+00
  511.   0.202343750000E+03   0.115914120393E-10   0.000000000000E+00   0.497656250000E+03   0.329661136354E-11   0.000000000000E+00
  512.   0.201562500000E+03   0.577823661750E-11   0.000000000000E+00   0.498437500000E+03   0.164511901203E-11   0.000000000000E+00
  513.   0.200781250000E+03   0.115580768390E-10   0.000000000000E+00   0.499218750000E+03   0.322265313836E-11   0.000000000000E+00
  514.   0.200000000000E+03   0.576131329505E-11   0.000000000000E+00   0.500000000000E+03   0.160845180511E-11   0.000000000000E+00
  515.   0.199218750000E+03   0.115238331310E-10   0.000000000000E+00   0.500781250000E+03   0.314977267964E-11   0.000000000000E+00
  516.   0.198437500000E+03   0.574393768861E-11   0.000000000000E+00   0.501562500000E+03   0.157236190666E-11   0.000000000000E+00
  517.   0.197656250000E+03   0.114886823708E-10   0.000000000000E+00   0.502343750000E+03   0.307814166615E-11   0.000000000000E+00
  518.   0.196875000000E+03   0.572611398354E-11   0.000000000000E+00   0.503125000000E+03   0.153694349314E-11   0.000000000000E+00
  519.   0.196093750000E+03   0.114526247198E-10   0.000000000000E+00   0.503906250000E+03   0.300797759561E-11   0.000000000000E+00
  520.   0.195312500000E+03   0.570783343352E-11   0.000000000000E+00   0.504687500000E+03   0.150231753879E-11   0.000000000000E+00
  521.   0.194531250000E+03   0.114156592020E-10   0.000000000000E+00   0.505468750000E+03   0.293955557518E-11   0.000000000000E+00
  522.   0.193750000000E+03   0.568910739249E-11   0.000000000000E+00   0.506250000000E+03   0.146863982476E-11   0.000000000000E+00
  523.   0.192968750000E+03   0.113777885794E-10   0.000000000000E+00   0.507031250000E+03   0.287322510228E-11   0.000000000000E+00
  524.   0.192187500000E+03   0.566991741724E-11   0.000000000000E+00   0.507812500000E+03   0.143610477643E-11   0.000000000000E+00
  525.   0.191406250000E+03   0.113390115621E-10   0.000000000000E+00   0.508593750000E+03   0.280943436127E-11   0.000000000000E+00
  526.   0.190625000000E+03   0.565028920998E-11   0.000000000000E+00   0.509375000000E+03   0.140496299652E-11   0.000000000000E+00
  527.   0.189843750000E+03   0.112993436408E-10   0.000000000000E+00   0.510156250000E+03   0.274875760566E-11   0.000000000000E+00
  528.   0.189062500000E+03   0.563020549285E-11   0.000000000000E+00   0.510937500000E+03   0.137553897301E-11   0.000000000000E+00
  529.   0.188281250000E+03   0.112587783141E-10   0.000000000000E+00   0.511718750000E+03   0.269193134086E-11   0.000000000000E+00
  530.   0.187500000000E+03   0.560967838407E-11   0.000000000000E+00   0.512500000000E+03   0.134824725923E-11   0.000000000000E+00
  531.   0.186718750000E+03   0.112173218704E-10   0.000000000000E+00   0.513281250000E+03   0.263990477104E-11   0.000000000000E+00
  532.   0.185937500000E+03   0.558870645131E-11   0.000000000000E+00   0.514062500000E+03   0.132362008371E-11   0.000000000000E+00
  533.   0.185156250000E+03   0.111749710084E-10   0.000000000000E+00   0.514843750000E+03   0.259389933197E-11   0.000000000000E+00
  534.   0.184375000000E+03   0.556729264958E-11   0.000000000000E+00   0.515625000000E+03   0.130234540042E-11   0.000000000000E+00
  535.   0.183593750000E+03   0.111317303268E-10   0.000000000000E+00   0.516406250000E+03   0.255549217750E-11   0.000000000000E+00
  536.   0.182812500000E+03   0.554542704683E-11   0.000000000000E+00   0.517187500000E+03   0.128531376677E-11   0.000000000000E+00
  537.   0.182031250000E+03   0.110876046093E-10   0.000000000000E+00   0.517968750000E+03   0.252671738095E-11   0.000000000000E+00
  538.   0.181250000000E+03   0.552312446232E-11   0.000000000000E+00   0.518750000000E+03   0.127366947773E-11   0.000000000000E+00
  539.   0.180468750000E+03   0.110425938071E-10   0.000000000000E+00   0.519531250000E+03   0.251020664136E-11   0.000000000000E+00
  540.   0.179687500000E+03   0.550037700937E-11   0.000000000000E+00   0.520312500000E+03   0.126889719200E-11   0.000000000000E+00
  541.   0.178906250000E+03   0.109967020667E-10   0.000000000000E+00   0.521093750000E+03   0.250936217593E-11   0.000000000000E+00
  542.   0.178125000000E+03   0.547719749925E-11   0.000000000000E+00   0.521875000000E+03   0.127291490410E-11   0.000000000000E+00
  543.   0.177343750000E+03   0.109499318017E-10   0.000000000000E+00   0.522656250000E+03   0.252859105627E-11   0.000000000000E+00
  544.   0.176562500000E+03   0.545357464396E-11   0.000000000000E+00   0.523437500000E+03   0.128820998017E-11   0.000000000000E+00
  545.   0.175781250000E+03   0.109022864870E-10   0.000000000000E+00   0.524218750000E+03   0.257360287958E-11   0.000000000000E+00
  546.   0.175000000000E+03   0.542951740969E-11   0.000000000000E+00   0.525000000000E+03   0.131800578335E-11   0.000000000000E+00
  547.   0.174218750000E+03   0.108537647486E-10   0.000000000000E+00   0.525781250000E+03   0.265179960560E-11   0.000000000000E+00
  548.   0.173437500000E+03   0.540501699456E-11   0.000000000000E+00   0.526562500000E+03   0.136647918080E-11   0.000000000000E+00
  549.   0.172656250000E+03   0.108043712958E-10   0.000000000000E+00   0.527343750000E+03   0.277277587709E-11   0.000000000000E+00
  550.   0.171875000000E+03   0.538008565899E-11   0.000000000000E+00   0.528125000000E+03   0.143904632678E-11   0.000000000000E+00
  551.   0.171093750000E+03   0.107541090960E-10   0.000000000000E+00   0.528906250000E+03   0.294896664549E-11   0.000000000000E+00
  552.   0.170312500000E+03   0.535472492929E-11   0.000000000000E+00   0.529687500000E+03   0.154272582760E-11   0.000000000000E+00
  553.   0.169531250000E+03   0.107029825904E-10   0.000000000000E+00   0.530468750000E+03   0.319647013870E-11   0.000000000000E+00
  554.   0.168750000000E+03   0.532893174891E-11   0.000000000000E+00   0.531250000000E+03   0.168659549450E-11   0.000000000000E+00
  555.   0.167968750000E+03   0.106509920252E-10   0.000000000000E+00   0.532031250000E+03   0.353610039147E-11   0.000000000000E+00
  556.   0.167187500000E+03   0.530270323941E-11   0.000000000000E+00   0.532812500000E+03   0.188238947475E-11   0.000000000000E+00
  557.   0.166406250000E+03   0.105981392349E-10   0.000000000000E+00   0.533593750000E+03   0.399472740207E-11   0.000000000000E+00
  558.   0.165625000000E+03   0.527604924769E-11   0.000000000000E+00   0.534375000000E+03   0.214524127286E-11   0.000000000000E+00
  559.   0.164843750000E+03   0.105444308168E-10   0.000000000000E+00   0.535156250000E+03   0.460697384816E-11   0.000000000000E+00
  560.   0.164062500000E+03   0.524895843565E-11   0.000000000000E+00   0.535937500000E+03   0.249463559462E-11   0.000000000000E+00
  561.   0.163281250000E+03   0.104898638264E-10   0.000000000000E+00   0.536718750000E+03   0.541739542241E-11   0.000000000000E+00
  562.   0.162500000000E+03   0.522142862771E-11   0.000000000000E+00   0.537500000000E+03   0.295563560627E-11   0.000000000000E+00
  563.   0.161718750000E+03   0.104344449274E-10   0.000000000000E+00   0.538281250000E+03   0.648328870426E-11   0.000000000000E+00
  564.   0.160937500000E+03   0.519351265183E-11   0.000000000000E+00   0.539062500000E+03   0.356046350249E-11   0.000000000000E+00
  565.   0.160156250000E+03   0.103781771229E-10   0.000000000000E+00   0.539843750000E+03   0.787837810449E-11   0.000000000000E+00
  566.   0.159375000000E+03   0.516515084419E-11   0.000000000000E+00   0.540625000000E+03   0.435060064001E-11   0.000000000000E+00
  567.   0.158593750000E+03   0.103210565689E-10   0.000000000000E+00   0.541406250000E+03   0.969773132827E-11   0.000000000000E+00
  568.   0.157812500000E+03   0.513636148450E-11   0.000000000000E+00   0.542187500000E+03   0.537960391043E-11   0.000000000000E+00
  569.   0.157031250000E+03   0.102630897252E-10   0.000000000000E+00   0.542968750000E+03   0.120644258665E-10   0.000000000000E+00
  570.   0.156250000000E+03   0.510715056489E-11   0.000000000000E+00   0.543750000000E+03   0.671695340910E-11   0.000000000000E+00
  571.   0.155468750000E+03   0.102042793505E-10   0.000000000000E+00   0.544531250000E+03   0.151386875052E-10   0.000000000000E+00
  572.   0.154687500000E+03   0.507751803040E-11   0.000000000000E+00   0.545312500000E+03   0.845334395455E-11   0.000000000000E+00
  573.   0.153906250000E+03   0.101446236555E-10   0.000000000000E+00   0.546093750000E+03   0.191304559899E-10   0.000000000000E+00
  574.   0.153125000000E+03   0.504746908775E-11   0.000000000000E+00   0.546875000000E+03   0.107079653940E-10   0.000000000000E+00
  575.   0.152343750000E+03   0.100841254842E-10   0.000000000000E+00   0.547656250000E+03   0.243165272136E-10   0.000000000000E+00
  576.   0.151562500000E+03   0.501699215891E-11   0.000000000000E+00   0.548437500000E+03   0.136383821117E-10   0.000000000000E+00
  577.   0.150781250000E+03   0.100227840420E-10   0.000000000000E+00   0.549218750000E+03   0.310635063177E-10   0.000000000000E+00
  578.   0.150000000000E+03   0.498610062252E-11   0.000000000000E+00   0.550000000000E+03   0.174536331585E-10   0.000000000000E+00
  579.   0.149218750000E+03   0.996060005283E-11   0.000000000000E+00   0.550781250000E+03   0.398576192406E-10   0.000000000000E+00
  580.   0.148437500000E+03   0.495477944275E-11   0.000000000000E+00   0.551562500000E+03   0.224309857908E-10   0.000000000000E+00
  581.   0.147656250000E+03   0.989757558444E-11   0.000000000000E+00   0.552343750000E+03   0.513418052830E-10   0.000000000000E+00
  582.   0.146875000000E+03   0.492303958035E-11   0.000000000000E+00   0.553125000000E+03   0.289363211075E-10   0.000000000000E+00
  583.   0.146093750000E+03   0.983370514986E-11   0.000000000000E+00   0.553906250000E+03   0.663592750235E-10   0.000000000000E+00
  584.   0.145312500000E+03   0.489088039554E-11   0.000000000000E+00   0.554687500000E+03   0.374473563340E-10   0.000000000000E+00
  585.   0.144531250000E+03   0.976897505199E-11   0.000000000000E+00   0.555468750000E+03   0.860008601627E-10   0.000000000000E+00
  586.   0.143750000000E+03   0.485828680489E-11   0.000000000000E+00   0.556250000000E+03   0.485777749785E-10   0.000000000000E+00
  587.   0.142968750000E+03   0.970337470879E-11   0.000000000000E+00   0.557031250000E+03   0.111651235056E-09   0.000000000000E+00
  588.   0.142187500000E+03   0.482525038935E-11   0.000000000000E+00   0.557812500000E+03   0.630992271220E-10   0.000000000000E+00
  589.   0.141406250000E+03   0.963688229171E-11   0.000000000000E+00   0.558593750000E+03   0.145027405046E-09   0.000000000000E+00
  590.   0.140625000000E+03   0.479175482673E-11   0.000000000000E+00   0.559375000000E+03   0.819575544538E-10   0.000000000000E+00
  591.   0.139843750000E+03   0.956946833096E-11   0.000000000000E+00   0.560156250000E+03   0.188203559017E-09   0.000000000000E+00
  592.   0.139062500000E+03   0.475780060982E-11   0.000000000000E+00   0.560937500000E+03   0.106280874277E-09   0.000000000000E+00
  593.   0.138281250000E+03   0.950110176834E-11   0.000000000000E+00   0.561718750000E+03   0.243622700970E-09   0.000000000000E+00
  594.   0.137500000000E+03   0.472335511705E-11   0.000000000000E+00   0.562500000000E+03   0.137382207797E-09   0.000000000000E+00
  595.   0.136718750000E+03   0.943174404122E-11   0.000000000000E+00   0.563281250000E+03   0.314112061869E-09   0.000000000000E+00
  596.   0.135937500000E+03   0.468841275802E-11   0.000000000000E+00   0.564062500000E+03   0.176770933677E-09   0.000000000000E+00
  597.   0.135156250000E+03   0.936138580384E-11   0.000000000000E+00   0.564843750000E+03   0.402952017206E-09   0.000000000000E+00
  598.   0.134375000000E+03   0.465296366649E-11   0.000000000000E+00   0.565625000000E+03   0.226208626782E-09   0.000000000000E+00
  599.   0.133593750000E+03   0.929004586959E-11   0.000000000000E+00   0.566406250000E+03   0.514102676041E-09   0.000000000000E+00
  600.   0.132812500000E+03   0.461703311363E-11   0.000000000000E+00   0.567187500000E+03   0.287878319124E-09   0.000000000000E+00
  601.   0.132031250000E+03   0.921780776064E-11   0.000000000000E+00   0.567968750000E+03   0.652770895399E-09   0.000000000000E+00
  602.   0.131250000000E+03   0.458068597209E-11   0.000000000000E+00   0.568750000000E+03   0.364781855287E-09   0.000000000000E+00
  603.   0.130468750000E+03   0.914484000234E-11   0.000000000000E+00   0.569531250000E+03   0.826596729463E-09   0.000000000000E+00
  604.   0.129687500000E+03   0.454402865775E-11   0.000000000000E+00   0.570312500000E+03   0.461531481891E-09   0.000000000000E+00
  605.   0.128906250000E+03   0.907142511835E-11   0.000000000000E+00   0.571093750000E+03   0.104782747399E-08   0.000000000000E+00
  606.   0.128125000000E+03   0.450723857590E-11   0.000000000000E+00   0.571875000000E+03   0.585740476019E-09   0.000000000000E+00
  607.   0.127343750000E+03   0.899791848311E-11   0.000000000000E+00   0.572656250000E+03   0.133687251019E-08   0.000000000000E+00
  608.   0.126562500000E+03   0.447049924454E-11   0.000000000000E+00   0.573437500000E+03   0.750205120906E-09   0.000000000000E+00
  609.   0.125781250000E+03   0.892462801508E-11   0.000000000000E+00   0.574218750000E+03   0.172748690505E-08   0.000000000000E+00
  610.   0.125000000000E+03   0.443393551286E-11   0.000000000000E+00   0.575000000000E+03   0.975936275890E-09   0.000000000000E+00
  611.   0.124218750000E+03   0.885158448008E-11   0.000000000000E+00   0.575781250000E+03   0.227335361800E-08   0.000000000000E+00
  612.   0.123437500000E+03   0.439745180859E-11   0.000000000000E+00   0.576562500000E+03   0.129575225515E-08   0.000000000000E+00
  613.   0.122656250000E+03   0.877809348586E-11   0.000000000000E+00   0.577343750000E+03   0.305482782814E-08   0.000000000000E+00
  614.   0.121875000000E+03   0.436045785251E-11   0.000000000000E+00   0.578125000000E+03   0.175746492803E-08   0.000000000000E+00
  615.   0.121093750000E+03   0.870207844614E-11   0.000000000000E+00   0.578906250000E+03   0.418299290849E-08   0.000000000000E+00
  616.   0.120312500000E+03   0.432145692183E-11   0.000000000000E+00   0.579687500000E+03   0.242475994993E-08   0.000000000000E+00
  617.   0.119531250000E+03   0.861923688719E-11   0.000000000000E+00   0.580468750000E+03   0.579617790178E-08   0.000000000000E+00
  618.   0.118750000000E+03   0.427762090775E-11   0.000000000000E+00   0.581250000000E+03   0.337271716583E-08   0.000000000000E+00
  619.   0.117968750000E+03   0.852220900548E-11   0.000000000000E+00   0.582031250000E+03   0.804290276378E-08   0.000000000000E+00
  620.   0.117187500000E+03   0.422438670297E-11   0.000000000000E+00   0.582812500000E+03   0.467515458131E-08   0.000000000000E+00
  621.   0.116406250000E+03   0.840015596778E-11   0.000000000000E+00   0.583593750000E+03   0.110458014543E-07   0.000000000000E+00
  622.   0.115625000000E+03   0.415541440555E-11   0.000000000000E+00   0.584375000000E+03   0.638069713147E-08   0.000000000000E+00
  623.   0.114843750000E+03   0.823934728187E-11   0.000000000000E+00   0.585156250000E+03   0.148473652057E-07   0.000000000000E+00
  624.   0.114062500000E+03   0.406324485111E-11   0.000000000000E+00   0.585937500000E+03   0.848343724729E-08   0.000000000000E+00
  625.   0.113281250000E+03   0.802558047108E-11   0.000000000000E+00   0.586718750000E+03   0.193394222565E-07   0.000000000000E+00
  626.   0.112500000000E+03   0.394105533178E-11   0.000000000000E+00   0.587500000000E+03   0.108790834809E-07   0.000000000000E+00
  627.   0.111718750000E+03   0.774915440092E-11   0.000000000000E+00   0.588281250000E+03   0.242022684001E-07   0.000000000000E+00
  628.   0.110937500000E+03   0.378592176293E-11   0.000000000000E+00   0.589062500000E+03   0.133577873200E-07   0.000000000000E+00
  629.   0.110156250000E+03   0.741279568055E-11   0.000000000000E+00   0.589843750000E+03   0.288010429546E-07   0.000000000000E+00
  630.   0.109375000000E+03   0.360344124873E-11   0.000000000000E+00   0.590625000000E+03   0.154822015721E-07   0.000000000000E+00
  631.   0.108593750000E+03   0.704229867314E-11   0.000000000000E+00   0.591406250000E+03   0.322145310688E-07   0.000000000000E+00
  632.   0.107812500000E+03   0.341391108604E-11   0.000000000000E+00   0.592187500000E+03   0.168157165951E-07   0.000000000000E+00
  633.   0.107031250000E+03   0.669824360434E-11   0.000000000000E+00   0.592968750000E+03   0.326542307769E-07   0.000000000000E+00
  634.   0.106250000000E+03   0.325747255973E-11   0.000000000000E+00   0.593750000000E+03   0.159443741018E-07   0.000000000000E+00
  635.   0.105468750000E+03   0.648675329366E-11   0.000000000000E+00   0.594531250000E+03   0.284356569754E-07   0.000000000000E+00
  636.   0.104687500000E+03   0.320156114219E-11   0.000000000000E+00   0.595312500000E+03   0.128221655129E-07   0.000000000000E+00
  637.   0.103906250000E+03   0.655566103676E-11   0.000000000000E+00   0.596093750000E+03   0.118711889085E-07   0.000000000000E+00
  638.   0.103125000000E+03   0.332624721708E-11   0.000000000000E+00   0.596875000000E+03   0.122322836995E-08   0.000000000000E+00
  639.   0.102343750000E+03   0.706405339202E-11   0.000000000000E+00   0.597656250000E+03  -0.190043827140E-07   0.000000000000E+00
  640.   0.101562500000E+03   0.373890179266E-11   0.000000000000E+00   0.598437500000E+03  -0.232727413034E-07   0.000000000000E+00
  641.   0.100781250000E+03   0.789454679409E-11   0.000000000000E+00   0.599218750000E+03  -0.106631417434E-06   0.000000000000E+00
