i  r_top  QtopRe  QtopIm  r_bot  QbotRe  QbotIm   [mm, mC]
    1.   0.600000000000E+03  -0.447298558578E-11   0.000000000000E+00   0.100000000000E+03  -0.149156090045E-07   0.000000000000E+00
    2.   0.100000000000E+03  -0.149156090042E-07   0.000000000000E+00   0.600000000000E+03  -0.447298550690E-11   0.000000000000E+00
    3.   0.599218750000E+03  -0.173041954871E-10   0.000000000000E+00   0.100781250000E+03  -0.761872560803E-08   0.000000000000E+00
    4.   0.598437500000E+03  -0.829130941737E-11   0.000000000000E+00   0.101562500000E+03  -0.176260075040E-08   0.000000000000E+00
    5.   0.597656250000E+03  -0.156842169656E-10   0.000000000000E+00   0.102343750000E+03  -0.160934957919E-08   0.000000000000E+00
    6.   0.596875000000E+03  -0.740184870784E-11   0.000000000000E+00   0.103125000000E+03  -0.648359612856E-10   0.000000000000E+00
    7.   0.596093750000E+03  -0.146655645025E-10   0.000000000000E+00   0.103906250000E+03   0.562032612791E-09   0.000000000000E+00
    8.   0.595312500000E+03  -0.719025525592E-11   0.000000000000E+00   0.104687500000E+03   0.781573723534E-09   0.000000000000E+00
    9.   0.594531250000E+03  -0.146486196648E-10   0.000000000000E+00   0.105468750000E+03   0.179498565094E-08   0.000000000000E+00
   10.   0.593750000000E+03  -0.738448390903E-11   0.000000000000E+00   0.106250000000E+03   0.103646217868E-08   0.000000000000E+00
   11.   0.592968750000E+03  -0.152385212191E-10   0.000000000000E+00   0.107031250000E+03   0.216521767570E-08   0.000000000000E+00
   12.   0.592187500000E+03  -0.778247673639E-11   0.000000000000E+00   0.107812500000E+03   0.113597809668E-08   0.000000000000E+00
   13.   0.591406250000E+03  -0.160654686443E-10   0.000000000000E+00   0.108593750000E+03   0.220232452257E-08   0.000000000000E+00
   14.   0.590625000000E+03  -0.821671080045E-11   0.000000000000E+00   0.109375000000E+03   0.107214506148E-08   0.000000000000E+00
   15.   0.589843750000E+03  -0.168714472135E-10   0.000000000000E+00   0.110156250000E+03   0.201368659083E-08   0.000000000000E+00
   16.   0.589062500000E+03  -0.859269577167E-11   0.000000000000E+00   0.110937500000E+03   0.944223059959E-09   0.000000000000E+00
   17.   0.588281250000E+03  -0.175188744917E-10   0.000000000000E+00   0.111718750000E+03   0.172422365244E-08   0.000000000000E+00
   18.   0.587500000000E+03  -0.886769780666E-11   0.000000000000E+00   0.112500000000E+03   0.782450324504E-09   0.000000000000E+00
   19.   0.586718750000E+03  -0.179595433684E-10   0.000000000000E+00   0.113281250000E+03   0.140025956093E-08   0.000000000000E+00
   20.   0.585937500000E+03  -0.903597128392E-11   0.000000000000E+00   0.114062500000E+03   0.619463161046E-09   0.000000000000E+00
   21.   0.585156250000E+03  -0.182021197891E-10   0.000000000000E+00   0.114843750000E+03   0.109034796821E-08   0.000000000000E+00
   22.   0.584375000000E+03  -0.911207297404E-11   0.000000000000E+00   0.115625000000E+03   0.472104218697E-09   0.000000000000E+00
   23.   0.583593750000E+03  -0.182836658614E-10   0.000000000000E+00   0.116406250000E+03   0.821223090974E-09   0.000000000000E+00
   24.   0.582812500000E+03  -0.911865428186E-11   0.000000000000E+00   0.117187500000E+03   0.349853512523E-09   0.000000000000E+00
   25.   0.582031250000E+03  -0.182492967823E-10   0.000000000000E+00   0.117968750000E+03   0.604284832367E-09   0.000000000000E+00
   26.   0.581250000000E+03  -0.907837904225E-11   0.000000000000E+00   0.118750000000E+03   0.254789217375E-09   0.000000000000E+00
   27.   0.580468750000E+03  -0.181400031609E-10   0.000000000000E+00   0.119531250000E+03   0.439297924702E-09   0.000000000000E+00
   28.   0.579687500000E+03  -0.900976499915E-11   0.000000000000E+00   0.120312500000E+03   0.184586306298E-09   0.000000000000E+00
   29.   0.578906250000E+03  -0.179872710598E-10   0.000000000000E+00   0.121093750000E+03   0.319282798852E-09   0.000000000000E+00
   30.   0.578125000000E+03  -0.892592845539E-11   0.000000000000E+00   0.121875000000E+03   0.134610841026E-09   0.000000000000E+00
   31.   0.577343750000E+03  -0.178123086909E-10   0.000000000000E+00   0.122656250000E+03   0.234524603345E-09   0.000000000000E+00
   32.   0.576562500000E+03  -0.883505674203E-11   0.000000000000E+00   0.123437500000E+03   0.997574889767E-10   0.000000000000E+00
   33.   0.575781250000E+03  -0.176277132123E-10   0.000000000000E+00   0.124218750000E+03   0.175424112946E-09   0.000000000000E+00
   34.   0.575000000000E+03  -0.874160909856E-11   0.000000000000E+00   0.125000000000E+03   0.755014997154E-10   0.000000000000E+00
   35.   0.574218750000E+03  -0.174399607113E-10   0.000000000000E+00   0.125781250000E+03   0.133988686441E-09   0.000000000000E+00
   36.   0.573437500000E+03  -0.864762108954E-11   0.000000000000E+00   0.126562500000E+03   0.583439865634E-10   0.000000000000E+00
   37.   0.572656250000E+03  -0.172517439968E-10   0.000000000000E+00   0.127343750000E+03   0.104286186209E-09   0.000000000000E+00
   38.   0.571875000000E+03  -0.855375015532E-11   0.000000000000E+00   0.128125000000E+03   0.458303333954E-10   0.000000000000E+00
   39.   0.571093750000E+03  -0.170637609799E-10   0.000000000000E+00   0.128906250000E+03   0.822776480230E-10   0.000000000000E+00
   40.   0.570312500000E+03  -0.846002229571E-11   0.000000000000E+00   0.129687500000E+03   0.363643189968E-10   0.000000000000E+00
   41.   0.569531250000E+03  -0.168758626806E-10   0.000000000000E+00   0.130468750000E+03   0.653909480359E-10   0.000000000000E+00
   42.   0.568750000000E+03  -0.836625131836E-11   0.000000000000E+00   0.131250000000E+03   0.289654250142E-10   0.000000000000E+00
   43.   0.567968750000E+03  -0.166877012184E-10   0.000000000000E+00   0.132031250000E+03   0.520633260909E-10   0.000000000000E+00
   44.   0.567187500000E+03  -0.827227214124E-11   0.000000000000E+00   0.132812500000E+03   0.230509673464E-10   0.000000000000E+00
   45.   0.566406250000E+03  -0.164990180392E-10   0.000000000000E+00   0.133593750000E+03   0.413624525043E-10   0.000000000000E+00
   46.   0.565625000000E+03  -0.817798694469E-11   0.000000000000E+00   0.134375000000E+03   0.182727455222E-10   0.000000000000E+00
   47.   0.564843750000E+03  -0.163097285699E-10   0.000000000000E+00   0.135156250000E+03   0.327169200867E-10   0.000000000000E+00
   48.   0.564062500000E+03  -0.808339912731E-11   0.000000000000E+00   0.135937500000E+03   0.144094693899E-10   0.000000000000E+00
   49.   0.563281250000E+03  -0.161198959287E-10   0.000000000000E+00   0.136718750000E+03   0.257463156532E-10   0.000000000000E+00
   50.   0.562500000000E+03  -0.798856932817E-11   0.000000000000E+00   0.137500000000E+03   0.113037137666E-10   0.000000000000E+00
   51.   0.561718750000E+03  -0.159296761020E-10   0.000000000000E+00   0.138281250000E+03   0.201659145665E-10   0.000000000000E+00
   52.   0.560937500000E+03  -0.789359142036E-11   0.000000000000E+00   0.139062500000E+03   0.882941658101E-11   0.000000000000E+00
   53.   0.560156250000E+03  -0.157392710220E-10   0.000000000000E+00   0.139843750000E+03   0.157400494666E-10   0.000000000000E+00
   54.   0.559375000000E+03  -0.779857294610E-11   0.000000000000E+00   0.140625000000E+03   0.687774831087E-11   0.000000000000E+00
   55.   0.558593750000E+03  -0.155488796997E-10   0.000000000000E+00   0.141406250000E+03   0.122632882942E-10   0.000000000000E+00
   56.   0.557812500000E+03  -0.770360527661E-11   0.000000000000E+00   0.142187500000E+03   0.535251924553E-11   0.000000000000E+00
   57.   0.557031250000E+03  -0.153586810062E-10   0.000000000000E+00   0.142968750000E+03   0.955509674462E-11   0.000000000000E+00
   58.   0.556250000000E+03  -0.760877910285E-11   0.000000000000E+00   0.143750000000E+03   0.416955492792E-11   0.000000000000E+00
   59.   0.555468750000E+03  -0.151688194841E-10   0.000000000000E+00   0.144531250000E+03   0.745943125414E-11   0.000000000000E+00
   60.   0.554687500000E+03  -0.751415065081E-11   0.000000000000E+00   0.145312500000E+03   0.325701725718E-11   0.000000000000E+00
   61.   0.553906250000E+03  -0.149794058527E-10   0.000000000000E+00   0.146093750000E+03   0.584493440284E-11   0.000000000000E+00
   62.   0.553125000000E+03  -0.741976777216E-11   0.000000000000E+00   0.146875000000E+03   0.255535338919E-11   0.000000000000E+00
   63.   0.552343750000E+03  -0.147905219200E-10   0.000000000000E+00   0.147656250000E+03   0.460408031193E-11   0.000000000000E+00
   64.   0.551562500000E+03  -0.732566683677E-11   0.000000000000E+00   0.148437500000E+03   0.201653809236E-11   0.000000000000E+00
   65.   0.550781250000E+03  -0.146022297084E-10   0.000000000000E+00   0.149218750000E+03   0.365106071669E-11   0.000000000000E+00
   66.   0.550000000000E+03  -0.723187596164E-11   0.000000000000E+00   0.150000000000E+03   0.160274104862E-11   0.000000000000E+00
   67.   0.549218750000E+03  -0.144145741403E-10   0.000000000000E+00   0.150781250000E+03   0.291881555899E-11   0.000000000000E+00
   68.   0.548437500000E+03  -0.713841118777E-11   0.000000000000E+00   0.151562500000E+03   0.128469895274E-11   0.000000000000E+00
   69.   0.547656250000E+03  -0.142275885995E-10   0.000000000000E+00   0.152343750000E+03   0.235574155828E-11   0.000000000000E+00
   70.   0.546875000000E+03  -0.704528870593E-11   0.000000000000E+00   0.153125000000E+03   0.104005271295E-11   0.000000000000E+00
   71.   0.546093750000E+03  -0.140412997564E-10   0.000000000000E+00   0.153906250000E+03   0.192251462018E-11   0.000000000000E+00
   72.   0.545312500000E+03  -0.695251935729E-11   0.000000000000E+00   0.154687500000E+03   0.851829263323E-12   0.000000000000E+00
   73.   0.544531250000E+03  -0.138557250703E-10   0.000000000000E+00   0.155468750000E+03   0.158929412256E-11   0.000000000000E+00
   74.   0.543750000000E+03  -0.686010968191E-11   0.000000000000E+00   0.156250000000E+03   0.707160384010E-12   0.000000000000E+00
   75.   0.542968750000E+03  -0.136708814974E-10   0.000000000000E+00   0.157031250000E+03   0.133342255185E-11   0.000000000000E+00
   76.   0.542187500000E+03  -0.676806839760E-11   0.000000000000E+00   0.157812500000E+03   0.596259887212E-12   0.000000000000E+00
   77.   0.541406250000E+03  -0.134867839536E-10   0.000000000000E+00   0.158593750000E+03   0.113762419987E-11   0.000000000000E+00
   78.   0.540625000000E+03  -0.667640511528E-11   0.000000000000E+00   0.159375000000E+03   0.511642665213E-12   0.000000000000E+00
   79.   0.539843750000E+03  -0.133034449294E-10   0.000000000000E+00   0.160156250000E+03   0.988644126520E-12   0.000000000000E+00
   80.   0.539062500000E+03  -0.658512247400E-11   0.000000000000E+00   0.160937500000E+03   0.447543342262E-12   0.000000000000E+00
   81.   0.538281250000E+03  -0.131208759017E-10   0.000000000000E+00   0.161718750000E+03   0.876242828472E-12   0.000000000000E+00
   82.   0.537500000000E+03  -0.649422183472E-11   0.000000000000E+00   0.162500000000E+03   0.399491317158E-12   0.000000000000E+00
   83.   0.536718750000E+03  -0.129390841387E-10   0.000000000000E+00   0.163281250000E+03   0.792462369436E-12   0.000000000000E+00
   84.   0.535937500000E+03  -0.640371878466E-11   0.000000000000E+00   0.164062500000E+03   0.364002152392E-12   0.000000000000E+00
   85.   0.535156250000E+03  -0.127580809453E-10   0.000000000000E+00   0.164843750000E+03   0.731090081052E-12   0.000000000000E+00
   86.   0.534375000000E+03  -0.631361151269E-11   0.000000000000E+00   0.165625000000E+03   0.338349478789E-12   0.000000000000E+00
   87.   0.533593750000E+03  -0.125778753048E-10   0.000000000000E+00   0.166406250000E+03   0.687262778056E-12   0.000000000000E+00
   88.   0.532812500000E+03  -0.622390008874E-11   0.000000000000E+00   0.167187500000E+03   0.320397566845E-12   0.000000000000E+00
   89.   0.532031250000E+03  -0.123984733295E-10   0.000000000000E+00   0.167968750000E+03   0.657170425273E-12   0.000000000000E+00
   90.   0.531250000000E+03  -0.613459270110E-11   0.000000000000E+00   0.168750000000E+03   0.308473040750E-12   0.000000000000E+00
   91.   0.530468750000E+03  -0.122198838142E-10   0.000000000000E+00   0.169531250000E+03   0.637829143891E-12   0.000000000000E+00
   92.   0.529687500000E+03  -0.604569428799E-11   0.000000000000E+00   0.170312500000E+03   0.301265935458E-12   0.000000000000E+00
   93.   0.528906250000E+03  -0.120421152768E-10   0.000000000000E+00   0.171093750000E+03   0.626904970803E-12   0.000000000000E+00
   94.   0.528125000000E+03  -0.595720546768E-11   0.000000000000E+00   0.171875000000E+03   0.297752603494E-12   0.000000000000E+00
   95.   0.527343750000E+03  -0.118651732809E-10   0.000000000000E+00   0.172656250000E+03   0.622575219154E-12   0.000000000000E+00
   96.   0.526562500000E+03  -0.586913224711E-11   0.000000000000E+00   0.173437500000E+03   0.297134362990E-12   0.000000000000E+00
   97.   0.525781250000E+03  -0.116890656146E-10   0.000000000000E+00   0.174218750000E+03   0.623418597757E-12   0.000000000000E+00
   98.   0.525000000000E+03  -0.578147732234E-11   0.000000000000E+00   0.175000000000E+03   0.298788826175E-12   0.000000000000E+00
   99.   0.524218750000E+03  -0.115137978413E-10   0.000000000000E+00   0.175781250000E+03   0.628328126515E-12   0.000000000000E+00
  100.   0.523437500000E+03  -0.569424273500E-11   0.000000000000E+00   0.176562500000E+03   0.302231552570E-12   0.000000000000E+00
  101.   0.522656250000E+03  -0.113393779046E-10   0.000000000000E+00   0.177343750000E+03   0.636442010746E-12   0.000000000000E+00
  102.   0.521875000000E+03  -0.560743268765E-11   0.000000000000E+00   0.178125000000E+03   0.307085490705E-12   0.000000000000E+00
  103.   0.521093750000E+03  -0.111658119458E-10   0.000000000000E+00   0.178906250000E+03   0.647089288737E-12   0.000000000000E+00
  104.   0.520312500000E+03  -0.552105063672E-11   0.000000000000E+00   0.179687500000E+03   0.313056908278E-12   0.000000000000E+00
  105.   0.519531250000E+03  -0.109931070631E-10   0.000000000000E+00   0.180468750000E+03   0.659747166211E-12   0.000000000000E+00
  106.   0.518750000000E+03  -0.543510171582E-11   0.000000000000E+00   0.181250000000E+03   0.319916896226E-12   0.000000000000E+00
  107.   0.517968750000E+03  -0.108212684039E-10   0.000000000000E+00   0.182031250000E+03   0.674007693982E-12   0.000000000000E+00
  108.   0.517187500000E+03  -0.534958389333E-11   0.000000000000E+00   0.182812500000E+03   0.327486655429E-12   0.000000000000E+00
  109.   0.516406250000E+03  -0.106503055632E-10   0.000000000000E+00   0.183593750000E+03   0.689551967880E-12   0.000000000000E+00
  110.   0.515625000000E+03  -0.526450754058E-11   0.000000000000E+00   0.184375000000E+03   0.335626251306E-12   0.000000000000E+00
  111.   0.514843750000E+03  -0.104802246969E-10   0.000000000000E+00   0.185156250000E+03   0.706129895134E-12   0.000000000000E+00
  112.   0.514062500000E+03  -0.517987163837E-11   0.000000000000E+00   0.185937500000E+03   0.344225709711E-12   0.000000000000E+00
  113.   0.513281250000E+03  -0.103110320437E-10   0.000000000000E+00   0.186718750000E+03   0.723544785380E-12   0.000000000000E+00
  114.   0.512500000000E+03  -0.509568168977E-11   0.000000000000E+00   0.187500000000E+03   0.353198367008E-12   0.000000000000E+00
  115.   0.511718750000E+03  -0.101427355417E-10   0.000000000000E+00   0.188281250000E+03   0.741641268468E-12   0.000000000000E+00
  116.   0.510937500000E+03  -0.501194101428E-11   0.000000000000E+00   0.189062500000E+03   0.362475703914E-12   0.000000000000E+00
  117.   0.510156250000E+03  -0.997534083061E-11   0.000000000000E+00   0.189843750000E+03   0.760295952222E-12   0.000000000000E+00
  118.   0.509375000000E+03  -0.492865190814E-11   0.000000000000E+00   0.190625000000E+03   0.372002895708E-12   0.000000000000E+00
  119.   0.508593750000E+03  -0.980885511850E-11   0.000000000000E+00   0.191406250000E+03   0.779410553622E-12   0.000000000000E+00
  120.   0.507812500000E+03  -0.484581692409E-11   0.000000000000E+00   0.192187500000E+03   0.381736600040E-12   0.000000000000E+00
  121.   0.507031250000E+03  -0.964328593346E-11   0.000000000000E+00   0.192968750000E+03   0.798905980719E-12   0.000000000000E+00
  122.   0.506250000000E+03  -0.476344145026E-11   0.000000000000E+00   0.193750000000E+03   0.391641347995E-12   0.000000000000E+00
  123.   0.505468750000E+03  -0.947864032100E-11   0.000000000000E+00   0.194531250000E+03   0.818718107904E-12   0.000000000000E+00
  124.   0.504687500000E+03  -0.468152996223E-11   0.000000000000E+00   0.195312500000E+03   0.401688506437E-12   0.000000000000E+00
  125.   0.503906250000E+03  -0.931492643346E-11   0.000000000000E+00   0.196093750000E+03   0.838794479517E-12   0.000000000000E+00
  126.   0.503125000000E+03  -0.460008420343E-11   0.000000000000E+00   0.196875000000E+03   0.411854340485E-12   0.000000000000E+00
  127.   0.502343750000E+03  -0.915214999781E-11   0.000000000000E+00   0.197656250000E+03   0.859091486272E-12   0.000000000000E+00
  128.   0.501562500000E+03  -0.451910846137E-11   0.000000000000E+00   0.198437500000E+03   0.422119101595E-12   0.000000000000E+00
  129.   0.500781250000E+03  -0.899031798521E-11   0.000000000000E+00   0.199218750000E+03   0.879572782489E-12   0.000000000000E+00
  130.   0.500000000000E+03  -0.443860505790E-11   0.000000000000E+00   0.200000000000E+03   0.432466255938E-12   0.000000000000E+00
  131.   0.499218750000E+03  -0.882943837659E-11   0.000000000000E+00   0.200781250000E+03   0.900207171023E-12   0.000000000000E+00
  132.   0.498437500000E+03  -0.435857979643E-11   0.000000000000E+00   0.201562500000E+03   0.442881223576E-12   0.000000000000E+00
  133.   0.497656250000E+03  -0.866951843271E-11   0.000000000000E+00   0.202343750000E+03   0.920967613305E-12   0.000000000000E+00
  134.   0.496875000000E+03  -0.427903443552E-11   0.000000000000E+00   0.203125000000E+03   0.453351740698E-12   0.000000000000E+00
  135.   0.496093750000E+03  -0.851056553904E-11   0.000000000000E+00   0.203906250000E+03   0.941830429817E-12   0.000000000000E+00
  136.   0.495312500000E+03  -0.419997394897E-11   0.000000000000E+00   0.204687500000E+03   0.463866414950E-12   0.000000000000E+00
  137.   0.494531250000E+03  -0.835258705684E-11   0.000000000000E+00   0.205468750000E+03   0.962774174397E-12   0.000000000000E+00
  138.   0.493750000000E+03  -0.412140225186E-11   0.000000000000E+00   0.206250000000E+03   0.474415411745E-12   0.000000000000E+00
  139.   0.492968750000E+03  -0.819559112379E-11   0.000000000000E+00   0.207031250000E+03   0.983779508997E-12   0.000000000000E+00
  140.   0.492187500000E+03  -0.404332154480E-11   0.000000000000E+00   0.207812500000E+03   0.484989183486E-12   0.000000000000E+00
  141.   0.491406250000E+03  -0.803958320615E-11   0.000000000000E+00   0.208593750000E+03   0.100482824895E-11   0.000000000000E+00
  142.   0.490625000000E+03  -0.396573540110E-11   0.000000000000E+00   0.209375000000E+03   0.495579102659E-12   0.000000000000E+00
  143.   0.489843750000E+03  -0.788457113086E-11   0.000000000000E+00   0.210156250000E+03   0.102590355389E-11   0.000000000000E+00
  144.   0.489062500000E+03  -0.388864902358E-11   0.000000000000E+00   0.210937500000E+03   0.506177118566E-12   0.000000000000E+00
  145.   0.488281250000E+03  -0.773056443939E-11   0.000000000000E+00   0.211718750000E+03   0.104698927897E-11   0.000000000000E+00
  146.   0.487500000000E+03  -0.381206709303E-11   0.000000000000E+00   0.212500000000E+03   0.516775206726E-12   0.000000000000E+00
  147.   0.486718750000E+03  -0.757756884811E-11   0.000000000000E+00   0.213281250000E+03   0.106806986998E-11   0.000000000000E+00
  148.   0.485937500000E+03  -0.373599018172E-11   0.000000000000E+00   0.214062500000E+03   0.527366039357E-12   0.000000000000E+00
  149.   0.485156250000E+03  -0.742559231096E-11   0.000000000000E+00   0.214843750000E+03   0.108913027607E-11   0.000000000000E+00
  150.   0.484375000000E+03  -0.366042412999E-11   0.000000000000E+00   0.215625000000E+03   0.537942038976E-12   0.000000000000E+00
  151.   0.483593750000E+03  -0.727464214105E-11   0.000000000000E+00   0.216406250000E+03   0.111015567378E-11   0.000000000000E+00
  152.   0.482812500000E+03  -0.358537187087E-11   0.000000000000E+00   0.217187500000E+03   0.548495770436E-12   0.000000000000E+00
  153.   0.482031250000E+03  -0.712472604139E-11   0.000000000000E+00   0.217968750000E+03   0.113113146869E-11   0.000000000000E+00
  154.   0.481250000000E+03  -0.351083753529E-11   0.000000000000E+00   0.218750000000E+03   0.559020313300E-12   0.000000000000E+00
  155.   0.480468750000E+03  -0.697585154670E-11   0.000000000000E+00   0.219531250000E+03   0.115204338250E-11   0.000000000000E+00
  156.   0.479687500000E+03  -0.343682629128E-11   0.000000000000E+00   0.220312500000E+03   0.569508351652E-12   0.000000000000E+00
  157.   0.478906250000E+03  -0.682802630399E-11   0.000000000000E+00   0.221093750000E+03   0.117287696177E-11   0.000000000000E+00
  158.   0.478125000000E+03  -0.336333778390E-11   0.000000000000E+00   0.221875000000E+03   0.579952897696E-12   0.000000000000E+00
  159.   0.477343750000E+03  -0.668125776404E-11   0.000000000000E+00   0.222656250000E+03   0.119361792820E-11   0.000000000000E+00
  160.   0.476562500000E+03  -0.329037975757E-11   0.000000000000E+00   0.223437500000E+03   0.590346794824E-12   0.000000000000E+00
  161.   0.475781250000E+03  -0.653555361450E-11   0.000000000000E+00   0.224218750000E+03   0.121425189731E-11   0.000000000000E+00
  162.   0.475000000000E+03  -0.321795544901E-11   0.000000000000E+00   0.225000000000E+03   0.600682668470E-12   0.000000000000E+00
  163.   0.474218750000E+03  -0.639092125369E-11   0.000000000000E+00   0.225781250000E+03   0.123476453397E-11   0.000000000000E+00
  164.   0.473437500000E+03  -0.314606692641E-11   0.000000000000E+00   0.226562500000E+03   0.610953764484E-12   0.000000000000E+00
  165.   0.472656250000E+03  -0.624736879256E-11   0.000000000000E+00   0.227343750000E+03   0.125514147250E-11   0.000000000000E+00
  166.   0.471875000000E+03  -0.307471924889E-11   0.000000000000E+00   0.228125000000E+03   0.621152464759E-12   0.000000000000E+00
  167.   0.471093750000E+03  -0.610490345584E-11   0.000000000000E+00   0.228906250000E+03   0.127536842456E-11   0.000000000000E+00
  168.   0.470312500000E+03  -0.300391587106E-11   0.000000000000E+00   0.229687500000E+03   0.631271956989E-12   0.000000000000E+00
  169.   0.469531250000E+03  -0.596353255357E-11   0.000000000000E+00   0.230468750000E+03   0.129543082472E-11   0.000000000000E+00
  170.   0.468750000000E+03  -0.293366068419E-11   0.000000000000E+00   0.231250000000E+03   0.641305192629E-12   0.000000000000E+00
  171.   0.467968750000E+03  -0.582326408542E-11   0.000000000000E+00   0.232031250000E+03   0.131531405611E-11   0.000000000000E+00
  172.   0.467187500000E+03  -0.286395761347E-11   0.000000000000E+00   0.232812500000E+03   0.651244316265E-12   0.000000000000E+00
  173.   0.466406250000E+03  -0.568410573016E-11   0.000000000000E+00   0.233593750000E+03   0.133500331943E-11   0.000000000000E+00
  174.   0.465625000000E+03  -0.279481033541E-11   0.000000000000E+00   0.234375000000E+03   0.661082275674E-12   0.000000000000E+00
  175.   0.464843750000E+03  -0.554606542631E-11   0.000000000000E+00   0.235156250000E+03   0.135448384280E-11   0.000000000000E+00
  176.   0.464062500000E+03  -0.272622204060E-11   0.000000000000E+00   0.235937500000E+03   0.670811715022E-12   0.000000000000E+00
  177.   0.463281250000E+03  -0.540915039257E-11   0.000000000000E+00   0.236718750000E+03   0.137374061897E-11   0.000000000000E+00
  178.   0.462500000000E+03  -0.265819805766E-11   0.000000000000E+00   0.237500000000E+03   0.680425102009E-12   0.000000000000E+00
  179.   0.461718750000E+03  -0.527336801930E-11   0.000000000000E+00   0.238281250000E+03   0.139275888672E-11   0.000000000000E+00
  180.   0.460937500000E+03  -0.259074024577E-11   0.000000000000E+00   0.239062500000E+03   0.689914942801E-12   0.000000000000E+00
  181.   0.460156250000E+03  -0.513872581055E-11   0.000000000000E+00   0.239843750000E+03   0.141152326890E-11   0.000000000000E+00
  182.   0.459375000000E+03  -0.252385329962E-11   0.000000000000E+00   0.240625000000E+03   0.699273641611E-12   0.000000000000E+00
  183.   0.458593750000E+03  -0.500523269357E-11   0.000000000000E+00   0.241406250000E+03   0.143001835741E-11   0.000000000000E+00
  184.   0.457812500000E+03  -0.245754282482E-11   0.000000000000E+00   0.242187500000E+03   0.708493362593E-12   0.000000000000E+00
  185.   0.457031250000E+03  -0.487289580261E-11   0.000000000000E+00   0.242968750000E+03   0.144822887071E-11   0.000000000000E+00
  186.   0.456250000000E+03  -0.239181050177E-11   0.000000000000E+00   0.243750000000E+03   0.717566639775E-12   0.000000000000E+00
  187.   0.455468750000E+03  -0.474172364760E-11   0.000000000000E+00   0.244531250000E+03   0.146613894722E-11   0.000000000000E+00
  188.   0.454687500000E+03  -0.232666154207E-11   0.000000000000E+00   0.245312500000E+03   0.726485505738E-12   0.000000000000E+00
  189.   0.453906250000E+03  -0.461172406306E-11   0.000000000000E+00   0.246093750000E+03   0.148373257526E-11   0.000000000000E+00
  190.   0.453125000000E+03  -0.226209890102E-11   0.000000000000E+00   0.246875000000E+03   0.735241370548E-12   0.000000000000E+00
  191.   0.452343750000E+03  -0.448290479814E-11   0.000000000000E+00   0.247656250000E+03   0.150099352663E-11   0.000000000000E+00
  192.   0.451562500000E+03  -0.219812799786E-11   0.000000000000E+00   0.248437500000E+03   0.743827112556E-12   0.000000000000E+00
  193.   0.450781250000E+03  -0.435527563536E-11   0.000000000000E+00   0.249218750000E+03   0.151790532670E-11   0.000000000000E+00
  194.   0.450000000000E+03  -0.213475264460E-11   0.000000000000E+00   0.250000000000E+03   0.752233619095E-12   0.000000000000E+00
  195.   0.449218750000E+03  -0.422884426736E-11   0.000000000000E+00   0.250781250000E+03   0.153445112670E-11   0.000000000000E+00
  196.   0.448437500000E+03  -0.207197671013E-11   0.000000000000E+00   0.251562500000E+03   0.760452850646E-12   0.000000000000E+00
  197.   0.447656250000E+03  -0.410362026622E-11   0.000000000000E+00   0.252343750000E+03   0.155061347432E-11   0.000000000000E+00
  198.   0.446875000000E+03  -0.200980596378E-11   0.000000000000E+00   0.253125000000E+03   0.768475638841E-12   0.000000000000E+00
  199.   0.446093750000E+03  -0.397961383675E-11   0.000000000000E+00   0.253906250000E+03   0.156637437893E-11   0.000000000000E+00
  200.   0.445312500000E+03  -0.194824570537E-11   0.000000000000E+00   0.254687500000E+03   0.776293022782E-12   0.000000000000E+00
  201.   0.444531250000E+03  -0.385683568646E-11   0.000000000000E+00   0.255468750000E+03   0.158171543986E-11   0.000000000000E+00
  202.   0.443750000000E+03  -0.188730060778E-11   0.000000000000E+00   0.256250000000E+03   0.783896040000E-12   0.000000000000E+00
  203.   0.442968750000E+03  -0.373529719450E-11   0.000000000000E+00   0.257031250000E+03   0.159661697985E-11   0.000000000000E+00
  204.   0.442187500000E+03  -0.182697707944E-11   0.000000000000E+00   0.257812500000E+03   0.791273990428E-12   0.000000000000E+00
  205.   0.441406250000E+03  -0.361501088415E-11   0.000000000000E+00   0.258593750000E+03   0.161105817514E-11   0.000000000000E+00
  206.   0.440625000000E+03  -0.176728163904E-11   0.000000000000E+00   0.259375000000E+03   0.798416163124E-12   0.000000000000E+00
  207.   0.439843750000E+03  -0.349599143391E-11   0.000000000000E+00   0.260156250000E+03   0.162501701341E-11   0.000000000000E+00
  208.   0.439062500000E+03  -0.170822183565E-11   0.000000000000E+00   0.260937500000E+03   0.805311479636E-12   0.000000000000E+00
  209.   0.438281250000E+03  -0.337825541648E-11   0.000000000000E+00   0.261718750000E+03   0.163846920240E-11   0.000000000000E+00
  210.   0.437500000000E+03  -0.164980670187E-11   0.000000000000E+00   0.262500000000E+03   0.811947404962E-12   0.000000000000E+00
  211.   0.436718750000E+03  -0.326182196275E-11   0.000000000000E+00   0.263281250000E+03   0.165138878857E-11   0.000000000000E+00
  212.   0.435937500000E+03  -0.159204720826E-11   0.000000000000E+00   0.264062500000E+03   0.818310032494E-12   0.000000000000E+00
  213.   0.435156250000E+03  -0.314671367062E-11   0.000000000000E+00   0.264843750000E+03   0.166374633139E-11   0.000000000000E+00
  214.   0.434375000000E+03  -0.153495488562E-11   0.000000000000E+00   0.265625000000E+03   0.824384151241E-12   0.000000000000E+00
  215.   0.433593750000E+03  -0.303295811074E-11   0.000000000000E+00   0.266406250000E+03   0.167550814882E-11   0.000000000000E+00
  216.   0.432812500000E+03  -0.147854508271E-11   0.000000000000E+00   0.267187500000E+03   0.830151346983E-12   0.000000000000E+00
  217.   0.432031250000E+03  -0.292058833984E-11   0.000000000000E+00   0.267968750000E+03   0.168663613321E-11   0.000000000000E+00
  218.   0.431250000000E+03  -0.142283506049E-11   0.000000000000E+00   0.268750000000E+03   0.835591835891E-12   0.000000000000E+00
  219.   0.430468750000E+03  -0.280964476321E-11   0.000000000000E+00   0.269531250000E+03   0.169708511063E-11   0.000000000000E+00
  220.   0.429687500000E+03  -0.136784863493E-11   0.000000000000E+00   0.270312500000E+03   0.840680350842E-12   0.000000000000E+00
  221.   0.428906250000E+03  -0.270017873658E-11   0.000000000000E+00   0.271093750000E+03   0.170680173992E-11   0.000000000000E+00
  222.   0.428125000000E+03  -0.131361328047E-11   0.000000000000E+00   0.271875000000E+03   0.845388932159E-12   0.000000000000E+00
  223.   0.427343750000E+03  -0.259225360621E-11   0.000000000000E+00   0.272656250000E+03   0.171572139440E-11   0.000000000000E+00
  224.   0.426562500000E+03  -0.126016445607E-11   0.000000000000E+00   0.273437500000E+03   0.849681252806E-12   0.000000000000E+00
  225.   0.425781250000E+03  -0.248594918127E-11   0.000000000000E+00   0.274218750000E+03   0.172376529698E-11   0.000000000000E+00
  226.   0.425000000000E+03  -0.120754706169E-11   0.000000000000E+00   0.275000000000E+03   0.853514405320E-12   0.000000000000E+00
  227.   0.424218750000E+03  -0.238136724033E-11   0.000000000000E+00   0.275781250000E+03   0.173083596458E-11   0.000000000000E+00
  228.   0.423437500000E+03  -0.115581798309E-11   0.000000000000E+00   0.276562500000E+03   0.856834032803E-12   0.000000000000E+00
  229.   0.422656250000E+03  -0.227863744467E-11   0.000000000000E+00   0.277343750000E+03   0.173681187721E-11   0.000000000000E+00
  230.   0.421875000000E+03  -0.110504922156E-11   0.000000000000E+00   0.278125000000E+03   0.859573162399E-12   0.000000000000E+00
  231.   0.421093750000E+03  -0.217792434512E-11   0.000000000000E+00   0.278906250000E+03   0.174154032730E-11   0.000000000000E+00
  232.   0.420312500000E+03  -0.105533364240E-11   0.000000000000E+00   0.279687500000E+03   0.861646313095E-12   0.000000000000E+00
  233.   0.419531250000E+03  -0.207943941180E-11   0.000000000000E+00   0.280468750000E+03   0.174482873616E-11   0.000000000000E+00
  234.   0.418750000000E+03  -0.100679003067E-11   0.000000000000E+00   0.281250000000E+03   0.862945835529E-12   0.000000000000E+00
  235.   0.417968750000E+03  -0.198345200695E-11   0.000000000000E+00   0.282031250000E+03   0.174643292940E-11   0.000000000000E+00
  236.   0.417187500000E+03  -0.959569150423E-12   0.000000000000E+00   0.282812500000E+03   0.863335871775E-12   0.000000000000E+00
  237.   0.416406250000E+03  -0.189030691618E-11   0.000000000000E+00   0.283593750000E+03   0.174604271445E-11   0.000000000000E+00
  238.   0.415625000000E+03  -0.913864315606E-12   0.000000000000E+00   0.284375000000E+03   0.862642065016E-12   0.000000000000E+00
  239.   0.414843750000E+03  -0.180044440301E-11   0.000000000000E+00   0.285156250000E+03   0.174326271562E-11   0.000000000000E+00
  240.   0.414062500000E+03  -0.869922531838E-12   0.000000000000E+00   0.285937500000E+03   0.860643229577E-12   0.000000000000E+00
  241.   0.413281250000E+03  -0.171442714445E-11   0.000000000000E+00   0.286718750000E+03   0.173758910502E-11   0.000000000000E+00
  242.   0.412500000000E+03  -0.828059292507E-12   0.000000000000E+00   0.287500000000E+03   0.857057190052E-12   0.000000000000E+00
  243.   0.411718750000E+03  -0.163297509924E-11   0.000000000000E+00   0.288281250000E+03   0.172837751370E-11   0.000000000000E+00
  244.   0.410937500000E+03  -0.788678939318E-12   0.000000000000E+00   0.289062500000E+03   0.851521592212E-12   0.000000000000E+00
  245.   0.410156250000E+03  -0.155701102226E-11   0.000000000000E+00   0.289843750000E+03   0.171480171066E-11   0.000000000000E+00
  246.   0.409375000000E+03  -0.752299879996E-12   0.000000000000E+00   0.290625000000E+03   0.843573358826E-12   0.000000000000E+00
  247.   0.408593750000E+03  -0.148772283336E-11   0.000000000000E+00   0.291406250000E+03   0.169579697376E-11   0.000000000000E+00
  248.   0.407812500000E+03  -0.719591103703E-12   0.000000000000E+00   0.292187500000E+03   0.832611003372E-12   0.000000000000E+00
  249.   0.407031250000E+03  -0.142664884313E-11   0.000000000000E+00   0.292968750000E+03   0.166998231392E-11   0.000000000000E+00
  250.   0.406250000000E+03  -0.691421143016E-12   0.000000000000E+00   0.293750000000E+03   0.817855298631E-12   0.000000000000E+00
  251.   0.405468750000E+03  -0.137579319936E-11   0.000000000000E+00   0.294531250000E+03   0.163555551509E-11   0.000000000000E+00
  252.   0.404687500000E+03  -0.668925088279E-12   0.000000000000E+00   0.295312500000E+03   0.798283919283E-12   0.000000000000E+00
  253.   0.403906250000E+03  -0.133778458505E-11   0.000000000000E+00   0.296093750000E+03   0.159014740644E-11   0.000000000000E+00
  254.   0.403125000000E+03  -0.653596284341E-12   0.000000000000E+00   0.296875000000E+03   0.772550802789E-12   0.000000000000E+00
  255.   0.402343750000E+03  -0.131608883244E-11   0.000000000000E+00   0.297656250000E+03   0.153062667811E-11   0.000000000000E+00
  256.   0.401562500000E+03  -0.647406874421E-12   0.000000000000E+00   0.298437500000E+03   0.738871059930E-12   0.000000000000E+00
  257.   0.400781250000E+03  -0.131528466320E-11   0.000000000000E+00   0.299218750000E+03   0.145284508512E-11   0.000000000000E+00
  258.   0.400000000000E+03  -0.652963981171E-12   0.000000000000E+00   0.300000000000E+03   0.694880129690E-12   0.000000000000E+00
  259.   0.399218750000E+03  -0.134140891400E-11   0.000000000000E+00   0.300781250000E+03   0.135131422657E-11   0.000000000000E+00
  260.   0.398437500000E+03  -0.673699226174E-12   0.000000000000E+00   0.301562500000E+03   0.637452832957E-12   0.000000000000E+00
  261.   0.397656250000E+03  -0.140236416892E-11   0.000000000000E+00   0.302343750000E+03   0.121882192647E-11   0.000000000000E+00
  262.   0.396875000000E+03  -0.714086914404E-12   0.000000000000E+00   0.303125000000E+03   0.562499250898E-12   0.000000000000E+00
  263.   0.396093750000E+03  -0.150836525923E-11   0.000000000000E+00   0.303906250000E+03   0.104600346868E-11   0.000000000000E+00
  264.   0.395312500000E+03  -0.779872942964E-12   0.000000000000E+00   0.304687500000E+03   0.464740387098E-12   0.000000000000E+00
  265.   0.394531250000E+03  -0.167238115939E-11   0.000000000000E+00   0.305468750000E+03   0.820903735712E-12   0.000000000000E+00
  266.   0.393750000000E+03  -0.878286688878E-12   0.000000000000E+00   0.306250000000E+03   0.337494566830E-12   0.000000000000E+00
  267.   0.392968750000E+03  -0.191050940902E-11   0.000000000000E+00   0.307031250000E+03   0.528591049661E-12   0.000000000000E+00
  268.   0.392187500000E+03  -0.101820168459E-11   0.000000000000E+00   0.307812500000E+03   0.172506452916E-12   0.000000000000E+00
  269.   0.391406250000E+03  -0.224222427065E-11   0.000000000000E+00   0.308593750000E+03   0.150872208065E-12   0.000000000000E+00
  270.   0.390625000000E+03  -0.121021810800E-11   0.000000000000E+00   0.309375000000E+03  -0.401613190787E-13   0.000000000000E+00
  271.   0.389843750000E+03  -0.269048701323E-11   0.000000000000E+00   0.310156250000E+03  -0.333876650914E-12   0.000000000000E+00
  272.   0.389062500000E+03  -0.146668317105E-11   0.000000000000E+00   0.310937500000E+03  -0.312182246775E-12   0.000000000000E+00
  273.   0.388281250000E+03  -0.328184874606E-11   0.000000000000E+00   0.311718750000E+03  -0.950875141847E-12   0.000000000000E+00
  274.   0.387500000000E+03  -0.180176090121E-11   0.000000000000E+00   0.312500000000E+03  -0.657066104950E-12   0.000000000000E+00
  275.   0.386718750000E+03  -0.404695130806E-11   0.000000000000E+00   0.313281250000E+03  -0.172946594688E-11   0.000000000000E+00
  276.   0.385937500000E+03  -0.223184858715E-11   0.000000000000E+00   0.314062500000E+03  -0.109057256262E-11   0.000000000000E+00
  277.   0.385156250000E+03  -0.502230528521E-11   0.000000000000E+00   0.314843750000E+03  -0.270481061932E-11   0.000000000000E+00
  278.   0.384375000000E+03  -0.277692416179E-11   0.000000000000E+00   0.315625000000E+03  -0.163197888935E-11   0.000000000000E+00
  279.   0.383593750000E+03  -0.625490828945E-11   0.000000000000E+00   0.316406250000E+03  -0.392220928088E-11   0.000000000000E+00
  280.   0.382812500000E+03  -0.346381077106E-11   0.000000000000E+00   0.317187500000E+03  -0.230712633593E-11   0.000000000000E+00
  281.   0.382031250000E+03  -0.781211722792E-11   0.000000000000E+00   0.317968750000E+03  -0.544633009355E-11   0.000000000000E+00
  282.   0.381250000000E+03  -0.433280149644E-11   0.000000000000E+00   0.318750000000E+03  -0.315461757586E-11   0.000000000000E+00
  283.   0.380468750000E+03  -0.980000557424E-11   0.000000000000E+00   0.319531250000E+03  -0.737846277688E-11   0.000000000000E+00
  284.   0.379687500000E+03  -0.544945427458E-11   0.000000000000E+00   0.320312500000E+03  -0.423692894923E-11   0.000000000000E+00
  285.   0.378906250000E+03  -0.123937670417E-10   0.000000000000E+00   0.321093750000E+03  -0.988532129300E-11   0.000000000000E+00
  286.   0.378125000000E+03  -0.692334043789E-11   0.000000000000E+00   0.321875000000E+03  -0.565823402606E-11   0.000000000000E+00
  287.   0.377343750000E+03  -0.158827386968E-10   0.000000000000E+00   0.322656250000E+03  -0.132421325741E-10   0.000000000000E+00
  288.   0.376562500000E+03  -0.893457007298E-11   0.000000000000E+00   0.323437500000E+03  -0.758990319222E-11   0.000000000000E+00
  289.   0.375781250000E+03  -0.207289699556E-10   0.000000000000E+00   0.324218750000E+03  -0.178894483008E-10   0.000000000000E+00
  290.   0.375000000000E+03  -0.117662039389E-10   0.000000000000E+00   0.325000000000E+03  -0.103021655885E-10   0.000000000000E+00
  291.   0.374218750000E+03  -0.276302852583E-10   0.000000000000E+00   0.325781250000E+03  -0.244956396993E-10   0.000000000000E+00
  292.   0.373437500000E+03  -0.158353341787E-10   0.000000000000E+00   0.326562500000E+03  -0.141953591549E-10   0.000000000000E+00
  293.   0.372656250000E+03  -0.375648399532E-10   0.000000000000E+00   0.327343750000E+03  -0.340036696725E-10   0.000000000000E+00
  294.   0.371875000000E+03  -0.217067928746E-10   0.000000000000E+00   0.328125000000E+03  -0.198156887962E-10   0.000000000000E+00
  295.   0.371093750000E+03  -0.517752689124E-10   0.000000000000E+00   0.328906250000E+03  -0.476221622876E-10   0.000000000000E+00
  296.   0.370312500000E+03  -0.300632673657E-10   0.000000000000E+00   0.329687500000E+03  -0.278302504985E-10   0.000000000000E+00
  297.   0.369531250000E+03  -0.716307128750E-10   0.000000000000E+00   0.330468750000E+03  -0.667006311176E-10   0.000000000000E+00
  298.   0.368750000000E+03  -0.415956249869E-10   0.000000000000E+00   0.331250000000E+03  -0.389257314573E-10   0.000000000000E+00
  299.   0.367968750000E+03  -0.983037359466E-10   0.000000000000E+00   0.332031250000E+03  -0.924254039716E-10   0.000000000000E+00
  300.   0.367187500000E+03  -0.567871492399E-10   0.000000000000E+00   0.332812500000E+03  -0.536033864460E-10   0.000000000000E+00
  301.   0.366406250000E+03  -0.132217765439E-09   0.000000000000E+00   0.333593750000E+03  -0.125288351382E-09   0.000000000000E+00
  302.   0.365625000000E+03  -0.755739636751E-10   0.000000000000E+00   0.334375000000E+03  -0.718500045024E-10   0.000000000000E+00
  303.   0.364843750000E+03  -0.172330072780E-09   0.000000000000E+00   0.335156250000E+03  -0.164383790101E-09   0.000000000000E+00
  304.   0.364062500000E+03  -0.969673137367E-10   0.000000000000E+00   0.335937500000E+03  -0.927636987517E-10   0.000000000000E+00
  305.   0.363281250000E+03  -0.215289482164E-09   0.000000000000E+00   0.336718750000E+03  -0.206566106406E-09   0.000000000000E+00
  306.   0.362500000000E+03  -0.118598942328E-09   0.000000000000E+00   0.337500000000E+03  -0.114094577088E-09   0.000000000000E+00
  307.   0.361718750000E+03  -0.254938948633E-09   0.000000000000E+00   0.338281250000E+03  -0.245919069175E-09   0.000000000000E+00
  308.   0.360937500000E+03  -0.136646018111E-09   0.000000000000E+00   0.339062500000E+03  -0.132144363679E-09   0.000000000000E+00
  309.   0.360156250000E+03  -0.281281397021E-09   0.000000000000E+00   0.339843750000E+03  -0.272688952229E-09   0.000000000000E+00
  310.   0.359375000000E+03  -0.145080582313E-09   0.000000000000E+00   0.340625000000E+03  -0.140995565575E-09   0.000000000000E+00
  311.   0.358593750000E+03  -0.281913257043E-09   0.000000000000E+00   0.341406250000E+03  -0.274603026715E-09   0.000000000000E+00
  312.   0.357812500000E+03  -0.136931070768E-09   0.000000000000E+00   0.342187500000E+03  -0.133722871115E-09   0.000000000000E+00
  313.   0.357031250000E+03  -0.235135128015E-09   0.000000000000E+00   0.342968750000E+03  -0.230045418212E-09   0.000000000000E+00
  314.   0.356250000000E+03  -0.100534956931E-09   0.000000000000E+00   0.343750000000E+03  -0.986040823963E-10   0.000000000000E+00
  315.   0.355468750000E+03  -0.125799192409E-09   0.000000000000E+00   0.344531250000E+03  -0.123522162811E-09   0.000000000000E+00
  316.   0.354687500000E+03  -0.204759752502E-10   0.000000000000E+00   0.345312500000E+03  -0.202153676714E-10   0.000000000000E+00
  317.   0.353906250000E+03   0.124327112444E-09   0.000000000000E+00   0.346093750000E+03   0.123319155644E-09   0.000000000000E+00
  318.   0.353125000000E+03   0.101111208612E-09   0.000000000000E+00   0.346875000000E+03   0.100481080392E-09   0.000000000000E+00
  319.   0.352343750000E+03   0.512304564827E-09   0.000000000000E+00   0.347656250000E+03   0.508707550848E-09   0.000000000000E+00
  320.   0.351562500000E+03   0.549094699221E-09   0.000000000000E+00   0.348437500000E+03   0.546038168702E-09   0.000000000000E+00
  321.   0.350781250000E+03   0.140320339371E-08   0.000000000000E+00   0.349218750000E+03   0.140141141543E-08   0.000000000000E+00
  322.   0.350000000000E+03   0.391898667575E-08   0.000000000000E+00   0.350000000000E+03   0.391898667740E-08   0.000000000000E+00
  323.   0.349218750000E+03   0.140141140913E-08   0.000000000000E+00   0.350781250000E+03   0.140320339378E-08   0.000000000000E+00
  324.   0.348437500000E+03   0.546038166046E-09   0.000000000000E+00   0.351562500000E+03   0.549094700831E-09   0.000000000000E+00
  325.   0.347656250000E+03   0.508707545790E-09   0.000000000000E+00   0.352343750000E+03   0.512304567656E-09   0.000000000000E+00
  326.   0.346875000000E+03   0.100481078165E-09   0.000000000000E+00   0.353125000000E+03   0.101111210411E-09   0.000000000000E+00
  327.   0.346093750000E+03   0.123319150930E-09   0.000000000000E+00   0.353906250000E+03   0.124327116162E-09   0.000000000000E+00
  328.   0.345312500000E+03  -0.202153696879E-10   0.000000000000E+00   0.354687500000E+03  -0.204759732214E-10   0.000000000000E+00
  329.   0.344531250000E+03  -0.123522167442E-09   0.000000000000E+00   0.355468750000E+03  -0.125799188546E-09   0.000000000000E+00
  330.   0.343750000000E+03  -0.986040845817E-10   0.000000000000E+00   0.356250000000E+03  -0.100534954903E-09   0.000000000000E+00
  331.   0.342968750000E+03  -0.230045422866E-09   0.000000000000E+00   0.357031250000E+03  -0.235135124137E-09   0.000000000000E+00
  332.   0.342187500000E+03  -0.133722873181E-09   0.000000000000E+00   0.357812500000E+03  -0.136931068723E-09   0.000000000000E+00
  333.   0.341406250000E+03  -0.274603031280E-09   0.000000000000E+00   0.358593750000E+03  -0.281913253083E-09   0.000000000000E+00
  334.   0.340625000000E+03  -0.140995567702E-09   0.000000000000E+00   0.359375000000E+03  -0.145080580391E-09   0.000000000000E+00
  335.   0.339843750000E+03  -0.272688956693E-09   0.000000000000E+00   0.360156250000E+03  -0.281281392924E-09   0.000000000000E+00
  336.   0.339062500000E+03  -0.132144366099E-09   0.000000000000E+00   0.360937500000E+03  -0.136646015995E-09   0.000000000000E+00
  337.   0.338281250000E+03  -0.245919073706E-09   0.000000000000E+00   0.361718750000E+03  -0.254938944478E-09   0.000000000000E+00
  338.   0.337500000000E+03  -0.114094579590E-09   0.000000000000E+00   0.362500000000E+03  -0.118598940125E-09   0.000000000000E+00
  339.   0.336718750000E+03  -0.206566110887E-09   0.000000000000E+00   0.363281250000E+03  -0.215289478129E-09   0.000000000000E+00
  340.   0.335937500000E+03  -0.927637007657E-10   0.000000000000E+00   0.364062500000E+03  -0.969673118600E-10   0.000000000000E+00
  341.   0.335156250000E+03  -0.164383794587E-09   0.000000000000E+00   0.364843750000E+03  -0.172330068843E-09   0.000000000000E+00
  342.   0.334375000000E+03  -0.718500067105E-10   0.000000000000E+00   0.365625000000E+03  -0.755739617224E-10   0.000000000000E+00
  343.   0.333593750000E+03  -0.125288355838E-09   0.000000000000E+00   0.366406250000E+03  -0.132217761520E-09   0.000000000000E+00
  344.   0.332812500000E+03  -0.536033887287E-10   0.000000000000E+00   0.367187500000E+03  -0.567871473025E-10   0.000000000000E+00
  345.   0.332031250000E+03  -0.924254083002E-10   0.000000000000E+00   0.367968750000E+03  -0.983037319969E-10   0.000000000000E+00
  346.   0.331250000000E+03  -0.389257334053E-10   0.000000000000E+00   0.368750000000E+03  -0.415956230424E-10   0.000000000000E+00
  347.   0.330468750000E+03  -0.667006351894E-10   0.000000000000E+00   0.369531250000E+03  -0.716307089118E-10   0.000000000000E+00
  348.   0.329687500000E+03  -0.278302523663E-10   0.000000000000E+00   0.370312500000E+03  -0.300632654213E-10   0.000000000000E+00
  349.   0.328906250000E+03  -0.476221664191E-10   0.000000000000E+00   0.371093750000E+03  -0.517752649242E-10   0.000000000000E+00
  350.   0.328125000000E+03  -0.198156910293E-10   0.000000000000E+00   0.371875000000E+03  -0.217067907949E-10   0.000000000000E+00
  351.   0.327343750000E+03  -0.340036740863E-10   0.000000000000E+00   0.372656250000E+03  -0.375648359944E-10   0.000000000000E+00
  352.   0.326562500000E+03  -0.141953612010E-10   0.000000000000E+00   0.373437500000E+03  -0.158353321356E-10   0.000000000000E+00
  353.   0.325781250000E+03  -0.244956440451E-10   0.000000000000E+00   0.374218750000E+03  -0.276302813639E-10   0.000000000000E+00
  354.   0.325000000000E+03  -0.103021677558E-10   0.000000000000E+00   0.375000000000E+03  -0.117662020301E-10   0.000000000000E+00
  355.   0.324218750000E+03  -0.178894526355E-10   0.000000000000E+00   0.375781250000E+03  -0.207289660637E-10   0.000000000000E+00
  356.   0.323437500000E+03  -0.758990536303E-11   0.000000000000E+00   0.376562500000E+03  -0.893456805195E-11   0.000000000000E+00
  357.   0.322656250000E+03  -0.132421370572E-10   0.000000000000E+00   0.377343750000E+03  -0.158827347943E-10   0.000000000000E+00
  358.   0.321875000000E+03  -0.565823616825E-11   0.000000000000E+00   0.378125000000E+03  -0.692333845080E-11   0.000000000000E+00
  359.   0.321093750000E+03  -0.988532583649E-11   0.000000000000E+00   0.378906250000E+03  -0.123937630852E-10   0.000000000000E+00
  360.   0.320312500000E+03  -0.423693124033E-11   0.000000000000E+00   0.379687500000E+03  -0.544945228529E-11   0.000000000000E+00
  361.   0.319531250000E+03  -0.737846736175E-11   0.000000000000E+00   0.380468750000E+03  -0.980000156352E-11   0.000000000000E+00
  362.   0.318750000000E+03  -0.315461951351E-11   0.000000000000E+00   0.381250000000E+03  -0.433279939316E-11   0.000000000000E+00
  363.   0.317968750000E+03  -0.544633470581E-11   0.000000000000E+00   0.382031250000E+03  -0.781211324487E-11   0.000000000000E+00
  364.   0.317187500000E+03  -0.230712857376E-11   0.000000000000E+00   0.382812500000E+03  -0.346380877252E-11   0.000000000000E+00
  365.   0.316406250000E+03  -0.392221362469E-11   0.000000000000E+00   0.383593750000E+03  -0.625490425243E-11   0.000000000000E+00
  366.   0.315625000000E+03  -0.163198109771E-11   0.000000000000E+00   0.384375000000E+03  -0.277692214390E-11   0.000000000000E+00
  367.   0.314843750000E+03  -0.270481484506E-11   0.000000000000E+00   0.385156250000E+03  -0.502230126821E-11   0.000000000000E+00
  368.   0.314062500000E+03  -0.109057472519E-11   0.000000000000E+00   0.385937500000E+03  -0.223184659217E-11   0.000000000000E+00
  369.   0.313281250000E+03  -0.172947004007E-11   0.000000000000E+00   0.386718750000E+03  -0.404694728676E-11   0.000000000000E+00
  370.   0.312500000000E+03  -0.657068074011E-12   0.000000000000E+00   0.387500000000E+03  -0.180175887833E-11   0.000000000000E+00
  371.   0.311718750000E+03  -0.950879198989E-12   0.000000000000E+00   0.388281250000E+03  -0.328184463623E-11   0.000000000000E+00
  372.   0.310937500000E+03  -0.312184104067E-12   0.000000000000E+00   0.389062500000E+03  -0.146668113354E-11   0.000000000000E+00
  373.   0.310156250000E+03  -0.333880721304E-12   0.000000000000E+00   0.389843750000E+03  -0.269048293413E-11   0.000000000000E+00
  374.   0.309375000000E+03  -0.401632602929E-13   0.000000000000E+00   0.390625000000E+03  -0.121021606837E-11   0.000000000000E+00
  375.   0.308593750000E+03   0.150868133400E-12   0.000000000000E+00   0.391406250000E+03  -0.224222015789E-11   0.000000000000E+00
  376.   0.307812500000E+03   0.172504565826E-12   0.000000000000E+00   0.392187500000E+03  -0.101819962004E-11   0.000000000000E+00
  377.   0.307031250000E+03   0.528587111474E-12   0.000000000000E+00   0.392968750000E+03  -0.191050530516E-11   0.000000000000E+00
  378.   0.306250000000E+03   0.337492559464E-12   0.000000000000E+00   0.393750000000E+03  -0.878284649017E-12   0.000000000000E+00
  379.   0.305468750000E+03   0.820899738563E-12   0.000000000000E+00   0.394531250000E+03  -0.167237698656E-11   0.000000000000E+00
  380.   0.304687500000E+03   0.464737958492E-12   0.000000000000E+00   0.395312500000E+03  -0.779870875965E-12   0.000000000000E+00
  381.   0.303906250000E+03   0.104599943937E-11   0.000000000000E+00   0.396093750000E+03  -0.150836108799E-11   0.000000000000E+00
  382.   0.303125000000E+03   0.562497300171E-12   0.000000000000E+00   0.396875000000E+03  -0.714084991308E-12   0.000000000000E+00
  383.   0.302343750000E+03   0.121881793187E-11   0.000000000000E+00   0.397656250000E+03  -0.140236005314E-11   0.000000000000E+00
  384.   0.301562500000E+03   0.637450790486E-12   0.000000000000E+00   0.398437500000E+03  -0.673697149388E-12   0.000000000000E+00
  385.   0.300781250000E+03   0.135130988723E-11   0.000000000000E+00   0.399218750000E+03  -0.134140482884E-11   0.000000000000E+00
  386.   0.300000000000E+03   0.694877591192E-12   0.000000000000E+00   0.400000000000E+03  -0.652961878756E-12   0.000000000000E+00
  387.   0.299218750000E+03   0.145284081542E-11   0.000000000000E+00   0.400781250000E+03  -0.131528045513E-11   0.000000000000E+00
  388.   0.298437500000E+03   0.738868847606E-12   0.000000000000E+00   0.401562500000E+03  -0.647404737232E-12   0.000000000000E+00
  389.   0.297656250000E+03   0.153062281826E-11   0.000000000000E+00   0.402343750000E+03  -0.131608457610E-11   0.000000000000E+00
  390.   0.296875000000E+03   0.772548986139E-12   0.000000000000E+00   0.403125000000E+03  -0.653594052383E-12   0.000000000000E+00
  391.   0.296093750000E+03   0.159014368319E-11   0.000000000000E+00   0.403906250000E+03  -0.133778038775E-11   0.000000000000E+00
  392.   0.295312500000E+03   0.798282478754E-12   0.000000000000E+00   0.404687500000E+03  -0.668922922607E-12   0.000000000000E+00
  393.   0.294531250000E+03   0.163555187415E-11   0.000000000000E+00   0.405468750000E+03  -0.137578895045E-11   0.000000000000E+00
  394.   0.293750000000E+03   0.817853403610E-12   0.000000000000E+00   0.406250000000E+03  -0.691419058571E-12   0.000000000000E+00
  395.   0.292968750000E+03   0.166997873882E-11   0.000000000000E+00   0.407031250000E+03  -0.142664468044E-11   0.000000000000E+00
  396.   0.292187500000E+03   0.832609195807E-12   0.000000000000E+00   0.407812500000E+03  -0.719589104620E-12   0.000000000000E+00
  397.   0.291406250000E+03   0.169579326295E-11   0.000000000000E+00   0.408593750000E+03  -0.148771868511E-11   0.000000000000E+00
  398.   0.290625000000E+03   0.843571323522E-12   0.000000000000E+00   0.409375000000E+03  -0.752297773802E-12   0.000000000000E+00
  399.   0.289843750000E+03   0.171479804532E-11   0.000000000000E+00   0.410156250000E+03  -0.155700671924E-11   0.000000000000E+00
  400.   0.289062500000E+03   0.851519976705E-12   0.000000000000E+00   0.410937500000E+03  -0.788676991301E-12   0.000000000000E+00
  401.   0.288281250000E+03   0.172837387749E-11   0.000000000000E+00   0.411718750000E+03  -0.163297078758E-11   0.000000000000E+00
  402.   0.287500000000E+03   0.857055384925E-12   0.000000000000E+00   0.412500000000E+03  -0.828057349990E-12   0.000000000000E+00
  403.   0.286718750000E+03   0.173758562363E-11   0.000000000000E+00   0.413281250000E+03  -0.171442280573E-11   0.000000000000E+00
  404.   0.285937500000E+03   0.860641402775E-12   0.000000000000E+00   0.414062500000E+03  -0.869920338218E-12   0.000000000000E+00
  405.   0.285156250000E+03   0.174325943264E-11   0.000000000000E+00   0.414843750000E+03  -0.180044010148E-11   0.000000000000E+00
  406.   0.284375000000E+03   0.862640488910E-12   0.000000000000E+00   0.415625000000E+03  -0.913862031479E-12   0.000000000000E+00
  407.   0.283593750000E+03   0.174603957974E-11   0.000000000000E+00   0.416406250000E+03  -0.189030270992E-11   0.000000000000E+00
  408.   0.282812500000E+03   0.863334313714E-12   0.000000000000E+00   0.417187500000E+03  -0.959567051651E-12   0.000000000000E+00
  409.   0.282031250000E+03   0.174642998955E-11   0.000000000000E+00   0.417968750000E+03  -0.198344788504E-11   0.000000000000E+00
  410.   0.281250000000E+03   0.862944295226E-12   0.000000000000E+00   0.418750000000E+03  -0.100678773145E-11   0.000000000000E+00
  411.   0.280468750000E+03   0.174482578989E-11   0.000000000000E+00   0.419531250000E+03  -0.207943512248E-11   0.000000000000E+00
  412.   0.279687500000E+03   0.861644922664E-12   0.000000000000E+00   0.420312500000E+03  -0.105533167716E-11   0.000000000000E+00
  413.   0.278906250000E+03   0.174153738895E-11   0.000000000000E+00   0.421093750000E+03  -0.217792010904E-11   0.000000000000E+00
  414.   0.278125000000E+03   0.859571713450E-12   0.000000000000E+00   0.421875000000E+03  -0.110504702472E-11   0.000000000000E+00
  415.   0.277343750000E+03   0.173680885856E-11   0.000000000000E+00   0.422656250000E+03  -0.227863316596E-11   0.000000000000E+00
  416.   0.276562500000E+03   0.856832579963E-12   0.000000000000E+00   0.423437500000E+03  -0.115581602275E-11   0.000000000000E+00
  417.   0.275781250000E+03   0.173083297218E-11   0.000000000000E+00   0.424218750000E+03  -0.238136302255E-11   0.000000000000E+00
  418.   0.275000000000E+03   0.853512794806E-12   0.000000000000E+00   0.425000000000E+03  -0.120754504371E-11   0.000000000000E+00
  419.   0.274218750000E+03   0.172376242914E-11   0.000000000000E+00   0.425781250000E+03  -0.248594490117E-11   0.000000000000E+00
  420.   0.273437500000E+03   0.849679935892E-12   0.000000000000E+00   0.426562500000E+03  -0.126016252813E-11   0.000000000000E+00
  421.   0.272656250000E+03   0.171571847835E-11   0.000000000000E+00   0.427343750000E+03  -0.259224939663E-11   0.000000000000E+00
  422.   0.271875000000E+03   0.845387422085E-12   0.000000000000E+00   0.428125000000E+03  -0.131361123472E-11   0.000000000000E+00
  423.   0.271093750000E+03   0.170679871894E-11   0.000000000000E+00   0.428906250000E+03  -0.270017471706E-11   0.000000000000E+00
  424.   0.270312500000E+03   0.840678885439E-12   0.000000000000E+00   0.429687500000E+03  -0.136784658028E-11   0.000000000000E+00
  425.   0.269531250000E+03   0.169708223116E-11   0.000000000000E+00   0.430468750000E+03  -0.280964070144E-11   0.000000000000E+00
  426.   0.268750000000E+03   0.835590368059E-12   0.000000000000E+00   0.431250000000E+03  -0.142283304839E-11   0.000000000000E+00
  427.   0.267968750000E+03   0.168663326010E-11   0.000000000000E+00   0.432031250000E+03  -0.292058400828E-11   0.000000000000E+00
  428.   0.267187500000E+03   0.830150114971E-12   0.000000000000E+00   0.432812500000E+03  -0.147854268770E-11   0.000000000000E+00
  429.   0.266406250000E+03   0.167550514751E-11   0.000000000000E+00   0.433593750000E+03  -0.303295386519E-11   0.000000000000E+00
  430.   0.265625000000E+03   0.824382538880E-12   0.000000000000E+00   0.434375000000E+03  -0.153495271383E-11   0.000000000000E+00
  431.   0.264843750000E+03   0.166374325328E-11   0.000000000000E+00   0.435156250000E+03  -0.314670932020E-11   0.000000000000E+00
  432.   0.264062500000E+03   0.818308664941E-12   0.000000000000E+00   0.435937500000E+03  -0.159204473529E-11   0.000000000000E+00
  433.   0.263281250000E+03   0.165138587098E-11   0.000000000000E+00   0.436718750000E+03  -0.326181760174E-11   0.000000000000E+00
  434.   0.262500000000E+03   0.811945855676E-12   0.000000000000E+00   0.437500000000E+03  -0.164980488693E-11   0.000000000000E+00
  435.   0.261718750000E+03   0.163846609916E-11   0.000000000000E+00   0.438281250000E+03  -0.337825099113E-11   0.000000000000E+00
  436.   0.260937500000E+03   0.805309576775E-12   0.000000000000E+00   0.439062500000E+03  -0.170821985371E-11   0.000000000000E+00
  437.   0.260156250000E+03   0.162501362868E-11   0.000000000000E+00   0.439843750000E+03  -0.349598719695E-11   0.000000000000E+00
  438.   0.259375000000E+03   0.798414491443E-12   0.000000000000E+00   0.440625000000E+03  -0.176727952640E-11   0.000000000000E+00
  439.   0.258593750000E+03   0.161105493973E-11   0.000000000000E+00   0.441406250000E+03  -0.361500655830E-11   0.000000000000E+00
  440.   0.257812500000E+03   0.791272361491E-12   0.000000000000E+00   0.442187500000E+03  -0.182697441740E-11   0.000000000000E+00
  441.   0.257031250000E+03   0.159661367860E-11   0.000000000000E+00   0.442968750000E+03  -0.373529252932E-11   0.000000000000E+00
  442.   0.256250000000E+03   0.783894512370E-12   0.000000000000E+00   0.443750000000E+03  -0.188729865461E-11   0.000000000000E+00
  443.   0.255468750000E+03   0.158171223320E-11   0.000000000000E+00   0.444531250000E+03  -0.385683120377E-11   0.000000000000E+00
  444.   0.254687500000E+03   0.776291744591E-12   0.000000000000E+00   0.445312500000E+03  -0.194824404826E-11   0.000000000000E+00
  445.   0.253906250000E+03   0.156637133858E-11   0.000000000000E+00   0.446093750000E+03  -0.397960941265E-11   0.000000000000E+00
  446.   0.253125000000E+03   0.768474184744E-12   0.000000000000E+00   0.446875000000E+03  -0.200980414425E-11   0.000000000000E+00
  447.   0.252343750000E+03   0.155061041636E-11   0.000000000000E+00   0.447656250000E+03  -0.410361582946E-11   0.000000000000E+00
  448.   0.251562500000E+03   0.760451375355E-12   0.000000000000E+00   0.448437500000E+03  -0.207197453044E-11   0.000000000000E+00
  449.   0.250781250000E+03   0.153444814218E-11   0.000000000000E+00   0.449218750000E+03  -0.422883964088E-11   0.000000000000E+00
  450.   0.250000000000E+03   0.752232228417E-12   0.000000000000E+00   0.450000000000E+03  -0.213474986522E-11   0.000000000000E+00
  451.   0.249218750000E+03   0.151790240511E-11   0.000000000000E+00   0.450781250000E+03  -0.435527075985E-11   0.000000000000E+00
  452.   0.248437500000E+03   0.743825624294E-12   0.000000000000E+00   0.451562500000E+03  -0.219812527449E-11   0.000000000000E+00
  453.   0.247656250000E+03   0.150099070021E-11   0.000000000000E+00   0.452343750000E+03  -0.448290018761E-11   0.000000000000E+00
  454.   0.246875000000E+03   0.735240122587E-12   0.000000000000E+00   0.453125000000E+03  -0.226209674056E-11   0.000000000000E+00
  455.   0.246093750000E+03   0.148372981153E-11   0.000000000000E+00   0.453906250000E+03  -0.461171937900E-11   0.000000000000E+00
  456.   0.245312500000E+03   0.726483822817E-12   0.000000000000E+00   0.454687500000E+03  -0.232665902476E-11   0.000000000000E+00
  457.   0.244531250000E+03   0.146613621301E-11   0.000000000000E+00   0.455468750000E+03  -0.474171979611E-11   0.000000000000E+00
  458.   0.243750000000E+03   0.717565287972E-12   0.000000000000E+00   0.456250000000E+03  -0.239180847681E-11   0.000000000000E+00
  459.   0.242968750000E+03   0.144822623789E-11   0.000000000000E+00   0.457031250000E+03  -0.487289230632E-11   0.000000000000E+00
  460.   0.242187500000E+03   0.708492129243E-12   0.000000000000E+00   0.457812500000E+03  -0.245754120533E-11   0.000000000000E+00
  461.   0.241406250000E+03   0.143001569969E-11   0.000000000000E+00   0.458593750000E+03  -0.500522864112E-11   0.000000000000E+00
  462.   0.240625000000E+03   0.699272079474E-12   0.000000000000E+00   0.459375000000E+03  -0.252385144236E-11   0.000000000000E+00
  463.   0.239843750000E+03   0.141152055082E-11   0.000000000000E+00   0.460156250000E+03  -0.513872146234E-11   0.000000000000E+00
  464.   0.239062500000E+03   0.689913574968E-12   0.000000000000E+00   0.460937500000E+03  -0.259073807001E-11   0.000000000000E+00
  465.   0.238281250000E+03   0.139275625391E-11   0.000000000000E+00   0.461718750000E+03  -0.527336330104E-11   0.000000000000E+00
  466.   0.237500000000E+03   0.680423769253E-12   0.000000000000E+00   0.462500000000E+03  -0.265819553869E-11   0.000000000000E+00
  467.   0.236718750000E+03   0.137373810084E-11   0.000000000000E+00   0.463281250000E+03  -0.540914609278E-11   0.000000000000E+00
  468.   0.235937500000E+03   0.670810370268E-12   0.000000000000E+00   0.464062500000E+03  -0.272622040425E-11   0.000000000000E+00
  469.   0.235156250000E+03   0.135448110879E-11   0.000000000000E+00   0.464843750000E+03  -0.554606178716E-11   0.000000000000E+00
  470.   0.234375000000E+03   0.661080867816E-12   0.000000000000E+00   0.465625000000E+03  -0.279480807759E-11   0.000000000000E+00
  471.   0.233593750000E+03   0.133500040111E-11   0.000000000000E+00   0.466406250000E+03  -0.568410256783E-11   0.000000000000E+00
  472.   0.232812500000E+03   0.651242761428E-12   0.000000000000E+00   0.467187500000E+03  -0.286395647115E-11   0.000000000000E+00
  473.   0.232031250000E+03   0.131531106572E-11   0.000000000000E+00   0.467968750000E+03  -0.582326040581E-11   0.000000000000E+00
  474.   0.231250000000E+03   0.641303696684E-12   0.000000000000E+00   0.468750000000E+03  -0.293365879159E-11   0.000000000000E+00
  475.   0.230468750000E+03   0.129542815625E-11   0.000000000000E+00   0.469531250000E+03  -0.596352873148E-11   0.000000000000E+00
  476.   0.229687500000E+03   0.631270749528E-12   0.000000000000E+00   0.470312500000E+03  -0.300391412675E-11   0.000000000000E+00
  477.   0.228906250000E+03   0.127536594506E-11   0.000000000000E+00   0.471093750000E+03  -0.610489940407E-11   0.000000000000E+00
  478.   0.228125000000E+03   0.621151276864E-12   0.000000000000E+00   0.471875000000E+03  -0.307471702005E-11   0.000000000000E+00
  479.   0.227343750000E+03   0.125513908535E-11   0.000000000000E+00   0.472656250000E+03  -0.624736491172E-11   0.000000000000E+00
  480.   0.226562500000E+03   0.610952366461E-12   0.000000000000E+00   0.473437500000E+03  -0.314606523916E-11   0.000000000000E+00
  481.   0.225781250000E+03   0.123476204352E-11   0.000000000000E+00   0.474218750000E+03  -0.639091740225E-11   0.000000000000E+00
  482.   0.225000000000E+03   0.600681219596E-12   0.000000000000E+00   0.475000000000E+03  -0.321795316651E-11   0.000000000000E+00
  483.   0.224218750000E+03   0.121424936764E-11   0.000000000000E+00   0.475781250000E+03  -0.653554977735E-11   0.000000000000E+00
  484.   0.223437500000E+03   0.590345380152E-12   0.000000000000E+00   0.476562500000E+03  -0.329037792146E-11   0.000000000000E+00
  485.   0.222656250000E+03   0.119361546818E-11   0.000000000000E+00   0.477343750000E+03  -0.668125414558E-11   0.000000000000E+00
  486.   0.221875000000E+03   0.579951581537E-12   0.000000000000E+00   0.478125000000E+03  -0.336333567236E-11   0.000000000000E+00
  487.   0.221093750000E+03   0.117287458701E-11   0.000000000000E+00   0.478906250000E+03  -0.682802212746E-11   0.000000000000E+00
  488.   0.220312500000E+03   0.569507181959E-12   0.000000000000E+00   0.479687500000E+03  -0.343682247310E-11   0.000000000000E+00
  489.   0.219531250000E+03   0.115204119978E-11   0.000000000000E+00   0.480468750000E+03  -0.697584729612E-11   0.000000000000E+00
  490.   0.218750000000E+03   0.559019284332E-12   0.000000000000E+00   0.481250000000E+03  -0.351083552035E-11   0.000000000000E+00
  491.   0.217968750000E+03   0.113112937690E-11   0.000000000000E+00   0.482031250000E+03  -0.712472201731E-11   0.000000000000E+00
  492.   0.217187500000E+03   0.548494781547E-12   0.000000000000E+00   0.482812500000E+03  -0.358536989955E-11   0.000000000000E+00
  493.   0.216406250000E+03   0.111015357060E-11   0.000000000000E+00   0.483593750000E+03  -0.727463810889E-11   0.000000000000E+00
  494.   0.215625000000E+03   0.537940931626E-12   0.000000000000E+00   0.484375000000E+03  -0.366042183659E-11   0.000000000000E+00
  495.   0.214843750000E+03   0.108912814675E-11   0.000000000000E+00   0.485156250000E+03  -0.742558804719E-11   0.000000000000E+00
  496.   0.214062500000E+03   0.527365081487E-12   0.000000000000E+00   0.485937500000E+03  -0.373598761721E-11   0.000000000000E+00
  497.   0.213281250000E+03   0.106806780887E-11   0.000000000000E+00   0.486718750000E+03  -0.757756458915E-11   0.000000000000E+00
  498.   0.212500000000E+03   0.516774366312E-12   0.000000000000E+00   0.487500000000E+03  -0.381206451595E-11   0.000000000000E+00
  499.   0.211718750000E+03   0.104698712093E-11   0.000000000000E+00   0.488281250000E+03  -0.773055959785E-11   0.000000000000E+00
  500.   0.210937500000E+03   0.506176002611E-12   0.000000000000E+00   0.489062500000E+03  -0.388864746334E-11   0.000000000000E+00
  501.   0.210156250000E+03   0.102590137994E-11   0.000000000000E+00   0.489843750000E+03  -0.788456665478E-11   0.000000000000E+00
  502.   0.209375000000E+03   0.495577890860E-12   0.000000000000E+00   0.490625000000E+03  -0.396573407027E-11   0.000000000000E+00
  503.   0.208593750000E+03   0.100482607883E-11   0.000000000000E+00   0.491406250000E+03  -0.803957839205E-11   0.000000000000E+00
  504.   0.207812500000E+03   0.484987989955E-12   0.000000000000E+00   0.492187500000E+03  -0.404331857910E-11   0.000000000000E+00
  505.   0.207031250000E+03   0.983777265546E-12   0.000000000000E+00   0.492968750000E+03  -0.819558629946E-11   0.000000000000E+00
  506.   0.206250000000E+03   0.474414273242E-12   0.000000000000E+00   0.493750000000E+03  -0.412140018927E-11   0.000000000000E+00
  507.   0.205468750000E+03   0.962771981000E-12   0.000000000000E+00   0.494531250000E+03  -0.835258304938E-11   0.000000000000E+00
  508.   0.204687500000E+03   0.463865375992E-12   0.000000000000E+00   0.495312500000E+03  -0.419997237824E-11   0.000000000000E+00
  509.   0.203906250000E+03   0.941828246406E-12   0.000000000000E+00   0.496093750000E+03  -0.851056082390E-11   0.000000000000E+00
  510.   0.203125000000E+03   0.453350683007E-12   0.000000000000E+00   0.496875000000E+03  -0.427903303066E-11   0.000000000000E+00
  511.   0.202343750000E+03   0.920965523776E-12   0.000000000000E+00   0.497656250000E+03  -0.866951367873E-11   0.000000000000E+00
  512.   0.201562500000E+03   0.442880290398E-12   0.000000000000E+00   0.498437500000E+03  -0.435857755330E-11   0.000000000000E+00
  513.   0.200781250000E+03   0.900205073627E-12   0.000000000000E+00   0.499218750000E+03  -0.882943441271E-11   0.000000000000E+00
  514.   0.200000000000E+03   0.432465270394E-12   0.000000000000E+00   0.500000000000E+03  -0.443860372462E-11   0.000000000000E+00
  515.   0.199218750000E+03   0.879570742714E-12   0.000000000000E+00   0.500781250000E+03  -0.899031405759E-11   0.000000000000E+00
  516.   0.198437500000E+03   0.422118221423E-12   0.000000000000E+00   0.501562500000E+03  -0.451910604464E-11   0.000000000000E+00
  517.   0.197656250000E+03   0.859089533348E-12   0.000000000000E+00   0.502343750000E+03  -0.915214581278E-11   0.000000000000E+00
  518.   0.196875000000E+03   0.411853374160E-12   0.000000000000E+00   0.503125000000E+03  -0.460008247598E-11   0.000000000000E+00
  519.   0.196093750000E+03   0.838792575975E-12   0.000000000000E+00   0.503906250000E+03  -0.931492235225E-11   0.000000000000E+00
  520.   0.195312500000E+03   0.401687519561E-12   0.000000000000E+00   0.504687500000E+03  -0.468152763255E-11   0.000000000000E+00
  521.   0.194531250000E+03   0.818716257184E-12   0.000000000000E+00   0.505468750000E+03  -0.947863684403E-11   0.000000000000E+00
  522.   0.193750000000E+03   0.391640406171E-12   0.000000000000E+00   0.506250000000E+03  -0.476344090915E-11   0.000000000000E+00
  523.   0.192968750000E+03   0.798904101478E-12   0.000000000000E+00   0.507031250000E+03  -0.964328263245E-11   0.000000000000E+00
  524.   0.192187500000E+03   0.381735790181E-12   0.000000000000E+00   0.507812500000E+03  -0.484581412464E-11   0.000000000000E+00
  525.   0.191406250000E+03   0.779408672092E-12   0.000000000000E+00   0.508593750000E+03  -0.980885251887E-11   0.000000000000E+00
  526.   0.190625000000E+03   0.372002035917E-12   0.000000000000E+00   0.509375000000E+03  -0.492864971602E-11   0.000000000000E+00
  527.   0.189843750000E+03   0.760294107344E-12   0.000000000000E+00   0.510156250000E+03  -0.997533792181E-11   0.000000000000E+00
  528.   0.189062500000E+03   0.362474684371E-12   0.000000000000E+00   0.510937500000E+03  -0.501193966148E-11   0.000000000000E+00
  529.   0.188281250000E+03   0.741639371791E-12   0.000000000000E+00   0.511718750000E+03  -0.101427318971E-10   0.000000000000E+00
  530.   0.187500000000E+03   0.353197411537E-12   0.000000000000E+00   0.512500000000E+03  -0.509568118274E-11   0.000000000000E+00
  531.   0.186718750000E+03   0.723542952603E-12   0.000000000000E+00   0.513281250000E+03  -0.103110295817E-10   0.000000000000E+00
  532.   0.185937500000E+03   0.344224771283E-12   0.000000000000E+00   0.514062500000E+03  -0.517987135767E-11   0.000000000000E+00
  533.   0.185156250000E+03   0.706128085164E-12   0.000000000000E+00   0.514843750000E+03  -0.104802227086E-10   0.000000000000E+00
  534.   0.184375000000E+03   0.335625372917E-12   0.000000000000E+00   0.515625000000E+03  -0.526450703218E-11   0.000000000000E+00
  535.   0.183593750000E+03   0.689550118415E-12   0.000000000000E+00   0.516406250000E+03  -0.106503028933E-10   0.000000000000E+00
  536.   0.182812500000E+03   0.327485846656E-12   0.000000000000E+00   0.517187500000E+03  -0.534958261100E-11   0.000000000000E+00
  537.   0.182031250000E+03   0.674005847450E-12   0.000000000000E+00   0.517968750000E+03  -0.108212652040E-10   0.000000000000E+00
  538.   0.181250000000E+03   0.319916046495E-12   0.000000000000E+00   0.518750000000E+03  -0.543509840287E-11   0.000000000000E+00
  539.   0.180468750000E+03   0.659745280734E-12   0.000000000000E+00   0.519531250000E+03  -0.109931028194E-10   0.000000000000E+00
  540.   0.179687500000E+03   0.313055933131E-12   0.000000000000E+00   0.520312500000E+03  -0.552104932436E-11   0.000000000000E+00
  541.   0.178906250000E+03   0.647087439118E-12   0.000000000000E+00   0.521093750000E+03  -0.111658077726E-10   0.000000000000E+00
  542.   0.178125000000E+03   0.307084574251E-12   0.000000000000E+00   0.521875000000E+03  -0.560743242637E-11   0.000000000000E+00
  543.   0.177343750000E+03   0.636440219016E-12   0.000000000000E+00   0.522656250000E+03  -0.113393740663E-10   0.000000000000E+00
  544.   0.176562500000E+03   0.302230662216E-12   0.000000000000E+00   0.523437500000E+03  -0.569424288712E-11   0.000000000000E+00
  545.   0.175781250000E+03   0.628326393702E-12   0.000000000000E+00   0.524218750000E+03  -0.115137942305E-10   0.000000000000E+00
  546.   0.175000000000E+03   0.298787923847E-12   0.000000000000E+00   0.525000000000E+03  -0.578147661619E-11   0.000000000000E+00
  547.   0.174218750000E+03   0.623416906803E-12   0.000000000000E+00   0.525781250000E+03  -0.116890623241E-10   0.000000000000E+00
  548.   0.173437500000E+03   0.297133505849E-12   0.000000000000E+00   0.526562500000E+03  -0.586913173324E-11   0.000000000000E+00
  549.   0.172656250000E+03   0.622573573204E-12   0.000000000000E+00   0.527343750000E+03  -0.118651711631E-10   0.000000000000E+00
  550.   0.171875000000E+03   0.297751750939E-12   0.000000000000E+00   0.528125000000E+03  -0.595720507160E-11   0.000000000000E+00
  551.   0.171093750000E+03   0.626903375932E-12   0.000000000000E+00   0.528906250000E+03  -0.120421129403E-10   0.000000000000E+00
  552.   0.170312500000E+03   0.301265142626E-12   0.000000000000E+00   0.529687500000E+03  -0.604569142956E-11   0.000000000000E+00
  553.   0.169531250000E+03   0.637827573091E-12   0.000000000000E+00   0.530468750000E+03  -0.122198817629E-10   0.000000000000E+00
  554.   0.168750000000E+03   0.308472283539E-12   0.000000000000E+00   0.531250000000E+03  -0.613459298442E-11   0.000000000000E+00
  555.   0.167968750000E+03   0.657168848290E-12   0.000000000000E+00   0.532031250000E+03  -0.123984721133E-10   0.000000000000E+00
  556.   0.167187500000E+03   0.320396817293E-12   0.000000000000E+00   0.532812500000E+03  -0.622389820815E-11   0.000000000000E+00
  557.   0.166406250000E+03   0.687261218238E-12   0.000000000000E+00   0.533593750000E+03  -0.125778735270E-10   0.000000000000E+00
  558.   0.165625000000E+03   0.338348671959E-12   0.000000000000E+00   0.534375000000E+03  -0.631360817968E-11   0.000000000000E+00
  559.   0.164843750000E+03   0.731088546175E-12   0.000000000000E+00   0.535156250000E+03  -0.127580796440E-10   0.000000000000E+00
  560.   0.164062500000E+03   0.364001431950E-12   0.000000000000E+00   0.535937500000E+03  -0.640371747279E-11   0.000000000000E+00
  561.   0.163281250000E+03   0.792460923580E-12   0.000000000000E+00   0.536718750000E+03  -0.129390825008E-10   0.000000000000E+00
  562.   0.162500000000E+03   0.399490830329E-12   0.000000000000E+00   0.537500000000E+03  -0.649422574286E-11   0.000000000000E+00
  563.   0.161718750000E+03   0.876241340877E-12   0.000000000000E+00   0.538281250000E+03  -0.131208739467E-10   0.000000000000E+00
  564.   0.160937500000E+03   0.447542608859E-12   0.000000000000E+00   0.539062500000E+03  -0.658512280828E-11   0.000000000000E+00
  565.   0.160156250000E+03   0.988642616594E-12   0.000000000000E+00   0.539843750000E+03  -0.133034428623E-10   0.000000000000E+00
  566.   0.159375000000E+03   0.511641927105E-12   0.000000000000E+00   0.540625000000E+03  -0.667640370483E-11   0.000000000000E+00
  567.   0.158593750000E+03   0.113762268637E-11   0.000000000000E+00   0.541406250000E+03  -0.134867821578E-10   0.000000000000E+00
  568.   0.157812500000E+03   0.596259195411E-12   0.000000000000E+00   0.542187500000E+03  -0.676806750438E-11   0.000000000000E+00
  569.   0.157031250000E+03   0.133342106337E-11   0.000000000000E+00   0.542968750000E+03  -0.136708798814E-10   0.000000000000E+00
  570.   0.156250000000E+03   0.707159657944E-12   0.000000000000E+00   0.543750000000E+03  -0.686010786244E-11   0.000000000000E+00
  571.   0.155468750000E+03   0.158929266449E-11   0.000000000000E+00   0.544531250000E+03  -0.138557231764E-10   0.000000000000E+00
  572.   0.154687500000E+03   0.851828554861E-12   0.000000000000E+00   0.545312500000E+03  -0.695251712122E-11   0.000000000000E+00
  573.   0.153906250000E+03   0.192251317045E-11   0.000000000000E+00   0.546093750000E+03  -0.140412968967E-10   0.000000000000E+00
  574.   0.153125000000E+03   0.104005197023E-11   0.000000000000E+00   0.546875000000E+03  -0.704528796985E-11   0.000000000000E+00
  575.   0.152343750000E+03   0.235574010419E-11   0.000000000000E+00   0.547656250000E+03  -0.142275878484E-10   0.000000000000E+00
  576.   0.151562500000E+03   0.128469824120E-11   0.000000000000E+00   0.548437500000E+03  -0.713841006926E-11   0.000000000000E+00
  577.   0.150781250000E+03   0.291881412694E-11   0.000000000000E+00   0.549218750000E+03  -0.144145737256E-10   0.000000000000E+00
  578.   0.150000000000E+03   0.160274033913E-11   0.000000000000E+00   0.550000000000E+03  -0.723187394833E-11   0.000000000000E+00
  579.   0.149218750000E+03   0.365105930542E-11   0.000000000000E+00   0.550781250000E+03  -0.146022276745E-10   0.000000000000E+00
  580.   0.148437500000E+03   0.201653737747E-11   0.000000000000E+00   0.551562500000E+03  -0.732566622949E-11   0.000000000000E+00
  581.   0.147656250000E+03   0.460407889566E-11   0.000000000000E+00   0.552343750000E+03  -0.147905185061E-10   0.000000000000E+00
  582.   0.146875000000E+03   0.255535271962E-11   0.000000000000E+00   0.553125000000E+03  -0.741976590913E-11   0.000000000000E+00
  583.   0.146093750000E+03   0.584493300300E-11   0.000000000000E+00   0.553906250000E+03  -0.149794026321E-10   0.000000000000E+00
  584.   0.145312500000E+03   0.325701654054E-11   0.000000000000E+00   0.554687500000E+03  -0.751414900163E-11   0.000000000000E+00
  585.   0.144531250000E+03   0.745942986543E-11   0.000000000000E+00   0.555468750000E+03  -0.151688192089E-10   0.000000000000E+00
  586.   0.143750000000E+03   0.416955421314E-11   0.000000000000E+00   0.556250000000E+03  -0.760877987827E-11   0.000000000000E+00
  587.   0.142968750000E+03   0.955509535839E-11   0.000000000000E+00   0.557031250000E+03  -0.153586826315E-10   0.000000000000E+00
  588.   0.142187500000E+03   0.535251856306E-11   0.000000000000E+00   0.557812500000E+03  -0.770360961927E-11   0.000000000000E+00
  589.   0.141406250000E+03   0.122632869301E-10   0.000000000000E+00   0.558593750000E+03  -0.155488825256E-10   0.000000000000E+00
  590.   0.140625000000E+03   0.687774766426E-11   0.000000000000E+00   0.559375000000E+03  -0.779857350569E-11   0.000000000000E+00
  591.   0.139843750000E+03   0.157400481368E-10   0.000000000000E+00   0.560156250000E+03  -0.157392724373E-10   0.000000000000E+00
  592.   0.139062500000E+03   0.882941593641E-11   0.000000000000E+00   0.560937500000E+03  -0.789359125210E-11   0.000000000000E+00
  593.   0.138281250000E+03   0.201659132491E-10   0.000000000000E+00   0.561718750000E+03  -0.159296768436E-10   0.000000000000E+00
  594.   0.137500000000E+03   0.113037130969E-10   0.000000000000E+00   0.562500000000E+03  -0.798856893720E-11   0.000000000000E+00
  595.   0.136718750000E+03   0.257463143349E-10   0.000000000000E+00   0.563281250000E+03  -0.161198949690E-10   0.000000000000E+00
  596.   0.135937500000E+03   0.144094687451E-10   0.000000000000E+00   0.564062500000E+03  -0.808339927579E-11   0.000000000000E+00
  597.   0.135156250000E+03   0.327169187918E-10   0.000000000000E+00   0.564843750000E+03  -0.163097286962E-10   0.000000000000E+00
  598.   0.134375000000E+03   0.182727448813E-10   0.000000000000E+00   0.565625000000E+03  -0.817798791347E-11   0.000000000000E+00
  599.   0.133593750000E+03   0.413624512219E-10   0.000000000000E+00   0.566406250000E+03  -0.164990194407E-10   0.000000000000E+00
  600.   0.132812500000E+03   0.230509667125E-10   0.000000000000E+00   0.567187500000E+03  -0.827227375960E-11   0.000000000000E+00
  601.   0.132031250000E+03   0.520633248056E-10   0.000000000000E+00   0.567968750000E+03  -0.166877033815E-10   0.000000000000E+00
  602.   0.131250000000E+03   0.289654243712E-10   0.000000000000E+00   0.568750000000E+03  -0.836625713008E-11   0.000000000000E+00
  603.   0.130468750000E+03   0.653909467702E-10   0.000000000000E+00   0.569531250000E+03  -0.168758660520E-10   0.000000000000E+00
  604.   0.129687500000E+03   0.363643183677E-10   0.000000000000E+00   0.570312500000E+03  -0.846002587790E-11   0.000000000000E+00
  605.   0.128906250000E+03   0.822776467731E-10   0.000000000000E+00   0.571093750000E+03  -0.170637647777E-10   0.000000000000E+00
  606.   0.128125000000E+03   0.458303327853E-10   0.000000000000E+00   0.571875000000E+03  -0.855375324170E-11   0.000000000000E+00
  607.   0.127343750000E+03   0.104286184976E-09   0.000000000000E+00   0.572656250000E+03  -0.172517486528E-10   0.000000000000E+00
  608.   0.126562500000E+03   0.583439859470E-10   0.000000000000E+00   0.573437500000E+03  -0.864762430944E-11   0.000000000000E+00
  609.   0.125781250000E+03   0.133988685223E-09   0.000000000000E+00   0.574218750000E+03  -0.174399641101E-10   0.000000000000E+00
  610.   0.125000000000E+03   0.755014991166E-10   0.000000000000E+00   0.575000000000E+03  -0.874161230468E-11   0.000000000000E+00
  611.   0.124218750000E+03   0.175424111743E-09   0.000000000000E+00   0.575781250000E+03  -0.176277161322E-10   0.000000000000E+00
  612.   0.123437500000E+03   0.997574883756E-10   0.000000000000E+00   0.576562500000E+03  -0.883505857620E-11   0.000000000000E+00
  613.   0.122656250000E+03   0.234524602149E-09   0.000000000000E+00   0.577343750000E+03  -0.178123105258E-10   0.000000000000E+00
  614.   0.121875000000E+03   0.134610840426E-09   0.000000000000E+00   0.578125000000E+03  -0.892592812054E-11   0.000000000000E+00
  615.   0.121093750000E+03   0.319282797668E-09   0.000000000000E+00   0.578906250000E+03  -0.179872721495E-10   0.000000000000E+00
  616.   0.120312500000E+03   0.184586305704E-09   0.000000000000E+00   0.579687500000E+03  -0.900976545939E-11   0.000000000000E+00
  617.   0.119531250000E+03   0.439297923537E-09   0.000000000000E+00   0.580468750000E+03  -0.181400037822E-10   0.000000000000E+00
  618.   0.118750000000E+03   0.254789216799E-09   0.000000000000E+00   0.581250000000E+03  -0.907838022585E-11   0.000000000000E+00
  619.   0.117968750000E+03   0.604284831221E-09   0.000000000000E+00   0.582031250000E+03  -0.182492981995E-10   0.000000000000E+00
  620.   0.117187500000E+03   0.349853511957E-09   0.000000000000E+00   0.582812500000E+03  -0.911865655549E-11   0.000000000000E+00
  621.   0.116406250000E+03   0.821223089845E-09   0.000000000000E+00   0.583593750000E+03  -0.182836675412E-10   0.000000000000E+00
  622.   0.115625000000E+03   0.472104218145E-09   0.000000000000E+00   0.584375000000E+03  -0.911207247756E-11   0.000000000000E+00
  623.   0.114843750000E+03   0.109034796711E-08   0.000000000000E+00   0.585156250000E+03  -0.182021207430E-10   0.000000000000E+00
  624.   0.114062500000E+03   0.619463160501E-09   0.000000000000E+00   0.585937500000E+03  -0.903597232729E-11   0.000000000000E+00
  625.   0.113281250000E+03   0.140025955986E-08   0.000000000000E+00   0.586718750000E+03  -0.179595420710E-10   0.000000000000E+00
  626.   0.112500000000E+03   0.782450323978E-09   0.000000000000E+00   0.587500000000E+03  -0.886769497508E-11   0.000000000000E+00
  627.   0.111718750000E+03   0.172422365141E-08   0.000000000000E+00   0.588281250000E+03  -0.175188707089E-10   0.000000000000E+00
  628.   0.110937500000E+03   0.944223059454E-09   0.000000000000E+00   0.589062500000E+03  -0.859269686032E-11   0.000000000000E+00
  629.   0.110156250000E+03   0.201368658984E-08   0.000000000000E+00   0.589843750000E+03  -0.168714440070E-10   0.000000000000E+00
  630.   0.109375000000E+03   0.107214506100E-08   0.000000000000E+00   0.590625000000E+03  -0.821671052438E-11   0.000000000000E+00
  631.   0.108593750000E+03   0.220232452164E-08   0.000000000000E+00   0.591406250000E+03  -0.160654639526E-10   0.000000000000E+00
  632.   0.107812500000E+03   0.113597809622E-08   0.000000000000E+00   0.592187500000E+03  -0.778247469288E-11   0.000000000000E+00
  633.   0.107031250000E+03   0.216521767482E-08   0.000000000000E+00   0.592968750000E+03  -0.152385162351E-10   0.000000000000E+00
  634.   0.106250000000E+03   0.103646217825E-08   0.000000000000E+00   0.593750000000E+03  -0.738448105965E-11   0.000000000000E+00
  635.   0.105468750000E+03   0.179498565013E-08   0.000000000000E+00   0.594531250000E+03  -0.146486141984E-10   0.000000000000E+00
  636.   0.104687500000E+03   0.781573723143E-09   0.000000000000E+00   0.595312500000E+03  -0.719025163764E-11   0.000000000000E+00
  637.   0.103906250000E+03   0.562032612059E-09   0.000000000000E+00   0.596093750000E+03  -0.146655611191E-10   0.000000000000E+00
  638.   0.103125000000E+03  -0.648359616303E-10   0.000000000000E+00   0.596875000000E+03  -0.740184632635E-11   0.000000000000E+00
  639.   0.102343750000E+03  -0.160934957982E-08   0.000000000000E+00   0.597656250000E+03  -0.156842160259E-10   0.000000000000E+00
  640.   0.101562500000E+03  -0.176260075069E-08   0.000000000000E+00   0.598437500000E+03  -0.829131030226E-11   0.000000000000E+00
  641.   0.100781250000E+03  -0.761872560846E-08   0.000000000000E+00   0.599218750000E+03  -0.173041938318E-10   0.000000000000E+00
