i  r_top  QtopRe  QtopIm  r_bot  QbotRe  QbotIm   [mm, mC]
    1.   0.600000000000E+03  -0.287525852139E-07   0.000000000000E+00   0.100000000000E+03   0.382730388190E-07   0.000000000000E+00
    2.   0.100000000000E+03  -0.382636620546E-07   0.000000000000E+00   0.600000000000E+03   0.287340964828E-07   0.000000000000E+00
    3.   0.598437500000E+03   0.104952316821E-06   0.000000000000E+00   0.101562500000E+03   0.495707040755E-06   0.000000000000E+00
    4.   0.596875000000E+03   0.616820778452E-07   0.000000000000E+00   0.103125000000E+03   0.265929937342E-06   0.000000000000E+00
    5.   0.595312500000E+03   0.135604398086E-06   0.000000000000E+00   0.104687500000E+03   0.559850288682E-06   0.000000000000E+00
    6.   0.593750000000E+03   0.726121724907E-07   0.000000000000E+00   0.106250000000E+03   0.291941533969E-06   0.000000000000E+00
    7.   0.592187500000E+03   0.151858388654E-06   0.000000000000E+00   0.107812500000E+03   0.603830598740E-06   0.000000000000E+00
    8.   0.590625000000E+03   0.798435793638E-07   0.000000000000E+00   0.109375000000E+03   0.312862458006E-06   0.000000000000E+00
    9.   0.589062500000E+03   0.163840710520E-06   0.000000000000E+00   0.110937500000E+03   0.642221665820E-06   0.000000000000E+00
   10.   0.587500000000E+03   0.840440181098E-07   0.000000000000E+00   0.112500000000E+03   0.329435253133E-06   0.000000000000E+00
   11.   0.585937500000E+03   0.170610004612E-06   0.000000000000E+00   0.114062500000E+03   0.672995188310E-06   0.000000000000E+00
   12.   0.584375000000E+03   0.865668778731E-07   0.000000000000E+00   0.115625000000E+03   0.343566491329E-06   0.000000000000E+00
   13.   0.582812500000E+03   0.173917681122E-06   0.000000000000E+00   0.117187500000E+03   0.698548227814E-06   0.000000000000E+00
   14.   0.581250000000E+03   0.873691000310E-07   0.000000000000E+00   0.118750000000E+03   0.355012485841E-06   0.000000000000E+00
   15.   0.579687500000E+03   0.174521456850E-06   0.000000000000E+00   0.120312500000E+03   0.719812201000E-06   0.000000000000E+00
   16.   0.578125000000E+03   0.871769401105E-07   0.000000000000E+00   0.121875000000E+03   0.364840829751E-06   0.000000000000E+00
   17.   0.576562500000E+03   0.173645561857E-06   0.000000000000E+00   0.123437500000E+03   0.738627672583E-06   0.000000000000E+00
   18.   0.575000000000E+03   0.864949539734E-07   0.000000000000E+00   0.125000000000E+03   0.373830815528E-06   0.000000000000E+00
   19.   0.573437500000E+03   0.172181139586E-06   0.000000000000E+00   0.126562500000E+03   0.756408779581E-06   0.000000000000E+00
   20.   0.571875000000E+03   0.857028253352E-07   0.000000000000E+00   0.128125000000E+03   0.382606028584E-06   0.000000000000E+00
   21.   0.570312500000E+03   0.170658527475E-06   0.000000000000E+00   0.129687500000E+03   0.774042459486E-06   0.000000000000E+00
   22.   0.568750000000E+03   0.849639681445E-07   0.000000000000E+00   0.131250000000E+03   0.391450471145E-06   0.000000000000E+00
   23.   0.567187500000E+03   0.169285750497E-06   0.000000000000E+00   0.132812500000E+03   0.791900565791E-06   0.000000000000E+00
   24.   0.565625000000E+03   0.843243918364E-07   0.000000000000E+00   0.134375000000E+03   0.400454515637E-06   0.000000000000E+00
   25.   0.564062500000E+03   0.168095395452E-06   0.000000000000E+00   0.135937500000E+03   0.810059239395E-06   0.000000000000E+00
   26.   0.562500000000E+03   0.837708951280E-07   0.000000000000E+00   0.137500000000E+03   0.409604450115E-06   0.000000000000E+00
   27.   0.560937500000E+03   0.167046077811E-06   0.000000000000E+00   0.139062500000E+03   0.828460618556E-06   0.000000000000E+00
   28.   0.559375000000E+03   0.832741096634E-07   0.000000000000E+00   0.140625000000E+03   0.418854201690E-06   0.000000000000E+00
   29.   0.557812500000E+03   0.166082149059E-06   0.000000000000E+00   0.142187500000E+03   0.847014290600E-06   0.000000000000E+00
   30.   0.556250000000E+03   0.828069328300E-07   0.000000000000E+00   0.143750000000E+03   0.428158059694E-06   0.000000000000E+00
   31.   0.554687500000E+03   0.165158733654E-06   0.000000000000E+00   0.145312500000E+03   0.865643147932E-06   0.000000000000E+00
   32.   0.553125000000E+03   0.823509995243E-07   0.000000000000E+00   0.146875000000E+03   0.437483607701E-06   0.000000000000E+00
   33.   0.551562500000E+03   0.164247843998E-06   0.000000000000E+00   0.148437500000E+03   0.884297014006E-06   0.000000000000E+00
   34.   0.550000000000E+03   0.818963865350E-07   0.000000000000E+00   0.150000000000E+03   0.446812553002E-06   0.000000000000E+00
   35.   0.548437500000E+03   0.163335704272E-06   0.000000000000E+00   0.151562500000E+03   0.902950041871E-06   0.000000000000E+00
   36.   0.546875000000E+03   0.814391168926E-07   0.000000000000E+00   0.153125000000E+03   0.456137112285E-06   0.000000000000E+00
   37.   0.545312500000E+03   0.162417685887E-06   0.000000000000E+00   0.154687500000E+03   0.921592842669E-06   0.000000000000E+00
   38.   0.543750000000E+03   0.809785196851E-07   0.000000000000E+00   0.156250000000E+03   0.465455638948E-06   0.000000000000E+00
   39.   0.542187500000E+03   0.161493817501E-06   0.000000000000E+00   0.157812500000E+03   0.940224843488E-06   0.000000000000E+00
   40.   0.540625000000E+03   0.805153177155E-07   0.000000000000E+00   0.159375000000E+03   0.474769245306E-06   0.000000000000E+00
   41.   0.539062500000E+03   0.160565807223E-06   0.000000000000E+00   0.160937500000E+03   0.958848919174E-06   0.000000000000E+00
   42.   0.537500000000E+03   0.800505287218E-07   0.000000000000E+00   0.162500000000E+03   0.484079752194E-06   0.000000000000E+00
   43.   0.535937500000E+03   0.159635475879E-06   0.000000000000E+00   0.164062500000E+03   0.977468405630E-06   0.000000000000E+00
   44.   0.534375000000E+03   0.795849819935E-07   0.000000000000E+00   0.165625000000E+03   0.493388723362E-06   0.000000000000E+00
   45.   0.532812500000E+03   0.158704156661E-06   0.000000000000E+00   0.167187500000E+03   0.996085855920E-06   0.000000000000E+00
   46.   0.531250000000E+03   0.791191978132E-07   0.000000000000E+00   0.168750000000E+03   0.502697179396E-06   0.000000000000E+00
   47.   0.529687500000E+03   0.157772619104E-06   0.000000000000E+00   0.170312500000E+03   0.101470280130E-05   0.000000000000E+00
   48.   0.528125000000E+03   0.786534334873E-07   0.000000000000E+00   0.171875000000E+03   0.512005646789E-06   0.000000000000E+00
   49.   0.526562500000E+03   0.156841205134E-06   0.000000000000E+00   0.173437500000E+03   0.103331995477E-05   0.000000000000E+00
   50.   0.525000000000E+03   0.781877763407E-07   0.000000000000E+00   0.175000000000E+03   0.521314317610E-06   0.000000000000E+00
   51.   0.523437500000E+03   0.155910002478E-06   0.000000000000E+00   0.176562500000E+03   0.105193752101E-05   0.000000000000E+00
   52.   0.521875000000E+03   0.777222267550E-07   0.000000000000E+00   0.178125000000E+03   0.530623204621E-06   0.000000000000E+00
   53.   0.520312500000E+03   0.154978981284E-06   0.000000000000E+00   0.179687500000E+03   0.107055545712E-05   0.000000000000E+00
   54.   0.518750000000E+03   0.772567534945E-07   0.000000000000E+00   0.181250000000E+03   0.539932250264E-06   0.000000000000E+00
   55.   0.517187500000E+03   0.154048077757E-06   0.000000000000E+00   0.182812500000E+03   0.108917364038E-05   0.000000000000E+00
   56.   0.515625000000E+03   0.767913229331E-07   0.000000000000E+00   0.184375000000E+03   0.549241387256E-06   0.000000000000E+00
   57.   0.514062500000E+03   0.153117234319E-06   0.000000000000E+00   0.185937500000E+03   0.110779195329E-05   0.000000000000E+00
   58.   0.512500000000E+03   0.763259103399E-07   0.000000000000E+00   0.187500000000E+03   0.558550563789E-06   0.000000000000E+00
   59.   0.510937500000E+03   0.152186412362E-06   0.000000000000E+00   0.189062500000E+03   0.112641031339E-05   0.000000000000E+00
   60.   0.509375000000E+03   0.758605013872E-07   0.000000000000E+00   0.190625000000E+03   0.567859748271E-06   0.000000000000E+00
   61.   0.507812500000E+03   0.151255591363E-06   0.000000000000E+00   0.192187500000E+03   0.114502867376E-05   0.000000000000E+00
   62.   0.506250000000E+03   0.753950896780E-07   0.000000000000E+00   0.193750000000E+03   0.577168924944E-06   0.000000000000E+00
   63.   0.504687500000E+03   0.150324763311E-06   0.000000000000E+00   0.195312500000E+03   0.116364701207E-05   0.000000000000E+00
   64.   0.503125000000E+03   0.749296735477E-07   0.000000000000E+00   0.196875000000E+03   0.586478087116E-06   0.000000000000E+00
   65.   0.501562500000E+03   0.149393927059E-06   0.000000000000E+00   0.198437500000E+03   0.118226531792E-05   0.000000000000E+00
   66.   0.500000000000E+03   0.744642535324E-07   0.000000000000E+00   0.200000000000E+03   0.595787231111E-06   0.000000000000E+00
   67.   0.498437500000E+03   0.148463084287E-06   0.000000000000E+00   0.201562500000E+03   0.120088358244E-05   0.000000000000E+00
   68.   0.496875000000E+03   0.739988308121E-07   0.000000000000E+00   0.203125000000E+03   0.605096351779E-06   0.000000000000E+00
   69.   0.495312500000E+03   0.147532237214E-06   0.000000000000E+00   0.204687500000E+03   0.121950179071E-05   0.000000000000E+00
   70.   0.493750000000E+03   0.735334064605E-07   0.000000000000E+00   0.206250000000E+03   0.614405439397E-06   0.000000000000E+00
   71.   0.492187500000E+03   0.146601387618E-06   0.000000000000E+00   0.207812500000E+03   0.123811991655E-05   0.000000000000E+00
   72.   0.490625000000E+03   0.730679812034E-07   0.000000000000E+00   0.209375000000E+03   0.623714477499E-06   0.000000000000E+00
   73.   0.489062500000E+03   0.145670536603E-06   0.000000000000E+00   0.210937500000E+03   0.125673791846E-05   0.000000000000E+00
   74.   0.487500000000E+03   0.726025554328E-07   0.000000000000E+00   0.212500000000E+03   0.633023441089E-06   0.000000000000E+00
   75.   0.485937500000E+03   0.144739684718E-06   0.000000000000E+00   0.214062500000E+03   0.127535573557E-05   0.000000000000E+00
   76.   0.484375000000E+03   0.721371293083E-07   0.000000000000E+00   0.215625000000E+03   0.642332294425E-06   0.000000000000E+00
   77.   0.482812500000E+03   0.143808832153E-06   0.000000000000E+00   0.217187500000E+03   0.129397328045E-05   0.000000000000E+00
   78.   0.481250000000E+03   0.716717028617E-07   0.000000000000E+00   0.218750000000E+03   0.651640986271E-06   0.000000000000E+00
   79.   0.479687500000E+03   0.142877978919E-06   0.000000000000E+00   0.220312500000E+03   0.131259042173E-05   0.000000000000E+00
   80.   0.478125000000E+03   0.712062760721E-07   0.000000000000E+00   0.221875000000E+03   0.660949437591E-06   0.000000000000E+00
   81.   0.476562500000E+03   0.141947124966E-06   0.000000000000E+00   0.223437500000E+03   0.133120694087E-05   0.000000000000E+00
   82.   0.475000000000E+03   0.707408489080E-07   0.000000000000E+00   0.225000000000E+03   0.670257510903E-06   0.000000000000E+00
   83.   0.473437500000E+03   0.141016270240E-06   0.000000000000E+00   0.226562500000E+03   0.134982243199E-05   0.000000000000E+00
   84.   0.471875000000E+03   0.702754213460E-07   0.000000000000E+00   0.228125000000E+03   0.679564941105E-06   0.000000000000E+00
   85.   0.470312500000E+03   0.140085414706E-06   0.000000000000E+00   0.229687500000E+03   0.136843609159E-05   0.000000000000E+00
   86.   0.468750000000E+03   0.698099933751E-07   0.000000000000E+00   0.231250000000E+03   0.688871194242E-06   0.000000000000E+00
   87.   0.467187500000E+03   0.139154558355E-06   0.000000000000E+00   0.232812500000E+03   0.138704631584E-05   0.000000000000E+00
   88.   0.465625000000E+03   0.693445649948E-07   0.000000000000E+00   0.234375000000E+03   0.698175205100E-06   0.000000000000E+00
   89.   0.464062500000E+03   0.138223701190E-06   0.000000000000E+00   0.235937500000E+03   0.140564999455E-05   0.000000000000E+00
   90.   0.462500000000E+03   0.688791362113E-07   0.000000000000E+00   0.237500000000E+03   0.707474931288E-06   0.000000000000E+00
   91.   0.460937500000E+03   0.137292843230E-06   0.000000000000E+00   0.239062500000E+03   0.142424137431E-05   0.000000000000E+00
   92.   0.459375000000E+03   0.684137070345E-07   0.000000000000E+00   0.240625000000E+03   0.716766658404E-06   0.000000000000E+00
   93.   0.457812500000E+03   0.136361984494E-06   0.000000000000E+00   0.242187500000E+03   0.144281037448E-05   0.000000000000E+00
   94.   0.456250000000E+03   0.679482774757E-07   0.000000000000E+00   0.243750000000E+03   0.726044006252E-06   0.000000000000E+00
   95.   0.454687500000E+03   0.135431125006E-06   0.000000000000E+00   0.245312500000E+03   0.146134028631E-05   0.000000000000E+00
   96.   0.453125000000E+03   0.674828475464E-07   0.000000000000E+00   0.246875000000E+03   0.735296619143E-06   0.000000000000E+00
   97.   0.451562500000E+03   0.134500264789E-06   0.000000000000E+00   0.248437500000E+03   0.147980483971E-05   0.000000000000E+00
   98.   0.450000000000E+03   0.670174172585E-07   0.000000000000E+00   0.250000000000E+03   0.744508547607E-06   0.000000000000E+00
   99.   0.448437500000E+03   0.133569403866E-06   0.000000000000E+00   0.251562500000E+03   0.149816458266E-05   0.000000000000E+00
  100.   0.446875000000E+03   0.665519866235E-07   0.000000000000E+00   0.253125000000E+03   0.753656268321E-06   0.000000000000E+00
  101.   0.445312500000E+03   0.132638542261E-06   0.000000000000E+00   0.254687500000E+03   0.151636215462E-05   0.000000000000E+00
  102.   0.443750000000E+03   0.660865556537E-07   0.000000000000E+00   0.256250000000E+03   0.762705992196E-06   0.000000000000E+00
  103.   0.442187500000E+03   0.131707679999E-06   0.000000000000E+00   0.257812500000E+03   0.153431493338E-05   0.000000000000E+00
  104.   0.440625000000E+03   0.656211243620E-07   0.000000000000E+00   0.259375000000E+03   0.771609118329E-06   0.000000000000E+00
  105.   0.439062500000E+03   0.130776817111E-06   0.000000000000E+00   0.260937500000E+03   0.155190097353E-05   0.000000000000E+00
  106.   0.437500000000E+03   0.651556927649E-07   0.000000000000E+00   0.262500000000E+03   0.780292954795E-06   0.000000000000E+00
  107.   0.435937500000E+03   0.129845953635E-06   0.000000000000E+00   0.264062500000E+03   0.156892878435E-05   0.000000000000E+00
  108.   0.434375000000E+03   0.646902608856E-07   0.000000000000E+00   0.265625000000E+03   0.788640247256E-06   0.000000000000E+00
  109.   0.432812500000E+03   0.128915089634E-06   0.000000000000E+00   0.267187500000E+03   0.158507054354E-05   0.000000000000E+00
  110.   0.431250000000E+03   0.642248287631E-07   0.000000000000E+00   0.268750000000E+03   0.796443702686E-06   0.000000000000E+00
  111.   0.429687500000E+03   0.127984225218E-06   0.000000000000E+00   0.270312500000E+03   0.159971646269E-05   0.000000000000E+00
  112.   0.428125000000E+03   0.637593964665E-07   0.000000000000E+00   0.271875000000E+03   0.803306604170E-06   0.000000000000E+00
  113.   0.426562500000E+03   0.127053360576E-06   0.000000000000E+00   0.273437500000E+03   0.161166862630E-05   0.000000000000E+00
  114.   0.425000000000E+03   0.632939641188E-07   0.000000000000E+00   0.275000000000E+03   0.808434092280E-06   0.000000000000E+00
  115.   0.423437500000E+03   0.126122496046E-06   0.000000000000E+00   0.276562500000E+03   0.161854705988E-05   0.000000000000E+00
  116.   0.421875000000E+03   0.628285319326E-07   0.000000000000E+00   0.278125000000E+03   0.810233030189E-06   0.000000000000E+00
  117.   0.420312500000E+03   0.125191632185E-06   0.000000000000E+00   0.279687500000E+03   0.161582960307E-05   0.000000000000E+00
  118.   0.418750000000E+03   0.623631002554E-07   0.000000000000E+00   0.281250000000E+03   0.805718560196E-06   0.000000000000E+00
  119.   0.417187500000E+03   0.124260769876E-06   0.000000000000E+00   0.282812500000E+03   0.159592501046E-05   0.000000000000E+00
  120.   0.415625000000E+03   0.618976696241E-07   0.000000000000E+00   0.284375000000E+03   0.790209575909E-06   0.000000000000E+00
  121.   0.414062500000E+03   0.123329910436E-06   0.000000000000E+00   0.285937500000E+03   0.154872249503E-05   0.000000000000E+00
  122.   0.412500000000E+03   0.614322408202E-07   0.000000000000E+00   0.287500000000E+03   0.758331693455E-06   0.000000000000E+00
  123.   0.410937500000E+03   0.122399055724E-06   0.000000000000E+00   0.289062500000E+03   0.146481871320E-05   0.000000000000E+00
  124.   0.409375000000E+03   0.609668149236E-07   0.000000000000E+00   0.290625000000E+03   0.706212020985E-06   0.000000000000E+00
  125.   0.407812500000E+03   0.121468208275E-06   0.000000000000E+00   0.292187500000E+03   0.133946480949E-05   0.000000000000E+00
  126.   0.406250000000E+03   0.605013933833E-07   0.000000000000E+00   0.293750000000E+03   0.632989347967E-06   0.000000000000E+00
  127.   0.404687500000E+03   0.120537371544E-06   0.000000000000E+00   0.295312500000E+03   0.117436420046E-05   0.000000000000E+00
  128.   0.403125000000E+03   0.600359781845E-07   0.000000000000E+00   0.296875000000E+03   0.541168075253E-06   0.000000000000E+00
  129.   0.401562500000E+03   0.119606550555E-06   0.000000000000E+00   0.298437500000E+03   0.978079571371E-06   0.000000000000E+00
  130.   0.400000000000E+03   0.595705723205E-07   0.000000000000E+00   0.300000000000E+03   0.436810117433E-06   0.000000000000E+00
  131.   0.398437500000E+03   0.118675753615E-06   0.000000000000E+00   0.301562500000E+03   0.765764163054E-06   0.000000000000E+00
  132.   0.396875000000E+03   0.591051810173E-07   0.000000000000E+00   0.303125000000E+03   0.329002605273E-06   0.000000000000E+00
  133.   0.395312500000E+03   0.117744996348E-06   0.000000000000E+00   0.304687500000E+03   0.556425905530E-06   0.000000000000E+00
  134.   0.393750000000E+03   0.586398145328E-07   0.000000000000E+00   0.306250000000E+03   0.227601349395E-06   0.000000000000E+00
  135.   0.392187500000E+03   0.116814310184E-06   0.000000000000E+00   0.307812500000E+03   0.367818295727E-06   0.000000000000E+00
  136.   0.390625000000E+03   0.581744938548E-07   0.000000000000E+00   0.309375000000E+03   0.140469887203E-06   0.000000000000E+00
  137.   0.389062500000E+03   0.115883758486E-06   0.000000000000E+00   0.310937500000E+03   0.212324953803E-06   0.000000000000E+00
  138.   0.387500000000E+03   0.577092611697E-07   0.000000000000E+00   0.312500000000E+03   0.721404730672E-07   0.000000000000E+00
  139.   0.385937500000E+03   0.114953464402E-06   0.000000000000E+00   0.314062500000E+03   0.956242472089E-07   0.000000000000E+00
  140.   0.384375000000E+03   0.572441973522E-07   0.000000000000E+00   0.315625000000E+03   0.237199629715E-07   0.000000000000E+00
  141.   0.382812500000E+03   0.114023654811E-06   0.000000000000E+00   0.317187500000E+03   0.166038081533E-07   0.000000000000E+00
  142.   0.381250000000E+03   0.567794485924E-07   0.000000000000E+00   0.318750000000E+03  -0.704820771986E-08   0.000000000000E+00
  143.   0.379687500000E+03   0.113094723586E-06   0.000000000000E+00   0.320312500000E+03  -0.318530792354E-07   0.000000000000E+00
  144.   0.378125000000E+03   0.563152632560E-07   0.000000000000E+00   0.321875000000E+03  -0.249027460965E-07   0.000000000000E+00
  145.   0.376562500000E+03   0.112167314520E-06   0.000000000000E+00   0.323437500000E+03  -0.596461195000E-07   0.000000000000E+00
  146.   0.375000000000E+03   0.558520380846E-07   0.000000000000E+00   0.325000000000E+03  -0.348814223513E-07   0.000000000000E+00
  147.   0.373437500000E+03   0.111242420423E-06   0.000000000000E+00   0.326562500000E+03  -0.753927872858E-07   0.000000000000E+00
  148.   0.371875000000E+03   0.553903708629E-07   0.000000000000E+00   0.328125000000E+03  -0.406059730070E-07   0.000000000000E+00
  149.   0.370312500000E+03   0.110321494544E-06   0.000000000000E+00   0.329687500000E+03  -0.846759872977E-07   0.000000000000E+00
  150.   0.368750000000E+03   0.549311180453E-07   0.000000000000E+00   0.331250000000E+03  -0.441171563438E-07   0.000000000000E+00
  151.   0.367187500000E+03   0.109406584409E-06   0.000000000000E+00   0.332812500000E+03  -0.905433842970E-07   0.000000000000E+00
  152.   0.365625000000E+03   0.544754680816E-07   0.000000000000E+00   0.334375000000E+03  -0.464456774641E-07   0.000000000000E+00
  153.   0.364062500000E+03   0.108500548350E-06   0.000000000000E+00   0.335937500000E+03  -0.945416331260E-07   0.000000000000E+00
  154.   0.362500000000E+03   0.540250790018E-07   0.000000000000E+00   0.337500000000E+03  -0.481026315609E-07   0.000000000000E+00
  155.   0.360937500000E+03   0.107607538371E-06   0.000000000000E+00   0.339062500000E+03  -0.974505359613E-07   0.000000000000E+00
  156.   0.359375000000E+03   0.535824144055E-07   0.000000000000E+00   0.340625000000E+03  -0.493496281441E-07   0.000000000000E+00
  157.   0.357812500000E+03   0.106734185901E-06   0.000000000000E+00   0.342187500000E+03  -0.996797878071E-07   0.000000000000E+00
  158.   0.356250000000E+03   0.531515810100E-07   0.000000000000E+00   0.343750000000E+03  -0.503303823555E-07   0.000000000000E+00
  159.   0.354687500000E+03   0.105892368967E-06   0.000000000000E+00   0.345312500000E+03  -0.101462035313E-06   0.000000000000E+00
  160.   0.353125000000E+03   0.527402465282E-07   0.000000000000E+00   0.346875000000E+03  -0.511316744730E-07   0.000000000000E+00
  161.   0.351562500000E+03   0.105105136788E-06   0.000000000000E+00   0.348437500000E+03  -0.102942351718E-06   0.000000000000E+00
  162.   0.350000000000E+03   0.523636477150E-07   0.000000000000E+00   0.350000000000E+03  -0.518108571065E-07   0.000000000000E+00
  163.   0.348437500000E+03   0.104418216269E-06   0.000000000000E+00   0.351562500000E+03  -0.104218617707E-06   0.000000000000E+00
  164.   0.346875000000E+03   0.520521192041E-07   0.000000000000E+00   0.353125000000E+03  -0.524080973419E-07   0.000000000000E+00
  165.   0.345312500000E+03   0.103920494403E-06   0.000000000000E+00   0.354687500000E+03  -0.105359682906E-06   0.000000000000E+00
  166.   0.343750000000E+03   0.518641335432E-07   0.000000000000E+00   0.356250000000E+03  -0.529519804815E-07   0.000000000000E+00
  167.   0.342187500000E+03   0.103776734778E-06   0.000000000000E+00   0.357812500000E+03  -0.106414102678E-06   0.000000000000E+00
  168.   0.340625000000E+03   0.519060937608E-07   0.000000000000E+00   0.359375000000E+03  -0.534624865943E-07   0.000000000000E+00
  169.   0.339062500000E+03   0.104276283822E-06   0.000000000000E+00   0.360937500000E+03  -0.107415239045E-06   0.000000000000E+00
  170.   0.337500000000E+03   0.523612833346E-07   0.000000000000E+00   0.362500000000E+03  -0.539530386184E-07   0.000000000000E+00
  171.   0.335937500000E+03   0.105895672722E-06   0.000000000000E+00   0.364062500000E+03  -0.108385042210E-06   0.000000000000E+00
  172.   0.334375000000E+03   0.535232857315E-07   0.000000000000E+00   0.365625000000E+03  -0.544322012801E-07   0.000000000000E+00
  173.   0.332812500000E+03   0.109389580250E-06   0.000000000000E+00   0.367187500000E+03  -0.109337213905E-06   0.000000000000E+00
  174.   0.331250000000E+03   0.558526911758E-07   0.000000000000E+00   0.368750000000E+03  -0.549051342914E-07   0.000000000000E+00
  175.   0.329687500000E+03   0.115892349882E-06   0.000000000000E+00   0.370312500000E+03  -0.110279834057E-06   0.000000000000E+00
  176.   0.328125000000E+03   0.600197973589E-07   0.000000000000E+00   0.371875000000E+03  -0.553747664209E-07   0.000000000000E+00
  177.   0.326562500000E+03   0.127209926468E-06   0.000000000000E+00   0.373437500000E+03  -0.111217401139E-06   0.000000000000E+00
  178.   0.325000000000E+03   0.671609940006E-07   0.000000000000E+00   0.375000000000E+03  -0.558426667217E-07   0.000000000000E+00
  179.   0.323437500000E+03   0.146058750001E-06   0.000000000000E+00   0.376562500000E+03  -0.112152289011E-06   0.000000000000E+00
  180.   0.321875000000E+03   0.787942140085E-07   0.000000000000E+00   0.378125000000E+03  -0.563096352041E-07   0.000000000000E+00
  181.   0.320312500000E+03   0.177847260810E-06   0.000000000000E+00   0.379687500000E+03  -0.113085700000E-06   0.000000000000E+00
  182.   0.318750000000E+03   0.990633378414E-07   0.000000000000E+00   0.381250000000E+03  -0.567760686995E-07   0.000000000000E+00
  183.   0.317187500000E+03   0.230437737351E-06   0.000000000000E+00   0.382812500000E+03  -0.114018235857E-06   0.000000000000E+00
  184.   0.315625000000E+03   0.130046033022E-06   0.000000000000E+00   0.384375000000E+03  -0.572421676610E-07   0.000000000000E+00
  185.   0.314062500000E+03   0.327873220855E-06   0.000000000000E+00   0.385937500000E+03  -0.114950210285E-06   0.000000000000E+00
  186.   0.312500000000E+03   0.201748135881E-06   0.000000000000E+00   0.387500000000E+03  -0.577080423535E-07   0.000000000000E+00
  187.   0.310937500000E+03   0.495562631601E-06   0.000000000000E+00   0.389062500000E+03  -0.115881804449E-06   0.000000000000E+00
  188.   0.309375000000E+03   0.267874040650E-06   0.000000000000E+00   0.390625000000E+03  -0.581737619890E-07   0.000000000000E+00
  189.   0.307812500000E+03   0.901701706646E-06   0.000000000000E+00   0.392187500000E+03  -0.116813136862E-06   0.000000000000E+00
  190.   0.306250000000E+03   0.771127639131E-06   0.000000000000E+00   0.393750000000E+03  -0.586393750772E-07   0.000000000000E+00
  191.   0.304687500000E+03   0.162382424529E-05   0.000000000000E+00   0.395312500000E+03  -0.117744291832E-06   0.000000000000E+00
  192.   0.303125000000E+03   0.224874929464E-05   0.000000000000E+00   0.396875000000E+03  -0.591049171446E-07   0.000000000000E+00
  193.   0.301562500000E+03   0.108959560370E-04   0.000000000000E+00   0.398437500000E+03  -0.118675330599E-06   0.000000000000E+00
  194.   0.300000000000E+03  -0.910981508785E-05   0.000000000000E+00   0.400000000000E+03  -0.595704138764E-07   0.000000000000E+00
  195.   0.298437500000E+03  -0.661963766140E-05   0.000000000000E+00   0.401562500000E+03  -0.119606296564E-06   0.000000000000E+00
  196.   0.296875000000E+03  -0.169119572685E-05   0.000000000000E+00   0.403125000000E+03  -0.600358830434E-07   0.000000000000E+00
  197.   0.295312500000E+03  -0.321214505552E-05   0.000000000000E+00   0.404687500000E+03  -0.120537219041E-06   0.000000000000E+00
  198.   0.293750000000E+03  -0.125190348503E-05   0.000000000000E+00   0.406250000000E+03  -0.605013362506E-07   0.000000000000E+00
  199.   0.292187500000E+03  -0.238817006752E-05   0.000000000000E+00   0.407812500000E+03  -0.121468116707E-06   0.000000000000E+00
  200.   0.290625000000E+03  -0.107947327865E-05   0.000000000000E+00   0.409375000000E+03  -0.609667806114E-07   0.000000000000E+00
  201.   0.289062500000E+03  -0.205736093630E-05   0.000000000000E+00   0.410937500000E+03  -0.122399000740E-06   0.000000000000E+00
  202.   0.287500000000E+03  -0.975414319717E-06   0.000000000000E+00   0.412500000000E+03  -0.614322202092E-07   0.000000000000E+00
  203.   0.285937500000E+03  -0.189368510632E-05   0.000000000000E+00   0.414062500000E+03  -0.123329877417E-06   0.000000000000E+00
  204.   0.284375000000E+03  -0.916628053778E-06   0.000000000000E+00   0.415625000000E+03  -0.618976572390E-07   0.000000000000E+00
  205.   0.282812500000E+03  -0.179626428528E-05   0.000000000000E+00   0.417187500000E+03  -0.124260750045E-06   0.000000000000E+00
  206.   0.281250000000E+03  -0.879359493872E-06   0.000000000000E+00   0.418750000000E+03  -0.623630928088E-07   0.000000000000E+00
  207.   0.279687500000E+03  -0.173286805594E-05   0.000000000000E+00   0.420312500000E+03  -0.125191620271E-06   0.000000000000E+00
  208.   0.278125000000E+03  -0.853379896850E-06   0.000000000000E+00   0.421875000000E+03  -0.628285274509E-07   0.000000000000E+00
  209.   0.276562500000E+03  -0.168747157316E-05   0.000000000000E+00   0.423437500000E+03  -0.126122488885E-06   0.000000000000E+00
  210.   0.275000000000E+03  -0.834031610760E-06   0.000000000000E+00   0.425000000000E+03  -0.632939614173E-07   0.000000000000E+00
  211.   0.273437500000E+03  -0.165263291042E-05   0.000000000000E+00   0.426562500000E+03  -0.127053356269E-06   0.000000000000E+00
  212.   0.271875000000E+03  -0.818576586841E-06   0.000000000000E+00   0.428125000000E+03  -0.637593948337E-07   0.000000000000E+00
  213.   0.270312500000E+03  -0.162416368108E-05   0.000000000000E+00   0.429687500000E+03  -0.127984222623E-06   0.000000000000E+00
  214.   0.268750000000E+03  -0.805570085574E-06   0.000000000000E+00   0.431250000000E+03  -0.642248277721E-07   0.000000000000E+00
  215.   0.267187500000E+03  -0.159966388087E-05   0.000000000000E+00   0.432812500000E+03  -0.128915088069E-06   0.000000000000E+00
  216.   0.265625000000E+03  -0.794082189738E-06   0.000000000000E+00   0.434375000000E+03  -0.646902602800E-07   0.000000000000E+00
  217.   0.264062500000E+03  -0.157762198058E-05   0.000000000000E+00   0.435937500000E+03  -0.129845952687E-06   0.000000000000E+00
  218.   0.262500000000E+03  -0.783530094185E-06   0.000000000000E+00   0.437500000000E+03  -0.651556923908E-07   0.000000000000E+00
  219.   0.260937500000E+03  -0.155706887654E-05   0.000000000000E+00   0.439062500000E+03  -0.130776816534E-06   0.000000000000E+00
  220.   0.259375000000E+03  -0.773531449355E-06   0.000000000000E+00   0.440625000000E+03  -0.656211241272E-07   0.000000000000E+00
  221.   0.257812500000E+03  -0.153738382573E-05   0.000000000000E+00   0.442187500000E+03  -0.131707679646E-06   0.000000000000E+00
  222.   0.256250000000E+03  -0.763847234280E-06   0.000000000000E+00   0.443750000000E+03  -0.660865555026E-07   0.000000000000E+00
  223.   0.254687500000E+03  -0.151818451988E-05   0.000000000000E+00   0.445312500000E+03  -0.132638542041E-06   0.000000000000E+00
  224.   0.253125000000E+03  -0.754334103311E-06   0.000000000000E+00   0.446875000000E+03  -0.665519865229E-07   0.000000000000E+00
  225.   0.251562500000E+03  -0.149924725253E-05   0.000000000000E+00   0.448437500000E+03  -0.133569403727E-06   0.000000000000E+00
  226.   0.250000000000E+03  -0.744911392723E-06   0.000000000000E+00   0.450000000000E+03  -0.670174171883E-07   0.000000000000E+00
  227.   0.248437500000E+03  -0.148044835150E-05   0.000000000000E+00   0.451562500000E+03  -0.134500264699E-06   0.000000000000E+00
  228.   0.246875000000E+03  -0.735536110001E-06   0.000000000000E+00   0.453125000000E+03  -0.674828474947E-07   0.000000000000E+00
  229.   0.245312500000E+03  -0.146172284037E-05   0.000000000000E+00   0.454687500000E+03  -0.135431124946E-06   0.000000000000E+00
  230.   0.243750000000E+03  -0.726186379459E-06   0.000000000000E+00   0.456250000000E+03  -0.679482774353E-07   0.000000000000E+00
  231.   0.242187500000E+03  -0.144303777164E-05   0.000000000000E+00   0.457812500000E+03  -0.136361984452E-06   0.000000000000E+00
  232.   0.240625000000E+03  -0.716851276751E-06   0.000000000000E+00   0.459375000000E+03  -0.684137070011E-07   0.000000000000E+00
  233.   0.239062500000E+03  -0.142437651182E-05   0.000000000000E+00   0.460937500000E+03  -0.137292843199E-06   0.000000000000E+00
  234.   0.237500000000E+03  -0.707525210291E-06   0.000000000000E+00   0.462500000000E+03  -0.688791361823E-07   0.000000000000E+00
  235.   0.235937500000E+03  -0.140573028600E-05   0.000000000000E+00   0.464062500000E+03  -0.138223701167E-06   0.000000000000E+00
  236.   0.234375000000E+03  -0.698205074567E-06   0.000000000000E+00   0.465625000000E+03  -0.693445649686E-07   0.000000000000E+00
  237.   0.232812500000E+03  -0.138709401358E-05   0.000000000000E+00   0.467187500000E+03  -0.139154558335E-06   0.000000000000E+00
  238.   0.231250000000E+03  -0.688888937211E-06   0.000000000000E+00   0.468750000000E+03  -0.698099933508E-07   0.000000000000E+00
  239.   0.229687500000E+03  -0.136846442454E-05   0.000000000000E+00   0.470312500000E+03  -0.140085414690E-06   0.000000000000E+00
  240.   0.228125000000E+03  -0.679575480229E-06   0.000000000000E+00   0.471875000000E+03  -0.702754213230E-07   0.000000000000E+00
  241.   0.226562500000E+03  -0.134983926123E-05   0.000000000000E+00   0.473437500000E+03  -0.141016270226E-06   0.000000000000E+00
  242.   0.225000000000E+03  -0.670263770739E-06   0.000000000000E+00   0.475000000000E+03  -0.707408488860E-07   0.000000000000E+00
  243.   0.223437500000E+03  -0.133121693655E-05   0.000000000000E+00   0.476562500000E+03  -0.141947124954E-06   0.000000000000E+00
  244.   0.221875000000E+03  -0.660953155432E-06   0.000000000000E+00   0.478125000000E+03  -0.712062760509E-07   0.000000000000E+00
  245.   0.220312500000E+03  -0.131259635817E-05   0.000000000000E+00   0.479687500000E+03  -0.142877978908E-06   0.000000000000E+00
  246.   0.218750000000E+03  -0.651643194155E-06   0.000000000000E+00   0.481250000000E+03  -0.716717028411E-07   0.000000000000E+00
  247.   0.217187500000E+03  -0.129397680575E-05   0.000000000000E+00   0.482812500000E+03  -0.143808832143E-06   0.000000000000E+00
  248.   0.215625000000E+03  -0.642333605452E-06   0.000000000000E+00   0.484375000000E+03  -0.721371292882E-07   0.000000000000E+00
  249.   0.214062500000E+03  -0.127535782881E-05   0.000000000000E+00   0.485937500000E+03  -0.144739684709E-06   0.000000000000E+00
  250.   0.212500000000E+03  -0.633024219475E-06   0.000000000000E+00   0.487500000000E+03  -0.726025554133E-07   0.000000000000E+00
  251.   0.210937500000E+03  -0.125673916124E-05   0.000000000000E+00   0.489062500000E+03  -0.145670536595E-06   0.000000000000E+00
  252.   0.209375000000E+03  -0.623714939588E-06   0.000000000000E+00   0.490625000000E+03  -0.730679811844E-07   0.000000000000E+00
  253.   0.207812500000E+03  -0.123812065432E-05   0.000000000000E+00   0.492187500000E+03  -0.146601387610E-06   0.000000000000E+00
  254.   0.206250000000E+03  -0.614405713684E-06   0.000000000000E+00   0.493750000000E+03  -0.735334064418E-07   0.000000000000E+00
  255.   0.204687500000E+03  -0.121950222865E-05   0.000000000000E+00   0.495312500000E+03  -0.147532237207E-06   0.000000000000E+00
  256.   0.203125000000E+03  -0.605096514568E-06   0.000000000000E+00   0.496875000000E+03  -0.739988307937E-07   0.000000000000E+00
  257.   0.201562500000E+03  -0.120088384237E-05   0.000000000000E+00   0.498437500000E+03  -0.148463084280E-06   0.000000000000E+00
  258.   0.200000000000E+03  -0.595787327712E-06   0.000000000000E+00   0.500000000000E+03  -0.744642535142E-07   0.000000000000E+00
  259.   0.198437500000E+03  -0.118226547219E-05   0.000000000000E+00   0.501562500000E+03  -0.149393927052E-06   0.000000000000E+00
  260.   0.196875000000E+03  -0.586478144430E-06   0.000000000000E+00   0.503125000000E+03  -0.749296735297E-07   0.000000000000E+00
  261.   0.195312500000E+03  -0.116364710363E-05   0.000000000000E+00   0.504687500000E+03  -0.150324763304E-06   0.000000000000E+00
  262.   0.193750000000E+03  -0.577168958941E-06   0.000000000000E+00   0.506250000000E+03  -0.753950896598E-07   0.000000000000E+00
  263.   0.192187500000E+03  -0.114502872810E-05   0.000000000000E+00   0.507812500000E+03  -0.151255591355E-06   0.000000000000E+00
  264.   0.190625000000E+03  -0.567859768432E-06   0.000000000000E+00   0.509375000000E+03  -0.758605013685E-07   0.000000000000E+00
  265.   0.189062500000E+03  -0.112641034564E-05   0.000000000000E+00   0.510937500000E+03  -0.152186412353E-06   0.000000000000E+00
  266.   0.187500000000E+03  -0.558550575740E-06   0.000000000000E+00   0.512500000000E+03  -0.763259103200E-07   0.000000000000E+00
  267.   0.185937500000E+03  -0.110779197244E-05   0.000000000000E+00   0.514062500000E+03  -0.153117234305E-06   0.000000000000E+00
  268.   0.184375000000E+03  -0.549241394337E-06   0.000000000000E+00   0.515625000000E+03  -0.767913229110E-07   0.000000000000E+00
  269.   0.182812500000E+03  -0.108917365175E-05   0.000000000000E+00   0.517187500000E+03  -0.154048077737E-06   0.000000000000E+00
  270.   0.181250000000E+03  -0.539932254458E-06   0.000000000000E+00   0.518750000000E+03  -0.772567534683E-07   0.000000000000E+00
  271.   0.179687500000E+03  -0.107055546389E-05   0.000000000000E+00   0.520312500000E+03  -0.154978981253E-06   0.000000000000E+00
  272.   0.178125000000E+03  -0.530623207106E-06   0.000000000000E+00   0.521875000000E+03  -0.777222267217E-07   0.000000000000E+00
  273.   0.176562500000E+03  -0.105193752506E-05   0.000000000000E+00   0.523437500000E+03  -0.155910002428E-06   0.000000000000E+00
  274.   0.175000000000E+03  -0.521314319086E-06   0.000000000000E+00   0.525000000000E+03  -0.781877762951E-07   0.000000000000E+00
  275.   0.173437500000E+03  -0.103331995722E-05   0.000000000000E+00   0.526562500000E+03  -0.156841205050E-06   0.000000000000E+00
  276.   0.171875000000E+03  -0.512005647676E-06   0.000000000000E+00   0.528125000000E+03  -0.786534334209E-07   0.000000000000E+00
  277.   0.170312500000E+03  -0.101470280283E-05   0.000000000000E+00   0.529687500000E+03  -0.157772618964E-06   0.000000000000E+00
  278.   0.168750000000E+03  -0.502697179949E-06   0.000000000000E+00   0.531250000000E+03  -0.791191977117E-07   0.000000000000E+00
  279.   0.167187500000E+03  -0.996085856943E-06   0.000000000000E+00   0.532812500000E+03  -0.158704156427E-06   0.000000000000E+00
  280.   0.165625000000E+03  -0.493388723741E-06   0.000000000000E+00   0.534375000000E+03  -0.795849818328E-07   0.000000000000E+00
  281.   0.164062500000E+03  -0.977468406419E-06   0.000000000000E+00   0.535937500000E+03  -0.159635475486E-06   0.000000000000E+00
  282.   0.162500000000E+03  -0.484079752510E-06   0.000000000000E+00   0.537500000000E+03  -0.800505284617E-07   0.000000000000E+00
  283.   0.160937500000E+03  -0.958848919933E-06   0.000000000000E+00   0.539062500000E+03  -0.160565806563E-06   0.000000000000E+00
  284.   0.159375000000E+03  -0.474769245654E-06   0.000000000000E+00   0.540625000000E+03  -0.805153172889E-07   0.000000000000E+00
  285.   0.157812500000E+03  -0.940224844411E-06   0.000000000000E+00   0.542187500000E+03  -0.161493816395E-06   0.000000000000E+00
  286.   0.156250000000E+03  -0.465455639426E-06   0.000000000000E+00   0.543750000000E+03  -0.809785189804E-07   0.000000000000E+00
  287.   0.154687500000E+03  -0.921592843986E-06   0.000000000000E+00   0.545312500000E+03  -0.162417684037E-06   0.000000000000E+00
  288.   0.153125000000E+03  -0.456137113024E-06   0.000000000000E+00   0.546875000000E+03  -0.814391157233E-07   0.000000000000E+00
  289.   0.151562500000E+03  -0.902950043915E-06   0.000000000000E+00   0.548437500000E+03  -0.163335701173E-06   0.000000000000E+00
  290.   0.150000000000E+03  -0.446812554203E-06   0.000000000000E+00   0.550000000000E+03  -0.818963845855E-07   0.000000000000E+00
  291.   0.148437500000E+03  -0.884297017306E-06   0.000000000000E+00   0.551562500000E+03  -0.164247838792E-06   0.000000000000E+00
  292.   0.146875000000E+03  -0.437483609692E-06   0.000000000000E+00   0.553125000000E+03  -0.823509962515E-07   0.000000000000E+00
  293.   0.145312500000E+03  -0.865643153368E-06   0.000000000000E+00   0.554687500000E+03  -0.165158724860E-06   0.000000000000E+00
  294.   0.143750000000E+03  -0.428158063026E-06   0.000000000000E+00   0.556250000000E+03  -0.828069272966E-07   0.000000000000E+00
  295.   0.142187500000E+03  -0.847014299636E-06   0.000000000000E+00   0.557812500000E+03  -0.166082134158E-06   0.000000000000E+00
  296.   0.140625000000E+03  -0.418854207280E-06   0.000000000000E+00   0.559375000000E+03  -0.832741002818E-07   0.000000000000E+00
  297.   0.139062500000E+03  -0.828460633550E-06   0.000000000000E+00   0.560937500000E+03  -0.167046052662E-06   0.000000000000E+00
  298.   0.137500000000E+03  -0.409604459408E-06   0.000000000000E+00   0.562500000000E+03  -0.837708793407E-07   0.000000000000E+00
  299.   0.135937500000E+03  -0.810059263952E-06   0.000000000000E+00   0.564062500000E+03  -0.168095353588E-06   0.000000000000E+00
  300.   0.134375000000E+03  -0.400454530781E-06   0.000000000000E+00   0.565625000000E+03  -0.843243657525E-07   0.000000000000E+00
  301.   0.132812500000E+03  -0.791900605209E-06   0.000000000000E+00   0.567187500000E+03  -0.169285682199E-06   0.000000000000E+00
  302.   0.131250000000E+03  -0.391450495211E-06   0.000000000000E+00   0.568750000000E+03  -0.849639260743E-07   0.000000000000E+00
  303.   0.129687500000E+03  -0.774042522007E-06   0.000000000000E+00   0.570312500000E+03  -0.170658417429E-06   0.000000000000E+00
  304.   0.128125000000E+03  -0.382606066583E-06   0.000000000000E+00   0.571875000000E+03  -0.857027579367E-07   0.000000000000E+00
  305.   0.126562500000E+03  -0.756408880429E-06   0.000000000000E+00   0.573437500000E+03  -0.172180959498E-06   0.000000000000E+00
  306.   0.125000000000E+03  -0.373830877390E-06   0.000000000000E+00   0.575000000000E+03  -0.864948428188E-07   0.000000000000E+00
  307.   0.123437500000E+03  -0.738627845618E-06   0.000000000000E+00   0.576562500000E+03  -0.173645248918E-06   0.000000000000E+00
  308.   0.121875000000E+03  -0.364840939848E-06   0.000000000000E+00   0.578125000000E+03  -0.871767400692E-07   0.000000000000E+00
  309.   0.120312500000E+03  -0.719812518829E-06   0.000000000000E+00   0.579687500000E+03  -0.174520874605E-06   0.000000000000E+00
  310.   0.118750000000E+03  -0.355012693620E-06   0.000000000000E+00   0.581250000000E+03  -0.873687176045E-07   0.000000000000E+00
  311.   0.117187500000E+03  -0.698548826185E-06   0.000000000000E+00   0.582812500000E+03  -0.173916568056E-06   0.000000000000E+00
  312.   0.115625000000E+03  -0.343566887711E-06   0.000000000000E+00   0.584375000000E+03  -0.865661362754E-07   0.000000000000E+00
  313.   0.114062500000E+03  -0.672996227885E-06   0.000000000000E+00   0.585937500000E+03  -0.170608031957E-06   0.000000000000E+00
  314.   0.112500000000E+03  -0.329435907759E-06   0.000000000000E+00   0.587500000000E+03  -0.840427654001E-07   0.000000000000E+00
  315.   0.110937500000E+03  -0.642223265758E-06   0.000000000000E+00   0.589062500000E+03  -0.163837601489E-06   0.000000000000E+00
  316.   0.109375000000E+03  -0.312863429856E-06   0.000000000000E+00   0.590625000000E+03  -0.798416712442E-07   0.000000000000E+00
  317.   0.107812500000E+03  -0.603832426109E-06   0.000000000000E+00   0.592187500000E+03  -0.151854707379E-06   0.000000000000E+00
  318.   0.106250000000E+03  -0.291942510110E-06   0.000000000000E+00   0.593750000000E+03  -0.726101708242E-07   0.000000000000E+00
  319.   0.104687500000E+03  -0.559851697217E-06   0.000000000000E+00   0.595312500000E+03  -0.135601380891E-06   0.000000000000E+00
  320.   0.103125000000E+03  -0.265930314923E-06   0.000000000000E+00   0.596875000000E+03  -0.616811666819E-07   0.000000000000E+00
  321.   0.101562500000E+03  -0.495705010963E-06   0.000000000000E+00   0.598437500000E+03  -0.104956084549E-06   0.000000000000E+00
