i  r_top  QtopRe  QtopIm  r_bot  QbotRe  QbotIm   [mm, mC]
    1.   0.600000000000E+03  -0.465436597877E-11   0.000000000000E+00   0.100000000000E+03  -0.307111168804E-11   0.000000000000E+00
    2.   0.100000000000E+03  -0.307111167637E-11   0.000000000000E+00   0.600000000000E+03  -0.465436569101E-11   0.000000000000E+00
    3.   0.598437500000E+03  -0.164119709073E-10   0.000000000000E+00   0.101562500000E+03  -0.115116303526E-10   0.000000000000E+00
    4.   0.596875000000E+03  -0.690231660934E-11   0.000000000000E+00   0.103125000000E+03  -0.510097255762E-11   0.000000000000E+00
    5.   0.595312500000E+03  -0.135502391495E-10   0.000000000000E+00   0.104687500000E+03  -0.104931853425E-10   0.000000000000E+00
    6.   0.593750000000E+03  -0.629398536735E-11   0.000000000000E+00   0.106250000000E+03  -0.510212904347E-11   0.000000000000E+00
    7.   0.592187500000E+03  -0.134965244904E-10   0.000000000000E+00   0.107812500000E+03  -0.113564061418E-10   0.000000000000E+00
    8.   0.590625000000E+03  -0.676021974839E-11   0.000000000000E+00   0.109375000000E+03  -0.588512405020E-11   0.000000000000E+00
    9.   0.589062500000E+03  -0.142901347587E-10   0.000000000000E+00   0.110937500000E+03  -0.127294704483E-10   0.000000000000E+00
   10.   0.587500000000E+03  -0.714857754890E-11   0.000000000000E+00   0.112500000000E+03  -0.652764054677E-11   0.000000000000E+00
   11.   0.585937500000E+03  -0.147988094741E-10   0.000000000000E+00   0.114062500000E+03  -0.137281631896E-10   0.000000000000E+00
   12.   0.584375000000E+03  -0.729933053742E-11   0.000000000000E+00   0.115625000000E+03  -0.691139470756E-11   0.000000000000E+00
   13.   0.582812500000E+03  -0.149117382391E-10   0.000000000000E+00   0.117187500000E+03  -0.142908024100E-10   0.000000000000E+00
   14.   0.581250000000E+03  -0.727734031340E-11   0.000000000000E+00   0.118750000000E+03  -0.710558335854E-11   0.000000000000E+00
   15.   0.579687500000E+03  -0.148056647052E-10   0.000000000000E+00   0.120312500000E+03  -0.145973943586E-10   0.000000000000E+00
   16.   0.578125000000E+03  -0.719558387387E-11   0.000000000000E+00   0.121875000000E+03  -0.722137626695E-11   0.000000000000E+00
   17.   0.576562500000E+03  -0.146367896303E-10   0.000000000000E+00   0.123437500000E+03  -0.148064297464E-10   0.000000000000E+00
   18.   0.575000000000E+03  -0.710794971529E-11   0.000000000000E+00   0.125000000000E+03  -0.731543171287E-11   0.000000000000E+00
   19.   0.573437500000E+03  -0.144693923125E-10   0.000000000000E+00   0.126562500000E+03  -0.149891555868E-10   0.000000000000E+00
   20.   0.571875000000E+03  -0.702811993301E-11   0.000000000000E+00   0.128125000000E+03  -0.740531733748E-11   0.000000000000E+00
   21.   0.570312500000E+03  -0.143144501775E-10   0.000000000000E+00   0.129687500000E+03  -0.151634689949E-10   0.000000000000E+00
   22.   0.568750000000E+03  -0.695399680157E-11   0.000000000000E+00   0.131250000000E+03  -0.749194718819E-11   0.000000000000E+00
   23.   0.567187500000E+03  -0.141669682232E-10   0.000000000000E+00   0.132812500000E+03  -0.153291192233E-10   0.000000000000E+00
   24.   0.565625000000E+03  -0.688209688936E-11   0.000000000000E+00   0.134375000000E+03  -0.757362079090E-11   0.000000000000E+00
   25.   0.564062500000E+03  -0.140221512333E-10   0.000000000000E+00   0.135937500000E+03  -0.154840515988E-10   0.000000000000E+00
   26.   0.562500000000E+03  -0.681073366108E-11   0.000000000000E+00   0.137500000000E+03  -0.764963742887E-11   0.000000000000E+00
   27.   0.560937500000E+03  -0.138781276761E-10   0.000000000000E+00   0.139062500000E+03  -0.156279140089E-10   0.000000000000E+00
   28.   0.559375000000E+03  -0.673958112071E-11   0.000000000000E+00   0.140625000000E+03  -0.772022021754E-11   0.000000000000E+00
   29.   0.557812500000E+03  -0.137347147576E-10   0.000000000000E+00   0.142187500000E+03  -0.157613901687E-10   0.000000000000E+00
   30.   0.556250000000E+03  -0.666877278112E-11   0.000000000000E+00   0.143750000000E+03  -0.778582645553E-11   0.000000000000E+00
   31.   0.554687500000E+03  -0.135921909194E-10   0.000000000000E+00   0.145312500000E+03  -0.158852684444E-10   0.000000000000E+00
   32.   0.553125000000E+03  -0.659847095907E-11   0.000000000000E+00   0.146875000000E+03  -0.784681155282E-11   0.000000000000E+00
   33.   0.551562500000E+03  -0.134507975894E-10   0.000000000000E+00   0.148437500000E+03  -0.160000861792E-10   0.000000000000E+00
   34.   0.550000000000E+03  -0.652876575139E-11   0.000000000000E+00   0.150000000000E+03  -0.790337778473E-11   0.000000000000E+00
   35.   0.548437500000E+03  -0.133106659801E-10   0.000000000000E+00   0.151562500000E+03  -0.161061364580E-10   0.000000000000E+00
   36.   0.546875000000E+03  -0.645970121231E-11   0.000000000000E+00   0.153125000000E+03  -0.795562638658E-11   0.000000000000E+00
   37.   0.545312500000E+03  -0.131718682303E-10   0.000000000000E+00   0.154687500000E+03  -0.162035705518E-10   0.000000000000E+00
   38.   0.543750000000E+03  -0.639130438984E-11   0.000000000000E+00   0.156250000000E+03  -0.800361335169E-11   0.000000000000E+00
   39.   0.542187500000E+03  -0.130344616687E-10   0.000000000000E+00   0.157812500000E+03  -0.162924748782E-10   0.000000000000E+00
   40.   0.540625000000E+03  -0.632360299308E-11   0.000000000000E+00   0.159375000000E+03  -0.804737512713E-11   0.000000000000E+00
   41.   0.539062500000E+03  -0.128985059799E-10   0.000000000000E+00   0.160937500000E+03  -0.163729101133E-10   0.000000000000E+00
   42.   0.537500000000E+03  -0.625662642146E-11   0.000000000000E+00   0.162500000000E+03  -0.808693950996E-11   0.000000000000E+00
   43.   0.535937500000E+03  -0.127640663195E-10   0.000000000000E+00   0.164062500000E+03  -0.164449263243E-10   0.000000000000E+00
   44.   0.534375000000E+03  -0.619040911582E-11   0.000000000000E+00   0.165625000000E+03  -0.812233113735E-11   0.000000000000E+00
   45.   0.532812500000E+03  -0.126312121585E-10   0.000000000000E+00   0.167187500000E+03  -0.165085707909E-10   0.000000000000E+00
   46.   0.531250000000E+03  -0.612498467535E-11   0.000000000000E+00   0.168750000000E+03  -0.815357693947E-11   0.000000000000E+00
   47.   0.529687500000E+03  -0.125000152944E-10   0.000000000000E+00   0.170312500000E+03  -0.165638907519E-10   0.000000000000E+00
   48.   0.528125000000E+03  -0.606038890736E-11   0.000000000000E+00   0.171875000000E+03  -0.818070212691E-11   0.000000000000E+00
   49.   0.526562500000E+03  -0.123705503910E-10   0.000000000000E+00   0.173437500000E+03  -0.166109335691E-10   0.000000000000E+00
   50.   0.525000000000E+03  -0.599665824192E-11   0.000000000000E+00   0.175000000000E+03  -0.820373098870E-11   0.000000000000E+00
   51.   0.523437500000E+03  -0.122428933287E-10   0.000000000000E+00   0.176562500000E+03  -0.166497509009E-10   0.000000000000E+00
   52.   0.521875000000E+03  -0.593383104751E-11   0.000000000000E+00   0.178125000000E+03  -0.822269410061E-11   0.000000000000E+00
   53.   0.520312500000E+03  -0.121171235482E-10   0.000000000000E+00   0.179687500000E+03  -0.166803999747E-10   0.000000000000E+00
   54.   0.518750000000E+03  -0.587194572517E-11   0.000000000000E+00   0.181250000000E+03  -0.823762056451E-11   0.000000000000E+00
   55.   0.517187500000E+03  -0.119933222010E-10   0.000000000000E+00   0.182812500000E+03  -0.167029437958E-10   0.000000000000E+00
   56.   0.515625000000E+03  -0.581104280423E-11   0.000000000000E+00   0.184375000000E+03  -0.824854524003E-11   0.000000000000E+00
   57.   0.514062500000E+03  -0.118715718819E-10   0.000000000000E+00   0.185937500000E+03  -0.167174523838E-10   0.000000000000E+00
   58.   0.512500000000E+03  -0.575116185110E-11   0.000000000000E+00   0.187500000000E+03  -0.825550466527E-11   0.000000000000E+00
   59.   0.510937500000E+03  -0.117519578528E-10   0.000000000000E+00   0.189062500000E+03  -0.167240012346E-10   0.000000000000E+00
   60.   0.509375000000E+03  -0.569234646150E-11   0.000000000000E+00   0.190625000000E+03  -0.825853985968E-11   0.000000000000E+00
   61.   0.507812500000E+03  -0.116345681166E-10   0.000000000000E+00   0.192187500000E+03  -0.167226738878E-10   0.000000000000E+00
   62.   0.506250000000E+03  -0.563463950812E-11   0.000000000000E+00   0.193750000000E+03  -0.825769465946E-11   0.000000000000E+00
   63.   0.504687500000E+03  -0.115194921576E-10   0.000000000000E+00   0.195312500000E+03  -0.167135607022E-10   0.000000000000E+00
   64.   0.503125000000E+03  -0.557808444877E-11   0.000000000000E+00   0.196875000000E+03  -0.825301513833E-11   0.000000000000E+00
   65.   0.501562500000E+03  -0.114068204769E-10   0.000000000000E+00   0.198437500000E+03  -0.166967602059E-10   0.000000000000E+00
   66.   0.500000000000E+03  -0.552272544299E-11   0.000000000000E+00   0.200000000000E+03  -0.824455297923E-11   0.000000000000E+00
   67.   0.498437500000E+03  -0.112966462877E-10   0.000000000000E+00   0.201562500000E+03  -0.166723769121E-10   0.000000000000E+00
   68.   0.496875000000E+03  -0.546860898918E-11   0.000000000000E+00   0.203125000000E+03  -0.823236269425E-11   0.000000000000E+00
   69.   0.495312500000E+03  -0.111890643213E-10   0.000000000000E+00   0.204687500000E+03  -0.166405247601E-10   0.000000000000E+00
   70.   0.493750000000E+03  -0.541578086921E-11   0.000000000000E+00   0.206250000000E+03  -0.821650303591E-11   0.000000000000E+00
   71.   0.492187500000E+03  -0.110841709509E-10   0.000000000000E+00   0.207812500000E+03  -0.166013248485E-10   0.000000000000E+00
   72.   0.490625000000E+03  -0.536428944441E-11   0.000000000000E+00   0.209375000000E+03  -0.819703657222E-11   0.000000000000E+00
   73.   0.489062500000E+03  -0.109820641275E-10   0.000000000000E+00   0.210937500000E+03  -0.165549069111E-10   0.000000000000E+00
   74.   0.487500000000E+03  -0.531418126009E-11   0.000000000000E+00   0.212500000000E+03  -0.817402895437E-11   0.000000000000E+00
   75.   0.485937500000E+03  -0.108828429233E-10   0.000000000000E+00   0.214062500000E+03  -0.165014077348E-10   0.000000000000E+00
   76.   0.484375000000E+03  -0.526550554702E-11   0.000000000000E+00   0.215625000000E+03  -0.814755003595E-11   0.000000000000E+00
   77.   0.482812500000E+03  -0.107866079535E-10   0.000000000000E+00   0.217187500000E+03  -0.164409732124E-10   0.000000000000E+00
   78.   0.481250000000E+03  -0.521831141333E-11   0.000000000000E+00   0.218750000000E+03  -0.811767376283E-11   0.000000000000E+00
   79.   0.479687500000E+03  -0.106934614654E-10   0.000000000000E+00   0.220312500000E+03  -0.163737567652E-10   0.000000000000E+00
   80.   0.478125000000E+03  -0.517264879411E-11   0.000000000000E+00   0.221875000000E+03  -0.808447889981E-11   0.000000000000E+00
   81.   0.476562500000E+03  -0.106035066721E-10   0.000000000000E+00   0.223437500000E+03  -0.162999208447E-10   0.000000000000E+00
   82.   0.475000000000E+03  -0.512856797065E-11   0.000000000000E+00   0.225000000000E+03  -0.804804690038E-11   0.000000000000E+00
   83.   0.473437500000E+03  -0.105168480355E-10   0.000000000000E+00   0.226562500000E+03  -0.162196358512E-10   0.000000000000E+00
   84.   0.471875000000E+03  -0.508612018613E-11   0.000000000000E+00   0.228125000000E+03  -0.800846609266E-11   0.000000000000E+00
   85.   0.470312500000E+03  -0.104335912192E-10   0.000000000000E+00   0.229687500000E+03  -0.161330807479E-10   0.000000000000E+00
   86.   0.468750000000E+03  -0.504535690474E-11   0.000000000000E+00   0.231250000000E+03  -0.796582433137E-11   0.000000000000E+00
   87.   0.467187500000E+03  -0.103538431574E-10   0.000000000000E+00   0.232812500000E+03  -0.160404434003E-10   0.000000000000E+00
   88.   0.465625000000E+03  -0.500633003031E-11   0.000000000000E+00   0.234375000000E+03  -0.792021753355E-11   0.000000000000E+00
   89.   0.464062500000E+03  -0.102777126099E-10   0.000000000000E+00   0.235937500000E+03  -0.159419215707E-10   0.000000000000E+00
   90.   0.462500000000E+03  -0.496909328171E-11   0.000000000000E+00   0.237500000000E+03  -0.787174608829E-11   0.000000000000E+00
   91.   0.460937500000E+03  -0.102053099139E-10   0.000000000000E+00   0.239062500000E+03  -0.158377208702E-10   0.000000000000E+00
   92.   0.459375000000E+03  -0.493370044597E-11   0.000000000000E+00   0.240625000000E+03  -0.782051218407E-11   0.000000000000E+00
   93.   0.457812500000E+03  -0.101367481867E-10   0.000000000000E+00   0.242187500000E+03  -0.157280577065E-10   0.000000000000E+00
   94.   0.456250000000E+03  -0.490020714875E-11   0.000000000000E+00   0.243750000000E+03  -0.776662664280E-11   0.000000000000E+00
   95.   0.454687500000E+03  -0.100721447958E-10   0.000000000000E+00   0.245312500000E+03  -0.156131603618E-10   0.000000000000E+00
   96.   0.453125000000E+03  -0.486867177428E-11   0.000000000000E+00   0.246875000000E+03  -0.771020411476E-11   0.000000000000E+00
   97.   0.451562500000E+03  -0.100116221717E-10   0.000000000000E+00   0.248437500000E+03  -0.154932694210E-10   0.000000000000E+00
   98.   0.450000000000E+03  -0.483915562566E-11   0.000000000000E+00   0.250000000000E+03  -0.765136659871E-11   0.000000000000E+00
   99.   0.448437500000E+03  -0.995531260130E-11   0.000000000000E+00   0.251562500000E+03  -0.153686409747E-10   0.000000000000E+00
  100.   0.446875000000E+03  -0.481172520866E-11   0.000000000000E+00   0.253125000000E+03  -0.759024457631E-11   0.000000000000E+00
  101.   0.445312500000E+03  -0.990336329425E-11   0.000000000000E+00   0.254687500000E+03  -0.152395516979E-10   0.000000000000E+00
  102.   0.443750000000E+03  -0.478645793760E-11   0.000000000000E+00   0.256250000000E+03  -0.752697960208E-11   0.000000000000E+00
  103.   0.442187500000E+03  -0.985594745788E-11   0.000000000000E+00   0.257812500000E+03  -0.151063082524E-10   0.000000000000E+00
  104.   0.440625000000E+03  -0.476344601171E-11   0.000000000000E+00   0.259375000000E+03  -0.746173243297E-11   0.000000000000E+00
  105.   0.439062500000E+03  -0.981327937145E-11   0.000000000000E+00   0.260937500000E+03  -0.149692588072E-10   0.000000000000E+00
  106.   0.437500000000E+03  -0.474280799098E-11   0.000000000000E+00   0.262500000000E+03  -0.739468654424E-11   0.000000000000E+00
  107.   0.435937500000E+03  -0.977564240584E-11   0.000000000000E+00   0.264062500000E+03  -0.148288175870E-10   0.000000000000E+00
  108.   0.434375000000E+03  -0.472470444189E-11   0.000000000000E+00   0.265625000000E+03  -0.732606748161E-11   0.000000000000E+00
  109.   0.432812500000E+03  -0.974343527461E-11   0.000000000000E+00   0.267187500000E+03  -0.146855036517E-10   0.000000000000E+00
  110.   0.431250000000E+03  -0.470936919096E-11   0.000000000000E+00   0.268750000000E+03  -0.725616344518E-11   0.000000000000E+00
  111.   0.429687500000E+03  -0.971724895772E-11   0.000000000000E+00   0.270312500000E+03  -0.145400053979E-10   0.000000000000E+00
  112.   0.428125000000E+03  -0.469715500678E-11   0.000000000000E+00   0.271875000000E+03  -0.718536953965E-11   0.000000000000E+00
  113.   0.426562500000E+03  -0.969799484958E-11   0.000000000000E+00   0.273437500000E+03  -0.143932916434E-10   0.000000000000E+00
  114.   0.425000000000E+03  -0.468861508759E-11   0.000000000000E+00   0.275000000000E+03  -0.711425292481E-11   0.000000000000E+00
  115.   0.423437500000E+03  -0.968712216421E-11   0.000000000000E+00   0.276562500000E+03  -0.142467993286E-10   0.000000000000E+00
  116.   0.421875000000E+03  -0.468463983922E-11   0.000000000000E+00   0.278125000000E+03  -0.704367567194E-11   0.000000000000E+00
  117.   0.420312500000E+03  -0.968697589773E-11   0.000000000000E+00   0.279687500000E+03  -0.141027468669E-10   0.000000000000E+00
  118.   0.418750000000E+03  -0.468667689273E-11   0.000000000000E+00   0.281250000000E+03  -0.697498657915E-11   0.000000000000E+00
  119.   0.417187500000E+03  -0.970138435781E-11   0.000000000000E+00   0.282812500000E+03  -0.139646526502E-10   0.000000000000E+00
  120.   0.415625000000E+03  -0.469709758769E-11   0.000000000000E+00   0.284375000000E+03  -0.691034479967E-11   0.000000000000E+00
  121.   0.414062500000E+03  -0.973660837737E-11   0.000000000000E+00   0.285937500000E+03  -0.138381818222E-10   0.000000000000E+00
  122.   0.412500000000E+03  -0.471977687376E-11   0.000000000000E+00   0.287500000000E+03  -0.685324160884E-11   0.000000000000E+00
  123.   0.410937500000E+03  -0.980288725607E-11   0.000000000000E+00   0.289062500000E+03  -0.137325392371E-10   0.000000000000E+00
  124.   0.409375000000E+03  -0.476104831258E-11   0.000000000000E+00   0.290625000000E+03  -0.680936056373E-11   0.000000000000E+00
  125.   0.407812500000E+03  -0.991706112500E-11   0.000000000000E+00   0.292187500000E+03  -0.136628461795E-10   0.000000000000E+00
  126.   0.406250000000E+03  -0.483135714501E-11   0.000000000000E+00   0.293750000000E+03  -0.678808118457E-11   0.000000000000E+00
  127.   0.404687500000E+03  -0.101072677151E-10   0.000000000000E+00   0.295312500000E+03  -0.136544188902E-10   0.000000000000E+00
  128.   0.403125000000E+03  -0.494830057591E-11   0.000000000000E+00   0.296875000000E+03  -0.680525264895E-11   0.000000000000E+00
  129.   0.401562500000E+03  -0.104215731651E-10   0.000000000000E+00   0.298437500000E+03  -0.137506629095E-10   0.000000000000E+00
  130.   0.400000000000E+03  -0.514227103788E-11   0.000000000000E+00   0.300000000000E+03  -0.688835888922E-11   0.000000000000E+00
  131.   0.398437500000E+03  -0.109432778910E-10   0.000000000000E+00   0.301562500000E+03  -0.140271960847E-10   0.000000000000E+00
  132.   0.396875000000E+03  -0.546631195348E-11   0.000000000000E+00   0.303125000000E+03  -0.708564254838E-11   0.000000000000E+00
  133.   0.395312500000E+03  -0.118147471060E-10   0.000000000000E+00   0.304687500000E+03  -0.146142034458E-10   0.000000000000E+00
  134.   0.393750000000E+03  -0.601030281748E-11   0.000000000000E+00   0.306250000000E+03  -0.747952839331E-11   0.000000000000E+00
  135.   0.392187500000E+03  -0.132676808328E-10   0.000000000000E+00   0.307812500000E+03  -0.157256711834E-10   0.000000000000E+00
  136.   0.390625000000E+03  -0.691688392254E-11   0.000000000000E+00   0.309375000000E+03  -0.820230428240E-11   0.000000000000E+00
  137.   0.389062500000E+03  -0.156485709064E-10   0.000000000000E+00   0.310937500000E+03  -0.176858275100E-10   0.000000000000E+00
  138.   0.387500000000E+03  -0.838859133412E-11   0.000000000000E+00   0.312500000000E+03  -0.944468764793E-11   0.000000000000E+00
  139.   0.385937500000E+03  -0.194419492739E-10   0.000000000000E+00   0.314062500000E+03  -0.209549107144E-10   0.000000000000E+00
  140.   0.384375000000E+03  -0.106984158776E-10   0.000000000000E+00   0.315625000000E+03  -0.114679595328E-10   0.000000000000E+00
  141.   0.382812500000E+03  -0.253447215202E-10   0.000000000000E+00   0.317187500000E+03  -0.262027372462E-10   0.000000000000E+00
  142.   0.381250000000E+03  -0.142448732358E-10   0.000000000000E+00   0.318750000000E+03  -0.146569234517E-10   0.000000000000E+00
  143.   0.379687500000E+03  -0.347307992364E-10   0.000000000000E+00   0.320312500000E+03  -0.347448058049E-10   0.000000000000E+00
  144.   0.378125000000E+03  -0.199665998274E-10   0.000000000000E+00   0.321875000000E+03  -0.199081475510E-10   0.000000000000E+00
  145.   0.376562500000E+03  -0.509445793788E-10   0.000000000000E+00   0.323437500000E+03  -0.497700916062E-10   0.000000000000E+00
  146.   0.375000000000E+03  -0.302973094411E-10   0.000000000000E+00   0.325000000000E+03  -0.295379689061E-10   0.000000000000E+00
  147.   0.373437500000E+03  -0.826184544644E-10   0.000000000000E+00   0.326562500000E+03  -0.795286594147E-10   0.000000000000E+00
  148.   0.371875000000E+03  -0.516384139532E-10   0.000000000000E+00   0.328125000000E+03  -0.496769966646E-10   0.000000000000E+00
  149.   0.370312500000E+03  -0.145770432420E-09   0.000000000000E+00   0.329687500000E+03  -0.139532116038E-09   0.000000000000E+00
  150.   0.368750000000E+03  -0.945363043308E-10   0.000000000000E+00   0.331250000000E+03  -0.905783095658E-10   0.000000000000E+00
  151.   0.367187500000E+03  -0.263747293041E-09   0.000000000000E+00   0.332812500000E+03  -0.252830439735E-09   0.000000000000E+00
  152.   0.365625000000E+03  -0.170925324708E-09   0.000000000000E+00   0.334375000000E+03  -0.164274549409E-09   0.000000000000E+00
  153.   0.364062500000E+03  -0.432203608200E-09   0.000000000000E+00   0.335937500000E+03  -0.416612042690E-09   0.000000000000E+00
  154.   0.362500000000E+03  -0.269563430345E-09   0.000000000000E+00   0.337500000000E+03  -0.260625047065E-09   0.000000000000E+00
  155.   0.360937500000E+03  -0.613560702127E-09   0.000000000000E+00   0.339062500000E+03  -0.595911875356E-09   0.000000000000E+00
  156.   0.359375000000E+03  -0.338969279445E-09   0.000000000000E+00   0.340625000000E+03  -0.330776215471E-09   0.000000000000E+00
  157.   0.357812500000E+03  -0.579791767323E-09   0.000000000000E+00   0.342187500000E+03  -0.567439807666E-09   0.000000000000E+00
  158.   0.356250000000E+03  -0.330923166271E-09   0.000000000000E+00   0.343750000000E+03  -0.324426601202E-09   0.000000000000E+00
  159.   0.354687500000E+03  -0.219123800149E-09   0.000000000000E+00   0.345312500000E+03  -0.218098232986E-09   0.000000000000E+00
  160.   0.353125000000E+03   0.379278946831E-09   0.000000000000E+00   0.346875000000E+03   0.373339917477E-09   0.000000000000E+00
  161.   0.351562500000E+03   0.129410414752E-08   0.000000000000E+00   0.348437500000E+03   0.129316406426E-08   0.000000000000E+00
  162.   0.350000000000E+03   0.692092332875E-08   0.000000000000E+00   0.350000000000E+03   0.692092333017E-08   0.000000000000E+00
  163.   0.348437500000E+03   0.129316406223E-08   0.000000000000E+00   0.351562500000E+03   0.129410414929E-08   0.000000000000E+00
  164.   0.346875000000E+03   0.373339916695E-09   0.000000000000E+00   0.353125000000E+03   0.379278948253E-09   0.000000000000E+00
  165.   0.345312500000E+03  -0.218098235516E-09   0.000000000000E+00   0.354687500000E+03  -0.219123798321E-09   0.000000000000E+00
  166.   0.343750000000E+03  -0.324426602360E-09   0.000000000000E+00   0.356250000000E+03  -0.330923165031E-09   0.000000000000E+00
  167.   0.342187500000E+03  -0.567439809978E-09   0.000000000000E+00   0.357812500000E+03  -0.579791765327E-09   0.000000000000E+00
  168.   0.340625000000E+03  -0.330776216787E-09   0.000000000000E+00   0.359375000000E+03  -0.338969279227E-09   0.000000000000E+00
  169.   0.339062500000E+03  -0.595911877298E-09   0.000000000000E+00   0.360937500000E+03  -0.613560700383E-09   0.000000000000E+00
  170.   0.337500000000E+03  -0.260625048009E-09   0.000000000000E+00   0.362500000000E+03  -0.269563429368E-09   0.000000000000E+00
  171.   0.335937500000E+03  -0.416612044454E-09   0.000000000000E+00   0.364062500000E+03  -0.432203606387E-09   0.000000000000E+00
  172.   0.334375000000E+03  -0.164274550595E-09   0.000000000000E+00   0.365625000000E+03  -0.170925323492E-09   0.000000000000E+00
  173.   0.332812500000E+03  -0.252830441851E-09   0.000000000000E+00   0.367187500000E+03  -0.263747290970E-09   0.000000000000E+00
  174.   0.331250000000E+03  -0.905783102445E-10   0.000000000000E+00   0.368750000000E+03  -0.945363028129E-10   0.000000000000E+00
  175.   0.329687500000E+03  -0.139532117951E-09   0.000000000000E+00   0.370312500000E+03  -0.145770430254E-09   0.000000000000E+00
  176.   0.328125000000E+03  -0.496769975597E-10   0.000000000000E+00   0.371875000000E+03  -0.516384131649E-10   0.000000000000E+00
  177.   0.326562500000E+03  -0.795286613750E-10   0.000000000000E+00   0.373437500000E+03  -0.826184527213E-10   0.000000000000E+00
  178.   0.325000000000E+03  -0.295379695276E-10   0.000000000000E+00   0.375000000000E+03  -0.302973086444E-10   0.000000000000E+00
  179.   0.323437500000E+03  -0.497700937646E-10   0.000000000000E+00   0.376562500000E+03  -0.509445778270E-10   0.000000000000E+00
  180.   0.321875000000E+03  -0.199081492636E-10   0.000000000000E+00   0.378125000000E+03  -0.199665991236E-10   0.000000000000E+00
  181.   0.320312500000E+03  -0.347448082354E-10   0.000000000000E+00   0.379687500000E+03  -0.347307978462E-10   0.000000000000E+00
  182.   0.318750000000E+03  -0.146569247159E-10   0.000000000000E+00   0.381250000000E+03  -0.142448725774E-10   0.000000000000E+00
  183.   0.317187500000E+03  -0.262027397018E-10   0.000000000000E+00   0.382812500000E+03  -0.253447198373E-10   0.000000000000E+00
  184.   0.315625000000E+03  -0.114679605870E-10   0.000000000000E+00   0.384375000000E+03  -0.106984147483E-10   0.000000000000E+00
  185.   0.314062500000E+03  -0.209549133925E-10   0.000000000000E+00   0.385937500000E+03  -0.194419473500E-10   0.000000000000E+00
  186.   0.312500000000E+03  -0.944468921059E-11   0.000000000000E+00   0.387500000000E+03  -0.838859039682E-11   0.000000000000E+00
  187.   0.310937500000E+03  -0.176858304880E-10   0.000000000000E+00   0.389062500000E+03  -0.156485691186E-10   0.000000000000E+00
  188.   0.309375000000E+03  -0.820230585495E-11   0.000000000000E+00   0.390625000000E+03  -0.691688278540E-11   0.000000000000E+00
  189.   0.307812500000E+03  -0.157256740518E-10   0.000000000000E+00   0.392187500000E+03  -0.132676787083E-10   0.000000000000E+00
  190.   0.306250000000E+03  -0.747952958839E-11   0.000000000000E+00   0.393750000000E+03  -0.601030193574E-11   0.000000000000E+00
  191.   0.304687500000E+03  -0.146142059870E-10   0.000000000000E+00   0.395312500000E+03  -0.118147448968E-10   0.000000000000E+00
  192.   0.303125000000E+03  -0.708564366294E-11   0.000000000000E+00   0.396875000000E+03  -0.546631096499E-11   0.000000000000E+00
  193.   0.301562500000E+03  -0.140271984490E-10   0.000000000000E+00   0.398437500000E+03  -0.109432754831E-10   0.000000000000E+00
  194.   0.300000000000E+03  -0.688836017538E-11   0.000000000000E+00   0.400000000000E+03  -0.514227000181E-11   0.000000000000E+00
  195.   0.298437500000E+03  -0.137506652334E-10   0.000000000000E+00   0.401562500000E+03  -0.104215704461E-10   0.000000000000E+00
  196.   0.296875000000E+03  -0.680525384363E-11   0.000000000000E+00   0.403125000000E+03  -0.494829938290E-11   0.000000000000E+00
  197.   0.295312500000E+03  -0.136544209445E-10   0.000000000000E+00   0.404687500000E+03  -0.101072652751E-10   0.000000000000E+00
  198.   0.293750000000E+03  -0.678808182379E-11   0.000000000000E+00   0.406250000000E+03  -0.483135595942E-11   0.000000000000E+00
  199.   0.292187500000E+03  -0.136628480062E-10   0.000000000000E+00   0.407812500000E+03  -0.991705929117E-11   0.000000000000E+00
  200.   0.290625000000E+03  -0.680936067487E-11   0.000000000000E+00   0.409375000000E+03  -0.476104763097E-11   0.000000000000E+00
  201.   0.289062500000E+03  -0.137325407674E-10   0.000000000000E+00   0.410937500000E+03  -0.980288531453E-11   0.000000000000E+00
  202.   0.287500000000E+03  -0.685324226056E-11   0.000000000000E+00   0.412500000000E+03  -0.471977598131E-11   0.000000000000E+00
  203.   0.285937500000E+03  -0.138381836233E-10   0.000000000000E+00   0.414062500000E+03  -0.973660654603E-11   0.000000000000E+00
  204.   0.284375000000E+03  -0.691034613084E-11   0.000000000000E+00   0.415625000000E+03  -0.469709675274E-11   0.000000000000E+00
  205.   0.282812500000E+03  -0.139646546221E-10   0.000000000000E+00   0.417187500000E+03  -0.970138290382E-11   0.000000000000E+00
  206.   0.281250000000E+03  -0.697498755319E-11   0.000000000000E+00   0.418750000000E+03  -0.468667603265E-11   0.000000000000E+00
  207.   0.279687500000E+03  -0.141027487115E-10   0.000000000000E+00   0.420312500000E+03  -0.968697412205E-11   0.000000000000E+00
  208.   0.278125000000E+03  -0.704367654753E-11   0.000000000000E+00   0.421875000000E+03  -0.468463853207E-11   0.000000000000E+00
  209.   0.276562500000E+03  -0.142468006980E-10   0.000000000000E+00   0.423437500000E+03  -0.968712052044E-11   0.000000000000E+00
  210.   0.275000000000E+03  -0.711425385207E-11   0.000000000000E+00   0.425000000000E+03  -0.468861421923E-11   0.000000000000E+00
  211.   0.273437500000E+03  -0.143932931674E-10   0.000000000000E+00   0.426562500000E+03  -0.969799344995E-11   0.000000000000E+00
  212.   0.271875000000E+03  -0.718537012414E-11   0.000000000000E+00   0.428125000000E+03  -0.469715413608E-11   0.000000000000E+00
  213.   0.270312500000E+03  -0.145400072598E-10   0.000000000000E+00   0.429687500000E+03  -0.971724743855E-11   0.000000000000E+00
  214.   0.268750000000E+03  -0.725616414108E-11   0.000000000000E+00   0.431250000000E+03  -0.470936835867E-11   0.000000000000E+00
  215.   0.267187500000E+03  -0.146855057279E-10   0.000000000000E+00   0.432812500000E+03  -0.974343363086E-11   0.000000000000E+00
  216.   0.265625000000E+03  -0.732606864651E-11   0.000000000000E+00   0.434375000000E+03  -0.472470368340E-11   0.000000000000E+00
  217.   0.264062500000E+03  -0.148288196907E-10   0.000000000000E+00   0.435937500000E+03  -0.977564046279E-11   0.000000000000E+00
  218.   0.262500000000E+03  -0.739468753573E-11   0.000000000000E+00   0.437500000000E+03  -0.474280700182E-11   0.000000000000E+00
  219.   0.260937500000E+03  -0.149692606258E-10   0.000000000000E+00   0.439062500000E+03  -0.981327769649E-11   0.000000000000E+00
  220.   0.259375000000E+03  -0.746173262054E-11   0.000000000000E+00   0.440625000000E+03  -0.476344530973E-11   0.000000000000E+00
  221.   0.257812500000E+03  -0.151063100072E-10   0.000000000000E+00   0.442187500000E+03  -0.985594587928E-11   0.000000000000E+00
  222.   0.256250000000E+03  -0.752698022298E-11   0.000000000000E+00   0.443750000000E+03  -0.478645723605E-11   0.000000000000E+00
  223.   0.254687500000E+03  -0.152395534805E-10   0.000000000000E+00   0.445312500000E+03  -0.990336184120E-11   0.000000000000E+00
  224.   0.253125000000E+03  -0.759024510299E-11   0.000000000000E+00   0.446875000000E+03  -0.481172462594E-11   0.000000000000E+00
  225.   0.251562500000E+03  -0.153686425902E-10   0.000000000000E+00   0.448437500000E+03  -0.995531119275E-11   0.000000000000E+00
  226.   0.250000000000E+03  -0.765136734486E-11   0.000000000000E+00   0.450000000000E+03  -0.483915493348E-11   0.000000000000E+00
  227.   0.248437500000E+03  -0.154932711324E-10   0.000000000000E+00   0.451562500000E+03  -0.100116211157E-10   0.000000000000E+00
  228.   0.246875000000E+03  -0.771020503662E-11   0.000000000000E+00   0.453125000000E+03  -0.486867156235E-11   0.000000000000E+00
  229.   0.245312500000E+03  -0.156131622993E-10   0.000000000000E+00   0.454687500000E+03  -0.100721437768E-10   0.000000000000E+00
  230.   0.243750000000E+03  -0.776662778385E-11   0.000000000000E+00   0.456250000000E+03  -0.490020692634E-11   0.000000000000E+00
  231.   0.242187500000E+03  -0.157280597719E-10   0.000000000000E+00   0.457812500000E+03  -0.101367471120E-10   0.000000000000E+00
  232.   0.240625000000E+03  -0.782051357264E-11   0.000000000000E+00   0.459375000000E+03  -0.493369983734E-11   0.000000000000E+00
  233.   0.239062500000E+03  -0.158377226497E-10   0.000000000000E+00   0.460937500000E+03  -0.102053084205E-10   0.000000000000E+00
  234.   0.237500000000E+03  -0.787174728380E-11   0.000000000000E+00   0.462500000000E+03  -0.496909253780E-11   0.000000000000E+00
  235.   0.235937500000E+03  -0.159419234623E-10   0.000000000000E+00   0.464062500000E+03  -0.102777109074E-10   0.000000000000E+00
  236.   0.234375000000E+03  -0.792021852060E-11   0.000000000000E+00   0.465625000000E+03  -0.500632911128E-11   0.000000000000E+00
  237.   0.232812500000E+03  -0.160404452863E-10   0.000000000000E+00   0.467187500000E+03  -0.103538413147E-10   0.000000000000E+00
  238.   0.231250000000E+03  -0.796582443416E-11   0.000000000000E+00   0.468750000000E+03  -0.504535570211E-11   0.000000000000E+00
  239.   0.229687500000E+03  -0.161330822342E-10   0.000000000000E+00   0.470312500000E+03  -0.104335893256E-10   0.000000000000E+00
  240.   0.228125000000E+03  -0.800846655503E-11   0.000000000000E+00   0.471875000000E+03  -0.508611922014E-11   0.000000000000E+00
  241.   0.226562500000E+03  -0.162196373315E-10   0.000000000000E+00   0.473437500000E+03  -0.105168461466E-10   0.000000000000E+00
  242.   0.225000000000E+03  -0.804804851900E-11   0.000000000000E+00   0.475000000000E+03  -0.512856694654E-11   0.000000000000E+00
  243.   0.223437500000E+03  -0.162999225443E-10   0.000000000000E+00   0.476562500000E+03  -0.106035047964E-10   0.000000000000E+00
  244.   0.221875000000E+03  -0.808448018725E-11   0.000000000000E+00   0.478125000000E+03  -0.517264767395E-11   0.000000000000E+00
  245.   0.220312500000E+03  -0.163737587814E-10   0.000000000000E+00   0.479687500000E+03  -0.106934597513E-10   0.000000000000E+00
  246.   0.218750000000E+03  -0.811767460675E-11   0.000000000000E+00   0.481250000000E+03  -0.521831057894E-11   0.000000000000E+00
  247.   0.217187500000E+03  -0.164409745807E-10   0.000000000000E+00   0.482812500000E+03  -0.107866063164E-10   0.000000000000E+00
  248.   0.215625000000E+03  -0.814754994784E-11   0.000000000000E+00   0.484375000000E+03  -0.526550455462E-11   0.000000000000E+00
  249.   0.214062500000E+03  -0.165014087607E-10   0.000000000000E+00   0.485937500000E+03  -0.108828408949E-10   0.000000000000E+00
  250.   0.212500000000E+03  -0.817402918101E-11   0.000000000000E+00   0.487500000000E+03  -0.531418007252E-11   0.000000000000E+00
  251.   0.210937500000E+03  -0.165549075731E-10   0.000000000000E+00   0.489062500000E+03  -0.109820619910E-10   0.000000000000E+00
  252.   0.209375000000E+03  -0.819703695980E-11   0.000000000000E+00   0.490625000000E+03  -0.536428785392E-11   0.000000000000E+00
  253.   0.207812500000E+03  -0.166013258693E-10   0.000000000000E+00   0.492187500000E+03  -0.110841690523E-10   0.000000000000E+00
  254.   0.206250000000E+03  -0.821650371921E-11   0.000000000000E+00   0.493750000000E+03  -0.541578005882E-11   0.000000000000E+00
  255.   0.204687500000E+03  -0.166405258217E-10   0.000000000000E+00   0.495312500000E+03  -0.111890624026E-10   0.000000000000E+00
  256.   0.203125000000E+03  -0.823236326134E-11   0.000000000000E+00   0.496875000000E+03  -0.546860782670E-11   0.000000000000E+00
  257.   0.201562500000E+03  -0.166723778078E-10   0.000000000000E+00   0.498437500000E+03  -0.112966444183E-10   0.000000000000E+00
  258.   0.200000000000E+03  -0.824455335925E-11   0.000000000000E+00   0.500000000000E+03  -0.552272441566E-11   0.000000000000E+00
  259.   0.198437500000E+03  -0.166967609155E-10   0.000000000000E+00   0.501562500000E+03  -0.114068186759E-10   0.000000000000E+00
  260.   0.196875000000E+03  -0.825301555506E-11   0.000000000000E+00   0.503125000000E+03  -0.557808302027E-11   0.000000000000E+00
  261.   0.195312500000E+03  -0.167135619550E-10   0.000000000000E+00   0.504687500000E+03  -0.115194906369E-10   0.000000000000E+00
  262.   0.193750000000E+03  -0.825769540175E-11   0.000000000000E+00   0.506250000000E+03  -0.563463872162E-11   0.000000000000E+00
  263.   0.192187500000E+03  -0.167226750336E-10   0.000000000000E+00   0.507812500000E+03  -0.116345671169E-10   0.000000000000E+00
  264.   0.190625000000E+03  -0.825854015371E-11   0.000000000000E+00   0.509375000000E+03  -0.569234645760E-11   0.000000000000E+00
  265.   0.189062500000E+03  -0.167240025486E-10   0.000000000000E+00   0.510937500000E+03  -0.117519568716E-10   0.000000000000E+00
  266.   0.187500000000E+03  -0.825550561122E-11   0.000000000000E+00   0.512500000000E+03  -0.575116186330E-11   0.000000000000E+00
  267.   0.185937500000E+03  -0.167174539110E-10   0.000000000000E+00   0.514062500000E+03  -0.118715707264E-10   0.000000000000E+00
  268.   0.184375000000E+03  -0.824854595502E-11   0.000000000000E+00   0.515625000000E+03  -0.581104236032E-11   0.000000000000E+00
  269.   0.182812500000E+03  -0.167029454884E-10   0.000000000000E+00   0.517187500000E+03  -0.119933213542E-10   0.000000000000E+00
  270.   0.181250000000E+03  -0.823762148507E-11   0.000000000000E+00   0.518750000000E+03  -0.587194567554E-11   0.000000000000E+00
  271.   0.179687500000E+03  -0.166804013295E-10   0.000000000000E+00   0.520312500000E+03  -0.121171233722E-10   0.000000000000E+00
  272.   0.178125000000E+03  -0.822269494302E-11   0.000000000000E+00   0.521875000000E+03  -0.593383085043E-11   0.000000000000E+00
  273.   0.176562500000E+03  -0.166497516313E-10   0.000000000000E+00   0.523437500000E+03  -0.122428929888E-10   0.000000000000E+00
  274.   0.175000000000E+03  -0.820373149108E-11   0.000000000000E+00   0.525000000000E+03  -0.599665790975E-11   0.000000000000E+00
  275.   0.173437500000E+03  -0.166109339109E-10   0.000000000000E+00   0.526562500000E+03  -0.123705493835E-10   0.000000000000E+00
  276.   0.171875000000E+03  -0.818070175319E-11   0.000000000000E+00   0.528125000000E+03  -0.606038871629E-11   0.000000000000E+00
  277.   0.170312500000E+03  -0.165638911695E-10   0.000000000000E+00   0.529687500000E+03  -0.125000140195E-10   0.000000000000E+00
  278.   0.168750000000E+03  -0.815357730532E-11   0.000000000000E+00   0.531250000000E+03  -0.612498397564E-11   0.000000000000E+00
  279.   0.167187500000E+03  -0.165085716173E-10   0.000000000000E+00   0.532812500000E+03  -0.126312105023E-10   0.000000000000E+00
  280.   0.165625000000E+03  -0.812233175006E-11   0.000000000000E+00   0.534375000000E+03  -0.619040811720E-11   0.000000000000E+00
  281.   0.164062500000E+03  -0.164449269286E-10   0.000000000000E+00   0.535937500000E+03  -0.127640642269E-10   0.000000000000E+00
  282.   0.162500000000E+03  -0.808693864868E-11   0.000000000000E+00   0.537500000000E+03  -0.625662552399E-11   0.000000000000E+00
  283.   0.160937500000E+03  -0.163729106015E-10   0.000000000000E+00   0.539062500000E+03  -0.128985036040E-10   0.000000000000E+00
  284.   0.159375000000E+03  -0.804737529560E-11   0.000000000000E+00   0.540625000000E+03  -0.632360154288E-11   0.000000000000E+00
  285.   0.157812500000E+03  -0.162924752901E-10   0.000000000000E+00   0.542187500000E+03  -0.130344595607E-10   0.000000000000E+00
  286.   0.156250000000E+03  -0.800361436807E-11   0.000000000000E+00   0.543750000000E+03  -0.639130327926E-11   0.000000000000E+00
  287.   0.154687500000E+03  -0.162035713269E-10   0.000000000000E+00   0.545312500000E+03  -0.131718660011E-10   0.000000000000E+00
  288.   0.153125000000E+03  -0.795562803857E-11   0.000000000000E+00   0.546875000000E+03  -0.645969941892E-11   0.000000000000E+00
  289.   0.151562500000E+03  -0.161061372229E-10   0.000000000000E+00   0.548437500000E+03  -0.133106638659E-10   0.000000000000E+00
  290.   0.150000000000E+03  -0.790337771525E-11   0.000000000000E+00   0.550000000000E+03  -0.652876478283E-11   0.000000000000E+00
  291.   0.148437500000E+03  -0.160000865286E-10   0.000000000000E+00   0.551562500000E+03  -0.134507958513E-10   0.000000000000E+00
  292.   0.146875000000E+03  -0.784681193414E-11   0.000000000000E+00   0.553125000000E+03  -0.659846998112E-11   0.000000000000E+00
  293.   0.145312500000E+03  -0.158852686371E-10   0.000000000000E+00   0.554687500000E+03  -0.135921896074E-10   0.000000000000E+00
  294.   0.143750000000E+03  -0.778582609275E-11   0.000000000000E+00   0.556250000000E+03  -0.666877190368E-11   0.000000000000E+00
  295.   0.142187500000E+03  -0.157613905681E-10   0.000000000000E+00   0.557812500000E+03  -0.137347136947E-10   0.000000000000E+00
  296.   0.140625000000E+03  -0.772022029421E-11   0.000000000000E+00   0.559375000000E+03  -0.673958008456E-11   0.000000000000E+00
  297.   0.139062500000E+03  -0.156279146996E-10   0.000000000000E+00   0.560937500000E+03  -0.138781270502E-10   0.000000000000E+00
  298.   0.137500000000E+03  -0.764963797985E-11   0.000000000000E+00   0.562500000000E+03  -0.681073339720E-11   0.000000000000E+00
  299.   0.135937500000E+03  -0.154840524007E-10   0.000000000000E+00   0.564062500000E+03  -0.140221506020E-10   0.000000000000E+00
  300.   0.134375000000E+03  -0.757362102271E-11   0.000000000000E+00   0.565625000000E+03  -0.688209681185E-11   0.000000000000E+00
  301.   0.132812500000E+03  -0.153291197953E-10   0.000000000000E+00   0.567187500000E+03  -0.141669675744E-10   0.000000000000E+00
  302.   0.131250000000E+03  -0.749194706573E-11   0.000000000000E+00   0.568750000000E+03  -0.695399730070E-11   0.000000000000E+00
  303.   0.129687500000E+03  -0.151634695987E-10   0.000000000000E+00   0.570312500000E+03  -0.143144495411E-10   0.000000000000E+00
  304.   0.128125000000E+03  -0.740531799317E-11   0.000000000000E+00   0.571875000000E+03  -0.702811972673E-11   0.000000000000E+00
  305.   0.126562500000E+03  -0.149891559632E-10   0.000000000000E+00   0.573437500000E+03  -0.144693916800E-10   0.000000000000E+00
  306.   0.125000000000E+03  -0.731543197756E-11   0.000000000000E+00   0.575000000000E+03  -0.710794903532E-11   0.000000000000E+00
  307.   0.123437500000E+03  -0.148064302625E-10   0.000000000000E+00   0.576562500000E+03  -0.146367887819E-10   0.000000000000E+00
  308.   0.121875000000E+03  -0.722137645951E-11   0.000000000000E+00   0.578125000000E+03  -0.719558371949E-11   0.000000000000E+00
  309.   0.120312500000E+03  -0.145973948774E-10   0.000000000000E+00   0.579687500000E+03  -0.148056632368E-10   0.000000000000E+00
  310.   0.118750000000E+03  -0.710558352467E-11   0.000000000000E+00   0.581250000000E+03  -0.727733923736E-11   0.000000000000E+00
  311.   0.117187500000E+03  -0.142908030276E-10   0.000000000000E+00   0.582812500000E+03  -0.149117364959E-10   0.000000000000E+00
  312.   0.115625000000E+03  -0.691139475988E-11   0.000000000000E+00   0.584375000000E+03  -0.729932929242E-11   0.000000000000E+00
  313.   0.114062500000E+03  -0.137281638723E-10   0.000000000000E+00   0.585937500000E+03  -0.147988076866E-10   0.000000000000E+00
  314.   0.112500000000E+03  -0.652764056104E-11   0.000000000000E+00   0.587500000000E+03  -0.714857660891E-11   0.000000000000E+00
  315.   0.110937500000E+03  -0.127294707897E-10   0.000000000000E+00   0.589062500000E+03  -0.142901331468E-10   0.000000000000E+00
  316.   0.109375000000E+03  -0.588512404069E-11   0.000000000000E+00   0.590625000000E+03  -0.676021932953E-11   0.000000000000E+00
  317.   0.107812500000E+03  -0.113564060042E-10   0.000000000000E+00   0.592187500000E+03  -0.134965230966E-10   0.000000000000E+00
  318.   0.106250000000E+03  -0.510212889106E-11   0.000000000000E+00   0.593750000000E+03  -0.629398452274E-11   0.000000000000E+00
  319.   0.104687500000E+03  -0.104931850389E-10   0.000000000000E+00   0.595312500000E+03  -0.135502376741E-10   0.000000000000E+00
  320.   0.103125000000E+03  -0.510097249384E-11   0.000000000000E+00   0.596875000000E+03  -0.690231578910E-11   0.000000000000E+00
  321.   0.101562500000E+03  -0.115116300952E-10   0.000000000000E+00   0.598437500000E+03  -0.164119692798E-10   0.000000000000E+00
