i  r_top  QtopRe  QtopIm  r_bot  QbotRe  QbotIm   [mm, mC]
    1.   0.600000000000E+03  -0.139130015514E-09   0.000000000000E+00   0.100000000000E+03  -0.115558854823E-09   0.000000000000E+00
    2.   0.100000000000E+03  -0.115558855044E-09   0.000000000000E+00   0.600000000000E+03  -0.139130015372E-09   0.000000000000E+00
    3.   0.598437500000E+03  -0.552588510306E-09   0.000000000000E+00   0.101562500000E+03  -0.467981988615E-09   0.000000000000E+00
    4.   0.596875000000E+03  -0.276240209041E-09   0.000000000000E+00   0.103125000000E+03  -0.238286334958E-09   0.000000000000E+00
    5.   0.595312500000E+03  -0.551603428548E-09   0.000000000000E+00   0.104687500000E+03  -0.483764707888E-09   0.000000000000E+00
    6.   0.593750000000E+03  -0.273632366950E-09   0.000000000000E+00   0.106250000000E+03  -0.243935064703E-09   0.000000000000E+00
    7.   0.592187500000E+03  -0.547028758441E-09   0.000000000000E+00   0.107812500000E+03  -0.494911888419E-09   0.000000000000E+00
    8.   0.590625000000E+03  -0.272046516510E-09   0.000000000000E+00   0.109375000000E+03  -0.249823336871E-09   0.000000000000E+00
    9.   0.589062500000E+03  -0.542289600743E-09   0.000000000000E+00   0.110937500000E+03  -0.504867893685E-09   0.000000000000E+00
   10.   0.587500000000E+03  -0.269633481343E-09   0.000000000000E+00   0.112500000000E+03  -0.254539356417E-09   0.000000000000E+00
   11.   0.585937500000E+03  -0.537269899211E-09   0.000000000000E+00   0.114062500000E+03  -0.513784592310E-09   0.000000000000E+00
   12.   0.584375000000E+03  -0.267140019579E-09   0.000000000000E+00   0.115625000000E+03  -0.258839767969E-09   0.000000000000E+00
   13.   0.582812500000E+03  -0.532119203150E-09   0.000000000000E+00   0.117187500000E+03  -0.521957723002E-09   0.000000000000E+00
   14.   0.581250000000E+03  -0.264533355002E-09   0.000000000000E+00   0.118750000000E+03  -0.262757117331E-09   0.000000000000E+00
   15.   0.579687500000E+03  -0.526863201997E-09   0.000000000000E+00   0.120312500000E+03  -0.529512123503E-09   0.000000000000E+00
   16.   0.578125000000E+03  -0.261888187018E-09   0.000000000000E+00   0.121875000000E+03  -0.266398402691E-09   0.000000000000E+00
   17.   0.576562500000E+03  -0.521547827424E-09   0.000000000000E+00   0.123437500000E+03  -0.536554923266E-09   0.000000000000E+00
   18.   0.575000000000E+03  -0.259219292883E-09   0.000000000000E+00   0.125000000000E+03  -0.269802180622E-09   0.000000000000E+00
   19.   0.573437500000E+03  -0.516200728494E-09   0.000000000000E+00   0.126562500000E+03  -0.543152906457E-09   0.000000000000E+00
   20.   0.571875000000E+03  -0.256541574844E-09   0.000000000000E+00   0.128125000000E+03  -0.272998190000E-09   0.000000000000E+00
   21.   0.570312500000E+03  -0.510843282788E-09   0.000000000000E+00   0.129687500000E+03  -0.549352029273E-09   0.000000000000E+00
   22.   0.568750000000E+03  -0.253863161483E-09   0.000000000000E+00   0.131250000000E+03  -0.276004005604E-09   0.000000000000E+00
   23.   0.567187500000E+03  -0.505489924778E-09   0.000000000000E+00   0.132812500000E+03  -0.555181987386E-09   0.000000000000E+00
   24.   0.565625000000E+03  -0.251189925150E-09   0.000000000000E+00   0.134375000000E+03  -0.278831282781E-09   0.000000000000E+00
   25.   0.564062500000E+03  -0.500150776949E-09   0.000000000000E+00   0.135937500000E+03  -0.560662091679E-09   0.000000000000E+00
   26.   0.562500000000E+03  -0.248525906583E-09   0.000000000000E+00   0.137500000000E+03  -0.281487461878E-09   0.000000000000E+00
   27.   0.560937500000E+03  -0.494832970425E-09   0.000000000000E+00   0.139062500000E+03  -0.565804705289E-09   0.000000000000E+00
   28.   0.559375000000E+03  -0.245874061874E-09   0.000000000000E+00   0.140625000000E+03  -0.283977338060E-09   0.000000000000E+00
   29.   0.557812500000E+03  -0.489541760730E-09   0.000000000000E+00   0.142187500000E+03  -0.570617738482E-09   0.000000000000E+00
   30.   0.556250000000E+03  -0.243236637469E-09   0.000000000000E+00   0.143750000000E+03  -0.286303983893E-09   0.000000000000E+00
   31.   0.554687500000E+03  -0.484281230829E-09   0.000000000000E+00   0.145312500000E+03  -0.575106259184E-09   0.000000000000E+00
   32.   0.553125000000E+03  -0.240615451205E-09   0.000000000000E+00   0.146875000000E+03  -0.288469385099E-09   0.000000000000E+00
   33.   0.551562500000E+03  -0.479054758304E-09   0.000000000000E+00   0.148437500000E+03  -0.579273560983E-09   0.000000000000E+00
   34.   0.550000000000E+03  -0.238012057892E-09   0.000000000000E+00   0.150000000000E+03  -0.290474854124E-09   0.000000000000E+00
   35.   0.548437500000E+03  -0.473865312542E-09   0.000000000000E+00   0.151562500000E+03  -0.583121858214E-09   0.000000000000E+00
   36.   0.546875000000E+03  -0.235427867868E-09   0.000000000000E+00   0.153125000000E+03  -0.292321296599E-09   0.000000000000E+00
   37.   0.545312500000E+03  -0.468715641128E-09   0.000000000000E+00   0.154687500000E+03  -0.586652735896E-09   0.000000000000E+00
   38.   0.543750000000E+03  -0.232864215703E-09   0.000000000000E+00   0.156250000000E+03  -0.294009399530E-09   0.000000000000E+00
   39.   0.542187500000E+03  -0.463608388685E-09   0.000000000000E+00   0.157812500000E+03  -0.589867448549E-09   0.000000000000E+00
   40.   0.540625000000E+03  -0.230322408258E-09   0.000000000000E+00   0.159375000000E+03  -0.295539738959E-09   0.000000000000E+00
   41.   0.539062500000E+03  -0.458546169336E-09   0.000000000000E+00   0.160937500000E+03  -0.592767112934E-09   0.000000000000E+00
   42.   0.537500000000E+03  -0.227803751606E-09   0.000000000000E+00   0.162500000000E+03  -0.296912859942E-09   0.000000000000E+00
   43.   0.535937500000E+03  -0.453531613112E-09   0.000000000000E+00   0.164062500000E+03  -0.595352835868E-09   0.000000000000E+00
   44.   0.534375000000E+03  -0.225309567033E-09   0.000000000000E+00   0.165625000000E+03  -0.298129328039E-09   0.000000000000E+00
   45.   0.532812500000E+03  -0.448567393474E-09   0.000000000000E+00   0.167187500000E+03  -0.597625798402E-09   0.000000000000E+00
   46.   0.531250000000E+03  -0.222841204698E-09   0.000000000000E+00   0.168750000000E+03  -0.299189763361E-09   0.000000000000E+00
   47.   0.529687500000E+03  -0.443656245010E-09   0.000000000000E+00   0.170312500000E+03  -0.599587312929E-09   0.000000000000E+00
   48.   0.528125000000E+03  -0.220400045657E-09   0.000000000000E+00   0.171875000000E+03  -0.300094863208E-09   0.000000000000E+00
   49.   0.526562500000E+03  -0.438800970643E-09   0.000000000000E+00   0.173437500000E+03  -0.601238865816E-09   0.000000000000E+00
   50.   0.525000000000E+03  -0.217987509400E-09   0.000000000000E+00   0.175000000000E+03  -0.300845420999E-09   0.000000000000E+00
   51.   0.523437500000E+03  -0.434004446499E-09   0.000000000000E+00   0.176562500000E+03  -0.602582142696E-09   0.000000000000E+00
   52.   0.521875000000E+03  -0.215605050563E-09   0.000000000000E+00   0.178125000000E+03  -0.301442335319E-09   0.000000000000E+00
   53.   0.520312500000E+03  -0.429269625641E-09   0.000000000000E+00   0.179687500000E+03  -0.603619050010E-09   0.000000000000E+00
   54.   0.518750000000E+03  -0.213254162917E-09   0.000000000000E+00   0.181250000000E+03  -0.301886612955E-09   0.000000000000E+00
   55.   0.517187500000E+03  -0.424599535895E-09   0.000000000000E+00   0.182812500000E+03  -0.604351727628E-09   0.000000000000E+00
   56.   0.515625000000E+03  -0.210936379094E-09   0.000000000000E+00   0.184375000000E+03  -0.302179388348E-09   0.000000000000E+00
   57.   0.514062500000E+03  -0.419997280457E-09   0.000000000000E+00   0.185937500000E+03  -0.604782562655E-09   0.000000000000E+00
   58.   0.512500000000E+03  -0.208653267047E-09   0.000000000000E+00   0.187500000000E+03  -0.302321918159E-09   0.000000000000E+00
   59.   0.510937500000E+03  -0.415466035222E-09   0.000000000000E+00   0.189062500000E+03  -0.604914195374E-09   0.000000000000E+00
   60.   0.509375000000E+03  -0.206406430417E-09   0.000000000000E+00   0.190625000000E+03  -0.302315586877E-09   0.000000000000E+00
   61.   0.507812500000E+03  -0.411009045812E-09   0.000000000000E+00   0.192187500000E+03  -0.604749528919E-09   0.000000000000E+00
   62.   0.506250000000E+03  -0.204197508288E-09   0.000000000000E+00   0.193750000000E+03  -0.302161916299E-09   0.000000000000E+00
   63.   0.504687500000E+03  -0.406629624869E-09   0.000000000000E+00   0.195312500000E+03  -0.604291736682E-09   0.000000000000E+00
   64.   0.503125000000E+03  -0.202028170755E-09   0.000000000000E+00   0.196875000000E+03  -0.301862558199E-09   0.000000000000E+00
   65.   0.501562500000E+03  -0.402331150532E-09   0.000000000000E+00   0.198437500000E+03  -0.603544265996E-09   0.000000000000E+00
   66.   0.500000000000E+03  -0.199900122667E-09   0.000000000000E+00   0.200000000000E+03  -0.301419303490E-09   0.000000000000E+00
   67.   0.498437500000E+03  -0.398117062220E-09   0.000000000000E+00   0.201562500000E+03  -0.602510840868E-09   0.000000000000E+00
   68.   0.496875000000E+03  -0.197815096259E-09   0.000000000000E+00   0.203125000000E+03  -0.300834088799E-09   0.000000000000E+00
   69.   0.495312500000E+03  -0.393990857635E-09   0.000000000000E+00   0.204687500000E+03  -0.601195470425E-09   0.000000000000E+00
   70.   0.493750000000E+03  -0.195774852202E-09   0.000000000000E+00   0.206250000000E+03  -0.300108988872E-09   0.000000000000E+00
   71.   0.492187500000E+03  -0.389956089233E-09   0.000000000000E+00   0.207812500000E+03  -0.599602450082E-09   0.000000000000E+00
   72.   0.490625000000E+03  -0.193781178462E-09   0.000000000000E+00   0.209375000000E+03  -0.299246220937E-09   0.000000000000E+00
   73.   0.489062500000E+03  -0.386016361698E-09   0.000000000000E+00   0.210937500000E+03  -0.597736365419E-09   0.000000000000E+00
   74.   0.487500000000E+03  -0.191835888102E-09   0.000000000000E+00   0.212500000000E+03  -0.298248151209E-09   0.000000000000E+00
   75.   0.485937500000E+03  -0.382175327420E-09   0.000000000000E+00   0.214062500000E+03  -0.595602095147E-09   0.000000000000E+00
   76.   0.484375000000E+03  -0.189940818422E-09   0.000000000000E+00   0.215625000000E+03  -0.297117293015E-09   0.000000000000E+00
   77.   0.482812500000E+03  -0.378436684948E-09   0.000000000000E+00   0.217187500000E+03  -0.593204815040E-09   0.000000000000E+00
   78.   0.481250000000E+03  -0.188097825593E-09   0.000000000000E+00   0.218750000000E+03  -0.295856304865E-09   0.000000000000E+00
   79.   0.479687500000E+03  -0.374804172859E-09   0.000000000000E+00   0.220312500000E+03  -0.590549997388E-09   0.000000000000E+00
   80.   0.478125000000E+03  -0.186308787736E-09   0.000000000000E+00   0.221875000000E+03  -0.294467999098E-09   0.000000000000E+00
   81.   0.476562500000E+03  -0.371281565647E-09   0.000000000000E+00   0.223437500000E+03  -0.587643415559E-09   0.000000000000E+00
   82.   0.475000000000E+03  -0.184575599077E-09   0.000000000000E+00   0.225000000000E+03  -0.292955333889E-09   0.000000000000E+00
   83.   0.473437500000E+03  -0.367872670774E-09   0.000000000000E+00   0.226562500000E+03  -0.584491140774E-09   0.000000000000E+00
   84.   0.471875000000E+03  -0.182900167719E-09   0.000000000000E+00   0.228125000000E+03  -0.291321420616E-09   0.000000000000E+00
   85.   0.470312500000E+03  -0.364581320209E-09   0.000000000000E+00   0.229687500000E+03  -0.581099546610E-09   0.000000000000E+00
   86.   0.468750000000E+03  -0.181284413942E-09   0.000000000000E+00   0.231250000000E+03  -0.289569520046E-09   0.000000000000E+00
   87.   0.467187500000E+03  -0.361411365561E-09   0.000000000000E+00   0.232812500000E+03  -0.577475306237E-09   0.000000000000E+00
   88.   0.465625000000E+03  -0.179730263896E-09   0.000000000000E+00   0.234375000000E+03  -0.287703039035E-09   0.000000000000E+00
   89.   0.464062500000E+03  -0.358366666298E-09   0.000000000000E+00   0.235937500000E+03  -0.573625385219E-09   0.000000000000E+00
   90.   0.462500000000E+03  -0.178239646031E-09   0.000000000000E+00   0.237500000000E+03  -0.285725531830E-09   0.000000000000E+00
   91.   0.460937500000E+03  -0.355451076383E-09   0.000000000000E+00   0.239062500000E+03  -0.569557039193E-09   0.000000000000E+00
   92.   0.459375000000E+03  -0.176814482471E-09   0.000000000000E+00   0.240625000000E+03  -0.283640696296E-09   0.000000000000E+00
   93.   0.457812500000E+03  -0.352668425570E-09   0.000000000000E+00   0.242187500000E+03  -0.565277800648E-09   0.000000000000E+00
   94.   0.456250000000E+03  -0.175456677462E-09   0.000000000000E+00   0.243750000000E+03  -0.281452363873E-09   0.000000000000E+00
   95.   0.454687500000E+03  -0.350022490056E-09   0.000000000000E+00   0.245312500000E+03  -0.560795457140E-09   0.000000000000E+00
   96.   0.453125000000E+03  -0.174168098794E-09   0.000000000000E+00   0.246875000000E+03  -0.279164487484E-09   0.000000000000E+00
   97.   0.451562500000E+03  -0.347516949102E-09   0.000000000000E+00   0.248437500000E+03  -0.556118022036E-09   0.000000000000E+00
   98.   0.450000000000E+03  -0.172950552379E-09   0.000000000000E+00   0.250000000000E+03  -0.276781120815E-09   0.000000000000E+00
   99.   0.448437500000E+03  -0.345155319456E-09   0.000000000000E+00   0.251562500000E+03  -0.551253684201E-09   0.000000000000E+00
  100.   0.446875000000E+03  -0.171805745363E-09   0.000000000000E+00   0.253125000000E+03  -0.274306394431E-09   0.000000000000E+00
  101.   0.445312500000E+03  -0.342940854091E-09   0.000000000000E+00   0.254687500000E+03  -0.546210727023E-09   0.000000000000E+00
  102.   0.443750000000E+03  -0.170735219777E-09   0.000000000000E+00   0.256250000000E+03  -0.271744457848E-09   0.000000000000E+00
  103.   0.442187500000E+03  -0.340876386132E-09   0.000000000000E+00   0.257812500000E+03  -0.540997401466E-09   0.000000000000E+00
  104.   0.440625000000E+03  -0.169740262350E-09   0.000000000000E+00   0.259375000000E+03  -0.269099407469E-09   0.000000000000E+00
  105.   0.439062500000E+03  -0.338964086222E-09   0.000000000000E+00   0.260937500000E+03  -0.535621725381E-09   0.000000000000E+00
  106.   0.437500000000E+03  -0.168821754130E-09   0.000000000000E+00   0.262500000000E+03  -0.266375160700E-09   0.000000000000E+00
  107.   0.435937500000E+03  -0.337205085647E-09   0.000000000000E+00   0.264062500000E+03  -0.530091169316E-09   0.000000000000E+00
  108.   0.434375000000E+03  -0.167979942088E-09   0.000000000000E+00   0.265625000000E+03  -0.263575263565E-09   0.000000000000E+00
  109.   0.432812500000E+03  -0.335598888726E-09   0.000000000000E+00   0.267187500000E+03  -0.524412156556E-09   0.000000000000E+00
  110.   0.431250000000E+03  -0.167214082508E-09   0.000000000000E+00   0.268750000000E+03  -0.260702591002E-09   0.000000000000E+00
  111.   0.429687500000E+03  -0.334142456509E-09   0.000000000000E+00   0.270312500000E+03  -0.518589276870E-09   0.000000000000E+00
  112.   0.428125000000E+03  -0.166521880951E-09   0.000000000000E+00   0.271875000000E+03  -0.257758858031E-09   0.000000000000E+00
  113.   0.426562500000E+03  -0.332828777369E-09   0.000000000000E+00   0.273437500000E+03  -0.512624046159E-09   0.000000000000E+00
  114.   0.425000000000E+03  -0.165898622907E-09   0.000000000000E+00   0.275000000000E+03  -0.254743865315E-09   0.000000000000E+00
  115.   0.423437500000E+03  -0.331644634645E-09   0.000000000000E+00   0.276562500000E+03  -0.506512952311E-09   0.000000000000E+00
  116.   0.421875000000E+03  -0.165335814047E-09   0.000000000000E+00   0.278125000000E+03  -0.251654303792E-09   0.000000000000E+00
  117.   0.420312500000E+03  -0.330567121775E-09   0.000000000000E+00   0.279687500000E+03  -0.500244373567E-09   0.000000000000E+00
  118.   0.418750000000E+03  -0.164819056211E-09   0.000000000000E+00   0.281250000000E+03  -0.248481869453E-09   0.000000000000E+00
  119.   0.417187500000E+03  -0.329558197928E-09   0.000000000000E+00   0.282812500000E+03  -0.493793720291E-09   0.000000000000E+00
  120.   0.415625000000E+03  -0.164324732884E-09   0.000000000000E+00   0.284375000000E+03  -0.245210299487E-09   0.000000000000E+00
  121.   0.414062500000E+03  -0.328556186767E-09   0.000000000000E+00   0.285937500000E+03  -0.487115777880E-09   0.000000000000E+00
  122.   0.412500000000E+03  -0.163814828494E-09   0.000000000000E+00   0.287500000000E+03  -0.241810680402E-09   0.000000000000E+00
  123.   0.410937500000E+03  -0.327462496358E-09   0.000000000000E+00   0.289062500000E+03  -0.480132638244E-09   0.000000000000E+00
  124.   0.409375000000E+03  -0.163228835600E-09   0.000000000000E+00   0.290625000000E+03  -0.238234076091E-09   0.000000000000E+00
  125.   0.407812500000E+03  -0.326120876387E-09   0.000000000000E+00   0.292187500000E+03  -0.472714673639E-09   0.000000000000E+00
  126.   0.406250000000E+03  -0.162471120681E-09   0.000000000000E+00   0.293750000000E+03  -0.234399895452E-09   0.000000000000E+00
  127.   0.404687500000E+03  -0.324285018778E-09   0.000000000000E+00   0.295312500000E+03  -0.464650553900E-09   0.000000000000E+00
  128.   0.403125000000E+03  -0.161391178744E-09   0.000000000000E+00   0.296875000000E+03  -0.230177557192E-09   0.000000000000E+00
  129.   0.401562500000E+03  -0.321567952046E-09   0.000000000000E+00   0.298437500000E+03  -0.455599994214E-09   0.000000000000E+00
  130.   0.400000000000E+03  -0.159752794602E-09   0.000000000000E+00   0.300000000000E+03  -0.225357597250E-09   0.000000000000E+00
  131.   0.398437500000E+03  -0.317363008913E-09   0.000000000000E+00   0.301562500000E+03  -0.445019287249E-09   0.000000000000E+00
  132.   0.396875000000E+03  -0.157185868403E-09   0.000000000000E+00   0.303125000000E+03  -0.219606113920E-09   0.000000000000E+00
  133.   0.395312500000E+03  -0.310720380589E-09   0.000000000000E+00   0.304687500000E+03  -0.432043947416E-09   0.000000000000E+00
  134.   0.393750000000E+03  -0.153111119739E-09   0.000000000000E+00   0.306250000000E+03  -0.212392953246E-09   0.000000000000E+00
  135.   0.392187500000E+03  -0.300154388561E-09   0.000000000000E+00   0.307812500000E+03  -0.415303842062E-09   0.000000000000E+00
  136.   0.390625000000E+03  -0.146622525406E-09   0.000000000000E+00   0.309375000000E+03  -0.202878557073E-09   0.000000000000E+00
  137.   0.389062500000E+03  -0.283342347323E-09   0.000000000000E+00   0.310937500000E+03  -0.392631752844E-09   0.000000000000E+00
  138.   0.387500000000E+03  -0.136302990449E-09   0.000000000000E+00   0.312500000000E+03  -0.189735003368E-09   0.000000000000E+00
  139.   0.385937500000E+03  -0.256655087879E-09   0.000000000000E+00   0.314062500000E+03  -0.360604883491E-09   0.000000000000E+00
  140.   0.384375000000E+03  -0.119938075546E-09   0.000000000000E+00   0.315625000000E+03  -0.170865464862E-09   0.000000000000E+00
  141.   0.382812500000E+03  -0.214421527800E-09   0.000000000000E+00   0.317187500000E+03  -0.313820403306E-09   0.000000000000E+00
  142.   0.381250000000E+03  -0.940582809304E-10   0.000000000000E+00   0.318750000000E+03  -0.142952334203E-09   0.000000000000E+00
  143.   0.379687500000E+03  -0.147789893954E-09   0.000000000000E+00   0.320312500000E+03  -0.243762850525E-09   0.000000000000E+00
  144.   0.378125000000E+03  -0.532553381298E-10   0.000000000000E+00   0.321875000000E+03  -0.100773992572E-09   0.000000000000E+00
  145.   0.376562500000E+03  -0.429192485804E-10   0.000000000000E+00   0.323437500000E+03  -0.136992073296E-09   0.000000000000E+00
  146.   0.375000000000E+03   0.110409345938E-10   0.000000000000E+00   0.325000000000E+03  -0.359824092941E-10   0.000000000000E+00
  147.   0.373437500000E+03   0.121739788247E-09   0.000000000000E+00   0.326562500000E+03   0.276145604524E-10   0.000000000000E+00
  148.   0.371875000000E+03   0.111998966039E-09   0.000000000000E+00   0.328125000000E+03   0.643762798057E-10   0.000000000000E+00
  149.   0.370312500000E+03   0.380044602334E-09   0.000000000000E+00   0.329687500000E+03   0.283535925345E-09   0.000000000000E+00
  150.   0.368750000000E+03   0.271692482658E-09   0.000000000000E+00   0.331250000000E+03   0.222163493872E-09   0.000000000000E+00
  151.   0.367187500000E+03   0.784502666731E-09   0.000000000000E+00   0.332812500000E+03   0.683183864980E-09   0.000000000000E+00
  152.   0.365625000000E+03   0.522076440786E-09   0.000000000000E+00   0.334375000000E+03   0.469398011640E-09   0.000000000000E+00
  153.   0.364062500000E+03   0.141940191433E-08   0.000000000000E+00   0.335937500000E+03   0.131132748374E-08   0.000000000000E+00
  154.   0.362500000000E+03   0.928002354309E-09   0.000000000000E+00   0.337500000000E+03   0.871179565440E-09   0.000000000000E+00
  155.   0.360937500000E+03   0.242186993640E-08   0.000000000000E+00   0.339062500000E+03   0.230691180365E-08   0.000000000000E+00
  156.   0.359375000000E+03   0.158427291890E-08   0.000000000000E+00   0.340625000000E+03   0.152330769030E-08   0.000000000000E+00
  157.   0.357812500000E+03   0.402432182753E-08   0.000000000000E+00   0.342187500000E+03   0.390692834509E-08   0.000000000000E+00
  158.   0.356250000000E+03   0.268204574948E-08   0.000000000000E+00   0.343750000000E+03   0.262245743670E-08   0.000000000000E+00
  159.   0.354687500000E+03   0.687178841334E-08   0.000000000000E+00   0.345312500000E+03   0.676308936814E-08   0.000000000000E+00
  160.   0.353125000000E+03   0.534051452607E-08   0.000000000000E+00   0.346875000000E+03   0.528074863923E-08   0.000000000000E+00
  161.   0.351562500000E+03   0.119444704800E-07   0.000000000000E+00   0.348437500000E+03   0.118969058740E-07   0.000000000000E+00
  162.   0.350000000000E+03   0.224670617893E-07   0.000000000000E+00   0.350000000000E+03   0.224670617891E-07   0.000000000000E+00
  163.   0.348437500000E+03   0.118969058731E-07   0.000000000000E+00   0.351562500000E+03   0.119444704807E-07   0.000000000000E+00
  164.   0.346875000000E+03   0.528074863927E-08   0.000000000000E+00   0.353125000000E+03   0.534051452680E-08   0.000000000000E+00
  165.   0.345312500000E+03   0.676308936696E-08   0.000000000000E+00   0.354687500000E+03   0.687178841425E-08   0.000000000000E+00
  166.   0.343750000000E+03   0.262245743667E-08   0.000000000000E+00   0.356250000000E+03   0.268204575039E-08   0.000000000000E+00
  167.   0.342187500000E+03   0.390692834370E-08   0.000000000000E+00   0.357812500000E+03   0.402432182822E-08   0.000000000000E+00
  168.   0.340625000000E+03   0.152330769067E-08   0.000000000000E+00   0.359375000000E+03   0.158427291983E-08   0.000000000000E+00
  169.   0.339062500000E+03   0.230691180258E-08   0.000000000000E+00   0.360937500000E+03   0.242186993700E-08   0.000000000000E+00
  170.   0.337500000000E+03   0.871179565133E-09   0.000000000000E+00   0.362500000000E+03   0.928002354922E-09   0.000000000000E+00
  171.   0.335937500000E+03   0.131132748307E-08   0.000000000000E+00   0.364062500000E+03   0.141940191499E-08   0.000000000000E+00
  172.   0.334375000000E+03   0.469398011671E-09   0.000000000000E+00   0.365625000000E+03   0.522076441068E-09   0.000000000000E+00
  173.   0.332812500000E+03   0.683183864360E-09   0.000000000000E+00   0.367187500000E+03   0.784502667498E-09   0.000000000000E+00
  174.   0.331250000000E+03   0.222163493710E-09   0.000000000000E+00   0.368750000000E+03   0.271692483741E-09   0.000000000000E+00
  175.   0.329687500000E+03   0.283535925299E-09   0.000000000000E+00   0.370312500000E+03   0.380044603398E-09   0.000000000000E+00
  176.   0.328125000000E+03   0.643762796462E-10   0.000000000000E+00   0.371875000000E+03   0.111998967491E-09   0.000000000000E+00
  177.   0.326562500000E+03   0.276145603129E-10   0.000000000000E+00   0.373437500000E+03   0.121739789090E-09   0.000000000000E+00
  178.   0.325000000000E+03  -0.359824088517E-10   0.000000000000E+00   0.375000000000E+03   0.110409351881E-10   0.000000000000E+00
  179.   0.323437500000E+03  -0.136992073278E-09   0.000000000000E+00   0.376562500000E+03  -0.429192478220E-10   0.000000000000E+00
  180.   0.321875000000E+03  -0.100773993055E-09   0.000000000000E+00   0.378125000000E+03  -0.532553381301E-10   0.000000000000E+00
  181.   0.320312500000E+03  -0.243762850624E-09   0.000000000000E+00   0.379687500000E+03  -0.147789893127E-09   0.000000000000E+00
  182.   0.318750000000E+03  -0.142952334339E-09   0.000000000000E+00   0.381250000000E+03  -0.940582804780E-10   0.000000000000E+00
  183.   0.317187500000E+03  -0.313820403995E-09   0.000000000000E+00   0.382812500000E+03  -0.214421526774E-09   0.000000000000E+00
  184.   0.315625000000E+03  -0.170865465155E-09   0.000000000000E+00   0.384375000000E+03  -0.119938075356E-09   0.000000000000E+00
  185.   0.314062500000E+03  -0.360604884322E-09   0.000000000000E+00   0.385937500000E+03  -0.256655086700E-09   0.000000000000E+00
  186.   0.312500000000E+03  -0.189735003567E-09   0.000000000000E+00   0.387500000000E+03  -0.136302990488E-09   0.000000000000E+00
  187.   0.310937500000E+03  -0.392631753435E-09   0.000000000000E+00   0.389062500000E+03  -0.283342346175E-09   0.000000000000E+00
  188.   0.309375000000E+03  -0.202878556992E-09   0.000000000000E+00   0.390625000000E+03  -0.146622525435E-09   0.000000000000E+00
  189.   0.307812500000E+03  -0.415303842109E-09   0.000000000000E+00   0.392187500000E+03  -0.300154387627E-09   0.000000000000E+00
  190.   0.306250000000E+03  -0.212392952367E-09   0.000000000000E+00   0.393750000000E+03  -0.153111119328E-09   0.000000000000E+00
  191.   0.304687500000E+03  -0.432043947442E-09   0.000000000000E+00   0.395312500000E+03  -0.310720379849E-09   0.000000000000E+00
  192.   0.303125000000E+03  -0.219606113258E-09   0.000000000000E+00   0.396875000000E+03  -0.157185868663E-09   0.000000000000E+00
  193.   0.301562500000E+03  -0.445019287720E-09   0.000000000000E+00   0.398437500000E+03  -0.317363008240E-09   0.000000000000E+00
  194.   0.300000000000E+03  -0.225357597464E-09   0.000000000000E+00   0.400000000000E+03  -0.159752793927E-09   0.000000000000E+00
  195.   0.298437500000E+03  -0.455599995046E-09   0.000000000000E+00   0.401562500000E+03  -0.321567951473E-09   0.000000000000E+00
  196.   0.296875000000E+03  -0.230177559119E-09   0.000000000000E+00   0.403125000000E+03  -0.161391178291E-09   0.000000000000E+00
  197.   0.295312500000E+03  -0.464650554693E-09   0.000000000000E+00   0.404687500000E+03  -0.324285018166E-09   0.000000000000E+00
  198.   0.293750000000E+03  -0.234399895500E-09   0.000000000000E+00   0.406250000000E+03  -0.162471120102E-09   0.000000000000E+00
  199.   0.292187500000E+03  -0.472714674492E-09   0.000000000000E+00   0.407812500000E+03  -0.326120875882E-09   0.000000000000E+00
  200.   0.290625000000E+03  -0.238234076656E-09   0.000000000000E+00   0.409375000000E+03  -0.163228835444E-09   0.000000000000E+00
  201.   0.289062500000E+03  -0.480132639195E-09   0.000000000000E+00   0.410937500000E+03  -0.327462495744E-09   0.000000000000E+00
  202.   0.287500000000E+03  -0.241810681751E-09   0.000000000000E+00   0.412500000000E+03  -0.163814828374E-09   0.000000000000E+00
  203.   0.285937500000E+03  -0.487115778494E-09   0.000000000000E+00   0.414062500000E+03  -0.328556185806E-09   0.000000000000E+00
  204.   0.284375000000E+03  -0.245210299323E-09   0.000000000000E+00   0.415625000000E+03  -0.164324732802E-09   0.000000000000E+00
  205.   0.282812500000E+03  -0.493793720655E-09   0.000000000000E+00   0.417187500000E+03  -0.329558196837E-09   0.000000000000E+00
  206.   0.281250000000E+03  -0.248481870789E-09   0.000000000000E+00   0.418750000000E+03  -0.164819055799E-09   0.000000000000E+00
  207.   0.279687500000E+03  -0.500244373849E-09   0.000000000000E+00   0.420312500000E+03  -0.330567120686E-09   0.000000000000E+00
  208.   0.278125000000E+03  -0.251654304720E-09   0.000000000000E+00   0.421875000000E+03  -0.165335813343E-09   0.000000000000E+00
  209.   0.276562500000E+03  -0.506512952527E-09   0.000000000000E+00   0.423437500000E+03  -0.331644633640E-09   0.000000000000E+00
  210.   0.275000000000E+03  -0.254743865707E-09   0.000000000000E+00   0.425000000000E+03  -0.165898622360E-09   0.000000000000E+00
  211.   0.273437500000E+03  -0.512624046619E-09   0.000000000000E+00   0.426562500000E+03  -0.332828775898E-09   0.000000000000E+00
  212.   0.271875000000E+03  -0.257758858905E-09   0.000000000000E+00   0.428125000000E+03  -0.166521879666E-09   0.000000000000E+00
  213.   0.270312500000E+03  -0.518589276982E-09   0.000000000000E+00   0.429687500000E+03  -0.334142455039E-09   0.000000000000E+00
  214.   0.268750000000E+03  -0.260702591899E-09   0.000000000000E+00   0.431250000000E+03  -0.167214081944E-09   0.000000000000E+00
  215.   0.267187500000E+03  -0.524412156407E-09   0.000000000000E+00   0.432812500000E+03  -0.335598887508E-09   0.000000000000E+00
  216.   0.265625000000E+03  -0.263575264414E-09   0.000000000000E+00   0.434375000000E+03  -0.167979941834E-09   0.000000000000E+00
  217.   0.264062500000E+03  -0.530091169155E-09   0.000000000000E+00   0.435937500000E+03  -0.337205084467E-09   0.000000000000E+00
  218.   0.262500000000E+03  -0.266375160422E-09   0.000000000000E+00   0.437500000000E+03  -0.168821753376E-09   0.000000000000E+00
  219.   0.260937500000E+03  -0.535621725206E-09   0.000000000000E+00   0.439062500000E+03  -0.338964085049E-09   0.000000000000E+00
  220.   0.259375000000E+03  -0.269099407762E-09   0.000000000000E+00   0.440625000000E+03  -0.169740261502E-09   0.000000000000E+00
  221.   0.257812500000E+03  -0.540997401176E-09   0.000000000000E+00   0.442187500000E+03  -0.340876384847E-09   0.000000000000E+00
  222.   0.256250000000E+03  -0.271744458327E-09   0.000000000000E+00   0.443750000000E+03  -0.170735219280E-09   0.000000000000E+00
  223.   0.254687500000E+03  -0.546210726816E-09   0.000000000000E+00   0.445312500000E+03  -0.342940852924E-09   0.000000000000E+00
  224.   0.253125000000E+03  -0.274306395917E-09   0.000000000000E+00   0.446875000000E+03  -0.171805744204E-09   0.000000000000E+00
  225.   0.251562500000E+03  -0.551253684149E-09   0.000000000000E+00   0.448437500000E+03  -0.345155318405E-09   0.000000000000E+00
  226.   0.250000000000E+03  -0.276781121430E-09   0.000000000000E+00   0.450000000000E+03  -0.172950551331E-09   0.000000000000E+00
  227.   0.248437500000E+03  -0.556118022023E-09   0.000000000000E+00   0.451562500000E+03  -0.347516948186E-09   0.000000000000E+00
  228.   0.246875000000E+03  -0.279164487067E-09   0.000000000000E+00   0.453125000000E+03  -0.174168097464E-09   0.000000000000E+00
  229.   0.245312500000E+03  -0.560795456941E-09   0.000000000000E+00   0.454687500000E+03  -0.350022489418E-09   0.000000000000E+00
  230.   0.243750000000E+03  -0.281452364204E-09   0.000000000000E+00   0.456250000000E+03  -0.175456676688E-09   0.000000000000E+00
  231.   0.242187500000E+03  -0.565277800959E-09   0.000000000000E+00   0.457812500000E+03  -0.352668424982E-09   0.000000000000E+00
  232.   0.240625000000E+03  -0.283640696751E-09   0.000000000000E+00   0.459375000000E+03  -0.176814482379E-09   0.000000000000E+00
  233.   0.239062500000E+03  -0.569557039552E-09   0.000000000000E+00   0.460937500000E+03  -0.355451075575E-09   0.000000000000E+00
  234.   0.237500000000E+03  -0.285725531351E-09   0.000000000000E+00   0.462500000000E+03  -0.178239645579E-09   0.000000000000E+00
  235.   0.235937500000E+03  -0.573625384831E-09   0.000000000000E+00   0.464062500000E+03  -0.358366665272E-09   0.000000000000E+00
  236.   0.234375000000E+03  -0.287703036189E-09   0.000000000000E+00   0.465625000000E+03  -0.179730262593E-09   0.000000000000E+00
  237.   0.232812500000E+03  -0.577475305658E-09   0.000000000000E+00   0.467187500000E+03  -0.361411364377E-09   0.000000000000E+00
  238.   0.231250000000E+03  -0.289569519518E-09   0.000000000000E+00   0.468750000000E+03  -0.181284412796E-09   0.000000000000E+00
  239.   0.229687500000E+03  -0.581099546425E-09   0.000000000000E+00   0.470312500000E+03  -0.364581318959E-09   0.000000000000E+00
  240.   0.228125000000E+03  -0.291321421370E-09   0.000000000000E+00   0.471875000000E+03  -0.182900166850E-09   0.000000000000E+00
  241.   0.226562500000E+03  -0.584491139958E-09   0.000000000000E+00   0.473437500000E+03  -0.367872668975E-09   0.000000000000E+00
  242.   0.225000000000E+03  -0.292955334589E-09   0.000000000000E+00   0.475000000000E+03  -0.184575598472E-09   0.000000000000E+00
  243.   0.223437500000E+03  -0.587643414882E-09   0.000000000000E+00   0.476562500000E+03  -0.371281563544E-09   0.000000000000E+00
  244.   0.221875000000E+03  -0.294467999302E-09   0.000000000000E+00   0.478125000000E+03  -0.186308786725E-09   0.000000000000E+00
  245.   0.220312500000E+03  -0.590549997626E-09   0.000000000000E+00   0.479687500000E+03  -0.374804170752E-09   0.000000000000E+00
  246.   0.218750000000E+03  -0.295856305240E-09   0.000000000000E+00   0.481250000000E+03  -0.188097824992E-09   0.000000000000E+00
  247.   0.217187500000E+03  -0.593204815192E-09   0.000000000000E+00   0.482812500000E+03  -0.378436683258E-09   0.000000000000E+00
  248.   0.215625000000E+03  -0.297117293151E-09   0.000000000000E+00   0.484375000000E+03  -0.189940818122E-09   0.000000000000E+00
  249.   0.214062500000E+03  -0.595602095635E-09   0.000000000000E+00   0.485937500000E+03  -0.382175326133E-09   0.000000000000E+00
  250.   0.212500000000E+03  -0.298248151799E-09   0.000000000000E+00   0.487500000000E+03  -0.191835888168E-09   0.000000000000E+00
  251.   0.210937500000E+03  -0.597736365511E-09   0.000000000000E+00   0.489062500000E+03  -0.386016360361E-09   0.000000000000E+00
  252.   0.209375000000E+03  -0.299246221407E-09   0.000000000000E+00   0.490625000000E+03  -0.193781177891E-09   0.000000000000E+00
  253.   0.207812500000E+03  -0.599602450433E-09   0.000000000000E+00   0.492187500000E+03  -0.389956088080E-09   0.000000000000E+00
  254.   0.206250000000E+03  -0.300108989220E-09   0.000000000000E+00   0.493750000000E+03  -0.195774851739E-09   0.000000000000E+00
  255.   0.204687500000E+03  -0.601195471038E-09   0.000000000000E+00   0.495312500000E+03  -0.393990856879E-09   0.000000000000E+00
  256.   0.203125000000E+03  -0.300834090317E-09   0.000000000000E+00   0.496875000000E+03  -0.197815095587E-09   0.000000000000E+00
  257.   0.201562500000E+03  -0.602510841010E-09   0.000000000000E+00   0.498437500000E+03  -0.398117061455E-09   0.000000000000E+00
  258.   0.200000000000E+03  -0.301419305081E-09   0.000000000000E+00   0.500000000000E+03  -0.199900122266E-09   0.000000000000E+00
  259.   0.198437500000E+03  -0.603544265764E-09   0.000000000000E+00   0.501562500000E+03  -0.402331149458E-09   0.000000000000E+00
  260.   0.196875000000E+03  -0.301862557774E-09   0.000000000000E+00   0.503125000000E+03  -0.202028170079E-09   0.000000000000E+00
  261.   0.195312500000E+03  -0.604291736938E-09   0.000000000000E+00   0.504687500000E+03  -0.406629623738E-09   0.000000000000E+00
  262.   0.193750000000E+03  -0.302161915242E-09   0.000000000000E+00   0.506250000000E+03  -0.204197506258E-09   0.000000000000E+00
  263.   0.192187500000E+03  -0.604749529076E-09   0.000000000000E+00   0.507812500000E+03  -0.411009044482E-09   0.000000000000E+00
  264.   0.190625000000E+03  -0.302315588095E-09   0.000000000000E+00   0.509375000000E+03  -0.206406429722E-09   0.000000000000E+00
  265.   0.189062500000E+03  -0.604914194950E-09   0.000000000000E+00   0.510937500000E+03  -0.415466034029E-09   0.000000000000E+00
  266.   0.187500000000E+03  -0.302321918296E-09   0.000000000000E+00   0.512500000000E+03  -0.208653266599E-09   0.000000000000E+00
  267.   0.185937500000E+03  -0.604782562669E-09   0.000000000000E+00   0.514062500000E+03  -0.419997279591E-09   0.000000000000E+00
  268.   0.184375000000E+03  -0.302179389160E-09   0.000000000000E+00   0.515625000000E+03  -0.210936378839E-09   0.000000000000E+00
  269.   0.182812500000E+03  -0.604351727887E-09   0.000000000000E+00   0.517187500000E+03  -0.424599534650E-09   0.000000000000E+00
  270.   0.181250000000E+03  -0.301886612973E-09   0.000000000000E+00   0.518750000000E+03  -0.213254162380E-09   0.000000000000E+00
  271.   0.179687500000E+03  -0.603619050053E-09   0.000000000000E+00   0.520312500000E+03  -0.429269624215E-09   0.000000000000E+00
  272.   0.178125000000E+03  -0.301442334880E-09   0.000000000000E+00   0.521875000000E+03  -0.215605049812E-09   0.000000000000E+00
  273.   0.176562500000E+03  -0.602582142446E-09   0.000000000000E+00   0.523437500000E+03  -0.434004445104E-09   0.000000000000E+00
  274.   0.175000000000E+03  -0.300845422186E-09   0.000000000000E+00   0.525000000000E+03  -0.217987508130E-09   0.000000000000E+00
  275.   0.173437500000E+03  -0.601238864756E-09   0.000000000000E+00   0.526562500000E+03  -0.438800969104E-09   0.000000000000E+00
  276.   0.171875000000E+03  -0.300094863693E-09   0.000000000000E+00   0.528125000000E+03  -0.220400045502E-09   0.000000000000E+00
  277.   0.170312500000E+03  -0.599587311904E-09   0.000000000000E+00   0.529687500000E+03  -0.443656243468E-09   0.000000000000E+00
  278.   0.168750000000E+03  -0.299189762671E-09   0.000000000000E+00   0.531250000000E+03  -0.222841204129E-09   0.000000000000E+00
  279.   0.167187500000E+03  -0.597625797488E-09   0.000000000000E+00   0.532812500000E+03  -0.448567391780E-09   0.000000000000E+00
  280.   0.165625000000E+03  -0.298129326699E-09   0.000000000000E+00   0.534375000000E+03  -0.225309566248E-09   0.000000000000E+00
  281.   0.164062500000E+03  -0.595352835257E-09   0.000000000000E+00   0.535937500000E+03  -0.453531611094E-09   0.000000000000E+00
  282.   0.162500000000E+03  -0.296912860281E-09   0.000000000000E+00   0.537500000000E+03  -0.227803751461E-09   0.000000000000E+00
  283.   0.160937500000E+03  -0.592767112816E-09   0.000000000000E+00   0.539062500000E+03  -0.458546167434E-09   0.000000000000E+00
  284.   0.159375000000E+03  -0.295539738903E-09   0.000000000000E+00   0.540625000000E+03  -0.230322407886E-09   0.000000000000E+00
  285.   0.157812500000E+03  -0.589867448226E-09   0.000000000000E+00   0.542187500000E+03  -0.463608387388E-09   0.000000000000E+00
  286.   0.156250000000E+03  -0.294009399868E-09   0.000000000000E+00   0.543750000000E+03  -0.232864215187E-09   0.000000000000E+00
  287.   0.154687500000E+03  -0.586652735299E-09   0.000000000000E+00   0.545312500000E+03  -0.468715640002E-09   0.000000000000E+00
  288.   0.153125000000E+03  -0.292321295742E-09   0.000000000000E+00   0.546875000000E+03  -0.235427868070E-09   0.000000000000E+00
  289.   0.151562500000E+03  -0.583121857683E-09   0.000000000000E+00   0.548437500000E+03  -0.473865311203E-09   0.000000000000E+00
  290.   0.150000000000E+03  -0.290474853574E-09   0.000000000000E+00   0.550000000000E+03  -0.238012058120E-09   0.000000000000E+00
  291.   0.148437500000E+03  -0.579273560933E-09   0.000000000000E+00   0.551562500000E+03  -0.479054756748E-09   0.000000000000E+00
  292.   0.146875000000E+03  -0.288469384828E-09   0.000000000000E+00   0.553125000000E+03  -0.240615450629E-09   0.000000000000E+00
  293.   0.145312500000E+03  -0.575106259310E-09   0.000000000000E+00   0.554687500000E+03  -0.484281229162E-09   0.000000000000E+00
  294.   0.143750000000E+03  -0.286303983152E-09   0.000000000000E+00   0.556250000000E+03  -0.243236637346E-09   0.000000000000E+00
  295.   0.142187500000E+03  -0.570617738937E-09   0.000000000000E+00   0.557812500000E+03  -0.489541759664E-09   0.000000000000E+00
  296.   0.140625000000E+03  -0.283977338026E-09   0.000000000000E+00   0.559375000000E+03  -0.245874060471E-09   0.000000000000E+00
  297.   0.139062500000E+03  -0.565804705676E-09   0.000000000000E+00   0.560937500000E+03  -0.494832969902E-09   0.000000000000E+00
  298.   0.137500000000E+03  -0.281487461587E-09   0.000000000000E+00   0.562500000000E+03  -0.248525906964E-09   0.000000000000E+00
  299.   0.135937500000E+03  -0.560662091856E-09   0.000000000000E+00   0.564062500000E+03  -0.500150776872E-09   0.000000000000E+00
  300.   0.134375000000E+03  -0.278831282308E-09   0.000000000000E+00   0.565625000000E+03  -0.251189924708E-09   0.000000000000E+00
  301.   0.132812500000E+03  -0.555181987464E-09   0.000000000000E+00   0.567187500000E+03  -0.505489925506E-09   0.000000000000E+00
  302.   0.131250000000E+03  -0.276004005120E-09   0.000000000000E+00   0.568750000000E+03  -0.253863161613E-09   0.000000000000E+00
  303.   0.129687500000E+03  -0.549352028891E-09   0.000000000000E+00   0.570312500000E+03  -0.510843283563E-09   0.000000000000E+00
  304.   0.128125000000E+03  -0.272998189753E-09   0.000000000000E+00   0.571875000000E+03  -0.256541576016E-09   0.000000000000E+00
  305.   0.126562500000E+03  -0.543152906639E-09   0.000000000000E+00   0.573437500000E+03  -0.516200728926E-09   0.000000000000E+00
  306.   0.125000000000E+03  -0.269802181318E-09   0.000000000000E+00   0.575000000000E+03  -0.259219294248E-09   0.000000000000E+00
  307.   0.123437500000E+03  -0.536554923817E-09   0.000000000000E+00   0.576562500000E+03  -0.521547827675E-09   0.000000000000E+00
  308.   0.121875000000E+03  -0.266398403431E-09   0.000000000000E+00   0.578125000000E+03  -0.261888186703E-09   0.000000000000E+00
  309.   0.120312500000E+03  -0.529512123660E-09   0.000000000000E+00   0.579687500000E+03  -0.526863201851E-09   0.000000000000E+00
  310.   0.118750000000E+03  -0.262757116701E-09   0.000000000000E+00   0.581250000000E+03  -0.264533354310E-09   0.000000000000E+00
  311.   0.117187500000E+03  -0.521957722791E-09   0.000000000000E+00   0.582812500000E+03  -0.532119203180E-09   0.000000000000E+00
  312.   0.115625000000E+03  -0.258839767966E-09   0.000000000000E+00   0.584375000000E+03  -0.267140019778E-09   0.000000000000E+00
  313.   0.114062500000E+03  -0.513784591944E-09   0.000000000000E+00   0.585937500000E+03  -0.537269899407E-09   0.000000000000E+00
  314.   0.112500000000E+03  -0.254539356524E-09   0.000000000000E+00   0.587500000000E+03  -0.269633482489E-09   0.000000000000E+00
  315.   0.110937500000E+03  -0.504867893686E-09   0.000000000000E+00   0.589062500000E+03  -0.542289601354E-09   0.000000000000E+00
  316.   0.109375000000E+03  -0.249823336949E-09   0.000000000000E+00   0.590625000000E+03  -0.272046517487E-09   0.000000000000E+00
  317.   0.107812500000E+03  -0.494911888572E-09   0.000000000000E+00   0.592187500000E+03  -0.547028758459E-09   0.000000000000E+00
  318.   0.106250000000E+03  -0.243935065125E-09   0.000000000000E+00   0.593750000000E+03  -0.273632366804E-09   0.000000000000E+00
  319.   0.104687500000E+03  -0.483764707794E-09   0.000000000000E+00   0.595312500000E+03  -0.551603428233E-09   0.000000000000E+00
  320.   0.103125000000E+03  -0.238286335364E-09   0.000000000000E+00   0.596875000000E+03  -0.276240208245E-09   0.000000000000E+00
  321.   0.101562500000E+03  -0.467981988474E-09   0.000000000000E+00   0.598437500000E+03  -0.552588509768E-09   0.000000000000E+00
