mode      f[Hz]           (PLANE183 NDIV=64, r150 r0/2b=1.5, a050 2T/pi=0.5 PHI=90deg, FFFF; 3 rigid modes near 0 Hz; no family separation needed)
  1.     0.000000E+00
  2.     0.419403E-04
  3.     0.765976E-04
  4.     0.160950E+03
  5.     0.275383E+03
  6.     0.304657E+03
  7.     0.453578E+03
  8.     0.456387E+03
  9.     0.473951E+03
 10.     0.567917E+03
 11.     0.575829E+03
 12.     0.603399E+03
 13.     0.637248E+03
 14.     0.641204E+03
 15.     0.684387E+03
 16.     0.722802E+03
 17.     0.732645E+03
 18.     0.786319E+03
 19.     0.794766E+03
 20.     0.798550E+03
 21.     0.862034E+03
 22.     0.913661E+03
 23.     0.914002E+03
 24.     0.952894E+03
 25.     0.974438E+03
 26.     0.101697E+04
 27.     0.102038E+04
 28.     0.106137E+04
 29.     0.110045E+04
 30.     0.110522E+04
 31.     0.113366E+04
 32.     0.113382E+04
 33.     0.118567E+04
 34.     0.118856E+04
 35.     0.120217E+04
