mode      f[Hz]           (PLANE183 NDIV=64, r200 r0/2b=2, a125 2T/pi=1.25 PHI=225deg, FFFF; 3 rigid modes near 0 Hz; no family separation needed)
  1.     0.000000E+00
  2.     0.000000E+00
  3.     0.582887E-04
  4.     0.161156E+02
  5.     0.421552E+02
  6.     0.819001E+02
  7.     0.128189E+03
  8.     0.128928E+03
  9.     0.177621E+03
 10.     0.182799E+03
 11.     0.227950E+03
 12.     0.246497E+03
 13.     0.278085E+03
 14.     0.311199E+03
 15.     0.327290E+03
 16.     0.368478E+03
 17.     0.379290E+03
 18.     0.407091E+03
 19.     0.429491E+03
 20.     0.436854E+03
 21.     0.439158E+03
 22.     0.475404E+03
 23.     0.476871E+03
 24.     0.493860E+03
 25.     0.522888E+03
 26.     0.523090E+03
 27.     0.542167E+03
 28.     0.559488E+03
 29.     0.573742E+03
 30.     0.576461E+03
 31.     0.581618E+03
 32.     0.594795E+03
 33.     0.617768E+03
 34.     0.626734E+03
 35.     0.629673E+03
