mode      f[Hz]           Omega_lit    (SHELL281 NDIV=64, r167 r0/2b=1.66667, a050 2T/pi=0.5 PHI=90deg, FFFF; ~6 rigid modes near 0 Hz; IP modes interleaved -- cross-check vs geomsweep_ip_r167_a050.txt)
  1.     0.000000E+00         0.0000
  2.     0.000000E+00         0.0000
  3.     0.000000E+00         0.0000
  4.     0.000000E+00         0.0000
  5.     0.000000E+00         0.0000
  6.     0.475283E-04         0.0002
  7.     0.398554E+01        14.7040
  8.     0.646446E+01        23.8495
  9.     0.998101E+01        36.8232
 10.     0.144152E+02        53.1823
 11.     0.183501E+02        67.6995
 12.     0.247688E+02        91.3801
 13.     0.285387E+02       105.2886
 14.     0.287113E+02       105.9254
 15.     0.323459E+02       119.3347
 16.     0.385041E+02       142.0541
 17.     0.400826E+02       147.8780
 18.     0.429371E+02       158.4089
 19.     0.525665E+02       193.9349
 20.     0.549713E+02       202.8070
 21.     0.590389E+02       217.8139
 22.     0.683480E+02       252.1583
 23.     0.722871E+02       266.6909
 24.     0.776720E+02       286.5576
 25.     0.798899E+02       294.7402
 26.     0.802026E+02       295.8937
 27.     0.883148E+02       325.8221
 28.     0.889938E+02       328.3275
 29.     0.918010E+02       338.6839
 30.     0.100948E+03       372.4309
 31.     0.103222E+03       380.8181
 32.     0.111748E+03       412.2738
 33.     0.113249E+03       417.8122
 34.     0.118612E+03       437.5968
 35.     0.127567E+03       470.6374
 36.     0.135538E+03       500.0434
 37.     0.136132E+03       502.2365
 38.     0.138387E+03       510.5535
 39.     0.141435E+03       521.8007
 40.     0.151762E+03       559.9007
