mode      f[Hz]           Omega_lit    (SHELL281 NDIV=64, r250 r0/2b=2.5, a100 2T/pi=1 PHI=180deg, FFFF; ~6 rigid modes near 0 Hz; IP modes interleaved -- cross-check vs geomsweep_ip_r250_a100.txt)
  1.     0.000000E+00         0.0000
  2.     0.000000E+00         0.0000
  3.     0.136095E-04         0.0001
  4.     0.241561E-04         0.0002
  5.     0.305927E-04         0.0002
  6.     0.542696E-04         0.0004
  7.     0.849344E+00         6.0074
  8.     0.125942E+01         8.9079
  9.     0.219066E+01        15.4946
 10.     0.243215E+01        17.2026
 11.     0.361966E+01        25.6019
 12.     0.451355E+01        31.9244
 13.     0.544406E+01        38.5059
 14.     0.675866E+01        47.8041
 15.     0.761945E+01        53.8925
 16.     0.919945E+01        65.0678
 17.     0.101031E+02        71.4594
 18.     0.118841E+02        84.0567
 19.     0.128740E+02        91.0582
 20.     0.148499E+02       105.0333
 21.     0.159311E+02       112.6811
 22.     0.168905E+02       119.4666
 23.     0.181288E+02       128.2249
 24.     0.192772E+02       136.3481
 25.     0.217441E+02       153.7960
 26.     0.229133E+02       162.0662
 27.     0.256747E+02       181.5977
 28.     0.268231E+02       189.7203
 29.     0.284568E+02       201.2752
 30.     0.289373E+02       204.6737
 31.     0.295714E+02       209.1591
 32.     0.305000E+02       215.7268
 33.     0.312719E+02       221.1866
 34.     0.315558E+02       223.1941
 35.     0.339089E+02       239.8382
 36.     0.348737E+02       246.6623
 37.     0.358381E+02       253.4835
 38.     0.368162E+02       260.4013
 39.     0.394337E+02       278.9152
 40.     0.403105E+02       285.1167
