mode      f[Hz]           (PLANE183 NDIV=64, r250 r0/2b=2.5, a050 2T/pi=0.5 PHI=90deg, FFFF; 3 rigid modes near 0 Hz; no family separation needed)
  1.     0.000000E+00
  2.     0.538539E-04
  3.     0.706364E-04
  4.     0.686136E+02
  5.     0.156156E+03
  6.     0.176682E+03
  7.     0.255240E+03
  8.     0.315116E+03
  9.     0.345206E+03
 10.     0.422766E+03
 11.     0.434771E+03
 12.     0.446614E+03
 13.     0.515195E+03
 14.     0.525679E+03
 15.     0.548557E+03
 16.     0.572341E+03
 17.     0.574464E+03
 18.     0.609510E+03
 19.     0.623064E+03
 20.     0.640138E+03
 21.     0.669659E+03
 22.     0.670039E+03
 23.     0.694660E+03
 24.     0.695310E+03
 25.     0.712091E+03
 26.     0.713161E+03
 27.     0.747769E+03
 28.     0.777653E+03
 29.     0.792850E+03
 30.     0.820608E+03
 31.     0.829728E+03
 32.     0.837713E+03
 33.     0.867578E+03
 34.     0.890658E+03
 35.     0.894782E+03
