mode      f[Hz]           Omega_lit    (SHELL281 NDIV=64, r250 r0/2b=2.5, a150 2T/pi=1.5 PHI=270deg, FFFF; ~6 rigid modes near 0 Hz; IP modes interleaved -- cross-check vs geomsweep_ip_r250_a150.txt)
  1.     0.296811E-04         0.0002
  2.     0.491586E-04         0.0003
  3.     0.556898E-04         0.0004
  4.     0.779743E-04         0.0006
  5.     0.847763E-04         0.0006
  6.     0.114102E-03         0.0008
  7.     0.289671E+00         2.0488
  8.     0.661745E+00         4.6805
  9.     0.126525E+01         8.9491
 10.     0.149004E+01        10.5390
 11.     0.208456E+01        14.7441
 12.     0.225857E+01        15.9749
 13.     0.322911E+01        22.8395
 14.     0.329495E+01        23.3052
 15.     0.435142E+01        30.7777
 16.     0.469645E+01        33.2180
 17.     0.562532E+01        39.7879
 18.     0.619871E+01        43.8436
 19.     0.704773E+01        49.8487
 20.     0.711276E+01        50.3086
 21.     0.778967E+01        55.0964
 22.     0.861322E+01        60.9214
 23.     0.947729E+01        67.0330
 24.     0.103164E+02        72.9681
 25.     0.112740E+02        79.7414
 26.     0.121537E+02        85.9631
 27.     0.131927E+02        93.3122
 28.     0.141230E+02        99.8924
 29.     0.152456E+02       107.8323
 30.     0.162234E+02       114.7481
 31.     0.174440E+02       123.3819
 32.     0.182131E+02       128.8214
 33.     0.184538E+02       130.5241
 34.     0.197977E+02       140.0290
 35.     0.208135E+02       147.2138
 36.     0.223127E+02       157.8182
 37.     0.233004E+02       164.8039
 38.     0.249864E+02       176.7288
 39.     0.259062E+02       183.2345
 40.     0.277241E+02       196.0929
