mode      f[Hz]           (PLANE183 NDIV=64, r167 r0/2b=1.66667, a050 2T/pi=0.5 PHI=90deg, FFFF; 3 rigid modes near 0 Hz; no family separation needed)
  1.     0.000000E+00
  2.     0.260662E-04
  3.     0.666197E-04
  4.     0.136131E+03
  5.     0.252402E+03
  6.     0.270691E+03
  7.     0.412862E+03
  8.     0.427483E+03
  9.     0.447162E+03
 10.     0.553269E+03
 11.     0.555013E+03
 12.     0.568150E+03
 13.     0.600771E+03
 14.     0.609400E+03
 15.     0.669221E+03
 16.     0.688216E+03
 17.     0.707416E+03
 18.     0.727395E+03
 19.     0.736395E+03
 20.     0.749149E+03
 21.     0.805886E+03
 22.     0.853496E+03
 23.     0.872166E+03
 24.     0.883063E+03
 25.     0.911608E+03
 26.     0.945191E+03
 27.     0.968326E+03
 28.     0.997560E+03
 29.     0.103390E+04
 30.     0.103520E+04
 31.     0.105757E+04
 32.     0.108079E+04
 33.     0.112396E+04
 34.     0.113709E+04
 35.     0.115774E+04
