mode      f[Hz]           (PLANE183 NDIV=64, r150 r0/2b=1.5, a075 2T/pi=0.75 PHI=135deg, FFFF; 3 rigid modes near 0 Hz; no family separation needed)
  1.     0.000000E+00
  2.     0.459676E-04
  3.     0.823628E-04
  4.     0.787852E+02
  5.     0.178020E+03
  6.     0.207420E+03
  7.     0.293014E+03
  8.     0.332905E+03
  9.     0.380701E+03
 10.     0.455933E+03
 11.     0.466382E+03
 12.     0.466883E+03
 13.     0.547185E+03
 14.     0.552154E+03
 15.     0.576736E+03
 16.     0.589976E+03
 17.     0.610088E+03
 18.     0.655214E+03
 19.     0.655658E+03
 20.     0.674354E+03
 21.     0.683433E+03
 22.     0.699651E+03
 23.     0.717264E+03
 24.     0.727017E+03
 25.     0.761177E+03
 26.     0.795745E+03
 27.     0.802994E+03
 28.     0.809381E+03
 29.     0.844387E+03
 30.     0.868619E+03
 31.     0.889913E+03
 32.     0.895139E+03
 33.     0.941538E+03
 34.     0.952816E+03
 35.     0.967281E+03
