mode      f[Hz]           (PLANE183 NDIV=64, r250 r0/2b=2.5, a100 2T/pi=1 PHI=180deg, FFFF; 3 rigid modes near 0 Hz; no family separation needed)
  1.     0.000000E+00
  2.     0.000000E+00
  3.     0.764105E-04
  4.     0.168899E+02
  5.     0.451543E+02
  6.     0.852819E+02
  7.     0.114287E+03
  8.     0.131230E+03
  9.     0.176604E+03
 10.     0.179939E+03
 11.     0.229609E+03
 12.     0.246026E+03
 13.     0.279219E+03
 14.     0.314941E+03
 15.     0.328208E+03
 16.     0.370740E+03
 17.     0.384700E+03
 18.     0.405468E+03
 19.     0.426430E+03
 20.     0.433859E+03
 21.     0.446608E+03
 22.     0.473879E+03
 23.     0.474070E+03
 24.     0.502164E+03
 25.     0.519739E+03
 26.     0.524020E+03
 27.     0.548901E+03
 28.     0.562441E+03
 29.     0.567523E+03
 30.     0.575266E+03
 31.     0.584148E+03
 32.     0.593603E+03
 33.     0.619664E+03
 34.     0.620588E+03
 35.     0.629535E+03
