mode      f[Hz]           (PLANE183 NDIV=64, r250 r0/2b=2.5, a025 2T/pi=0.25 PHI=45deg, FFFF; 3 rigid modes near 0 Hz; no family separation needed)
  1.     0.000000E+00
  2.     0.000000E+00
  3.     0.282620E-04
  4.     0.215308E+03
  5.     0.322085E+03
  6.     0.356211E+03
  7.     0.505587E+03
  8.     0.526234E+03
  9.     0.550430E+03
 10.     0.566491E+03
 11.     0.593324E+03
 12.     0.665519E+03
 13.     0.685158E+03
 14.     0.699114E+03
 15.     0.757905E+03
 16.     0.775753E+03
 17.     0.833766E+03
 18.     0.855400E+03
 19.     0.888380E+03
 20.     0.920166E+03
 21.     0.979293E+03
 22.     0.994822E+03
 23.     0.101723E+04
 24.     0.106408E+04
 25.     0.110079E+04
 26.     0.110573E+04
 27.     0.114072E+04
 28.     0.115273E+04
 29.     0.120414E+04
 30.     0.121018E+04
 31.     0.125224E+04
 32.     0.125324E+04
 33.     0.128701E+04
 34.     0.129406E+04
 35.     0.134373E+04
