mode      f[Hz]           (PLANE183 NDIV=64, r150 r0/2b=1.5, a025 2T/pi=0.25 PHI=45deg, FFFF; 3 rigid modes near 0 Hz; no family separation needed)
  1.     0.000000E+00
  2.     0.000000E+00
  3.     0.349253E-04
  4.     0.407264E+03
  5.     0.469401E+03
  6.     0.487043E+03
  7.     0.553056E+03
  8.     0.653405E+03
  9.     0.704556E+03
 10.     0.716464E+03
 11.     0.794789E+03
 12.     0.821473E+03
 13.     0.899676E+03
 14.     0.934760E+03
 15.     0.102339E+04
 16.     0.109877E+04
 17.     0.110662E+04
 18.     0.112094E+04
 19.     0.117996E+04
 20.     0.121838E+04
 21.     0.123497E+04
 22.     0.132536E+04
 23.     0.133813E+04
 24.     0.139421E+04
 25.     0.141095E+04
 26.     0.146711E+04
 27.     0.146730E+04
 28.     0.149022E+04
 29.     0.155757E+04
 30.     0.156573E+04
 31.     0.161402E+04
 32.     0.162915E+04
 33.     0.165668E+04
 34.     0.170145E+04
 35.     0.171276E+04
