mode      f[Hz]           Omega_lit    (SHELL281 NDIV=64, r200 r0/2b=2, a150 2T/pi=1.5 PHI=270deg, FFFF; ~6 rigid modes near 0 Hz; IP modes interleaved -- cross-check vs geomsweep_ip_r200_a150.txt)
  1.     0.000000E+00         0.0000
  2.     0.000000E+00         0.0000
  3.     0.440295E-04         0.0002
  4.     0.591743E-04         0.0003
  5.     0.738331E-04         0.0004
  6.     0.991135E-04         0.0005
  7.     0.449316E+00         2.2070
  8.     0.987656E+00         4.8512
  9.     0.186026E+01         9.1372
 10.     0.196177E+01         9.6359
 11.     0.281495E+01        13.8265
 12.     0.332602E+01        16.3368
 13.     0.438780E+01        21.5520
 14.     0.479466E+01        23.5505
 15.     0.625958E+01        30.7459
 16.     0.645193E+01        31.6907
 17.     0.830092E+01        40.7726
 18.     0.831022E+01        40.8183
 19.     0.103681E+02        50.9260
 20.     0.104997E+02        51.5726
 21.     0.110037E+02        54.0481
 22.     0.126211E+02        61.9922
 23.     0.128754E+02        63.2416
 24.     0.150645E+02        73.9938
 25.     0.154550E+02        75.9119
 26.     0.176938E+02        86.9088
 27.     0.182651E+02        89.7147
 28.     0.205044E+02       100.7139
 29.     0.213282E+02       104.7599
 30.     0.234880E+02       115.3687
 31.     0.246573E+02       121.1120
 32.     0.266063E+02       130.6849
 33.     0.278194E+02       136.6438
 34.     0.281774E+02       138.4020
 35.     0.288010E+02       141.4650
 36.     0.288888E+02       141.8964
 37.     0.297315E+02       146.0355
 38.     0.301111E+02       147.9001
 39.     0.311452E+02       152.9794
 40.     0.321603E+02       157.9654
