mode      f[Hz]           Omega_lit    (SHELL281 NDIV=64, r150 r0/2b=1.5, a050 2T/pi=0.5 PHI=90deg, FFFF; ~6 rigid modes near 0 Hz; IP modes interleaved -- cross-check vs geomsweep_ip_r150_a050.txt)
  1.     0.000000E+00         0.0000
  2.     0.000000E+00         0.0000
  3.     0.000000E+00         0.0000
  4.     0.000000E+00         0.0000
  5.     0.000000E+00         0.0000
  6.     0.402141E-04         0.0001
  7.     0.472524E+01        14.8541
  8.     0.743307E+01        23.3663
  9.     0.117988E+02        37.0902
 10.     0.166919E+02        52.4721
 11.     0.214768E+02        67.5137
 12.     0.289680E+02        91.0628
 13.     0.291415E+02        91.6082
 14.     0.320658E+02       100.8006
 15.     0.350046E+02       110.0391
 16.     0.432999E+02       136.1159
 17.     0.460249E+02       144.6819
 18.     0.500806E+02       157.4313
 19.     0.585557E+02       184.0734
 20.     0.644522E+02       202.6093
 21.     0.699916E+02       220.0226
 22.     0.770151E+02       242.1016
 23.     0.791696E+02       248.8744
 24.     0.815459E+02       256.3443
 25.     0.847410E+02       266.3884
 26.     0.915424E+02       287.7689
 27.     0.946751E+02       297.6168
 28.     0.102967E+03       323.6838
 29.     0.106066E+03       333.4248
 30.     0.109254E+03       343.4455
 31.     0.120618E+03       379.1685
 32.     0.127551E+03       400.9631
 33.     0.131975E+03       414.8698
 34.     0.134439E+03       422.6164
 35.     0.149492E+03       469.9377
 36.     0.151558E+03       476.4325
 37.     0.152552E+03       479.5577
 38.     0.155321E+03       488.2613
 39.     0.160485E+03       504.4927
 40.     0.160952E+03       505.9618
