mode      f[Hz]           (PLANE183 NDIV=64, r150 r0/2b=1.5, a100 2T/pi=1 PHI=180deg, FFFF; 3 rigid modes near 0 Hz; no family separation needed)
  1.     0.000000E+00
  2.     0.000000E+00
  3.     0.000000E+00
  4.     0.444775E+02
  5.     0.109278E+03
  6.     0.174520E+03
  7.     0.199316E+03
  8.     0.259953E+03
  9.     0.284067E+03
 10.     0.347643E+03
 11.     0.371775E+03
 12.     0.410312E+03
 13.     0.453899E+03
 14.     0.466974E+03
 15.     0.470369E+03
 16.     0.526384E+03
 17.     0.545426E+03
 18.     0.546342E+03
 19.     0.572802E+03
 20.     0.589645E+03
 21.     0.611035E+03
 22.     0.635900E+03
 23.     0.636088E+03
 24.     0.663531E+03
 25.     0.664104E+03
 26.     0.687073E+03
 27.     0.692234E+03
 28.     0.694691E+03
 29.     0.707400E+03
 30.     0.708366E+03
 31.     0.731143E+03
 32.     0.769135E+03
 33.     0.770520E+03
 34.     0.786127E+03
 35.     0.796661E+03
