mode      f[Hz]           Omega_lit    (SHELL281 NDIV=64, r250 r0/2b=2.5, a025 2T/pi=0.25 PHI=45deg, FFFF; ~6 rigid modes near 0 Hz; IP modes interleaved -- cross-check vs geomsweep_ip_r250_a025.txt)
  1.     0.000000E+00         0.0000
  2.     0.454929E-05         0.0000
  3.     0.266204E-04         0.0002
  4.     0.457490E-04         0.0003
  5.     0.508892E-04         0.0004
  6.     0.101692E-03         0.0007
  7.     0.672206E+01        47.5452
  8.     0.859370E+01        60.7833
  9.     0.178262E+02       126.0845
 10.     0.193798E+02       137.0734
 11.     0.279159E+02       197.4493
 12.     0.330862E+02       234.0189
 13.     0.341274E+02       241.3833
 14.     0.351642E+02       248.7166
 15.     0.464282E+02       328.3874
 16.     0.540201E+02       382.0845
 17.     0.574305E+02       406.2064
 18.     0.647718E+02       458.1312
 19.     0.762794E+02       539.5249
 20.     0.799685E+02       565.6176
 21.     0.808785E+02       572.0544
 22.     0.874259E+02       618.3643
 23.     0.883220E+02       624.7025
 24.     0.947121E+02       669.8994
 25.     0.107583E+03       760.9383
 26.     0.114797E+03       811.9582
 27.     0.117950E+03       834.2618
 28.     0.121741E+03       861.0747
 29.     0.138018E+03       976.2013
 30.     0.142867E+03      1010.5010
 31.     0.150663E+03      1065.6393
 32.     0.154540E+03      1093.0610
 33.     0.155982E+03      1103.2639
 34.     0.161002E+03      1138.7706
 35.     0.167746E+03      1186.4692
 36.     0.169873E+03      1201.5140
 37.     0.179905E+03      1272.4673
 38.     0.186816E+03      1321.3484
 39.     0.200820E+03      1420.4015
 40.     0.204100E+03      1443.6044
