mode      f[Hz]           Omega_lit    (SHELL281 NDIV=64, r150 r0/2b=1.5, a100 2T/pi=1 PHI=180deg, FFFF; ~6 rigid modes near 0 Hz; IP modes interleaved -- cross-check vs geomsweep_ip_r150_a100.txt)
  1.     0.000000E+00         0.0000
  2.     0.000000E+00         0.0000
  3.     0.295055E-04         0.0001
  4.     0.584735E-04         0.0002
  5.     0.649412E-04         0.0002
  6.     0.104206E-03         0.0003
  7.     0.218922E+01         6.8819
  8.     0.233654E+01         7.3451
  9.     0.475728E+01        14.9548
 10.     0.522429E+01        16.4229
 11.     0.867519E+01        27.2710
 12.     0.888014E+01        27.9152
 13.     0.128366E+02        40.3527
 14.     0.135452E+02        42.5801
 15.     0.176534E+02        55.4944
 16.     0.189740E+02        59.6460
 17.     0.230719E+02        72.5278
 18.     0.253896E+02        79.8136
 19.     0.287255E+02        90.3002
 20.     0.290436E+02        91.3004
 21.     0.305613E+02        96.0712
 22.     0.327921E+02       103.0838
 23.     0.333182E+02       104.7378
 24.     0.363162E+02       114.1621
 25.     0.382485E+02       120.2366
 26.     0.414774E+02       130.3867
 27.     0.437664E+02       137.5822
 28.     0.444784E+02       139.8205
 29.     0.446634E+02       140.4022
 30.     0.505225E+02       158.8204
 31.     0.522321E+02       164.1946
 32.     0.523592E+02       164.5943
 33.     0.596175E+02       187.4112
 34.     0.609434E+02       191.5792
 35.     0.624077E+02       196.1823
 36.     0.690264E+02       216.9887
 37.     0.708516E+02       222.7263
 38.     0.734517E+02       230.8999
 39.     0.782009E+02       245.8290
 40.     0.785726E+02       246.9976
