mode      f[Hz]           (PLANE183 NDIV=64, r200 r0/2b=2, a150 2T/pi=1.5 PHI=270deg, FFFF; 3 rigid modes near 0 Hz; no family separation needed)
  1.     0.000000E+00
  2.     0.685251E-04
  3.     0.815559E-04
  4.     0.110032E+02
  5.     0.278181E+02
  6.     0.568246E+02
  7.     0.926582E+02
  8.     0.121459E+03
  9.     0.132730E+03
 10.     0.161672E+03
 11.     0.174469E+03
 12.     0.210157E+03
 13.     0.219140E+03
 14.     0.255114E+03
 15.     0.270481E+03
 16.     0.297071E+03
 17.     0.324346E+03
 18.     0.337296E+03
 19.     0.375136E+03
 20.     0.377251E+03
 21.     0.406836E+03
 22.     0.425413E+03
 23.     0.427222E+03
 24.     0.431503E+03
 25.     0.460859E+03
 26.     0.462195E+03
 27.     0.475304E+03
 28.     0.499205E+03
 29.     0.501321E+03
 30.     0.517974E+03
 31.     0.539535E+03
 32.     0.539575E+03
 33.     0.554372E+03
 34.     0.568384E+03
 35.     0.574969E+03
