mode      f[Hz]           (PLANE183 NDIV=64, r167 r0/2b=1.66667, a075 2T/pi=0.75 PHI=135deg, FFFF; 3 rigid modes near 0 Hz; no family separation needed)
  1.     0.000000E+00
  2.     0.544093E-04
  3.     0.787934E-04
  4.     0.653476E+02
  5.     0.152021E+03
  6.     0.189913E+03
  7.     0.254918E+03
  8.     0.307556E+03
  9.     0.345878E+03
 10.     0.419858E+03
 11.     0.433733E+03
 12.     0.443537E+03
 13.     0.517686E+03
 14.     0.521063E+03
 15.     0.537879E+03
 16.     0.571826E+03
 17.     0.586643E+03
 18.     0.613098E+03
 19.     0.619347E+03
 20.     0.647101E+03
 21.     0.665096E+03
 22.     0.674422E+03
 23.     0.682155E+03
 24.     0.705765E+03
 25.     0.715640E+03
 26.     0.734714E+03
 27.     0.741929E+03
 28.     0.758703E+03
 29.     0.788257E+03
 30.     0.825697E+03
 31.     0.827649E+03
 32.     0.844446E+03
 33.     0.876500E+03
 34.     0.882842E+03
 35.     0.900081E+03
