mode      f[Hz]           (PLANE183 NDIV=64, r200 r0/2b=2, a100 2T/pi=1 PHI=180deg, FFFF; 3 rigid modes near 0 Hz; no family separation needed)
  1.     0.000000E+00
  2.     0.728624E-05
  3.     0.898151E-04
  4.     0.259130E+02
  5.     0.671145E+02
  6.     0.121807E+03
  7.     0.142051E+03
  8.     0.183013E+03
  9.     0.215836E+03
 10.     0.245852E+03
 11.     0.297317E+03
 12.     0.306994E+03
 13.     0.364350E+03
 14.     0.377341E+03
 15.     0.407489E+03
 16.     0.441009E+03
 17.     0.445499E+03
 18.     0.452329E+03
 19.     0.499025E+03
 20.     0.500125E+03
 21.     0.517779E+03
 22.     0.552108E+03
 23.     0.560902E+03
 24.     0.565938E+03
 25.     0.582983E+03
 26.     0.584921E+03
 27.     0.621110E+03
 28.     0.624023E+03
 29.     0.630516E+03
 30.     0.657100E+03
 31.     0.659218E+03
 32.     0.664897E+03
 33.     0.671162E+03
 34.     0.680468E+03
 35.     0.686240E+03
