mode      f[Hz]           Omega_lit    (SHELL281 NDIV=64, r167 r0/2b=1.66667, a150 2T/pi=1.5 PHI=270deg, FFFF; ~6 rigid modes near 0 Hz; IP modes interleaved -- cross-check vs geomsweep_ip_r167_a150.txt)
  1.     0.000000E+00         0.0000
  2.     0.399855E-04         0.0001
  3.     0.527992E-04         0.0002
  4.     0.528284E-04         0.0002
  5.     0.707684E-04         0.0003
  6.     0.865703E-04         0.0003
  7.     0.641738E+00         2.3676
  8.     0.134604E+01         4.9660
  9.     0.247073E+01         9.1153
 10.     0.249755E+01         9.2143
 11.     0.365901E+01        13.4993
 12.     0.450198E+01        16.6093
 13.     0.564010E+01        20.8082
 14.     0.651568E+01        24.0385
 15.     0.803275E+01        29.6354
 16.     0.875012E+01        32.2821
 17.     0.106831E+02        39.4135
 18.     0.112361E+02        41.4537
 19.     0.135891E+02        50.1345
 20.     0.139761E+02        51.5626
 21.     0.156625E+02        57.7841
 22.     0.167941E+02        61.9591
 23.     0.169646E+02        62.5881
 24.     0.201931E+02        74.4988
 25.     0.203464E+02        75.0645
 26.     0.236474E+02        87.2431
 27.     0.242809E+02        89.5804
 28.     0.272494E+02       100.5319
 29.     0.285494E+02       105.3282
 30.     0.290492E+02       107.1721
 31.     0.292276E+02       107.8303
 32.     0.304766E+02       112.4382
 33.     0.313336E+02       115.5999
 34.     0.325536E+02       120.1007
 35.     0.334000E+02       123.2237
 36.     0.346710E+02       127.9126
 37.     0.359402E+02       132.5952
 38.     0.378713E+02       139.7195
 39.     0.385388E+02       142.1824
 40.     0.390677E+02       144.1335
